0 1.7509057573876965
0.5 0.7731824243074878
1.0 1.5338543863026608
1.5 1.005983917835042
2.0 1.1094126099661497
2.5 0.9906677750712216
3.0 2.3428111310634785
3.5 0.7138905139798398
4.0 0.7422043606769175
4.5 0.7576417636101049
5.0 1.8786763732831424
5.5 0.8772939366756835
6.0 1.3044170953995076
6.5 0.674678441977955
7.0 1.8179449967984755
7.5 1.59638338629189
8.0 1.9738182193615905
8.5 0.7301684711894512
9.0 1.0757201668556309
9.5 0.7061824300075604
10.0 1.4526900825848221
10.5 1.1259360128365843
11.0 1.0992010133448658
11.5 1.7735354141210096
12.0 1.0553418007302153
12.5 0.8082342815991654
13.0 0.811644360257911
13.5 0.5620039461134492
14.0 1.246090202791668
14.5 2.1599447445543056
15.0 1.3132508315989588
15.5 0.8408327711740258
16.0 1.3915128984439722
16.5 0.6785961829296524
17.0 0.868297399023806
17.5 1.140244136112798
18.0 0.5240976724070661
18.5 1.638743415532037
19.0 1.1450691180841615
19.5 1.5441101025422324
20.0 1.7981167153146127
20.5 0.491333960253179
21.0 1.8410756015334053
21.5 1.1905473450088075
22.0 0.9094853739407873
22.5 2.0173101124537918
23.0 0.6821161886383968
23.5 1.0403081940642525
24.0 1.1464419486029271
24.5 2.887209456026599
25.0 1.7364281098932803
25.5 1.3223906812777935
26.0 0.9052583859737217
26.5 1.0372654492444586
27.0 1.0396834548542162
27.5 1.6418909899698928
28.0 1.6230637636438625
28.5 0.6882398762558886
29.0 1.8103016686464652
29.5 0.9089283686285683
30.0 1.0751217238149111
30.5 0.49396741005381367
31.0 0.7183332600931804
31.5 0.6004982552422511
32.0 0.8430320113299431
32.5 1.085496615699174
33.0 1.5334489735731278
33.5 0.8523564472606872
34.0 2.1185688392640105
34.5 1.02651805491329
35.0 1.1778424392832492
35.5 2.1190507034902186
36.0 0.8886997102046623
36.5 1.9990695370274727
37.0 0.8875160624750037
37.5 0.7969450774347916
38.0 0.8765275474755787
38.5 1.0835456429671761
39.0 1.275527602009515
39.5 1.25974446316051
40.0 0.6214137720701435
40.5 1.541057083861571
41.0 0.7376795134508107
41.5 0.665033958989971
42.0 1.8179661462647392
42.5 1.0802026340083493
43.0 0.7734522519246683
43.5 0.8515752991693092
44.0 0.887552608505898
44.5 2.18817264664686
45.0 1.09890279200548
45.5 1.1732474924953014
46.0 0.7657621235417686
46.5 0.8610105698203151
47.0 1.176904669213001
47.5 2.1392977880612776
48.0 0.7413704514763078
48.5 1.1598298952009682
49.0 1.351882490906567
49.5 1.0161361247486558
50.0 1.434118345105745
50.5 0.9521641453181509
51.0 0.6871592812349463
51.5 0.701674850334342
52.0 1.3846755376300597
52.5 1.2340116386408522
53.0 0.8138334233106992
53.5 1.1030381765722614
54.0 1.3514359012637347
54.5 1.069810885070811
55.0 1.5794686374310047
55.5 1.8509224134361224
56.0 1.9292400760764357
56.5 1.4078802058600555
57.0 0.7149155493616207
57.5 1.4094599991357222
58.0 1.8406226590367376
58.5 0.9105638186653713
59.0 0.6067131348064603
59.5 0.5753347078174341
60.0 1.3759964496248829
60.5 1.5602055389884661
61.0 0.6341535899735472
61.5 1.0743306773804222
62.0 0.8742097571161926
62.5 0.8128267628403623
63.0 1.7721065947520942
63.5 0.7662060405716935
64.0 0.8588575792849349
64.5 0.7789135143359178
65.0 0.4432186478522119
65.5 0.5479611249239171
66.0 0.6144348209239465
66.5 0.7279021841746522
67.0 1.723917081900838
67.5 1.2449011901374414
68.0 1.8903339201670573
68.5 0.9018954515423958
69.0 1.38539076198095
69.5 1.8920755638380213
70.0 0.9041592524463863
70.5 0.6721153517523348
71.0 0.8405599067228358
71.5 1.9300210908394608
72.0 0.7176680485077018
72.5 1.0476891614149824
73.0 1.100204925416168
73.5 1.4545746105779669
74.0 1.322241099053441
74.5 1.8028013304025734
75.0 1.0177770546130978
75.5 1.6073566794084253
76.0 0.8629129751327574
76.5 1.8385126046807294
77.0 1.409020528266662
77.5 1.1917267892196564
78.0 2.0984343205761276
78.5 1.6339388543007125
79.0 1.1332346578944268
79.5 2.1988402712877604
80.0 1.5789239088430387
80.5 0.7088176315841543
81.0 1.1020875399872376
81.5 0.8238208343527488
82.0 0.7609903787121863
82.5 0.8830300253584458
83.0 1.2500248302286328
83.5 0.7156464882802478
84.0 1.8040933056359854
84.5 0.9260394761085143
85.0 1.0042329829913115
85.5 1.9720484048993416
86.0 1.297755693996078
86.5 0.8995704872704742
87.0 0.9013717297472011
87.5 1.0044179536560467
88.0 0.8216897052962401
88.5 1.4403998976862136
89.0 1.3033097003918481
89.5 1.3590039685016466
90.0 0.6420356701623925
90.5 0.7768665933725285
91.0 0.6556972492183955
91.5 0.8854474938035266
92.0 0.83054200513712
92.5 1.2011444238093552
93.0 1.1753362753825023
93.5 1.7545282434026133
94.0 0.8704807103628056
94.5 1.5609106973772615
95.0 0.773339667174114
95.5 0.7606397273061165
96.0 0.9441322954178708
96.5 0.7959518557820844
97.0 1.0933313179333988
97.5 0.7147347181195756
98.0 0.8711734566084018
98.5 0.676450984418751
99.0 2.1043529303743522
99.5 1.5985486463127372
100.0 2.266341328684552
100.5 0.8485404141938395
101.0 0.9000002815192731
101.5 1.3912411159916898
102.0 0.9141894526750114
102.5 0.80380400374178
103.0 0.7928820817461691
103.5 1.1103372821270272
104.0 1.1711349411376035
104.5 0.935593405598603
105.0 2.524987664762504
105.5 1.57344156490374
106.0 1.2457574399056641
106.5 0.9826300121012927
107.0 0.8179117177654948
107.5 0.8787272199650955
108.0 0.49094676320700364
108.5 0.6138150082661977
109.0 0.8991047580752319
109.5 1.0499373535796654
110.0 1.410827366956869
110.5 0.7308366452871026
111.0 0.6128465252684308
111.5 1.793281984616827
112.0 0.9276527021195995
112.5 2.0611931671288852
113.0 0.8626612659612984
113.5 0.4824819743030741
114.0 2.531019816903323
114.5 0.6527626464488847
115.0 1.474797391309022
115.5 1.6121702974650396
116.0 1.2142246473127754
116.5 1.0163795974221017
117.0 0.9722825332900646
117.5 0.6525961413532106
118.0 0.6658479934160987
118.5 1.2869754979463774
119.0 0.7299868611671088
119.5 1.0792556820622548
120.0 1.1899366599397339
120.5 0.47369399319107175
121.0 1.344358804153926
121.5 0.9976204593265159
122.0 1.3817491967085764
122.5 1.8048828514125446
123.0 0.8187150880953316
123.5 1.5386928379662694
124.0 0.784789006830555
124.5 1.3086851968295528
125.0 2.0524728603390963
125.5 1.7151294875579293
126.0 1.6197163342441838
126.5 1.2529732431660037
127.0 1.2142130517195895
127.5 0.7093794658390155
128.0 1.197084720374651
128.5 1.2062328071826052
129.0 1.3245806390156754
129.5 1.5333115619984383
130.0 1.1972935196872236
130.5 0.9891986594053755
131.0 1.2726139834236252
131.5 1.1975605276446455
132.0 0.8616639003484847
132.5 2.5747198225637997
133.0 0.7808998032407846
133.5 1.0194221102564582
134.0 1.918039921885132
134.5 0.6182031148617092
135.0 0.7997420754337379
135.5 0.8311335688861188
136.0 1.8916150733471904
136.5 0.8316719760997573
137.0 1.1418867861846758
137.5 1.1745199135290363
138.0 1.0157569792854177
138.5 0.9748392233054746
139.0 1.0102170501352736
139.5 1.0859278362409173
140.0 0.7571337251250464
140.5 0.5283417380270645
141.0 1.8074285971058572
141.5 0.7403338512236463
142.0 1.4069200843838292
142.5 1.6894555174043018
143.0 1.8105646663055757
143.5 0.929118600084399
144.0 1.092529957827127
144.5 1.5616435232209165
145.0 0.7257275584210084
145.5 0.7495374468356287
146.0 0.8908673759193447
146.5 0.4548483079220312
147.0 1.872321185970405
147.5 1.9507172863359599
148.0 0.8443889267348069
148.5 0.9756648878973241
149.0 1.4550556659820233
149.5 1.1617947460824989
150.0 1.6287255775594096
150.5 1.3489557690704788
151.0 0.8499520178998675
151.5 1.5662660267626252
152.0 1.5551054295282152
152.5 1.4008780888550676
153.0 0.8705406049208371
153.5 0.8534807697892609
154.0 0.8241019884921852
154.5 1.0925420155547485
155.0 0.9831668631187265
155.5 0.6937278720848703
156.0 0.6043229766030808
156.5 0.4797366919586269
157.0 1.0714495971449995
157.5 0.7059157699747032
158.0 0.9257653684152398
158.5 1.233316126771851
159.0 1.0675924665047445
159.5 1.536545680454236
160.0 1.527699435091411
160.5 1.269803177668722
161.0 0.8891328025276408
161.5 0.5025622920482906
162.0 0.8993446151955334
162.5 1.2626611863600579
163.0 1.7011989830219356
163.5 1.1004373752882959
164.0 1.1450975051221097
164.5 2.6929567592019144
165.0 1.0167611705725266
165.5 0.5621851437433445
166.0 1.3908474238665054
166.5 0.3924122901435566
167.0 0.7163164037554577
167.5 1.0030217009602886
168.0 0.9741436157093212
168.5 2.117380011800134
169.0 0.8588441117641299
169.5 0.9282872797254118
170.0 0.7966311021033508
170.5 1.1340247370342225
171.0 0.9171616079107301
171.5 1.285124072494908
172.0 1.7275009164673043
172.5 0.8322392475458531
173.0 1.5716462054070583
173.5 0.7270220766841217
174.0 1.2186700429118345
174.5 0.7311120084566376
175.0 1.6627876672162918
175.5 0.7380818866671875
176.0 0.8323609920068464
176.5 1.121213344685617
177.0 1.171560578263291
177.5 1.3947062860645199
178.0 1.963418021097003
178.5 1.0444658248895875
179.0 0.7483735715720237
179.5 2.0516494981416478
180.0 1.4443470243126244
180.5 0.7209024025598987
181.0 1.775920142835247
181.5 0.8372295959052738
182.0 0.7243978847877355
182.5 0.2
183.0 1.7012393055368793
183.5 0.6421326494213206
184.0 1.522068360320466
184.5 1.4166867113489099
185.0 1.1079525404293573
185.5 1.2648206539120306
186.0 0.7755397818140597
186.5 1.2714256818147782
187.0 1.172496148798477
187.5 0.9615021349543107
188.0 1.812161338842884
188.5 1.7115320397209515
189.0 1.001618507564171
189.5 0.853295757686514
190.0 1.5867079764201821
190.5 0.8344116777908337
191.0 1.2548556921499394
191.5 1.9816241629457425
192.0 1.5457141088758868
192.5 1.1756843937682095
193.0 0.4618263893179394
193.5 0.7916362608295531
194.0 1.2986948935758602
194.5 1.4327350146357642
195.0 0.9690325049432587
195.5 1.5806521524047044
196.0 0.7663665161740325
196.5 1.0077298318344527
197.0 1.2081852578542736
197.5 1.2453114196193287
198.0 0.7777171260787508
198.5 1.7824707328657672
199.0 1.293845653776054
199.5 0.6240345353251436
200.0 1.3290399754021796
200.5 0.9856396984014197
201.0 0.8401682128423903
201.5 0.9938676949414471
202.0 1.9139513654189813
202.5 0.7203282797692242
203.0 0.7017191739293915
203.5 0.7188198197749058
204.0 1.3617715183182433
204.5 1.2688246650128832
205.0 1.1562096001130089
205.5 0.84662244577397
206.0 0.6936398119125115
206.5 1.3591919079951562
207.0 0.9843676567251314
207.5 1.3788765616565803
208.0 1.6778382006896322
208.5 1.2521699046263213
209.0 0.8564870569189128
209.5 1.015503498355828
210.0 2.0013598915473128
210.5 0.8866041512768654
211.0 0.7162783815363676
211.5 1.5747914135040717
212.0 0.7607294400605604
212.5 0.8490527095143273
213.0 1.3207273758265816
213.5 1.9165173294695472
214.0 1.4946672538424939
214.5 3.1436522182266624
215.0 1.0928500936097305
215.5 1.0781120295868014
216.0 1.5739488065090999
216.5 0.7192621857203744
217.0 1.3791433184118942
217.5 1.8698610591032572
218.0 1.8267132947272713
218.5 0.8864897524799191
219.0 1.452996843585812
219.5 1.7268344411633016
220.0 1.20685431088834
220.5 0.757074688387095
221.0 1.5730991412997677
221.5 0.7277215414968321
222.0 0.7411644287632766
222.5 1.1974791879424243
223.0 2.7935492915269378
223.5 1.8401046825140663
224.0 1.3302800133230845
224.5 2.308510132983037
225.0 1.123420975448453
225.5 1.8445538386320353
226.0 1.0959771103592981
226.5 1.1856846337368967
227.0 0.8008906556483371
227.5 0.4634481009378002
228.0 2.039784901692995
228.5 0.5264317215181069
229.0 0.9859993948904908
229.5 0.818370120333223
230.0 2.0005356044882827
230.5 2.004211778020571
231.0 0.7591555783983479
231.5 2.245016615839048
232.0 1.0180744911506636
232.5 0.8251395571524158
233.0 1.8862216869385284
233.5 0.9747330315397265
234.0 0.7974995241128213
234.5 1.2214111140196202
235.0 1.0255237928424303
235.5 1.29404770336119
236.0 1.6394889761289861
236.5 1.399209245637877
237.0 0.9177784424783777
237.5 2.182950714617136
238.0 1.4465186034452593
238.5 1.3895981790872138
239.0 0.8241571534839041
239.5 2.367121421858117
240.0 0.8781496159770145
240.5 1.1608513974953647
241.0 0.8358873187690232
241.5 1.1111306958946021
242.0 1.4568183942973576
242.5 1.0810165712012887
243.0 0.6843817215526085
243.5 1.6893339915214383
244.0 1.1151748754074036
244.5 1.4494805589134132
245.0 0.48612602040786124
245.5 1.1603348801170053
246.0 0.6076147084745375
246.5 1.2736397855903
247.0 1.2662072464668603
247.5 1.598580177659636
248.0 0.7099462024344116
248.5 1.103639459893925
249.0 0.8316921110767448
249.5 2.565525958060968
250.0 1.4624724382800423
250.5 2.3604599297621824
251.0 2.0282138934320844
251.5 1.2984976714653633
252.0 1.242097582436599
252.5 1.1254998857900662
253.0 1.8033083202723161
253.5 1.78196611057035
254.0 1.2966143260748293
254.5 1.0518080238643264
255.0 0.5633440757401693
255.5 1.2370655047191281
256.0 0.6949132027477378
256.5 1.5930004959252568
257.0 0.6206077377402641
257.5 1.3143913565117185
258.0 0.8043523824035602
258.5 0.6974295573332921
259.0 0.63376224033311
259.5 0.7734017996294889
260.0 0.685739691735932
260.5 0.8403723680526052
261.0 0.9531412045451586
261.5 0.8488757341405874
262.0 1.2854692922956201
262.5 1.041850395198131
263.0 1.3158584372718483
263.5 1.2819663289502525
264.0 1.074752745571107
264.5 1.3430769209102857
265.0 1.6978680980374001
265.5 1.1718369305576757
266.0 0.6943004215315179
266.5 1.0600898581793214
267.0 1.934905141874805
267.5 0.9846098462689413
268.0 2.0087487903582684
268.5 0.7213924475000933
269.0 0.8424518669563236
269.5 1.3744405650628932
270.0 0.8921033705473407
270.5 1.3614050614493276
271.0 0.4309586370247381
271.5 1.03939909759921
272.0 1.2879541554027623
272.5 1.272424580927522
273.0 0.9964905598564935
273.5 1.0472906971039597
274.0 1.0886722164784408
274.5 1.2904379518678166
275.0 0.7582298182740425
275.5 1.1882150070327728
276.0 0.7634677297703397
276.5 1.2563939368195558
277.0 1.2214568429078947
277.5 2.0809519993984047
278.0 1.3466212726585394
278.5 0.9770173961860811
279.0 1.3674451568956014
279.5 2.333013131847644
280.0 1.326441164202587
280.5 2.203665017337958
281.0 1.2549092857860638
281.5 0.8831920348263476
282.0 0.876442365444078
282.5 1.2546693726553229
283.0 0.9937971565875041
283.5 1.1130856364851078
284.0 0.9060479243136985
284.5 1.0309931779272885
285.0 1.484121557316038
285.5 1.5225950028049562
286.0 1.4033241292858154
286.5 0.9529234933609012
287.0 1.5855564667276725
287.5 1.2261704061919465
288.0 1.16796627492326
288.5 1.3694357780475015
289.0 0.7768267587467175
289.5 0.7318091669398392
290.0 0.6761264503463463
290.5 0.6429642746568394
291.0 0.337084224347695
291.5 1.3361839910441753
292.0 1.3228458817765523
292.5 0.7357153372171246
293.0 1.1203443238552615
293.5 1.4581785819476887
294.0 0.6295516412360757
294.5 1.4751892900980268
295.0 1.0328228387957377
295.5 1.218504021869665
296.0 2.163398343740739
296.5 0.9710467974819544
297.0 1.1344909976052469
297.5 1.0884923297794962
298.0 1.1931195334340532
298.5 0.9156368537139523
299.0 1.125016856230899
299.5 0.9164704138163904
300.0 0.8082823855369092
300.5 0.8079374930506007
301.0 1.6563900233221647
301.5 1.1720438043075498
302.0 0.8690128466164189
302.5 1.2671724194429816
303.0 1.0626376989622843
303.5 1.844851405092504
304.0 1.673758044964343
304.5 1.145941292209947
305.0 1.8636698601788577
305.5 1.754268332216963
306.0 1.018456128710762
306.5 0.7540566445957537
307.0 0.43184714729615314
307.5 0.7039253402361139
308.0 0.4957274753775512
308.5 1.4227916804327068
309.0 0.9437564199254613
309.5 1.0853372435360802
310.0 0.8111689819410677
310.5 1.1131127932744826
311.0 1.1296406552242932
311.5 0.7774166853278435
312.0 1.1659776483746565
312.5 1.1442862821428283
313.0 1.1790918684438565
313.5 1.4237335430858522
314.0 1.4199746010514631
314.5 2.3534303373872754
315.0 0.8695758786529093
315.5 0.886217000946956
316.0 1.0514920550405153
316.5 0.7382204018082179
317.0 0.5827396769138629
317.5 0.8763854113653171
318.0 1.086287060685489
318.5 0.9844787203883796
319.0 0.9451616451150001
319.5 1.023172968995984
320.0 1.2587545816868284
320.5 0.7169377209959771
321.0 1.4984831685334823
321.5 0.738998469446829
322.0 1.3870366773456808
322.5 1.2611660297162297
323.0 1.0737414291756133
323.5 0.8676113656240311
324.0 0.8672514399455686
324.5 0.6426855921956545
325.0 2.32315634665046
325.5 0.8188041657160607
326.0 0.9386611596181595
326.5 1.4963762490025092
327.0 0.9151981701512588
327.5 2.157023960197696
328.0 2.534126169993791
328.5 0.9240259532692168
329.0 1.3968760256577455
329.5 2.527526324891493
330.0 0.7900354438689143
330.5 1.0353398925071362
331.0 1.8153017254103525
331.5 1.5157303914400342
332.0 2.048151139857142
332.5 1.334814934415841
333.0 1.4950318306822497
333.5 0.9102845403312495
334.0 2.0972057931915016
334.5 1.330017219790859
335.0 2.091439645186834
335.5 2.013538195550354
336.0 0.9886180031672561
336.5 1.8705354350004293
337.0 0.9135091694412287
337.5 0.8907196086040315
338.0 1.2002210237550748
338.5 1.019399963591267
339.0 1.1206954259321829
339.5 0.7142258476947174
340.0 1.2283021370787166
340.5 0.9346578388664586
341.0 0.7754230964160096
341.5 0.8427310374561318
342.0 1.5725078841305815
342.5 1.8455554035485444
343.0 0.6007530602812103
343.5 0.75817092084308
344.0 0.9607231441345354
344.5 1.368863090612242
345.0 1.2061671241758625
345.5 1.2925604889499256
346.0 0.9324415245434396
346.5 0.3301513428115043
347.0 1.1438010193247237
347.5 1.2944046329787984
348.0 0.9400347273715368
348.5 0.8728344349706422
349.0 0.666038629331518
349.5 1.0445188058587007
350.0 1.0161831654483051
350.5 0.603635908224054
351.0 1.537341230267799
351.5 0.9766239610906264
352.0 0.7705202419106294
352.5 1.2797535011042362
353.0 0.966292353814926
353.5 0.9085462729638812
354.0 1.2835409857179367
354.5 0.9904123358052248
355.0 1.0857276207751068
355.5 2.1691642185293127
356.0 0.8710428179911943
356.5 1.9872675293256021
357.0 1.2613506175852343
357.5 0.39605851207186693
358.0 1.4488643910403711
358.5 1.4963049948068232
359.0 1.5777576674036669
359.5 0.5375149279696798
360.0 1.3535170393410256
360.5 1.1612397217613029
361.0 0.9328757176006843
361.5 1.315937339392403
362.0 0.7824448448208179
362.5 2.622216589235255
363.0 0.7876864870688051
363.5 0.9777387007164657
364.0 1.0655962865371866
364.5 0.9403589658951645
365.0 0.9093813034857237
365.5 1.327959864005094
366.0 1.2732329035923988
366.5 1.797555667483064
367.0 1.5160107014432826
367.5 0.7461568770728418
368.0 0.7309185272869672
368.5 0.6414537489760007
369.0 0.84647653172944
369.5 0.7400136363303956
370.0 0.79057729391277
370.5 1.3091717247059336
371.0 0.9656156081358249
371.5 1.203038010694005
372.0 1.6733523506646693
372.5 1.815389146453842
373.0 1.148438696591903
373.5 1.0253050926975855
374.0 1.9207356073550987
374.5 1.046588523598394
375.0 0.8877135756014556
375.5 0.7976587099518145
376.0 2.4632965115734926
376.5 0.5405734287826175
377.0 1.1901969478170735
377.5 1.1150890342658433
378.0 1.7346427379626737
378.5 0.8940152446186156
379.0 0.8455112048778657
379.5 1.2248552920420142
380.0 1.3729595464555904
380.5 0.9778290167436043
381.0 1.2390941161755555
381.5 0.6656876382174137
382.0 1.3854881500436895
382.5 1.2552778425749862
383.0 1.2632704606353258
383.5 0.9080621074364018
384.0 1.178502336510023
384.5 1.9896067823153571
385.0 1.173017907347642
385.5 0.8236558290231801
386.0 2.034302165172306
386.5 0.9116832571560979
387.0 1.534139701217748
387.5 1.8437714249314712
388.0 0.9630294526702339
388.5 2.462743213173654
389.0 1.2073662002661207
389.5 1.8517490235565828
390.0 1.5769018074980714
390.5 1.8609892705743363
391.0 0.8344506866220321
391.5 0.6683872089883796
392.0 1.2410453508867894
392.5 0.6059364163866405
393.0 1.131308600241544
393.5 0.9377900812117799
394.0 1.0133207606976466
394.5 2.772754794251396
395.0 1.4649057252710145
395.5 1.383240673474747
396.0 0.7365676533435721
396.5 1.1575807552173472
397.0 0.8038769272091608
397.5 1.3246714395861106
398.0 1.1127932986627243
398.5 1.957352879241351
399.0 1.2200816068188391
399.5 1.191419850260953
400.0 2.0864878464676457
400.5 1.0921679799459953
401.0 0.92201874940434
401.5 1.9041382714461588
402.0 1.4886849155800435
402.5 0.9373813296498061
403.0 0.8202098464532481
403.5 0.6109996824581099
404.0 1.3596749554671927
404.5 0.734358321250248
405.0 0.7799653330635474
405.5 0.9794156505984237
406.0 1.3196418637068432
406.5 0.7326514650258882
407.0 1.0095303283750678
407.5 1.6055145351578888
408.0 1.076647538241826
408.5 0.7694487116628459
409.0 0.9095405116289186
409.5 0.6286135991357649
410.0 1.179000434071835
410.5 1.3848749407045562
411.0 1.4435295355396183
411.5 2.1661599238136864
412.0 1.0849199162901626
412.5 1.7105373306676768
413.0 1.4064502568548807
413.5 0.9784725336137908
414.0 0.6034288774911772
414.5 2.353246131794271
415.0 1.6979963409575476
415.5 0.2
416.0 1.221789759614023
416.5 0.6868161675838633
417.0 1.5702755848134076
417.5 0.675072159868264
418.0 2.1932672773782036
418.5 0.6275252459647281
419.0 0.8187843945007869
419.5 0.814210772960766
420.0 1.0199268413869467
420.5 2.0455221265270866
421.0 0.6563995595173702
421.5 1.0059275119967936
422.0 2.168497139620108
422.5 1.5540168689404197
423.0 0.7906860093526888
423.5 2.1508469661262457
424.0 2.0781895564348067
424.5 1.2773502301477506
425.0 0.786735828229463
425.5 1.721271101293133
426.0 1.0633413779183734
426.5 1.013549556540931
427.0 0.6542843163953489
427.5 1.6743729331491064
428.0 1.5194751956190942
428.5 0.896436637246295
429.0 1.2275060207343371
429.5 1.8132918967934546
430.0 0.7138896596872785
430.5 0.8273190495026348
431.0 0.8444207797933477
431.5 1.0920349949376629
432.0 0.8464616389211046
432.5 0.7226964905771531
433.0 0.6850370619496843
433.5 0.7746153734365118
434.0 0.9661202414865653
434.5 1.1531833421935564
435.0 1.1929298787665072
435.5 0.7028469734956426
436.0 0.9100462948517518
436.5 1.3826194913073584
437.0 0.9841498966881606
437.5 1.6963620893470068
438.0 1.5099804360734064
438.5 1.142416260643357
439.0 1.2610402299511128
439.5 0.8343162254212075
440.0 1.2826760749915807
440.5 0.7264593727898074
441.0 0.7962628408670716
441.5 0.8584484162590285
442.0 1.13495086203724
442.5 1.3833474250992817
443.0 1.2494079699731893
443.5 1.3926501376545874
444.0 1.8521901932361378
444.5 1.0946200805599242
445.0 0.8350350287536472
445.5 1.023934954059174
446.0 0.6522824670300309
446.5 2.720589511798241
447.0 0.7375401787515723
447.5 1.5042981999529859
448.0 1.2773517392343279
448.5 1.388248940768796
449.0 1.9675302962097008
449.5 0.72824529723662
450.0 0.7096850408521176
450.5 0.8695840443361262
451.0 0.9509606665683253
451.5 0.8398836765953137
452.0 0.6498829518035276
452.5 0.5683428772252526
453.0 2.1762711025015236
453.5 1.3498721049055893
454.0 1.3908280673947888
454.5 1.1972324782692492
455.0 0.34922435880671965
455.5 1.1547227422400408
456.0 1.5807275440139144
456.5 2.3123306345172745
457.0 0.8556978596476043
457.5 1.1939358209039166
458.0 0.900665432821511
458.5 0.6938865685889233
459.0 0.9407069432425876
459.5 1.1325510312309988
460.0 1.0488320095169132
460.5 1.3515390277004045
461.0 1.1126835123472865
461.5 0.8756984649565291
462.0 1.6384897569637906
462.5 0.6728729409484199
463.0 1.2797012715098082
463.5 0.9181749199452296
464.0 1.1434237358541712
464.5 0.5116798442886676
465.0 1.0624318617727238
465.5 0.614837048780912
466.0 1.4147207728408215
466.5 0.7451386705836198
467.0 0.70002330396966
467.5 2.2399020298765135
468.0 1.1351280411906715
468.5 0.7767584760178354
469.0 0.9306488727212163
469.5 1.2450804338720611
470.0 1.4668336877445147
470.5 1.190355433703584
471.0 1.0038691070380055
471.5 1.7621740359407123
472.0 1.291109962294141
472.5 1.4414604635196335
473.0 1.1575753852627841
473.5 1.582300795691185
474.0 1.833669490216004
474.5 0.8390922091994534
475.0 1.5508902980421184
475.5 1.2195974474927085
476.0 0.5062366522730686
476.5 0.6172782882677383
477.0 1.3851505347182393
477.5 0.9224133069123943
478.0 0.8405835199738934
478.5 2.2415339386415507
479.0 1.5067814488206706
479.5 1.1245318113961311
480.0 0.9518356355559449
480.5 1.209389918007238
481.0 1.0686718625215288
481.5 1.268948076491006
482.0 0.8691984508394645
482.5 0.6445900719485
483.0 0.518882149700715
483.5 1.2061512063439364
484.0 1.2749267888995768
484.5 1.4896206237079244
485.0 1.145789392034562
485.5 1.0018905981842483
486.0 1.3414727300306086
486.5 1.1848167440841435
487.0 0.795295995825537
487.5 1.0353619466192396
488.0 1.6460706537188217
488.5 1.6321784809317503
489.0 1.5013698179647958
489.5 1.103531424529669
490.0 0.9164514820117685
490.5 1.3606008768910043
491.0 1.8020692038265875
491.5 2.439230357364478
492.0 2.667342527970268
492.5 1.4707559642715033
493.0 0.7301574428092212
493.5 1.0907695961640096
494.0 0.9638606055643099
494.5 1.1924528093358986
495.0 1.9542463088077588
495.5 1.206600170842559
496.0 1.9290884744778263
496.5 1.0327747460606664
497.0 0.7908360806041541
497.5 1.528946737450498
498.0 0.9864592322069436
498.5 1.4086132123068331
499.0 1.5840435563722126
499.5 0.5884626808143255
500.0 0.31271858698324406
500.5 1.5185376510753275
501.0 1.3836757199621363
501.5 1.1160848418023916
502.0 2.33698722748897
502.5 1.1471526938500811
503.0 1.9011133987105795
503.5 2.638287452118882
504.0 1.447238278695925
504.5 1.6168247272111147
505.0 0.8775520576619493
505.5 0.807332950764255
506.0 0.7969935997036295
506.5 0.9052690744188764
507.0 0.7537814971068464
507.5 2.0045046787861915
508.0 1.572573591773958
508.5 0.8683531793522994
509.0 0.5994406519115343
509.5 1.1110051482992533
510.0 2.013094176375146
510.5 1.2312374237399495
511.0 0.8184579918696852
511.5 0.5647142727819832
512.0 1.0171784910288584
512.5 1.2216460564568161
513.0 1.209608030768421
513.5 0.6986759390577995
514.0 1.3772347617267984
514.5 0.5294474676677153
515.0 1.6179070447822108
515.5 0.8020670069196831
516.0 1.2073986078096286
516.5 1.1924656719810631
517.0 1.1251616629174248
517.5 0.6675714587985467
518.0 0.5213659099821617
518.5 0.8981345347072569
519.0 0.685470342915816
519.5 0.9843821295548912
520.0 1.6307524331805028
520.5 1.2610732690711917
521.0 0.9639394920306064
521.5 0.9894119903174868
522.0 0.7893366593377594
522.5 2.463867705350554
523.0 2.104635356842533
523.5 0.7846190936321094
524.0 0.7937666993636106
524.5 1.2830566905552832
525.0 1.4825830555392443
525.5 1.5358589824243993
526.0 2.2117083130831463
526.5 0.904688975116534
527.0 0.9373220303524387
527.5 0.9891527134053715
528.0 1.5241063989675225
528.5 0.5871513904482062
529.0 0.8809000347492106
529.5 1.3176135893548881
530.0 1.9452276915016564
530.5 2.101774932674145
531.0 0.5467397765496294
531.5 1.4134456008045873
532.0 1.3068426568621923
532.5 0.5699854693446971
533.0 0.6713669815743121
533.5 0.7685162447386866
534.0 1.0179711201512691
534.5 0.9821780491561827
535.0 1.1750034492983104
535.5 0.7785942513493798
536.0 0.8770061295641007
536.5 1.9920331999224934
537.0 0.7291311990035673
537.5 0.8237709385123245
538.0 0.6904218731016516
538.5 1.7146096698927953
539.0 1.3318866914748186
539.5 1.3011590583359116
540.0 0.9260904084199398
540.5 1.0569350476305879
541.0 1.6324888285662131
541.5 0.8096581584709881
542.0 1.1838847230068374
542.5 1.3335642560703884
543.0 1.1683520903347955
543.5 0.7450182940589021
544.0 1.6285521165041716
544.5 0.6849948901641458
545.0 1.2791054029180298
545.5 0.7920851491201444
546.0 1.2315189021475539
546.5 1.0165681868208438
547.0 0.718684588631943
547.5 1.0536382863997529
548.0 2.061620817730466
548.5 0.832679768583106
549.0 0.795111332334235
549.5 1.6007706582024706
550.0 1.2081551007780766
550.5 0.4488815616497257
551.0 0.6385554052370395
551.5 0.9946178785916551
552.0 1.4777182848354415
552.5 0.793189655671152
553.0 1.7547825834041348
553.5 1.6533047327664872
554.0 0.9040178359285317
554.5 1.9172197604714893
555.0 0.9180999088998788
555.5 1.1484325520959553
556.0 1.089775323451857
556.5 0.6829812750419613
557.0 1.3151678167941112
557.5 0.6669372310278596
558.0 1.7911657515335584
558.5 1.5007125134453294
559.0 1.8550920137510927
559.5 1.0095821242704492
560.0 0.49833087836837137
560.5 0.7962733317710478
561.0 1.234264781485758
561.5 1.5507041934239252
562.0 1.2923940319289686
562.5 1.0086447249065917
563.0 0.752216134506078
563.5 0.8146478390829792
564.0 1.0585148521911276
564.5 0.840114131286769
565.0 0.6001008640921622
565.5 1.3522278326622301
566.0 0.7755799888422887
566.5 1.6373762218684387
567.0 1.3308332382255996
567.5 1.256279181696286
568.0 0.9078766443989326
568.5 1.2399649427414776
569.0 1.4166691014929715
569.5 1.3237646515304091
570.0 0.5671322526406615
570.5 2.274290183406514
571.0 1.242896859159164
571.5 1.8321922639341621
572.0 0.7154294434802736
572.5 1.4894717006359197
573.0 1.3690297739967212
573.5 1.2087680604682296
574.0 1.5570048166520667
574.5 0.6551446577520085
575.0 2.130442710362723
575.5 1.8033411620886701
576.0 1.70629576140715
576.5 1.4935141517172876
577.0 0.7768965514512425
577.5 0.7206344320539109
578.0 1.039046774848147
578.5 1.1005105615267237
579.0 1.0934310998215897
579.5 0.729003413397562
580.0 0.8315165685834612
580.5 1.8328429328584261
581.0 1.423337159282793
581.5 2.537544885569404
582.0 0.7767913106046781
582.5 1.6369794044003376
583.0 0.8100544573384416
583.5 0.9245807529514669
584.0 2.0075336721108914
584.5 1.0292996557702208
585.0 2.094579859818202
585.5 1.8486940737707518
586.0 0.6904578673398483
586.5 1.4015323028976567
587.0 0.7768643489520257
587.5 1.6566625347724813
588.0 2.0882359071470633
588.5 0.9207772331325789
589.0 0.7217249244566633
589.5 0.7337448557951636
590.0 1.9872469645289272
590.5 0.6204383978703356
591.0 0.970720787308254
591.5 0.6482948682838103
592.0 1.0182639747090323
592.5 0.7039957586243486
593.0 1.218256698727574
593.5 1.8361832719879756
594.0 1.1935247895001444
594.5 0.7711347266272353
595.0 1.2734686508967197
595.5 0.7015964832678666
596.0 0.6924885604486
596.5 1.2116917273888637
597.0 0.6129693251508095
597.5 0.9980846896113251
598.0 1.3411049033924392
598.5 1.0667789831974228
599.0 0.7153509622694061
599.5 0.4527263399219922
600.0 2.058178903541048
600.5 0.7733003498454156
601.0 0.8867152096531954
601.5 1.7899314878606958
602.0 0.926536270554443
602.5 1.8355131051729012
603.0 1.7645609717006927
603.5 2.1534243204612893
604.0 1.0621028059437858
604.5 1.4936990746520364
605.0 1.5487083606392127
605.5 0.8113604572253446
606.0 1.2956388215011367
606.5 1.5542231458427351
607.0 0.9302394550610816
607.5 1.151150105471363
608.0 1.1425972512028018
608.5 0.497721990042106
609.0 0.8403232285280429
609.5 1.5717704790760842
610.0 1.3320608881398113
610.5 0.901191693585262
611.0 0.8354521514199513
611.5 0.9032158637238304
612.0 1.0213673541752486
612.5 1.4159358199144556
613.0 0.9955690555227434
613.5 1.4784733377321206
614.0 1.348102252285913
614.5 1.8729006836113846
615.0 0.6034110052175145
615.5 1.0222340428412442
616.0 0.6847338449729372
616.5 1.2294617461432729
617.0 0.837067899433284
617.5 0.8442998175875236
618.0 1.2193396855828873
618.5 1.6643507065051935
619.0 1.1394306710970508
619.5 0.7852112480922955
620.0 1.4308637132525113
620.5 2.055621491042005
621.0 1.1470946363683543
621.5 1.8337283955367623
622.0 0.816603128237746
622.5 2.712945403695052
623.0 2.0798243986646243
623.5 0.7890289012013654
624.0 0.9361385680771899
624.5 1.4558997849149458
625.0 1.0091842475011983
625.5 1.4929073741995404
626.0 0.709611954843025
626.5 0.8482280364135792
627.0 0.7534571057683628
627.5 1.9597287647942618
628.0 1.4150148372460023
628.5 0.7706183406783205
629.0 0.7720298891489732
629.5 0.9552333309292009
630.0 1.2446083015624017
630.5 0.6363932832699557
631.0 1.787310107781459
631.5 0.7225413423780798
632.0 2.072671347479245
632.5 1.4196218472998843
633.0 1.1175001099192081
633.5 1.3321968954324732
634.0 1.8069629211291904
634.5 1.9187630145065862
635.0 1.1420032544460923
635.5 2.14865647059212
636.0 0.6581581711041218
636.5 0.8834758594501306
637.0 1.7564116262841238
637.5 1.1854397205306861
638.0 1.0091284619479313
638.5 0.2
639.0 1.3779308475811058
639.5 2.1404654378377073
640.0 1.2224391977882245
640.5 2.1415922805038226
641.0 2.2130594416766076
641.5 2.0684360704965985
642.0 1.7221702138524282
642.5 1.281365429514095
643.0 0.7904427061925745
643.5 0.6679487856587502
644.0 1.0855401822026143
644.5 1.406509185035618
645.0 0.6326713868052314
645.5 0.8631284246144642
646.0 1.2635138281885174
646.5 1.3895672522463693
647.0 1.5253117889582148
647.5 0.7982746828642002
648.0 1.0086624827479072
648.5 0.7680529199178554
649.0 1.6560029912207788
649.5 1.1469530507671044
650.0 2.345384307973742
650.5 0.9738312568691118
651.0 0.8186810130280182
651.5 0.991814634981085
652.0 2.476662636928639
652.5 1.9420860629634458
653.0 1.5223509671171707
653.5 1.3196780435206472
654.0 2.1408703814640364
654.5 1.0255824411625158
655.0 0.8379546212630835
655.5 1.6342940011653608
656.0 1.377704872778072
656.5 0.884011568433173
657.0 1.765716270427917
657.5 1.5840137332187556
658.0 0.9422444923588235
658.5 1.1402187657428706
659.0 0.8349443762356858
659.5 1.3781326012201025
660.0 1.4748640670395523
660.5 1.9822609703236262
661.0 2.088075316545548
661.5 1.0855591331682015
662.0 2.3911775324315534
662.5 2.060215425493208
663.0 0.9590119632660795
663.5 1.1901851235558387
664.0 0.7442071017425591
664.5 1.2019054618525669
665.0 1.3097365832392716
665.5 1.4848620737660818
666.0 1.8994128144173037
666.5 1.6941369248767195
667.0 0.8575189786522751
667.5 0.6953605734837834
668.0 0.8944513908681662
668.5 1.849612722532843
669.0 1.2942783816388848
669.5 1.4788433037084046
670.0 1.0656091212072143
670.5 0.46885480717119044
671.0 2.2952374007116236
671.5 1.148955144249789
672.0 1.5689201880739716
672.5 1.049988694018922
673.0 1.679584270474329
673.5 1.4699990423104599
674.0 0.7032827042831502
674.5 1.5721039582132212
675.0 1.6859059544700292
675.5 1.0414087177990745
676.0 1.026935704878632
676.5 1.014151829403463
677.0 1.383133634788829
677.5 1.244044363389279
678.0 0.8875046845571413
678.5 1.1327506278007167
679.0 0.7624874267103944
679.5 0.6050973518351872
680.0 0.7505294014426716
680.5 1.4950734928572191
681.0 1.0525805053491966
681.5 1.746695182604257
682.0 1.8767774326543945
682.5 0.9508016103377823
683.0 1.5267317330012213
683.5 1.2813359496170849
684.0 0.7539184395999262
684.5 0.760114177429674
685.0 1.7258493312803986
685.5 1.7849084616262574
686.0 1.890870524317926
686.5 0.6949044118509553
687.0 0.8845905357610473
687.5 1.3609880155251417
688.0 0.8477774218162589
688.5 1.640877644630827
689.0 0.8015066104434089
689.5 0.8309452975363671
690.0 1.6766487217847312
690.5 1.559921854295116
691.0 1.8083865744631522
691.5 1.412915507502202
692.0 1.7540587052508545
692.5 1.3006049443181502
693.0 1.9277832035347018
693.5 1.8294085666800615
694.0 1.533818836814054
694.5 0.9111367311625805
695.0 1.7584515511664605
695.5 0.7271355711903131
696.0 0.963138156412533
696.5 1.502460797372357
697.0 1.7947943837479103
697.5 1.757544445078227
698.0 1.229762642015325
698.5 2.0056940433152652
699.0 0.8199699494144819
699.5 1.3557868873421237
700.0 1.1976770584025094
700.5 2.061604978040468
701.0 1.2438552355432457
701.5 1.0883171606804392
702.0 1.2782809575991645
702.5 1.719054785209812
703.0 1.0810660469994204
703.5 0.80170257213117
704.0 0.7773221503381
704.5 1.5057412266036274
705.0 0.22890272112409926
705.5 2.305487190756266
706.0 1.1969859288113334
706.5 0.8486194355271822
707.0 0.5422307330045328
707.5 1.3823336022681807
708.0 1.6885555516073456
708.5 0.9579943195595149
709.0 0.9636458782593028
709.5 1.5985917973924282
710.0 1.3277445398121681
710.5 1.7476172779410613
711.0 0.5914870956444727
711.5 1.5410607960959721
712.0 0.747903233208631
712.5 2.3792080623029768
713.0 1.153449315815224
713.5 2.2311127442150083
714.0 2.3511833778313402
714.5 2.01108968455336
715.0 1.4606886016926628
715.5 1.8176932924898401
716.0 1.4659669002163125
716.5 1.7664940140696537
717.0 1.5729389458272778
717.5 1.870988879676531
718.0 1.5493399396367848
718.5 1.34417389048485
719.0 0.5597433280715254
719.5 0.847356612966474
720.0 1.4311834527453922
720.5 0.711985771882502
721.0 1.9959709428137526
721.5 1.5898773827336672
722.0 0.6491755887342121
722.5 2.057173313098114
723.0 1.0386382497488076
723.5 1.7116839105297283
724.0 1.1670437203257693
724.5 0.6890711820480997
725.0 0.6043954182425997
725.5 0.7980579734138318
726.0 0.8028400992272127
726.5 1.2419961135518456
727.0 0.8094099833803314
727.5 0.7276391213774973
728.0 1.7547482108641517
728.5 0.7885157717736857
729.0 1.628771583471478
729.5 1.0609597241837758
730.0 0.9319213699543942
730.5 1.1522371599766952
731.0 0.8542300066883473
731.5 1.6559483583120231
732.0 0.7524958354262853
732.5 1.0044410238642465
733.0 1.0680824415219659
733.5 1.0894395489970516
734.0 0.7340844651503025
734.5 0.7273338207967561
735.0 1.9342711016464738
735.5 2.332145366446221
736.0 0.9701277224232483
736.5 1.0229508843145927
737.0 1.3456712554099188
737.5 0.6317437620781332
738.0 0.7303116427576481
738.5 1.1872886947655816
739.0 1.2510703641331378
739.5 0.3777523601434267
740.0 1.2097879174287192
740.5 1.6258212169381778
741.0 0.8501514411692157
741.5 1.4045650101298732
742.0 0.9486664997044665
742.5 0.7994361987393881
743.0 2.030367776555432
743.5 1.0701410433148202
744.0 0.776097056296874
744.5 0.9717971925965703
745.0 1.0768836106504558
745.5 0.9075102470025442
746.0 0.9716005317927211
746.5 1.5469842033619234
747.0 0.8235366789311667
747.5 0.9585270782009303
748.0 1.4004483684637616
748.5 0.9000086025504945
749.0 0.4159828871049812
749.5 1.7177518892205066
750.0 1.6055047526956752
750.5 0.9571874193607524
751.0 2.1867885892776746
751.5 0.789537604405751
752.0 1.0347340355215229
752.5 0.9431736705363466
753.0 1.24344303512253
753.5 1.8447687082012127
754.0 0.8002270754296009
754.5 1.3246487166292598
755.0 1.7435484815949387
755.5 0.8853802544083675
756.0 0.8464879695472503
756.5 0.9602197169006123
757.0 0.769434770860532
757.5 1.108467913756607
758.0 0.9903524939057904
758.5 1.8829129462189191
759.0 0.8907514148426209
759.5 0.7651928033279651
760.0 0.6540419711031635
760.5 1.5302785242670216
761.0 1.8525646409248957
761.5 1.057293925527032
762.0 1.6372513412709084
762.5 1.4273332294936156
763.0 1.2987243420765169
763.5 0.9005814867582309
764.0 2.0014612622838364
764.5 2.0098589908176576
765.0 0.6427957244539725
765.5 2.132589864286643
766.0 0.6437931316400697
766.5 1.020201967235513
767.0 0.9918702563181707
767.5 0.7168015274338304
768.0 0.8936093120966432
768.5 0.8047075444525809
769.0 0.34466856556264336
769.5 0.7267566971043519
770.0 0.8800009196558161
770.5 0.5202231454553146
771.0 1.0544221914979817
771.5 1.7819332575050566
772.0 0.7690166236259172
772.5 0.7900659533669321
773.0 0.8688985768096823
773.5 1.021730905114601
774.0 1.3651967177524864
774.5 0.4419400518321097
775.0 1.199692261503452
775.5 0.8678594140906648
776.0 2.6168970197988255
776.5 0.9466723392651826
777.0 1.6469608025180744
777.5 0.9488043901315022
778.0 1.4566851455501117
778.5 0.7439310161868804
779.0 1.3429737959315
779.5 2.045988622773571
780.0 0.898633518101543
780.5 0.7708508755969521
781.0 0.8979018451870701
781.5 0.9148620752927824
782.0 1.9063193259463247
782.5 1.3450006023636663
783.0 0.9357516543880919
783.5 0.7961693321004586
784.0 2.457695678504862
784.5 1.5789980753907373
785.0 1.2254309742575435
785.5 0.7527629593403169
786.0 1.1438488652238918
786.5 1.34907846182696
787.0 1.2316794930451032
787.5 1.6673784195770798
788.0 1.245995545860862
788.5 1.6342998945228833
789.0 0.8941422431100352
789.5 1.774946234161194
790.0 0.8828878472422562
790.5 1.261457544697954
791.0 0.6862791254321764
791.5 0.5035970506012648
792.0 1.2748555991273802
792.5 0.7044098965110187
793.0 0.8006427426877012
793.5 1.0514934893796888
794.0 0.9324921515939377
794.5 0.6818066610561202
795.0 1.0884918334610723
795.5 1.1996446921637491
796.0 0.4893795506926788
796.5 0.6988712622136438
797.0 1.8671698033536233
797.5 1.4923697112559153
798.0 1.479623594690635
798.5 1.9116357956879895
799.0 1.3639239956409739
799.5 1.0915840141600057
800.0 1.0941116286680226
800.5 1.718514572451912
801.0 0.7200714945691076
801.5 0.6149873232832828
802.0 0.7539108427127448
802.5 0.849239300346873
803.0 1.6394151872649978
803.5 1.7687032486781087
804.0 1.2273856405994645
804.5 0.7685717676411188
805.0 1.0741623198724515
805.5 1.7543994794944173
806.0 1.4282296200043039
806.5 0.9884749430081179
807.0 1.0091710527936253
807.5 1.1867375642404294
808.0 1.4426305714193597
808.5 0.6604196011197403
809.0 1.3468494992444588
809.5 1.5809262150566132
810.0 1.2697870183944695
810.5 1.5455893845431823
811.0 2.1893011797787967
811.5 1.106630669578312
812.0 1.2154477022085926
812.5 0.48276535944944526
813.0 0.641552484621661
813.5 1.8896311802370074
814.0 1.5358661628020676
814.5 0.684841323048823
815.0 0.5264667500840073
815.5 0.8340023939975114
816.0 1.5340767886168636
816.5 1.6850463217831824
817.0 1.7072229608306861
817.5 1.1428617482985097
818.0 1.2584723648404204
818.5 0.6480100651239211
819.0 0.7843413539055848
819.5 0.7682180606550171
820.0 0.8754132084787072
820.5 1.8427917712101762
821.0 1.0732033014958393
821.5 0.5479891066808855
822.0 2.980443892136914
822.5 1.2026034287550025
823.0 1.1532715134713492
823.5 0.7781702971903032
824.0 1.224570303501378
824.5 1.459796199803741
825.0 1.8241806216343837
825.5 1.3207326393639764
826.0 0.7903055712687022
826.5 1.9049546724595086
827.0 0.8800555409510864
827.5 2.1079293267914836
828.0 1.1599335218676101
828.5 2.8901548834991573
829.0 0.9161010699507799
829.5 0.8035445706630177
830.0 1.0837550757936185
830.5 0.7924534654706533
831.0 1.836815030702245
831.5 0.6287430714386357
832.0 1.5024648124506814
832.5 1.5753435578737989
833.0 0.8874331152089585
833.5 0.9667007592856832
834.0 1.3725234055327924
834.5 0.6975969199587992
835.0 1.911634493560392
835.5 0.5743389877106156
836.0 0.6998086730909016
836.5 1.5428909280418743
837.0 1.2437412978138291
837.5 0.8371416171580096
838.0 1.5000600299386027
838.5 0.7748155156791869
839.0 0.7221806138653699
839.5 1.391868274264282
840.0 1.3643835762767407
840.5 1.1506295063069478
841.0 0.7869750155924212
841.5 2.2979576581367684
842.0 1.691167490342253
842.5 0.9365905664987166
843.0 0.5432460743287932
843.5 1.5202382867637418
844.0 1.010538639242166
844.5 2.1978621664204288
845.0 0.9610967471873173
845.5 0.888912116592024
846.0 0.966895492913441
846.5 1.7944480113009604
847.0 0.9981961208022063
847.5 1.3057879802467736
848.0 1.642805963948518
848.5 2.7636214795658156
849.0 1.5190939829787706
849.5 1.6097362003211426
850.0 1.553713695720972
850.5 1.1260278380828355
851.0 0.5221955729951059
851.5 1.2352286678623021
852.0 1.1822529056388944
852.5 1.8753065698659932
853.0 1.5300242688516088
853.5 0.6738929692501696
854.0 0.9416552953922124
854.5 1.246001856993783
855.0 1.0008017177080855
855.5 1.931737636226928
856.0 0.7058908787495759
856.5 1.4016414650240323
857.0 0.934072434983456
857.5 1.7165334614763879
858.0 1.2812345511740675
858.5 1.044523998778557
859.0 1.2041619575665679
859.5 0.9750300057778352
860.0 1.5557191811398774
860.5 1.9855367137305524
861.0 1.6365199023488806
861.5 0.837621279301125
862.0 0.7052063127229369
862.5 0.6718309242201488
863.0 1.153235170247242
863.5 0.9564487703718387
864.0 0.8421982162385453
864.5 1.0619386366162535
865.0 1.6335369565948508
865.5 3.195298480908295
866.0 1.5279281379924075
866.5 1.5383805420785315
867.0 0.7478514854018323
867.5 3.2453167092010458
868.0 1.5521108682760545
868.5 0.6810286947547479
869.0 1.4978228896264252
869.5 0.899822756175124
870.0 2.0310076724901815
870.5 2.2748130989709665
871.0 0.905694794652188
871.5 1.2970662133346154
872.0 0.9645745466081765
872.5 1.4361994749538993
873.0 1.076718103327733
873.5 0.9345873381521603
874.0 0.8756231457332471
874.5 1.624449330977821
875.0 1.011820621865778
875.5 1.04591342090871
876.0 1.3975318199847746
876.5 0.7842130451567038
877.0 0.6714949771467278
877.5 1.318656807938269
878.0 1.666358225728663
878.5 1.4394292325012763
879.0 1.2627045377320414
879.5 1.1322181330097358
880.0 1.7100213670020403
880.5 1.8381825855247662
881.0 1.2746428647606596
881.5 0.741915908592114
882.0 1.0352924696223682
882.5 0.6190513720160797
883.0 0.7215560400791532
883.5 0.7603793436734922
884.0 0.7208025709015131
884.5 0.6078721275419849
885.0 2.4919224191406233
885.5 1.7347299627495807
886.0 0.9752977959434364
886.5 0.45863551707193445
887.0 1.0774119812466831
887.5 0.8826935502486901
888.0 0.8043452642612339
888.5 1.0986697282554603
889.0 1.6292712939931655
889.5 0.9647702961801413
890.0 1.8311961463602722
890.5 1.8923320093142664
891.0 1.4140472373794215
891.5 1.6497779323932595
892.0 0.66530025413501
892.5 0.6150153508403406
893.0 1.3281201200666313
893.5 1.0279487693465876
894.0 1.3792520745662267
894.5 2.0249937916387224
895.0 0.7477833876168035
895.5 0.5980990502336896
896.0 1.031289077572372
896.5 3.0449062439380326
897.0 1.5670171785755034
897.5 1.4908406154348017
898.0 1.0215728959711776
898.5 1.0152846104021505
899.0 0.9054669257543105
899.5 1.3736598203030335
900.0 0.7809923163245536
900.5 1.5095619735430292
901.0 1.027374697469241
901.5 1.32438620800938
902.0 1.735400328286865
902.5 1.133688280980544
903.0 0.9928281941527788
903.5 0.9812014390004673
904.0 1.5734343661547687
904.5 0.8994996781768321
905.0 0.6555555637297558
905.5 1.1646768016736875
906.0 0.8614316427979181
906.5 2.2837988926824937
907.0 0.7637957112044538
907.5 0.6433397840546103
908.0 1.7269705268540911
908.5 0.8692782124238836
909.0 0.6183111648305928
909.5 0.7912907529371096
910.0 1.1733214478824503
910.5 1.0073813906485931
911.0 0.6422051658243879
911.5 0.5726411168271915
912.0 0.7646458282031416
912.5 1.1198377811737117
913.0 1.1302794681593578
913.5 1.342603232523507
914.0 0.6963577256059386
914.5 0.9282530439993864
915.0 0.9375731286131315
915.5 1.114678967257636
916.0 1.7114378799020087
916.5 1.795310817769691
917.0 1.0950848592979947
917.5 1.1558039917108842
918.0 1.497005253860608
918.5 1.626360123071123
919.0 1.7001974182429944
919.5 0.8534273527300236
920.0 1.95862601412921
920.5 0.7049812834504234
921.0 1.4134070770865674
921.5 1.4530730440143047
922.0 0.2
922.5 0.7836417681833787
923.0 1.0776816035472936
923.5 1.3941323485108619
924.0 1.1053560034945833
924.5 1.2245689474785597
925.0 1.2725767723590558
925.5 1.477817326646534
926.0 0.38547977031752995
926.5 0.9185869460489279
927.0 1.3734702943519501
927.5 0.8007676964728926
928.0 0.9113165280193377
928.5 1.0073984806713177
929.0 1.010956582033074
929.5 1.3351759104907541
930.0 0.8800877379544376
930.5 1.3942166741194808
931.0 1.3144553893674296
931.5 0.6557509112764266
932.0 0.8734456698420002
932.5 0.8341741325694422
933.0 2.1347894987939293
933.5 0.9768432106885702
934.0 0.8408994679349753
934.5 0.7604133564914538
935.0 0.9094160317500724
935.5 0.7232414352750304
936.0 1.9993488707433362
936.5 0.8676680492065275
937.0 2.241314346678354
937.5 1.9707472805557589
938.0 1.1642190412668918
938.5 0.8921147321145533
939.0 2.3402544015561784
939.5 0.3442422624711686
940.0 0.7310832391918629
940.5 2.3580750162466964
941.0 0.20375785605230978
941.5 1.3870416325669144
942.0 1.3563857317222894
942.5 1.3132813804243972
943.0 0.8867029780740141
943.5 2.1528969986105615
944.0 2.086351175147226
944.5 1.6480676864135004
945.0 0.569486282201999
945.5 0.6974981147292916
946.0 0.9924504509115843
946.5 1.8925890979894293
947.0 0.7332612966283854
947.5 1.5990961209253851
948.0 1.0264645007710844
948.5 0.9949179193025894
949.0 1.314529192746801
949.5 1.4430853530969805
950.0 0.8305561254804907
950.5 1.0539726649583339
951.0 1.7379973154216324
951.5 1.3568759842642641
952.0 1.3334406808662709
952.5 0.559792900402195
953.0 1.0749367608260032
953.5 1.5825879900615054
954.0 0.9475978770881728
954.5 1.5533310800268443
955.0 0.8002483549304586
955.5 0.7423892132504373
956.0 1.013274418398965
956.5 1.3680745600332025
957.0 2.440808219191851
957.5 1.1291624341521265
958.0 0.847151782974586
958.5 0.8233987701468495
959.0 1.3862485529256692
959.5 0.6445413846492991
960.0 1.2626658323657298
960.5 1.1027246126281733
961.0 0.6159586873355438
961.5 1.4892579885335873
962.0 0.8219286550916051
962.5 0.6919007719897725
963.0 0.8207139604272938
963.5 1.189434639589067
964.0 2.0791030949970857
964.5 1.0296264274486662
965.0 0.48018779157625685
965.5 0.9338059429503944
966.0 1.0599395973607835
966.5 2.516905703513146
967.0 1.1533706406090856
967.5 1.0272391420143496
968.0 1.4101987211412923
968.5 1.117252309256827
969.0 0.5467103511275999
969.5 0.8159481091249572
970.0 1.3289069447797572
970.5 0.812993140103063
971.0 0.9529394682103705
971.5 1.3156116707923071
972.0 1.5885402572656346
972.5 0.9210639326621134
973.0 1.2177957921626203
973.5 1.1807758815720044
974.0 1.6355260441006418
974.5 2.309194177309689
975.0 1.2179846050242868
975.5 1.1896979914668517
976.0 1.9930630544706713
976.5 0.7272252498834288
977.0 1.0330504216052279
977.5 1.5763539808184066
978.0 1.1731366794446838
978.5 2.128643951741288
979.0 1.117446705600457
979.5 1.0966976082288928
980.0 0.751160371991234
980.5 1.5769347188507097
981.0 0.7353241510588981
981.5 1.8569845653996346
982.0 0.7892007257074375
982.5 0.9156412651891854
983.0 1.1053377011073837
983.5 0.9634015966801281
984.0 1.850949594863891
984.5 1.2715959222284594
985.0 0.9763710666854709
985.5 1.3831651442455881
986.0 1.1242117056561511
986.5 1.4182677194470226
987.0 1.603413428906238
987.5 1.7854672093770037
988.0 0.6630323580486408
988.5 1.2736081073428227
989.0 0.4724295770416601
989.5 1.0609425068531861
990.0 1.064592701642436
990.5 0.7048001932250655
991.0 0.9325144446692881
991.5 1.220813761795654
992.0 0.9000037179938012
992.5 0.9189020406961412
993.0 1.246334290413509
993.5 2.8369383278585296
994.0 1.011543816979342
994.5 1.1975246254978789
995.0 0.8251714568285744
995.5 1.1724763725219378
996.0 1.0760697604473541
996.5 0.9112517937490664
997.0 0.9563143756187367
997.5 0.6565156188858994
998.0 0.8057167015731626
998.5 2.669631667391652
999.0 1.596311945380893
999.5 2.3541338349646352
1000.0 0.691604723715743
1000.5 1.0765121495634364
1001.0 1.0839757768880216
1001.5 1.1681358056810793
1002.0 0.8226275144212991
1002.5 0.6347938723444451
1003.0 0.9859204499520031
1003.5 1.5537651077688275
1004.0 1.0261552415834774
1004.5 1.3486242659487009
1005.0 0.6821669975472018
1005.5 1.329372328367406
1006.0 0.8850364667761753
1006.5 1.5835279396956508
1007.0 0.5215073666532211
1007.5 1.044258261151701
1008.0 0.8046108963294588
1008.5 1.0107859158670194
1009.0 0.9626297756320488
1009.5 1.122999827537344
1010.0 1.1717135359291875
1010.5 1.4638373119534407
1011.0 1.3523752621757759
1011.5 0.8143048673200763
1012.0 2.5434832275639074
1012.5 2.454357401262046
1013.0 1.3987423245825341
1013.5 1.0512882376614594
1014.0 0.5497568290287665
1014.5 0.648780583037381
1015.0 1.5139566360936667
1015.5 1.3663026661944577
1016.0 1.0658658418650115
1016.5 0.7953111063932374
1017.0 1.148653851517586
1017.5 1.1523725708907833
1018.0 1.18069945955845
1018.5 1.4839063188861152
1019.0 1.8694770330397548
1019.5 1.623122422291872
1020.0 0.9681203518288637
1020.5 1.9117824402743908
1021.0 1.9448370715744696
1021.5 2.1604490609010107
1022.0 1.4523762751361566
1022.5 1.8168798303487592
1023.0 0.9003343958456896
1023.5 0.8558866181975393
1024.0 1.2469668047778135
1024.5 1.4254047056279966
1025.0 1.0188288129185454
1025.5 0.9173592157993313
1026.0 0.45391847339680413
1026.5 1.031359287642183
1027.0 0.8087544853121256
1027.5 1.1397487316394048
1028.0 0.9977603488868249
1028.5 2.0863050093067192
1029.0 1.3565374577258877
1029.5 1.293715053028175
1030.0 1.6445952440513225
1030.5 2.0474484572934437
1031.0 1.150764915736251
1031.5 1.425233199437686
1032.0 1.1822465092797323
1032.5 0.5939877280982916
1033.0 1.466948776653616
1033.5 1.7230140685677138
1034.0 1.7929211425014437
1034.5 2.0881457601562907
1035.0 1.1431010953036194
1035.5 0.8670645804317823
1036.0 1.0253865487306668
1036.5 0.9348597231457481
1037.0 1.4028176137590456
1037.5 0.6009824199436671
1038.0 1.898181551380726
1038.5 1.0894218038315637
1039.0 1.0188263712611267
1039.5 1.4178076487519222
1040.0 1.1427893653960086
1040.5 1.3507347125289142
1041.0 1.4409161881069479
1041.5 1.4765509910368164
1042.0 1.2420000235552173
1042.5 1.1581653279206243
1043.0 2.1264432321672166
1043.5 0.9796853138537991
1044.0 1.0203415276182177
1044.5 1.6513788612080083
1045.0 1.0938549493079246
1045.5 1.099502594114043
1046.0 1.585919711503752
1046.5 1.1926272111307
1047.0 0.6397232042941756
1047.5 0.8368746002983731
1048.0 1.4357301118008179
1048.5 1.107155247850496
1049.0 0.63703023489437
1049.5 1.3300994635118903
1050.0 1.0444608194386686
1050.5 1.8620804077213722
1051.0 0.7262479548587398
1051.5 1.5870328470463149
1052.0 1.6883165944186718
1052.5 1.6848590553100007
1053.0 1.5471713233121398
1053.5 0.8919325929440709
1054.0 0.8539636912547885
1054.5 0.7625353012022058
1055.0 1.080861554595197
1055.5 0.9993384103176013
1056.0 2.2090410791302197
1056.5 1.2251890065933706
1057.0 1.2475544826636265
1057.5 1.3012742734528948
1058.0 1.0601869393740992
1058.5 2.1169869847796416
1059.0 1.1425240012149964
1059.5 1.1011117652645572
1060.0 0.8386096093039302
1060.5 0.9524639366835946
1061.0 0.8368202064857683
1061.5 0.7248873367808145
1062.0 1.7211497668185105
1062.5 1.2643924654965206
1063.0 1.6871402583413468
1063.5 1.5295497075327729
1064.0 0.7674390814950385
1064.5 2.1831508231791332
1065.0 1.8299909799761256
1065.5 1.4219963123645207
1066.0 1.5101323251263425
1066.5 1.9725573099363594
1067.0 0.916031008300697
1067.5 0.8304642434828333
1068.0 0.46685911668614377
1068.5 0.8087782924131914
1069.0 1.6131337570538546
1069.5 1.562265933601968
1070.0 0.9177089706995716
1070.5 0.9817151250372192
1071.0 0.7803356219992241
1071.5 0.7801608646391118
1072.0 0.7194983943740046
1072.5 1.1047288392052885
1073.0 1.8072815601625412
1073.5 0.7057260933390866
1074.0 0.8881092342878117
1074.5 0.6659064412919204
1075.0 1.1015696180697054
1075.5 1.8616803937820476
1076.0 1.4544272290746778
1076.5 1.8615849050534239
1077.0 1.522046843332962
1077.5 1.881697471242185
1078.0 0.8173408476465281
1078.5 1.7049814151641098
1079.0 1.1126825933282025
1079.5 0.8289216802000454
1080.0 1.296832796126267
1080.5 1.0791277613556876
1081.0 1.3285147175313776
1081.5 0.9300195375088127
1082.0 0.9009319303588678
1082.5 0.6703307901574802
1083.0 1.9699692581645452
1083.5 1.0943603441753786
1084.0 2.05553735284703
1084.5 1.5233368709410589
1085.0 0.9315556230571961
1085.5 0.9193033315296949
1086.0 0.855332680390129
1086.5 1.6879690071978235
1087.0 1.0331706076500704
1087.5 1.4605101094939363
1088.0 1.68180297426624
1088.5 0.9888602178680201
1089.0 1.2302397785533747
1089.5 1.8995561265394425
1090.0 1.812520542949526
1090.5 0.7010712300032627
1091.0 0.8170136699929825
1091.5 0.7583331472871728
1092.0 2.036968664227278
1092.5 1.303142203475329
1093.0 0.7351415523115037
1093.5 1.182692008146717
1094.0 0.8489124828924117
1094.5 1.0210506079809751
1095.0 0.8212797255668465
1095.5 1.3368121660979673
1096.0 0.932515858904204
1096.5 0.5939614859235678
1097.0 0.8878817507258916
1097.5 1.2294876456012114
1098.0 1.6431898330177952
1098.5 0.9357792250715946
1099.0 1.2115382326747761
1099.5 0.9298540758630318
1100.0 0.7087683325340359
1100.5 0.9511002498240537
1101.0 1.0017540999945684
1101.5 0.6473786690261405
1102.0 2.1179006967386163
1102.5 2.013867945275148
1103.0 0.4247761550295657
1103.5 2.26751829649375
1104.0 0.8315062360838985
1104.5 1.6904309293854078
1105.0 1.3733241953830029
1105.5 1.4495373717719808
1106.0 1.5606844198555316
1106.5 1.236978496485858
1107.0 0.871963322313587
1107.5 1.7064881905863167
1108.0 1.5692621836696912
1108.5 0.4348621965201743
1109.0 0.761395502956906
1109.5 1.3758284730399188
1110.0 1.350277836042002
1110.5 1.425480451442201
1111.0 1.4385070776174365
1111.5 1.2441155279187877
1112.0 1.4854966651768058
1112.5 1.306050478204889
1113.0 0.7449774893907993
1113.5 1.0945776012293478
1114.0 0.8196082113595116
1114.5 1.174643450526029
1115.0 0.6519082922320778
1115.5 1.3682881905436655
1116.0 0.7516078363362764
1116.5 1.6958082858289454
1117.0 1.2478203838925024
1117.5 1.777413745973265
1118.0 1.3974348778844827
1118.5 0.8808628227571872
1119.0 0.8862937452017434
1119.5 0.8634573944988495
1120.0 1.0746948617559695
1120.5 0.8409469775207978
1121.0 1.4872745380106904
1121.5 1.2006769893841716
1122.0 1.8132208886142196
1122.5 0.9225374204218766
1123.0 1.2661366055771284
1123.5 0.5974934292532098
1124.0 1.8029514736454142
1124.5 1.0980385953515648
1125.0 1.510887654373994
1125.5 1.0248245954522974
1126.0 2.0115840029377887
1126.5 1.2979900245223206
1127.0 1.1819806026749085
1127.5 1.2995022711357906
1128.0 0.6962226636624167
1128.5 1.0093537146555183
1129.0 0.9371634284990036
1129.5 0.6275409838534273
1130.0 0.8774458043001836
1130.5 1.7201087941070168
1131.0 0.8203657946676409
1131.5 1.5534415811957571
1132.0 1.7308408679780427
1132.5 1.0524857508980188
1133.0 1.3069832499091092
1133.5 1.332901240244178
1134.0 0.7553586510791683
1134.5 1.8834121859659254
1135.0 1.068116338916608
1135.5 0.7692389948947241
1136.0 1.1343107292583063
1136.5 1.3894295761318698
1137.0 0.8910416629420569
1137.5 0.9631738821111082
1138.0 0.6751230817352762
1138.5 1.1149076180271593
1139.0 1.5083064765439023
1139.5 0.7034481081698918
1140.0 2.1757232019541286
1140.5 1.3225861344493275
1141.0 0.7348046344732115
1141.5 1.1377861865562928
1142.0 0.6648150364567293
1142.5 0.8497231044734522
1143.0 0.6799881732414004
1143.5 1.298920225819672
1144.0 1.1599985326698168
1144.5 1.6562646511256736
1145.0 0.6984988523884669
1145.5 1.451941632987685
1146.0 1.012552983192844
1146.5 1.0339405694898507
1147.0 1.5539224691499363
1147.5 0.5247732817357404
1148.0 0.5447214720463023
1148.5 0.7020100049907987
1149.0 0.9517270375489497
1149.5 0.6610618234346763
1150.0 1.0036762325963275
1150.5 1.5737705118497556
1151.0 0.923397370779793
1151.5 2.1769623186944864
1152.0 1.0831970685375494
1152.5 0.32563721843351057
1153.0 1.1297645612310965
1153.5 1.7744231954827592
1154.0 0.911732708232812
1154.5 1.228195086646549
1155.0 1.140492109616515
1155.5 1.2876527619084808
1156.0 1.8881910735277945
1156.5 0.8643149622832351
1157.0 1.3281538843678917
1157.5 0.7236243784985794
1158.0 1.0815472432022897
1158.5 1.2479421538050184
1159.0 0.6949144176366103
1159.5 2.1390030963351947
1160.0 0.896527554715463
1160.5 1.7021239746158412
1161.0 0.969433474297482
1161.5 1.1259144033977093
1162.0 2.500686545014088
1162.5 1.100946809528685
1163.0 1.1580522386863874
1163.5 1.47932417967705
1164.0 0.9622760515600447
1164.5 1.0871461994171532
1165.0 0.703285245184025
1165.5 1.6160093631424095
1166.0 1.3488477186659256
1166.5 1.7407968013385045
1167.0 0.2
1167.5 1.4127456229459676
1168.0 1.106055343593088
1168.5 0.7530038223829585
1169.0 1.3458376791691462
1169.5 0.7284237700352556
1170.0 1.5758656217808833
1170.5 1.3012188653058414
1171.0 1.0363667768025837
1171.5 1.0103400164866634
1172.0 1.1434773576204362
1172.5 1.4114822521702797
1173.0 1.3047369835707343
1173.5 1.0449787453866923
1174.0 1.4562288726706556
1174.5 1.0694793075817668
1175.0 1.3105629191453207
1175.5 1.066009644422437
1176.0 0.6749776397127173
1176.5 1.1966264946240441
1177.0 0.641750584075413
1177.5 1.0294123929130807
1178.0 1.0255707229949025
1178.5 0.8111791520982057
1179.0 0.5827518559523452
1179.5 0.6843437026332608
1180.0 2.836857235725976
1180.5 0.8857808788492213
1181.0 1.786850232717692
1181.5 0.72634591759549
1182.0 1.426643813214618
1182.5 1.3773840295982653
1183.0 1.0542374453007437
1183.5 0.6170782735606195
1184.0 1.755485820663775
1184.5 0.9178236143602968
1185.0 1.1162845639993677
1185.5 0.9544318228994548
1186.0 1.215894704691347
1186.5 0.9692278933780503
1187.0 0.48444010667788645
1187.5 1.5410908186139254
1188.0 1.064561897037612
1188.5 1.0638643290751948
1189.0 1.6908404974749685
1189.5 1.3709162917662496
1190.0 1.857344774010895
1190.5 0.9167310652990174
1191.0 1.2152294908784649
1191.5 0.9254925692135105
1192.0 1.2255748632641867
1192.5 1.4802697702178609
1193.0 0.740246421737705
1193.5 0.9354754812751755
1194.0 0.8187783417453478
1194.5 1.4280286058147875
1195.0 1.050150393031291
1195.5 1.8936499487301857
1196.0 0.6654394287678097
1196.5 0.8329160087583369
1197.0 1.0721894261747624
1197.5 1.098935941674017
1198.0 0.9120853868993786
1198.5 1.2327306869425738
1199.0 1.014815867088876
1199.5 0.7612562185576994
1200.0 1.3431437479027422
1200.5 1.4878894552582027
1201.0 1.5383270328894736
1201.5 1.7633342329146773
1202.0 1.4544480455343294
1202.5 1.8251422532591755
1203.0 1.0435009285688694
1203.5 2.025611751550448
1204.0 0.8744634511241762
1204.5 0.7144618786279546
1205.0 0.5620645982663548
1205.5 1.6331247213520976
1206.0 1.5607101886516621
1206.5 1.2340263978933996
1207.0 1.2110577870152928
1207.5 0.9695787859502892
1208.0 0.8453459067963467
1208.5 1.6343399902554765
1209.0 1.3335276573285082
1209.5 1.862307597609457
1210.0 1.1684651254763687
1210.5 1.880022901118734
1211.0 0.64507428177824
1211.5 1.6633476494707145
1212.0 1.6152301635175517
1212.5 1.2719892724300665
1213.0 0.8784291412572933
1213.5 0.732963348090123
1214.0 0.8032129944936983
1214.5 0.7473733594001128
1215.0 0.6668462804750483
1215.5 0.952881410831536
1216.0 1.5208274081941284
1216.5 0.969820423285614
1217.0 0.8814577342699528
1217.5 1.6979780316584938
1218.0 1.310009341938366
1218.5 0.5980581688413861
1219.0 2.231336428771127
1219.5 1.009465524932576
1220.0 1.0921132561376052
1220.5 1.1568769652329294
1221.0 1.8447469680113917
1221.5 1.0541129337365458
1222.0 1.3054586362402942
1222.5 0.5987500725188724
1223.0 0.7641071468299563
1223.5 0.9691682919200658
1224.0 1.0414294128431694
1224.5 0.9483879971199718
1225.0 0.6877174358095397
1225.5 1.1535634488846218
1226.0 1.460615509131268
1226.5 1.6202887572496252
1227.0 1.313548357924556
1227.5 0.8514935180773008
1228.0 1.2857120763328092
1228.5 1.4326458290225852
1229.0 2.0805706338396934
1229.5 1.1138304933087833
1230.0 1.8045995459501456
1230.5 0.8734594766707634
1231.0 0.5977363298476248
1231.5 1.5381179833401313
1232.0 0.9117524631574766
1232.5 0.7482149357146768
1233.0 1.2754018993949634
1233.5 1.8506150609021463
1234.0 0.7407793860382597
1234.5 0.716520777557254
1235.0 1.1039746384942704
1235.5 1.1289849068064595
1236.0 1.2893646426536778
1236.5 0.6778924452520259
1237.0 0.7526897852363152
1237.5 0.8060260732154226
1238.0 1.2639982176664595
1238.5 0.7508109208925695
1239.0 0.7102461973132735
1239.5 0.7985034709700247
1240.0 0.9298366821929239
1240.5 1.239799560095157
1241.0 1.213621963981871
1241.5 0.8742031964170633
1242.0 0.6640419838445433
1242.5 0.8731078811751984
1243.0 0.5578165925544416
1243.5 1.490046536768024
1244.0 1.668539125956544
1244.5 0.7970645683194731
1245.0 0.92499389148108
1245.5 1.5557745839741184
1246.0 1.7075786453668447
1246.5 1.0097994284395564
1247.0 0.9973843527208095
1247.5 1.0353657471147453
1248.0 1.2198458599098392
1248.5 1.7083903404162024
1249.0 1.0465663209295506
1249.5 1.278171639197436
1250.0 1.10204568120974
1250.5 1.3858750650911218
1251.0 1.3367887372326357
1251.5 1.0238806568146794
1252.0 0.6797869427184419
1252.5 1.3665345165593497
1253.0 1.5423708145836748
1253.5 1.2561171297685056
1254.0 1.338643120634022
1254.5 1.6541494634116432
1255.0 0.8188961683075868
1255.5 0.6014943076988759
1256.0 1.532128566661859
1256.5 1.1173914288904072
1257.0 1.3921376030188455
1257.5 1.9286070921732834
1258.0 2.0373030727515964
1258.5 1.5937802742284033
1259.0 1.3753419304017687
1259.5 0.9762548628872909
1260.0 1.169570905764241
1260.5 1.0698640522866416
1261.0 1.8810509071998087
1261.5 0.8480222370988505
1262.0 1.0914138010001173
1262.5 0.5502850180619105
1263.0 1.3541442009154818
1263.5 1.2154110187512512
1264.0 3.065981859896876
1264.5 0.8994323463435463
1265.0 0.7761796016172138
1265.5 1.880147079514308
1266.0 1.1089706716082794
1266.5 0.8917463131096917
1267.0 1.2265545337309223
1267.5 0.918321727917793
1268.0 1.1890839913490976
1268.5 1.4569821472271007
1269.0 0.6451266172661506
1269.5 1.0689246602700058
1270.0 0.8869454279578681
1270.5 1.0800240363612266
1271.0 1.9867239187578012
1271.5 2.41035926339091
1272.0 0.7432948302065547
1272.5 1.7263825957011023
1273.0 1.0044413286932299
1273.5 1.1933505079978535
1274.0 0.4691025748512973
1274.5 1.0264918543637611
1275.0 1.1433903887851415
1275.5 1.1557497505442273
1276.0 1.1885334488032937
1276.5 1.246984484854009
1277.0 1.3226085410489596
1277.5 1.1771380633219624
1278.0 0.6234285953799055
1278.5 1.1356909932401706
1279.0 1.5251415097109426
1279.5 0.7480464916171758
1280.0 1.4743310482973873
1280.5 0.9191736190921551
1281.0 1.2315233032991666
1281.5 0.528201867344193
1282.0 1.408122879298885
1282.5 1.4702398429064405
1283.0 0.7750685192978177
1283.5 0.9150626196603538
1284.0 0.6914020963682597
1284.5 1.2942219264938397
1285.0 0.6346360781624931
1285.5 1.3549889772971437
1286.0 1.2870410521135365
1286.5 1.628323423726459
1287.0 0.6747671695479784
1287.5 1.7035070648180006
1288.0 0.697707123614282
1288.5 0.6986938976096998
1289.0 0.7038338307321257
1289.5 0.7403574011023348
1290.0 0.6737422730351795
1290.5 1.0197429566318956
1291.0 0.437946056351764
1291.5 1.2348914933674657
1292.0 1.9367265143788635
1292.5 0.8305603632839036
1293.0 1.6264390148977232
1293.5 1.1118149927892604
1294.0 1.4473539508120261
1294.5 1.7647378172476071
1295.0 1.6359749486314468
1295.5 1.729897515269734
1296.0 1.6129457239539944
1296.5 0.981415653469589
1297.0 1.044360593609055
1297.5 0.7400340041690641
1298.0 1.4183561190671068
1298.5 1.747113660272253
1299.0 0.8299156065487177
1299.5 1.3721097010655463
1300.0 1.217073340997546
1300.5 0.9658079343303634
1301.0 1.272528562224802
1301.5 1.5589100067519586
1302.0 1.4746056308174018
1302.5 0.8719448919133623
1303.0 1.5649342539966937
1303.5 1.1800204370722855
1304.0 1.5289044108917884
1304.5 1.7188937638457746
1305.0 1.6181142140699887
1305.5 0.9522924636719698
1306.0 1.933088853239653
1306.5 0.2141947429416704
1307.0 2.050836029582901
1307.5 1.4533341987813226
1308.0 0.9594837063906116
1308.5 0.8573860033786462
1309.0 0.6970012635818135
1309.5 0.7964645502827257
1310.0 0.9089386384302582
1310.5 1.168242643678035
1311.0 1.082965396925136
1311.5 1.0488498210565145
1312.0 0.5949133876951649
1312.5 0.5164923803023894
1313.0 1.2591857749387352
1313.5 2.0473485220197194
1314.0 0.9734998028897391
1314.5 1.771902639182782
1315.0 0.975458598898234
1315.5 0.7127377639000172
1316.0 0.6852791527045277
1316.5 0.635187299439903
1317.0 0.9645343736957057
1317.5 2.657748906424211
1318.0 0.7687541190778404
1318.5 0.8923866110310331
1319.0 1.102059019219094
1319.5 2.0036435010868807
1320.0 1.1787186496283626
1320.5 0.8202847664139732
1321.0 1.8283405766665999
1321.5 1.47322661410499
1322.0 0.6079260457796857
1322.5 0.8778938565673176
1323.0 1.278053402821406
1323.5 1.3095652791820152
1324.0 1.0455757978716136
1324.5 1.5041250436313065
1325.0 1.5792543905727632
1325.5 1.6868838674525963
1326.0 1.09686970954792
1326.5 1.930602391015147
1327.0 1.3887440592673819
1327.5 1.9912609801516101
1328.0 0.5945730574270561
1328.5 1.645996616906372
1329.0 0.8445835175143136
1329.5 0.7582121038517353
1330.0 0.8359696292973726
1330.5 0.8092487927643895
1331.0 0.8699628459296583
1331.5 1.0594293553614298
1332.0 1.6658966692104755
1332.5 0.9857970181557736
1333.0 1.8386562364095957
1333.5 1.0652114971378863
1334.0 1.4428556825711836
1334.5 0.9294366760593267
1335.0 1.5554127834619595
1335.5 1.302110693556609
1336.0 0.8234312854824337
1336.5 0.7141180909398522
1337.0 0.6101712664437513
1337.5 0.9221884022464417
1338.0 1.0222909575230696
1338.5 1.024079738403647
1339.0 1.9966288001879307
1339.5 1.1708588492780077
1340.0 1.616798379145423
1340.5 2.4555235053609388
1341.0 0.2
1341.5 0.8561545004603888
1342.0 1.6887863950165185
1342.5 0.9818619591880706
1343.0 1.1873550485569186
1343.5 0.7404486713312286
1344.0 0.9745135308776726
1344.5 0.8665114463808736
1345.0 0.8675381638484201
1345.5 0.8281571787093494
1346.0 1.414429722456032
1346.5 1.2141718490249107
1347.0 0.9881439389937181
1347.5 0.6521302940098611
1348.0 1.4344241716749682
1348.5 0.8475305989254687
1349.0 1.6514368966279531
1349.5 0.965848437359273
1350.0 1.1356286370658057
1350.5 1.6275587146980062
1351.0 2.0015216570043237
1351.5 1.8377181766875326
1352.0 1.590375664849308
1352.5 1.9077040983227973
1353.0 0.8251671031393568
1353.5 0.8610504459468153
1354.0 1.1440215099872182
1354.5 0.778096133581673
1355.0 1.639711843208921
1355.5 0.6544001675115583
1356.0 1.2678136963524385
1356.5 1.312212757245557
1357.0 1.1711907015147602
1357.5 1.2667690809263432
1358.0 1.7660535830222486
1358.5 0.6002845899144954
1359.0 0.8133401032952532
1359.5 2.2232857816078364
1360.0 1.5575383038021657
1360.5 1.0340952602507745
1361.0 0.5376804794985396
1361.5 0.7770689106298129
1362.0 1.1344197732944195
1362.5 1.0499584091276781
1363.0 2.1122894934184813
1363.5 2.165291058249067
1364.0 0.8267421390717055
1364.5 1.7069548274711646
1365.0 1.6326457549919822
1365.5 1.13525441808159
1366.0 0.49833165542680863
1366.5 2.289905785363487
1367.0 0.6262623265851697
1367.5 0.9444690526288202
1368.0 1.6779241328700907
1368.5 2.0938183916605
1369.0 0.5795011417008655
1369.5 0.7284335427924925
1370.0 1.1930816562613598
1370.5 0.7358528300574882
1371.0 0.9756528482477762
1371.5 0.8800480048131432
1372.0 1.7058868186414098
1372.5 1.7449816787941077
1373.0 0.934224186403195
1373.5 1.596222825181187
1374.0 1.0022528895010934
1374.5 1.2753932356753175
1375.0 1.766600437259029
1375.5 0.8364419259798486
1376.0 0.9496276953670578
1376.5 1.7988923912454435
1377.0 1.3487702707834364
1377.5 0.8072356916174435
1378.0 1.1764619808997883
1378.5 1.3838019056156456
1379.0 1.9731030514787644
1379.5 0.9705808535256326
1380.0 2.2777841444759317
1380.5 1.7018727755598282
1381.0 1.140956381574288
1381.5 0.6132424668574817
1382.0 0.7498361416697017
1382.5 0.6747947781431525
1383.0 0.9413347507149668
1383.5 1.1993343064299944
1384.0 0.8614515080768443
1384.5 1.749121327845411
1385.0 2.5480932555306754
1385.5 1.240340294296669
1386.0 0.7106438213659084
1386.5 1.1329711776499307
1387.0 1.336426196789113
1387.5 1.396172128964809
1388.0 1.1437988078595063
1388.5 1.0133194762636504
1389.0 1.6486125875973976
1389.5 1.2102988494312232
1390.0 0.8262197856707867
1390.5 0.8133331823741354
1391.0 1.3019605232266163
1391.5 3.5112991918251684
1392.0 1.04300600167762
1392.5 0.6881573333958699
1393.0 1.0629261973585014
1393.5 1.7821999888176983
1394.0 1.8624310947070668
1394.5 2.0140770362405336
1395.0 0.9909246769610469
1395.5 1.6513239172846998
1396.0 1.198290643186506
1396.5 1.2441873860405845
1397.0 1.4267940117815012
1397.5 0.9510607510850662
1398.0 0.9180359875386551
1398.5 1.0900136305645072
1399.0 1.7214391193149121
1399.5 1.0230860785831275
1400.0 2.6884262370831244
1400.5 0.29015703435151163
1401.0 1.0753389542650258
1401.5 0.9181513132514052
1402.0 0.7035863866535161
1402.5 1.487202864555806
1403.0 0.6232724893609867
1403.5 0.8990724616537301
1404.0 0.6246959226111715
1404.5 0.48182587371345087
1405.0 1.4993913163624661
1405.5 0.8689792385711399
1406.0 1.3269080579120285
1406.5 1.295376187990118
1407.0 1.124377493698835
1407.5 0.9293510723174943
1408.0 0.794851755310982
1408.5 0.567771135739358
1409.0 1.2493667542816222
1409.5 2.0339509793652266
1410.0 2.4180902928210344
1410.5 1.9235083819629955
1411.0 0.720025210429917
1411.5 0.6902547573078659
1412.0 1.5239949716876966
1412.5 0.7577498344651901
1413.0 1.4136471978049214
1413.5 0.6997556719598803
1414.0 1.8961468786601936
1414.5 1.9201286655947292
1415.0 1.5366482608485348
1415.5 1.61187224489361
1416.0 0.9634478742146919
1416.5 0.7217904930299471
1417.0 0.6024790851208882
1417.5 0.5494190033117833
1418.0 1.7558672713829824
1418.5 1.1847672734198942
1419.0 1.1097800789505774
1419.5 0.7152842238349765
1420.0 1.3809316583682096
1420.5 0.7761278490942347
1421.0 1.4201889911004142
1421.5 1.0792633326203633
1422.0 1.4473635500377358
1422.5 1.430434698852587
1423.0 1.145255112571783
1423.5 0.83357791344906
1424.0 1.462025764974316
1424.5 0.7967339463872498
1425.0 1.3805600774690925
1425.5 1.213730556287962
1426.0 1.851677260838434
1426.5 0.8162482824679429
1427.0 0.9408186287414353
1427.5 1.2441475775756743
1428.0 0.9324714043398735
1428.5 1.0493878123739462
1429.0 1.4841081774870326
1429.5 1.1993563633222106
1430.0 1.1703325491903183
1430.5 1.4451507414412954
1431.0 1.9240535276481645
1431.5 0.693202853751231
1432.0 2.0662945991000776
1432.5 0.8319844136247092
1433.0 1.125417633183949
1433.5 0.6804456488295063
1434.0 0.6302568239089714
1434.5 0.6911043601154319
1435.0 0.6664171568121058
1435.5 0.8599313018119272
1436.0 2.3418533888580115
1436.5 1.298271671121915
1437.0 0.4524317495658541
1437.5 0.9988303753475974
1438.0 0.9072862746373178
1438.5 1.2837225768853795
1439.0 2.3306655658676556
1439.5 0.8068414527003889
