0 0.8220426024597877
0.5 0.36754886879269577
1.0 1.4558726643945097
1.5 1.9187322771871609
2.0 0.5525141318086283
2.5 2.466179393890102
3.0 1.1697852662435042
3.5 0.64556717126265
4.0 0.9408672658992252
4.5 0.6984307298556491
5.0 0.9543521628823206
5.5 0.8825484994190647
6.0 1.1999623716877745
6.5 0.5894929510329225
7.0 1.7509041105213745
7.5 0.706926462869963
8.0 1.9935648525245773
8.5 1.2763637535188899
9.0 0.9263047358442982
9.5 0.5180265869940696
10.0 1.084613650686303
10.5 2.3869854253554936
11.0 0.737732595926365
11.5 1.1076283531584974
12.0 0.937661257713212
12.5 1.0175977583641846
13.0 1.9483754345416926
13.5 1.3200846108973436
14.0 0.24199344892868369
14.5 1.9073199391699496
15.0 1.4570807714201761
15.5 2.5280413429772612
16.0 2.231574617191166
16.5 1.842152761543126
17.0 1.4672812043550418
17.5 2.3275991967130394
18.0 2.4434290385166815
18.5 0.6959365233162229
19.0 1.7656895196805378
19.5 1.333865412083215
20.0 1.4372183296410495
20.5 1.4796403830671498
21.0 0.9284405331366578
21.5 0.9618779171624362
22.0 0.8656893733084214
22.5 0.9012808363497948
23.0 1.315199436740041
23.5 1.8518174705318347
24.0 0.962782883527947
24.5 0.2
25.0 2.072910802961805
25.5 2.2599618554526533
26.0 1.3820093281833814
26.5 1.340192202257418
27.0 1.3168176308146422
27.5 1.9623583508701996
28.0 0.7458995190726863
28.5 1.0890069514455676
29.0 2.478601547965658
29.5 1.0084947789681546
30.0 0.9113206832668017
30.5 0.575765884125605
31.0 0.9583939157461475
31.5 1.8789203645154844
32.0 1.858545415058153
32.5 1.7614049374229779
33.0 0.9740441481566278
33.5 0.6189019117663237
34.0 1.7161399102834445
34.5 0.9178973310794223
35.0 0.9272831092177194
35.5 1.1900776839961809
36.0 1.0457342219237655
36.5 1.9056757156152777
37.0 1.4903917025034459
37.5 1.1829154628013114
38.0 1.7031557617722806
38.5 0.6326686971012355
39.0 1.0967183172293808
39.5 1.1242658417697955
40.0 1.4697336287232936
40.5 1.2564315194520028
41.0 0.8810113853818065
41.5 1.0513382108272564
42.0 1.2517990347181753
42.5 0.5704093550409337
43.0 0.6271090011684133
43.5 1.559625701303557
44.0 0.8820864022337072
44.5 1.0746273168055036
45.0 1.2633363683727503
45.5 2.403735693926071
46.0 1.8042968751492516
46.5 1.4789776224284603
47.0 0.9970150842030513
47.5 2.515782083595198
48.0 1.2624546456188983
48.5 1.5302625097627103
49.0 1.1523090753642204
49.5 0.5998331125820544
50.0 0.6750649956988746
50.5 1.4739475363855719
51.0 0.7948716604250263
51.5 0.9312047281542842
52.0 0.5237237715764405
52.5 1.0532440984068374
53.0 0.8363969546335683
53.5 2.136188540779237
54.0 2.737830316909778
54.5 2.2244899327185155
55.0 0.420612878367506
55.5 0.9950772831487271
56.0 1.0106429549818197
56.5 1.0922240020317906
57.0 1.452639575577635
57.5 0.8159259418719587
58.0 1.0468404140957337
58.5 0.49828617749054743
59.0 0.5885420541015756
59.5 1.0683185884324675
60.0 2.0631437321334594
60.5 1.3741021985011854
61.0 0.657038863501055
61.5 0.9999399337110337
62.0 0.8537216192612784
62.5 2.3817666323777944
63.0 0.8367334787528252
63.5 2.1030768177255172
64.0 1.1861593290156922
64.5 1.7504518738280401
65.0 0.660048916667432
65.5 0.7470245221414404
66.0 1.8732830318302722
66.5 0.9254454945639462
67.0 0.33826975567185796
67.5 1.8276622184001046
68.0 1.0289426498653518
68.5 1.8896175939655921
69.0 0.7557691209319384
69.5 0.25738024378419255
70.0 0.9920621518184726
70.5 0.799421500144442
71.0 0.7942084317238592
71.5 1.223921361859394
72.0 0.5270233446887582
72.5 0.6923600033923878
73.0 1.271122164941599
73.5 1.3684739538819315
74.0 1.2071665337522988
74.5 1.7432632825078793
75.0 1.2676854999774125
75.5 1.690611137114395
76.0 0.8153525679340413
76.5 0.9082641259139856
77.0 1.129766217058345
77.5 2.588838912407767
78.0 0.5783676901700894
78.5 0.9636674129892813
79.0 1.6118548591405357
79.5 0.91215026900453
80.0 1.5204594553642923
80.5 1.7170487249880528
81.0 1.1314494877069492
81.5 0.7327241847530183
82.0 0.8272947638760513
82.5 1.2476171168193653
83.0 1.252318140293577
83.5 1.1312996508366082
84.0 1.3557268450433249
84.5 1.0090318937407
85.0 1.0839093696921478
85.5 0.9778453019591113
86.0 0.9609612151667002
86.5 0.7691397141377121
87.0 0.6414702885748689
87.5 1.519860607281571
88.0 1.3045381501898017
88.5 0.5440599365884945
89.0 0.9838094081313056
89.5 0.9503601446111614
90.0 1.1684682133353603
90.5 0.8959630022913301
91.0 1.2768180206534319
91.5 1.479392899830478
92.0 0.935864708728132
92.5 1.668406796607096
93.0 0.8889928877876345
93.5 2.0166102910023946
94.0 1.2147979619584888
94.5 0.8782761947532907
95.0 0.9052012730719683
95.5 1.0296845574606828
96.0 1.151349790978554
96.5 0.969869335826847
97.0 0.8328706857277481
97.5 0.9041937172632212
98.0 1.544361160397865
98.5 2.123185588766689
99.0 0.8544565357330369
99.5 2.5918062946757736
100.0 0.7534451496654648
100.5 1.3021030953165136
101.0 0.8680092558369339
101.5 1.0175378917429772
102.0 2.0239399073471747
102.5 2.2882000558989923
103.0 1.0569357549834824
103.5 0.8789654518248697
104.0 0.5135977626256487
104.5 0.48110022308303496
105.0 1.7013263365618856
105.5 0.8428361752587072
106.0 2.2069079440645134
106.5 0.9760040447347905
107.0 1.7617091077555158
107.5 2.3121225999379473
108.0 1.174864505213822
108.5 1.494147393438368
109.0 1.4099341705531883
109.5 0.6091653066675751
110.0 1.0268498320510586
110.5 1.2069690944083624
111.0 0.9947448144718356
111.5 1.7722531513244104
112.0 1.0423875961723708
112.5 0.3406266257109681
113.0 1.3219836962257443
113.5 1.6913582118088881
114.0 1.5101742527412787
114.5 0.9906369029127143
115.0 1.548425089442362
115.5 0.7770633726690371
116.0 0.9341055383368813
116.5 1.0014828054628435
117.0 0.7768982312021792
117.5 0.8619440188113927
118.0 1.9093290595267505
118.5 1.1428988273742733
119.0 1.5939187777820973
119.5 1.0866721679255351
120.0 0.8540499816768693
120.5 0.9557883787522693
121.0 1.9033314350694361
121.5 0.788285446220037
122.0 0.3358359961914259
122.5 1.101800486249041
123.0 0.9597673301757892
123.5 1.6538017009487078
124.0 1.239346901001733
124.5 1.0279699858181766
125.0 1.4489341205165693
125.5 1.5675396704383289
126.0 1.088086272587434
126.5 0.7138954904515278
127.0 1.8397800809998497
127.5 1.115370973511575
128.0 0.9852354382185027
128.5 1.8662383883910127
129.0 1.5489209459338393
129.5 1.610311799364837
130.0 1.4063394895156942
130.5 1.7363108996729941
131.0 1.0430634303707924
131.5 0.8019659741542025
132.0 0.9498153185298523
132.5 0.8920881550913746
133.0 1.2295912321040006
133.5 0.9470394629569068
134.0 1.234546934962124
134.5 1.4687025181243174
135.0 0.8519210979198236
135.5 0.51822367218436
136.0 1.0261324804351957
136.5 1.2142758027580076
137.0 1.222111404754253
137.5 1.2400514878212863
138.0 0.6424884312416361
138.5 1.5020162212257593
139.0 2.1891248733923296
139.5 0.2444727302294245
140.0 1.0799897443945323
140.5 1.4790209070327556
141.0 1.0913571759641223
141.5 1.469347644147651
142.0 1.9284447622869947
142.5 1.1897047746667053
143.0 1.354042541741591
143.5 0.8172142486852124
144.0 0.9002028656255504
144.5 1.335217428128219
145.0 1.05962697712827
145.5 0.8732345764689835
146.0 1.0450061535653579
146.5 1.1023303637487336
147.0 0.617706701817021
147.5 1.8338558320986744
148.0 2.524137712050851
148.5 0.8154480155648357
149.0 1.9476853370475078
149.5 1.1474171338018846
150.0 0.9727806147391034
150.5 1.558666999323684
151.0 1.7441835742431535
151.5 1.3928309026517078
152.0 1.0248682189797926
152.5 1.9100691253892745
153.0 1.9590007707362365
153.5 0.5817182828564095
154.0 0.7663427720735216
154.5 1.7204695895355913
155.0 1.1982003564835417
155.5 0.631078223483009
156.0 1.0042351399813754
156.5 1.414113405797339
157.0 1.5245451683382494
157.5 0.5272400380361989
158.0 0.2
158.5 0.6884871943488353
159.0 1.3462717956560155
159.5 0.9481708660260872
160.0 1.3110223471640814
160.5 1.1151422472556811
161.0 1.0636004899349767
161.5 1.3288864927268533
162.0 1.156748132739478
162.5 0.6604691001008725
163.0 1.7940322657875611
163.5 0.5912516362829834
164.0 1.5343615380015287
164.5 1.3270350275233744
165.0 1.0383759622713287
165.5 1.7970683272943313
166.0 0.785138394600466
166.5 1.7670443694197195
167.0 0.6408867947085249
167.5 0.7090936585469435
168.0 1.0803218994510018
168.5 2.0924169847856278
169.0 0.8887064669858231
169.5 0.784412309002317
170.0 1.2188735286498347
170.5 1.2298628372909968
171.0 0.2
171.5 0.639748158476505
172.0 1.0824578315601372
172.5 1.1614006097139562
173.0 0.5771104004548047
173.5 0.6226208437290888
174.0 0.8966563658746405
174.5 2.3943775455233203
175.0 0.9349327123849637
175.5 1.6011205218255928
176.0 0.9034682507142849
176.5 1.518898358832765
177.0 0.799061627468747
177.5 0.7533694631486398
178.0 1.2819097060900548
178.5 0.8622241048784449
179.0 0.7465506414082448
179.5 1.5232834660212728
180.0 2.3450365722377016
180.5 0.7938247226929638
181.0 1.8273376390850524
181.5 0.7872005809929798
182.0 1.4062258991393126
182.5 0.6483591482155054
183.0 0.9281838834923637
183.5 1.819903692812862
184.0 1.1400689922552691
184.5 1.970724805257642
185.0 2.025124625663768
185.5 1.1487226043797611
186.0 1.0332356256299673
186.5 1.600063446599183
187.0 0.2
187.5 1.420102373215669
188.0 1.106514768551596
188.5 1.2668771419727263
189.0 0.8165405157534142
189.5 0.7076683353232864
190.0 2.0152770714284474
190.5 0.9481435805002553
191.0 0.9036876709660606
191.5 1.702323951056581
192.0 1.2660448307510306
192.5 1.1047772603492516
193.0 2.7322093083497907
193.5 1.487200422023536
194.0 1.7595112201739336
194.5 0.8841263942208621
195.0 1.1812511766953206
195.5 1.286914417752047
196.0 1.4322179973951152
196.5 0.7184151423056853
197.0 0.6892495995365104
197.5 1.751660895341652
198.0 2.4622605730337033
198.5 1.0977146735681083
199.0 1.5621021128522354
199.5 1.9325385302331592
200.0 1.435384160609987
200.5 1.5488741211288217
201.0 0.7205865616793308
201.5 1.0449722818313594
202.0 0.7827919316455662
202.5 1.6084740474066042
203.0 1.058464428238714
203.5 1.1193567542057046
204.0 1.2857383367910475
204.5 1.0216413191800469
205.0 1.2981626921963472
205.5 1.0292952903103791
206.0 0.9540561772643763
206.5 0.5343415548541142
207.0 0.854209596407721
207.5 1.2205800318293127
208.0 0.8292556757880613
208.5 1.0716047214671032
209.0 0.9196019510702449
209.5 1.457004439589067
210.0 1.7383324258375166
210.5 0.6562491546866557
211.0 1.2610029848968116
211.5 1.5332619919623454
212.0 1.5004009107851064
212.5 0.7867226959415468
213.0 1.1024713618983049
213.5 1.0024872297893648
214.0 0.5160728044451844
214.5 0.5153116474985995
215.0 0.9028150891069602
215.5 0.5322889353770119
216.0 0.845510992092882
216.5 0.8468425413656744
217.0 1.9992847081171172
217.5 1.4438322420853227
218.0 2.2167992481439436
218.5 1.816054556419442
219.0 0.4619010448274612
219.5 0.9223052669240768
220.0 0.8516285828687997
220.5 1.0752111379110287
221.0 0.8661482188744719
221.5 1.4169660237126571
222.0 0.2
222.5 1.3638971894930545
223.0 2.0939433942041523
223.5 0.8059637648969822
224.0 0.4615568461413535
224.5 0.7101658560395957
225.0 1.3099973939298333
225.5 0.5710406440964964
226.0 1.652562592368646
226.5 1.147374103537647
227.0 1.671762905284241
227.5 1.2539773099462144
228.0 1.5805240480827345
228.5 0.934559998854233
229.0 0.8763992243511999
229.5 1.2424241056391576
230.0 0.6894918255922241
230.5 0.6901233501649656
231.0 1.008927154212282
231.5 1.4276058522986788
232.0 1.2349444772312836
232.5 1.3293336547109693
233.0 1.2912292254759943
233.5 0.9593167261293133
234.0 0.8627114328077106
234.5 1.0785365873662915
235.0 0.7401037199336351
235.5 0.8746899110686231
236.0 2.4983710215250365
236.5 0.9405357600058086
237.0 0.9658744125670657
237.5 0.7825630208656649
238.0 0.8576510944759363
238.5 1.8632673649617737
239.0 1.577969275761557
239.5 0.7269778268812794
240.0 0.7989151172515783
240.5 0.9089553269996555
241.0 0.7815360102589919
241.5 0.790855278598106
242.0 0.7352396612452186
242.5 0.5546218741049105
243.0 0.7221533684475325
243.5 1.5516524565607313
244.0 1.945658101371998
244.5 0.8785953638555767
245.0 0.45705698868954175
245.5 0.49469590971837696
246.0 1.3028988627403186
246.5 1.8818578817635938
247.0 0.723768969220074
247.5 1.6987442756664421
248.0 2.190674366090271
248.5 1.1360679291340923
249.0 0.8401374899910133
249.5 1.8417586043437757
250.0 0.9492462876252381
250.5 0.5998576437564425
251.0 0.9153716871693058
251.5 1.8255462163969505
252.0 1.942069679606027
252.5 0.7045428090509751
253.0 1.2480989641165585
253.5 0.6010700686181536
254.0 0.6734064336064574
254.5 0.6407440001126581
255.0 0.8052533905715886
255.5 1.298903539590977
256.0 1.617303808902975
256.5 1.1451335635330473
257.0 2.4124424219693967
257.5 1.9972126168099105
258.0 0.8895242368355754
258.5 1.0352154973650065
259.0 1.5279854173042327
259.5 1.6528097345673975
260.0 1.1605674486463862
260.5 1.254287031302724
261.0 1.2995667997657667
261.5 1.9400261465735156
262.0 1.086861562789657
262.5 1.0584891800893057
263.0 1.1882276761147463
263.5 1.0386161685352633
264.0 1.8247399010613505
264.5 1.1896982979565043
265.0 0.7253791312255146
265.5 1.575030832029379
266.0 1.4083639865871167
266.5 1.4221692996162223
267.0 1.4333198648981478
267.5 1.0862748233439015
268.0 1.2672716196634792
268.5 0.9715539028770546
269.0 1.39655424200263
269.5 1.2739260061958328
270.0 0.7635092081388057
270.5 0.978557971100249
271.0 1.9437928765065182
271.5 1.4825009636112818
272.0 1.1347450803516068
272.5 0.899357730644886
273.0 1.4706984757590664
273.5 1.768319718497816
274.0 1.056391303650959
274.5 2.5350392048765706
275.0 0.8357019512037434
275.5 1.2137334250705196
276.0 1.1214106729678512
276.5 0.807535389149295
277.0 1.1834316506498004
277.5 1.5938959603693688
278.0 1.0121681484049732
278.5 0.7035812879186589
279.0 0.5094393529951755
279.5 0.865039135044629
280.0 1.3046218201153543
280.5 1.5655014111475443
281.0 2.3878379188709937
281.5 1.2908252021641866
282.0 0.6549595157778811
282.5 1.5215533144921793
283.0 0.45423672583988517
283.5 0.9993425324084622
284.0 1.8180448504622468
284.5 0.9922974546054362
285.0 1.6539260621258642
285.5 1.3441559535580405
286.0 0.7871962327169293
286.5 1.2001676322200487
287.0 1.0666568404392494
287.5 0.6937175280567425
288.0 0.7190028122877379
288.5 2.489111158850666
289.0 1.0589194612693547
289.5 0.8714012696822906
290.0 0.7098132934066654
290.5 1.7984160682391994
291.0 1.14693444284423
291.5 1.714542506574784
292.0 0.8246457362369907
292.5 1.4570948375900779
293.0 1.3494462578513766
293.5 1.0271852204138292
294.0 0.8488976853864895
294.5 0.7575697860154184
295.0 1.7032627243563199
295.5 1.1453277826277453
296.0 1.1832246830276678
296.5 1.9630042427469518
297.0 0.8858121236633487
297.5 1.6717351153132918
298.0 1.664466722931712
298.5 1.3627296282726726
299.0 1.4237676568257784
299.5 0.9712052713671597
300.0 0.7074658343872511
300.5 1.1935856880466356
301.0 1.302464723653705
301.5 0.612239555150388
302.0 1.7576153013665392
302.5 0.5884073749544048
303.0 0.5553744660577196
303.5 1.2164548692033725
304.0 1.0182018584409736
304.5 1.6178228586197214
305.0 1.5872578688081356
305.5 2.344089052047899
306.0 1.0284802086992222
306.5 0.9265596825436611
307.0 1.720042318057319
307.5 1.2600827746150096
308.0 1.1379338392281997
308.5 1.0133907331344756
309.0 1.671239117370166
309.5 1.1917368905673533
310.0 0.9026065039192184
310.5 0.415600817070814
311.0 2.2255354851310893
311.5 1.4166109685354757
312.0 1.1907665763156783
312.5 0.9580924487452089
313.0 0.927050346601258
313.5 0.923540643018546
314.0 0.9351702950776435
314.5 1.1173481146480972
315.0 1.3135325718591173
315.5 2.712676738072521
316.0 1.4101578473353813
316.5 0.7115293978642215
317.0 1.514675623698241
317.5 2.2191239846846873
318.0 1.8168040667064398
318.5 0.715581836987107
319.0 2.0889904104251826
319.5 0.9510160558821678
320.0 1.142883745795513
320.5 2.0640089243879225
321.0 1.6181335430070019
321.5 1.851006780503245
322.0 0.7683026707785017
322.5 0.6331656152083558
323.0 0.6665668580699342
323.5 1.2821978018638847
324.0 1.1808501322733438
324.5 1.2260440914807955
325.0 0.6677940788026624
325.5 1.11398608354896
326.0 1.148374601763513
326.5 1.4711023596815354
327.0 0.7649355304539571
327.5 1.4299669472422787
328.0 2.4553624204368405
328.5 1.6891859997918668
329.0 1.418420715937955
329.5 1.0410727050797948
330.0 1.1893545469488143
330.5 0.6593576326618737
331.0 2.3647341659773944
331.5 0.5606050755481593
332.0 1.2958160676298904
332.5 1.126129677066249
333.0 0.7791065227691134
333.5 1.0843825223340429
334.0 1.628718340233641
334.5 1.8543462820305465
335.0 1.8634179743681096
335.5 1.359174820353593
336.0 0.7345479099591354
336.5 1.0713685147425887
337.0 0.932503107567761
337.5 0.7229465983528638
338.0 1.23466188599989
338.5 1.5532743458454727
339.0 1.0767280358181075
339.5 0.6980370077633025
340.0 1.3595692009693534
340.5 1.3115606157273072
341.0 0.8708158892044985
341.5 0.7340809839947386
342.0 1.9188416125925483
342.5 1.3106918439087933
343.0 1.0010721495660027
343.5 0.8898993745637234
344.0 0.9211133571038297
344.5 1.991113742818184
345.0 0.8280912582775758
345.5 1.2924472958071753
346.0 1.8667438826040432
346.5 1.0441624924121804
347.0 0.7953306131887279
347.5 0.9563010718499407
348.0 1.1336114547315488
348.5 0.5443793993461489
349.0 0.6371482126066113
349.5 1.209619322179892
350.0 0.8561185023026104
350.5 0.3385192286297365
351.0 1.3619921204548193
351.5 0.9406078350298244
352.0 1.0775503368376398
352.5 0.8421117724540577
353.0 1.6728454959154664
353.5 1.4409539896219274
354.0 2.0874835112124597
354.5 0.7550195378398157
355.0 0.579615116982342
355.5 1.6425126545294588
356.0 0.5323511393210014
356.5 1.2627493061023347
357.0 1.2315158425773722
357.5 0.9205516484353168
358.0 1.0798830397410732
358.5 1.1312136050749113
359.0 0.9228867050487255
359.5 1.6784090011071613
360.0 0.43929999631936445
360.5 1.379962303291165
361.0 0.7199704597968729
361.5 1.1202031886179797
362.0 0.8968628645895264
362.5 0.9032826232904676
363.0 1.599184362347759
363.5 1.3150535565863162
364.0 1.136286375415899
364.5 0.7333705709967777
365.0 1.6557089686976365
365.5 1.553612653221715
366.0 0.9757328140974386
366.5 1.7346595843432349
367.0 1.6369868974292194
367.5 1.8908096103721879
368.0 0.7464846922239639
368.5 1.3493168246408693
369.0 0.6490282473011844
369.5 2.305722697728611
370.0 1.6237197775311873
370.5 2.0586697125040496
371.0 1.4356418432879345
371.5 0.35598659965577384
372.0 1.1719016059236769
372.5 1.963423712991313
373.0 1.135053879427733
373.5 0.7154467486117608
374.0 0.6800900525975226
374.5 1.1853855669458793
375.0 1.483625403655946
375.5 0.9507448507732987
376.0 0.8190671738282012
376.5 0.8940948854391098
377.0 0.9767286718482068
377.5 0.7267333608831272
378.0 0.7835969253423272
378.5 1.5999412551464012
379.0 1.1781566035277753
379.5 0.8421756153647453
380.0 0.8930222306776923
380.5 1.388367807455843
381.0 1.4820248212911762
381.5 1.2451535445458037
382.0 1.2637717675219062
382.5 1.2816978582657146
383.0 1.0627485689292528
383.5 0.9209081131604242
384.0 1.1857605112211074
384.5 2.361873421832772
385.0 0.8640231385169542
385.5 1.18169136344865
386.0 1.7225859350774595
386.5 0.7156215654122953
387.0 0.711787880943642
387.5 0.6593876183348544
388.0 1.2609047977878682
388.5 2.204710946202802
389.0 0.7662677155873299
389.5 1.3513809058124324
390.0 0.7507127137920777
390.5 0.8296954376725929
391.0 1.4249908001932594
391.5 0.8896826065112188
392.0 1.2971079449034386
392.5 0.6561814367262782
393.0 1.7451938550039823
393.5 1.2887393443373718
394.0 0.9540316440220037
394.5 0.7020402217166124
395.0 0.664278291583714
395.5 0.7485825065379538
396.0 1.4131975087652617
396.5 1.1951511534733192
397.0 1.20616185808356
397.5 0.7103535407664612
398.0 0.838398850130047
398.5 0.8328535334476243
399.0 1.7082020862965683
399.5 0.6140748328977979
400.0 0.5680937904058652
400.5 1.7000334374014399
401.0 0.6099405358609454
401.5 0.6675604308235271
402.0 0.8082810690828093
402.5 0.7196516268760699
403.0 1.0318618721846886
403.5 1.9707378339326298
404.0 1.3562991342623603
404.5 1.1198525347242332
405.0 1.620151928279099
405.5 1.6118509352960695
406.0 1.350793311707853
406.5 0.8182911159175874
407.0 0.686395883921439
407.5 0.9779740907354703
408.0 0.8823681571802628
408.5 0.5010619678776653
409.0 0.6707480314472031
409.5 0.9009466579235903
410.0 0.9176565993658594
410.5 1.3343671616080084
411.0 1.6443331630570905
411.5 0.8283947393293387
412.0 1.580804591410974
412.5 1.8794108436270998
413.0 2.6811702760803007
413.5 0.7475992965407052
414.0 1.962320551807027
414.5 0.3087065799797172
415.0 1.2751325941761853
415.5 0.8622425218138237
416.0 1.7851207625227867
416.5 0.41623644717187197
417.0 0.7922676246346844
417.5 1.7850014405423087
418.0 1.1889292471754112
418.5 2.108498369979257
419.0 0.6692437252180539
419.5 1.0868095147102839
420.0 1.7918896108545823
420.5 1.0119795907112468
421.0 2.713820336595756
421.5 1.1388128750764202
422.0 0.8771340127550765
422.5 2.1562600319932197
423.0 1.5338223582783097
423.5 0.9257392155868207
424.0 1.3505924256772104
424.5 0.7699093328356454
425.0 0.9409950420686919
425.5 1.6671252800999619
426.0 1.5339283378907445
426.5 0.8995124366222366
427.0 0.9368930269228357
427.5 1.1750457550447473
428.0 0.9703733943190881
428.5 1.4738676642457733
429.0 1.9437722917854818
429.5 0.7929573729860109
430.0 1.1881733842621616
430.5 2.440356984870288
431.0 2.3003727322985066
431.5 1.3104683566769664
432.0 1.209112272238917
432.5 0.9636569072661609
433.0 0.7253264415496414
433.5 1.4789354664203234
434.0 0.7730770016021968
434.5 0.9261438531349911
435.0 0.9915014565386795
435.5 2.2661585226707945
436.0 1.3268337560227677
436.5 1.5957645835311134
437.0 0.7505554693711045
437.5 1.692600990085253
438.0 1.048031009399533
438.5 0.7620530711591522
439.0 0.6753726919976389
439.5 1.1197812490011114
440.0 0.8361140811654938
440.5 1.2849854477115317
441.0 1.837132904471761
441.5 1.2030451883277167
442.0 0.9506887224811532
442.5 1.394498201237768
443.0 0.6191990744079633
443.5 1.010429034467823
444.0 0.8467638377270148
444.5 1.3699974627910598
445.0 0.5401074553307854
445.5 1.259315778678972
446.0 2.253382495614419
446.5 1.3387253791390052
447.0 2.003965830847944
447.5 0.6085357621095014
448.0 1.1394594098673256
448.5 1.2283125445075347
449.0 1.4943519697259149
449.5 0.8962282220594034
450.0 1.4080957498082105
450.5 0.8622596427355477
451.0 0.7047255689179377
451.5 1.0767669349963307
452.0 0.9753035907537644
452.5 1.0107146772545526
453.0 1.064599660204674
453.5 0.8978189300664344
454.0 0.6156280330847597
454.5 0.8414676412357837
455.0 0.6261405757206675
455.5 1.1081090514404057
456.0 0.936395956673481
456.5 2.4067804574798752
457.0 0.954383418096565
457.5 0.8952486516557621
458.0 0.9118007309909428
458.5 1.3688707656224792
459.0 1.3530996768197965
459.5 1.6861298050647098
460.0 0.3505519121957872
460.5 0.9298081230734903
461.0 1.9307639095100078
461.5 1.0923971547652531
462.0 1.458018230063209
462.5 1.6137458805394806
463.0 2.0305360417675513
463.5 1.357281978092764
464.0 0.7782477872512292
464.5 1.3242379763706236
465.0 1.007730666445017
465.5 0.7668280967572432
466.0 1.769686332917661
466.5 0.9879728459641114
467.0 1.2639161913857335
467.5 1.5822886953196422
468.0 1.1859689718802504
468.5 1.4913890032513324
469.0 0.773179755892258
469.5 1.2800192582601282
470.0 1.2617820196210434
470.5 1.2855752226847685
471.0 0.7913960522123431
471.5 2.175308822715229
472.0 1.366513293240061
472.5 1.2704012206718063
473.0 1.2397328559161644
473.5 1.023767988293741
474.0 0.7169255914920225
474.5 1.317856174579888
475.0 0.7358026079705431
475.5 0.8600903492730054
476.0 0.6724064007748483
476.5 0.8953728743707087
477.0 0.7643894695551887
477.5 0.9905044296226697
478.0 1.1565300644374867
478.5 0.8577525035840416
479.0 0.8397060629006506
479.5 1.225371588564629
480.0 1.423300266879179
480.5 0.75886361251049
481.0 1.7137076869486099
481.5 1.145513287183828
482.0 1.0687494265555038
482.5 1.504019237959707
483.0 0.4523316523190062
483.5 1.8531069989391384
484.0 0.896341927010901
484.5 1.5934700597058553
485.0 0.6690978535102043
485.5 0.7171914129502961
486.0 1.754896427940118
486.5 1.189057629801814
487.0 1.7780553258006213
487.5 0.8522145769464728
488.0 1.5256741395686824
488.5 0.8129144837313558
489.0 1.1974254553693033
489.5 1.6900158023082383
490.0 1.5742374105209798
490.5 1.088140000139926
491.0 1.15156141464545
491.5 0.9496202007259965
492.0 1.3760859553263922
492.5 1.7259919089630609
493.0 1.4031786564546525
493.5 1.2807135818750082
494.0 1.4821673802984145
494.5 1.3284705644054573
495.0 1.1174788460640948
495.5 0.7633537010949667
496.0 0.8865063406506382
496.5 0.5617849232278121
497.0 2.015584243321421
497.5 0.9751903513997728
498.0 0.4982683182231824
498.5 1.374331325311458
499.0 0.6264832149317292
499.5 0.7528850629394146
500.0 0.7023416112964926
500.5 1.496485983585679
501.0 1.2509447965249358
501.5 0.6611197770764663
502.0 1.3197908827388352
502.5 0.8334121141841523
503.0 1.112513847643028
503.5 1.253749398959778
504.0 1.2837082171883945
504.5 1.366516709187319
505.0 0.8198502880048477
505.5 0.8460667195712195
506.0 0.6730799733479054
506.5 1.6210651926138848
507.0 2.8193936849397114
507.5 1.3552355089910975
508.0 0.7238117333552283
508.5 0.8004766908296238
509.0 1.2004328620470979
509.5 0.9337653891036451
510.0 2.068525910650293
510.5 1.1388131254962757
511.0 2.0448103232606387
511.5 2.07746339399138
512.0 1.1213690257460422
512.5 0.8616067244926414
513.0 0.9991891930159214
513.5 1.4281400879726354
514.0 1.2501936572302013
514.5 2.0296010887317815
515.0 1.6879212950095814
515.5 0.9285256206940792
516.0 1.70412138895407
516.5 1.008863746595152
517.0 0.9874177741964991
517.5 0.8268730793128214
518.0 0.8632048977020161
518.5 0.6263382101009617
519.0 1.1248310663025054
519.5 0.6628211902182084
520.0 0.8976563696877577
520.5 1.0273277516220853
521.0 0.8905935175076056
521.5 1.1880258918306037
522.0 0.9386782971754074
522.5 1.512777787439374
523.0 2.0203989945639247
523.5 0.8415781250338411
524.0 0.9016029535787036
524.5 1.1883440512439174
525.0 0.6546671490655336
525.5 1.7834265996363583
526.0 0.6609458763588798
526.5 0.9455911051947767
527.0 0.7128923482054926
527.5 0.9225625367845093
528.0 0.8894026803992054
528.5 1.8096810448328733
529.0 1.233762673527907
529.5 0.40242796774396666
530.0 0.6372139800784599
530.5 0.9796740503085282
531.0 0.9088403069899504
531.5 0.9872532238662703
532.0 0.7489559677769413
532.5 1.1606233066302063
533.0 1.2688129814146478
533.5 1.1779100073214286
534.0 1.3008837957338582
534.5 1.3045427040357178
535.0 1.0751546972414572
535.5 1.3991645176628134
536.0 0.8259109072807623
536.5 1.3337210300860007
537.0 2.200004236351659
537.5 0.7710225466996811
538.0 1.4341566504419978
538.5 0.9674379014634638
539.0 1.4312518790704485
539.5 2.4394791626339893
540.0 2.046163204984044
540.5 0.9627540006904955
541.0 1.6176892171031307
541.5 1.064496212472467
542.0 0.6799291446319764
542.5 2.1424877123903245
543.0 1.3058520977106043
543.5 0.2
544.0 1.275235907623796
544.5 1.366191255436191
545.0 1.286237612166515
545.5 0.8092906185503803
546.0 1.1796176562585008
546.5 0.6210933752720144
547.0 0.8895046002967579
547.5 1.8589507026957786
548.0 1.0602535613023747
548.5 1.5434723354244162
549.0 0.4821541866363461
549.5 2.0870330803443453
550.0 1.0416594270109758
550.5 2.0516774788554453
551.0 1.5348286207421318
551.5 1.2312875143794955
552.0 2.136143970739734
552.5 0.5725201591635815
553.0 0.8731558406204993
553.5 2.0343094066395033
554.0 1.5348305812724503
554.5 0.947596622688202
555.0 1.7694460280377755
555.5 1.2233074307875706
556.0 0.9539114357043037
556.5 1.0615888856054578
557.0 0.9862211876415701
557.5 1.5880468874665254
558.0 1.8158812186553979
558.5 1.7960819612831243
559.0 1.1123585647039405
559.5 1.5891796632118496
560.0 1.6659727062367176
560.5 1.6130896213136483
561.0 0.4925241846647103
561.5 1.2959654197435881
562.0 1.5921867968314276
562.5 1.002769994647747
563.0 0.957858524068959
563.5 1.000242899843258
564.0 1.1355083040728144
564.5 1.0023526313492175
565.0 1.8442365059893633
565.5 1.9463177558805396
566.0 1.339279941025707
566.5 0.8932493715891712
567.0 1.1975503159836802
567.5 0.8605734881293992
568.0 1.1006639673323935
568.5 1.252089428975646
569.0 0.7991020763988484
569.5 0.7082146064719197
570.0 0.8289857820331878
570.5 0.4912516427294671
571.0 2.1963805743420375
571.5 1.6332583003815966
572.0 1.0435371948338772
572.5 0.6785774757806355
573.0 1.2724461038599595
573.5 1.453153887958862
574.0 0.7764630527120673
574.5 1.5716905581806695
575.0 1.7734468901662734
575.5 1.6686785804408075
576.0 0.7336521318609422
576.5 0.8506644308546004
577.0 1.2928517277296174
577.5 1.0199696532397586
578.0 0.7610508491681972
578.5 1.6304366173628524
579.0 1.4564904160950145
579.5 1.1087399894879542
580.0 0.25145051036999977
580.5 1.309872420192304
581.0 1.001900598370837
581.5 1.1220862571082542
582.0 1.306701733834664
582.5 1.3027233265266296
583.0 1.1921793016641522
583.5 1.3651952927763482
584.0 1.3054625667054804
584.5 0.8419789904855904
585.0 1.218630798639076
585.5 0.7886362605625469
586.0 0.688905508321935
586.5 1.436478294974465
587.0 1.0207219972670682
587.5 1.4138588765871338
588.0 0.9041420316747972
588.5 0.6858292465561446
589.0 0.9423762322584331
589.5 1.6179929128904997
590.0 1.1714904287451606
590.5 0.749591840704493
591.0 0.895203169595433
591.5 1.9653240549962725
592.0 0.5602746214926725
592.5 1.071919298622349
593.0 1.4003754567449413
593.5 0.5120285872816492
594.0 1.4748073212553383
594.5 0.9895688424432175
595.0 0.9074739324121195
595.5 1.5790096464613046
596.0 1.37013654603001
596.5 0.33266545863427566
597.0 1.7202202270152598
597.5 1.088979281318659
598.0 1.438715753048892
598.5 0.7038949333342341
599.0 0.8806365564540083
599.5 0.7908226870362134
600.0 1.1036703244859725
600.5 0.7391226548955181
601.0 1.5162347206681457
601.5 0.9372925862377914
602.0 1.5082443799692864
602.5 0.7337602884757402
603.0 1.3408501674688296
603.5 1.306543592332455
604.0 1.3548534131979473
604.5 0.7927283485404686
605.0 1.0989228868464238
605.5 1.9661479735124816
606.0 1.269123289854974
606.5 1.2123024919463017
607.0 2.1297199605557795
607.5 1.6788766437513432
608.0 0.8681347391868841
608.5 1.221676436695947
609.0 1.1928048229802384
609.5 1.3059853620462822
610.0 0.8146175815363064
610.5 1.4554200459703872
611.0 1.3265046419126738
611.5 0.6994711404291585
612.0 0.8697606959047719
612.5 1.0038208808582145
613.0 0.5364518629888626
613.5 0.586653088406337
614.0 0.8491276041529204
614.5 1.1530664464297202
615.0 1.4894384642390495
615.5 0.9830131531488944
616.0 1.052123651339473
616.5 1.2066591583814872
617.0 2.5931894414262695
617.5 0.7734933456363803
618.0 1.7497038964656269
618.5 0.7581145324756721
619.0 0.820142786910993
619.5 0.30721311466764123
620.0 0.6368380918926559
620.5 0.5780061826958126
621.0 0.8601994659668861
621.5 0.6728617169312127
622.0 1.4115467852690675
622.5 0.6625050090678735
623.0 0.49890263734709983
623.5 1.6417190133574497
624.0 0.5364127697483585
624.5 1.5356845405964465
625.0 0.7944426671523367
625.5 1.296151348981523
626.0 1.0659864348488954
626.5 1.7427945899760537
627.0 1.6256576821244568
627.5 1.1325367393582644
628.0 0.8180657424212909
628.5 0.5936720365182449
629.0 0.9774576608268157
629.5 0.9787546666111275
630.0 1.8591803143791545
630.5 0.8658036403581837
631.0 1.2170926212645952
631.5 0.6775216261455898
632.0 1.3723482190686231
632.5 0.8770422080916641
633.0 1.93043731851187
633.5 0.5269414538533385
634.0 1.1252827926682047
634.5 1.5388942872248503
635.0 1.7678282632899298
635.5 2.398421117322094
636.0 0.7234020088681894
636.5 1.521665815120796
637.0 0.9142182909480095
637.5 1.9013175141312324
638.0 1.1795624090910632
638.5 0.6075125368057921
639.0 1.5140117017241557
639.5 1.8525912312727342
640.0 2.377769978091454
640.5 0.8939981973543932
641.0 1.1868151722920501
641.5 0.487585184385129
642.0 1.0722708662191927
642.5 1.5311676518531474
643.0 0.762255362733077
643.5 1.572949900800141
644.0 0.7880582133147673
644.5 1.8322636854488945
645.0 1.18695803391793
645.5 1.3789765694089557
646.0 1.032143837261866
646.5 1.7618295869850245
647.0 1.3416896422282705
647.5 0.8640701568824425
648.0 1.3573490747332293
648.5 1.11846094592572
649.0 1.4873345636273163
649.5 0.460900405561093
650.0 1.1505833367911469
650.5 2.322023732377006
651.0 2.196641185083305
651.5 1.5601032622395308
652.0 1.1810507972900446
652.5 1.419303079492637
653.0 1.7155829687625737
653.5 1.5446388921131928
654.0 0.8784128921320341
654.5 0.6015151814738865
655.0 0.8129089279042697
655.5 0.40260223241601056
656.0 1.1158987052196658
656.5 0.7111991327109015
657.0 0.746018978192653
657.5 1.0135694076862471
658.0 0.7663314613971057
658.5 0.8425586277754007
659.0 1.385208250546761
659.5 1.284576793179243
660.0 1.8057125990530323
660.5 1.0639964112029094
661.0 0.7888561258617066
661.5 1.0552405603689736
662.0 1.5265642178565004
662.5 2.0539421219356075
663.0 0.6428619244350956
663.5 1.3447219710835905
664.0 0.9488871002283821
664.5 0.7935522712761067
665.0 1.3930953144857077
665.5 1.6458814919419993
666.0 0.9937364312748865
666.5 1.7722764327438547
667.0 1.4147306292478263
667.5 0.4668147900254066
668.0 1.7450503995912556
668.5 0.6395451233238564
669.0 0.6064436836288444
669.5 1.0468945425185334
670.0 0.6128739169342491
670.5 0.9565437982155565
671.0 0.8103201612975054
671.5 1.592962423393347
672.0 0.9302431101485307
672.5 0.6788023715627866
673.0 0.6004841475322589
673.5 1.714252645771297
674.0 1.071817912675732
674.5 1.5642126296721268
675.0 2.2170014870752417
675.5 1.4010236648617433
676.0 1.036327744583191
676.5 0.8332014045325125
677.0 0.9218231382439991
677.5 1.7077327343408089
678.0 1.1883929848055996
678.5 0.6606453573716646
679.0 0.90773163103704
679.5 1.2086566791163944
680.0 0.9692328435969098
680.5 1.4903324143373196
681.0 1.1964605788201899
681.5 1.089248854167665
682.0 1.0354737549518844
682.5 0.6591265425969006
683.0 2.371423059914865
683.5 0.6541847220593597
684.0 0.29623446511705637
684.5 1.0414476840274323
685.0 0.5715078689838895
685.5 0.9238389082230448
686.0 0.7791978949366027
686.5 0.8974864617081358
687.0 0.47838079513658743
687.5 0.6568929071616316
688.0 0.2
688.5 0.5699384282007045
689.0 1.6014498946198197
689.5 2.30945428639981
690.0 1.679486384468921
690.5 0.9372132939799774
691.0 0.7876347606966183
691.5 1.7728062306198082
692.0 1.267386578210206
692.5 1.602364658302354
693.0 2.174924500393949
693.5 1.0939511911160873
694.0 0.9607151565416434
694.5 1.2731002294311176
695.0 1.2892473631754637
695.5 0.9142309010045098
696.0 1.4496452419886685
696.5 1.0847861641587342
697.0 0.8310937786603843
697.5 0.9427763613812928
698.0 1.809834924672343
698.5 1.1171060143611762
699.0 2.1484043826747987
699.5 1.6852415612983471
700.0 1.1128374367134493
700.5 1.1403537964562236
701.0 0.7216385308151431
701.5 1.3448430595338365
702.0 0.9178444014979129
702.5 0.37953223206376235
703.0 0.8260686603147478
703.5 1.169443106751043
704.0 1.052177623706989
704.5 1.2550359852909576
705.0 1.0977031997325262
705.5 1.6720001490177328
706.0 1.1535102365406602
706.5 1.4204255997877884
707.0 1.1583377499705787
707.5 1.0177162271056024
708.0 1.155406568385284
708.5 2.0830432410925472
709.0 0.555343116035926
709.5 1.3486143135286055
710.0 0.8793977446114676
710.5 1.4565170438696895
711.0 1.4685802509992052
711.5 1.1402784985059133
712.0 1.1278502624787003
712.5 1.770015474580498
713.0 1.3869913281129334
713.5 1.4377140033709277
714.0 1.182884304393143
714.5 1.6098204819473123
715.0 1.1033021135712033
715.5 1.2010536627809059
716.0 0.7192273599061432
716.5 1.524779155637506
717.0 0.9798953656529478
717.5 0.9995458121248341
718.0 1.2246333451316915
718.5 0.9123181286793365
719.0 1.5103962571330836
719.5 0.8736383627774411
720.0 1.6335284401403578
720.5 1.3998953712832136
721.0 0.699296989440233
721.5 0.7760399861029126
722.0 0.8430609043125814
722.5 1.5494631649727202
723.0 1.9186952099885004
723.5 1.4562751508070597
724.0 1.3575255680600984
724.5 0.7694627241543541
725.0 1.0433817687060267
725.5 1.5121018534404984
726.0 0.9397641012367142
726.5 0.786180651545767
727.0 0.40914760772692604
727.5 0.7057222974223643
728.0 0.5304770120926172
728.5 1.1270192079609034
729.0 1.2919991729317277
729.5 0.6503334770066033
730.0 1.4658456928439927
730.5 0.7221755700276455
731.0 1.4224780789114042
731.5 0.8316702945382558
732.0 0.9890762166730324
732.5 0.5523534672893313
733.0 0.6873766063558477
733.5 1.041958263799519
734.0 0.6825091952918714
734.5 1.5942595123207588
735.0 1.2288624148550915
735.5 1.3608948149350597
736.0 2.0806042973284495
736.5 1.5809232652051681
737.0 1.123329929458601
737.5 1.050383126419504
738.0 2.034828630328094
738.5 1.8074977660203708
739.0 0.9648141676858174
739.5 0.679421534940564
740.0 0.8565491074532252
740.5 1.7249983486440705
741.0 1.3446545513584731
741.5 2.1517490037767457
742.0 2.1530572256588116
742.5 0.7459854392579589
743.0 0.8160113339982826
743.5 1.5439435367268937
744.0 1.3877962697988186
744.5 1.3537742863207702
745.0 1.4225517170079263
745.5 0.9598034001295501
746.0 1.6067520003901503
746.5 0.5132070980791361
747.0 1.0561442976757554
747.5 0.7527257854789378
748.0 1.1233650515601077
748.5 1.2460488342401934
749.0 0.9449236641523842
749.5 1.1354741765307044
750.0 1.4963134075672757
750.5 1.3620660134251428
751.0 1.1503147236357132
751.5 0.9794625682706664
752.0 0.9058155020066013
752.5 1.6782700253975855
753.0 1.6644608677250134
753.5 0.9651284107960485
754.0 0.2
754.5 0.9349817913436927
755.0 1.3527666453206253
755.5 0.6899306457818204
756.0 0.3845063286694285
756.5 1.3914111441106576
757.0 0.6736762452280841
757.5 0.9193232144631157
758.0 1.1044606224387707
758.5 1.4959034813503336
759.0 0.761462699045253
759.5 0.8980004809274211
760.0 2.059511611472871
760.5 1.039472139163924
761.0 0.7967460374483403
761.5 1.4133989481876257
762.0 0.726963837477025
762.5 0.9634520274640164
763.0 1.2833676407699246
763.5 1.060704083801111
764.0 1.147820627191185
764.5 1.8001611264278907
765.0 1.5911921058457756
765.5 1.8669463831187127
766.0 0.8390051392088649
766.5 0.6846996769704259
767.0 0.7887794985088854
767.5 1.0113294039935543
768.0 0.6258229398984987
768.5 0.8131150750131151
769.0 0.8989483813043373
769.5 0.48272128896611777
770.0 2.0475844264256615
770.5 0.9987122688451409
771.0 1.469337038795927
771.5 0.8841029284314188
772.0 0.8021872833646977
772.5 1.7829837634549586
773.0 1.079406417226928
773.5 0.6479899221729877
774.0 0.7872959308461618
774.5 1.2838460361824744
775.0 0.6698638310556779
775.5 0.7300506636866597
776.0 2.49473409047996
776.5 1.7330567721188639
777.0 1.729111695897489
777.5 1.4362383085816675
778.0 0.6852562203790223
778.5 1.4151289313153081
779.0 0.9242027799213404
779.5 0.2
780.0 1.1749292063815697
780.5 1.3140374324065
781.0 0.7090542964506954
781.5 1.830078565270648
782.0 1.426716674323775
782.5 0.6811497457377544
783.0 2.032301226897221
783.5 0.9236623189708291
784.0 1.8131701453282651
784.5 1.0427976465006945
785.0 0.7546984725188478
785.5 2.5667620871934416
786.0 0.6784685493087518
786.5 0.792898874329176
787.0 2.00432249968467
787.5 1.1876020222314727
788.0 1.2900173156799946
788.5 2.6612447435682682
789.0 0.609280512995582
789.5 1.0475869881863036
790.0 1.6163171908456329
790.5 1.7684335764151786
791.0 1.1186813515224334
791.5 0.7675485926155277
792.0 0.693920698655615
792.5 1.2971221014397183
793.0 0.9688799431477566
793.5 1.3920040930246962
794.0 0.6024037673741857
794.5 2.1532945097522784
795.0 2.332202378985
795.5 0.9946709546818777
796.0 0.8152630663707088
796.5 2.312173216262357
797.0 2.6277419547714214
797.5 1.2353681183199297
798.0 1.3082388991838065
798.5 1.1924059461346157
799.0 0.8464991334009255
799.5 1.5877471208663452
800.0 1.5107705842126435
800.5 1.2620885536544364
801.0 0.6822821218332163
801.5 1.2159740858789903
802.0 0.8816221488410243
802.5 0.924806793276274
803.0 0.7716655829554971
803.5 1.1357438091096481
804.0 2.388864029826119
804.5 1.4441366713823718
805.0 1.4551726221788677
805.5 1.6904791366570966
806.0 0.882173411584511
806.5 0.8419417426268927
807.0 0.765435143548597
807.5 1.3616079431312555
808.0 1.063724991101573
808.5 1.2550934376770382
809.0 1.0610007977714857
809.5 1.3767526073473384
810.0 1.212592563757589
810.5 0.5885630126308248
811.0 2.080205345136922
811.5 1.2753906766323166
812.0 0.9355306635917102
812.5 1.7325874529402134
813.0 0.7846339836085381
813.5 0.6624725989022264
814.0 0.6607089782185204
814.5 0.9372642982509147
815.0 1.5752159343840368
815.5 1.0748290077078777
816.0 1.9792759024642228
816.5 1.0341723626747217
817.0 1.3682758764562535
817.5 1.219650006880336
818.0 0.754898713703809
818.5 0.6715082270845503
819.0 0.9292271738250513
819.5 1.7097420579632978
820.0 1.7509914257888333
820.5 1.6118824340592157
821.0 0.9935440038511627
821.5 0.5443991217988953
822.0 0.7571467197255872
822.5 0.8686292693219371
823.0 1.275077174230766
823.5 1.4859346698698732
824.0 1.3412616317006187
824.5 1.0783365634630295
825.0 1.0244814212646354
825.5 1.7676109291291613
826.0 1.976873389690311
826.5 1.3376524177333105
827.0 1.380612159828526
827.5 0.6936192182908698
828.0 0.8091190815395861
828.5 1.543143899166305
829.0 1.1403113252577661
829.5 1.1360858091344543
830.0 1.2674015534273617
830.5 1.0167335040630334
831.0 0.7112602382086217
831.5 1.632270756138089
832.0 0.8395708072407133
832.5 1.161666436773195
833.0 1.5562478151047276
833.5 1.6076359817086943
834.0 0.8805542547397657
834.5 0.988339007697018
835.0 1.2296965615352904
835.5 1.024773690586427
836.0 1.0098831587697221
836.5 1.4884621324061857
837.0 2.6950792116015547
837.5 0.8995185708511604
838.0 0.703922607182838
838.5 1.3591146396287812
839.0 1.8346629935465404
839.5 1.0066653006225061
840.0 1.277760309354805
840.5 0.5886087927337331
841.0 1.5911832208332526
841.5 1.0337777961318213
842.0 1.0255804909344686
842.5 1.0406203466804933
843.0 1.5276702116108565
843.5 0.7992105511394054
844.0 1.1670178619545581
844.5 1.4305591244221518
845.0 0.9438764482001891
845.5 1.0624690736741038
846.0 1.289620672579236
846.5 0.9402865275095933
847.0 0.772760528131772
847.5 1.3311843503153782
848.0 0.9155169888653597
848.5 2.0507794753592616
849.0 1.039219333367866
849.5 0.7359153240090638
850.0 0.7789663387812968
850.5 0.7428821175763463
851.0 1.8510948731629
851.5 1.5390596599429207
852.0 1.2567809983950566
852.5 1.3727459784124585
853.0 1.1548750521647326
853.5 0.7376374527099294
854.0 1.0343401322460353
854.5 0.6126265484092224
855.0 0.7637841119457713
855.5 0.5572541200544403
856.0 0.9570711229664359
856.5 1.1486661834816891
857.0 1.3307263359202997
857.5 0.821461053170079
858.0 0.8498080809350044
858.5 2.1071054365101483
859.0 1.266137183472849
859.5 1.0518728644586535
860.0 1.5181255389050503
860.5 1.5725043306237259
861.0 1.2148635227160942
861.5 0.6817899377774641
862.0 2.3733090666119283
862.5 1.0061984978814984
863.0 0.7107607083265377
863.5 1.0440512840726623
864.0 1.8180248603585876
864.5 0.7195685857120651
865.0 2.0796582460918485
865.5 1.424088026050744
866.0 0.3635359062837644
866.5 1.0597377332258446
867.0 0.48973077074856686
867.5 0.7014426368550485
868.0 0.9213600984552099
868.5 0.7170032868216156
869.0 0.7643587738974578
869.5 0.9025210395425871
870.0 0.6357618861619261
870.5 1.4749783298975205
871.0 1.0695797930241793
871.5 0.5934737301793057
872.0 1.0305135951842572
872.5 0.7016610553849194
873.0 0.5894624156434949
873.5 1.2198647140144359
874.0 2.035613853549339
874.5 0.74318977596182
875.0 0.6649682309762868
875.5 1.093778206619688
876.0 0.7663701410734349
876.5 0.7521556240999885
877.0 2.491821301307197
877.5 0.7560196156973826
878.0 1.1403397266238795
878.5 2.162264488292587
879.0 1.4713209941796639
879.5 1.4818380849891342
880.0 0.9556493490099904
880.5 0.5452416630168375
881.0 1.092119685660529
881.5 1.0382317563859003
882.0 0.809873028100321
882.5 2.468379389462711
883.0 0.8998583102922492
883.5 1.260923589352525
884.0 0.9110091069708762
884.5 1.2237587837869213
885.0 1.5768731057039558
885.5 1.7791627993494237
886.0 0.8144976779439299
886.5 0.8866835557987469
887.0 0.8912145674422828
887.5 0.6807182953935931
888.0 1.177569465686875
888.5 0.9194836344676351
889.0 0.9288113748519111
889.5 1.3567609655269846
890.0 0.8309637838173414
890.5 1.687523226571484
891.0 0.8423073676587649
891.5 1.1707573086036065
892.0 1.811002563678519
892.5 0.6546232499186375
893.0 0.7712524053903803
893.5 0.6801047195883054
894.0 1.6286416473677512
894.5 1.5530689985345374
895.0 1.0355814475347547
895.5 1.9853699544012524
896.0 3.184757248168536
896.5 1.0475586312878713
897.0 0.854674099280699
897.5 0.697127860762713
898.0 1.4296701586084253
898.5 1.4162494041340825
899.0 1.429049044652766
899.5 2.10550045136996
900.0 1.5284884763529036
900.5 0.8000306542797353
901.0 2.0079910876010594
901.5 0.9204968046116574
902.0 0.8775790291625623
902.5 1.0612049587393946
903.0 0.8008251775792334
903.5 1.290674050251551
904.0 1.4104847961693372
904.5 0.9456781985563999
905.0 1.3602878450276594
905.5 0.6273970883123374
906.0 1.1615816111849628
906.5 1.4602489080680587
907.0 0.6876187100859033
907.5 1.1443560433023885
908.0 1.6973051717480898
908.5 1.0005442157317281
909.0 1.2735868916364723
909.5 0.9198310525487071
910.0 1.1653226398934826
910.5 1.0912441031122886
911.0 0.4993846824157835
911.5 1.11507794497378
912.0 2.609116519563341
912.5 0.728925844586472
913.0 0.6647526789921199
913.5 1.6225372610702649
914.0 0.8064528909841324
914.5 1.4399661032885913
915.0 1.090105549838094
915.5 0.7638295239492073
916.0 0.9477162588212464
916.5 0.9270365913221184
917.0 0.5746226183633425
917.5 0.866012744041061
918.0 0.6117888333661555
918.5 1.0807441926726196
919.0 1.2639853051185475
919.5 1.1107249821370977
920.0 1.7135601879985811
920.5 2.319102142950477
921.0 0.9843089515943882
921.5 1.8975926943500225
922.0 1.4260823981658097
922.5 1.1930607945063902
923.0 1.040411619621296
923.5 2.213705179951785
924.0 1.4881455399241332
924.5 1.7540708370140186
925.0 1.3612503114082721
925.5 1.965585803808713
926.0 0.2
926.5 1.0323107458335605
927.0 2.588219510746719
927.5 1.4663798071868217
928.0 1.6457957475799576
928.5 1.4710086200419723
929.0 0.8374225872705504
929.5 1.245276181978427
930.0 0.8584080936465593
930.5 0.6618480217690202
931.0 1.0307504340990938
931.5 0.7664237395909943
932.0 0.8445308966426731
932.5 1.0247471256101928
933.0 1.236794410761945
933.5 1.6995376659676436
934.0 1.6134949158658516
934.5 1.0841651838170239
935.0 1.8880119120585412
935.5 0.7082911718129064
936.0 1.1224675088732408
936.5 0.9331888213985338
937.0 1.883500507059185
937.5 0.7042865513621714
938.0 0.9792061055779417
938.5 1.2202819767411641
939.0 2.115933021662845
939.5 1.9223950747149154
940.0 1.9285359502652097
940.5 0.780982546311557
941.0 1.260894325544565
941.5 2.363831752880368
942.0 1.408952764009073
942.5 1.2418678671505583
943.0 2.251658301135306
943.5 0.9632898981281637
944.0 1.2355549087707243
944.5 1.9181019560943255
945.0 0.9015939446245499
945.5 0.7017273073267225
946.0 0.7851837755252897
946.5 1.7702282329016132
947.0 1.1363976341326594
947.5 1.1278459002861616
948.0 1.4288960022488477
948.5 1.401534592289098
949.0 0.8833445077543016
949.5 1.6448488497800187
950.0 0.7510153189906511
950.5 0.7121112650385726
951.0 1.2203504663340348
951.5 0.8544043120031684
952.0 1.595610921433288
952.5 1.1814479781105065
953.0 1.0020340535979995
953.5 1.6672682923370126
954.0 0.7317978098062126
954.5 0.818401500174444
955.0 1.2669576300126641
955.5 0.3317955926624183
956.0 1.6247779745452675
956.5 1.57961714731431
957.0 1.0075381299160855
957.5 2.2303001894589256
958.0 1.071258288106542
958.5 1.1897159427435207
959.0 0.35240339053485104
959.5 1.5877216209878333
960.0 1.042291398154541
960.5 1.1050041984091934
961.0 1.7306595919814276
961.5 1.067327800678129
962.0 0.3902499877285368
962.5 0.8966061855706324
963.0 1.3506288242688855
963.5 1.0190625212958104
964.0 1.5394726443479665
964.5 0.6499382975838774
965.0 1.5476357385423798
965.5 1.097215398864805
966.0 1.1987186011416964
966.5 1.5858690195192984
967.0 1.0819394500553414
967.5 1.492502432706328
968.0 0.8210498687642118
968.5 0.6023249763803544
969.0 0.7194333218216205
969.5 0.8216804796614752
970.0 0.7594103833387589
970.5 1.4699605181082356
971.0 1.5867641331640305
971.5 1.0583682391574634
972.0 1.2454833812097308
972.5 1.9182709561482454
973.0 0.737430389192739
973.5 1.8610502198462573
974.0 0.9786481531978908
974.5 0.7362633227449096
975.0 0.5503564895081139
975.5 0.2
976.0 0.9914676143791259
976.5 1.217631063733066
977.0 1.257672163568933
977.5 1.0095793611569213
978.0 1.722696992639943
978.5 0.8111759872316385
979.0 0.6877587769640761
979.5 1.8782510450229215
980.0 0.5769929832746632
980.5 1.4732300631567656
981.0 0.9604747776955203
981.5 1.2253753044662827
982.0 2.2094282287807614
982.5 0.9998711803042348
983.0 0.6013327465399403
983.5 0.27045293975791773
984.0 0.9114023415965519
984.5 0.9523824967280905
985.0 1.9421416855120426
985.5 0.7830092003107896
986.0 2.222296468280436
986.5 1.566772388221232
987.0 1.44901429942232
987.5 1.5718288225873052
988.0 2.525141701167085
988.5 1.3061152980528568
989.0 0.8872208486210443
989.5 1.0053164142683662
990.0 1.144998873725214
990.5 1.391497084286045
991.0 0.8314114127787914
991.5 0.463917351909408
992.0 0.6758254760629644
992.5 0.9150033376702822
993.0 1.2543942271734922
993.5 1.1201612153890692
994.0 1.1240460396170393
994.5 1.3918052151878642
995.0 0.9176036332797397
995.5 1.7226240211886958
996.0 1.9286286230909933
996.5 1.3070012696909459
997.0 1.0688878496931788
997.5 0.6393538275091774
998.0 1.2224328207381423
998.5 0.6033157910483774
999.0 1.543457418615042
999.5 0.8960606228318503
1000.0 1.388019571029556
1000.5 0.850979921267768
1001.0 2.0699010197788317
1001.5 1.3391122461547578
1002.0 0.6375949146839648
1002.5 1.8672391675349216
1003.0 1.1664381106123094
1003.5 0.5677055840262778
1004.0 1.182622272354617
1004.5 1.3052680774439003
1005.0 0.8493095910601408
1005.5 1.3440868676342466
1006.0 1.0826189251577025
1006.5 0.8162698330919287
1007.0 1.2343663224051555
1007.5 0.46217346431990325
1008.0 1.448332856863383
1008.5 0.8423435091348713
1009.0 1.8835867306283118
1009.5 1.3686637139003297
1010.0 0.7404077812676318
1010.5 0.8959878327207356
1011.0 0.7220244349832892
1011.5 0.6736076086833398
1012.0 0.5748882340897556
1012.5 0.8616100935995494
1013.0 1.2749054947162648
1013.5 0.5334173788294594
1014.0 1.2422119675251448
1014.5 0.7580503801815763
1015.0 0.8660569058225791
1015.5 0.6168047870083453
1016.0 0.7925065456133527
1016.5 0.6870381893645783
1017.0 0.6625806857842755
1017.5 1.3056477366807182
1018.0 1.3320289842754707
1018.5 0.9987439725992753
1019.0 0.7320205234045296
1019.5 0.7494899608119379
1020.0 2.1094853465005405
1020.5 1.3821991581880102
1021.0 1.2468006130712475
1021.5 0.8424006215881539
1022.0 0.7632846495834191
1022.5 0.9180301267415822
1023.0 0.7695783319021022
1023.5 1.7957816296436282
1024.0 0.805859777662165
1024.5 1.3174111403196378
1025.0 0.44427946759417325
1025.5 0.8292591457899171
1026.0 1.6977346303696863
1026.5 0.9402183556906671
1027.0 0.8187533231831654
1027.5 1.0598134648223634
1028.0 1.6815509991256825
1028.5 0.7129589612718588
1029.0 0.9358067329215747
1029.5 2.036060407493868
1030.0 1.088785966487696
1030.5 1.043770661316387
1031.0 0.7121623023793999
1031.5 0.660057051789981
1032.0 1.2490506237273058
1032.5 1.159368809332983
1033.0 1.1785532045167275
1033.5 1.7246085478310924
1034.0 0.8636374952587367
1034.5 0.8385894435955621
1035.0 0.9992708895700753
1035.5 2.437771122551886
1036.0 1.2779475602209949
1036.5 0.8762280413543313
1037.0 1.541159225113737
1037.5 0.7212663027675743
1038.0 0.8204213472204258
1038.5 0.9968738948777427
1039.0 1.5979425293005929
1039.5 1.7584353923846447
1040.0 1.3258992087832304
1040.5 1.7232807138334456
1041.0 0.7698406090871581
1041.5 0.5955355349651841
1042.0 0.8533150921600313
1042.5 0.6439671440337491
1043.0 1.2266391154440557
1043.5 0.6470267859033914
1044.0 0.9356376827847073
1044.5 1.3060081652788
1045.0 1.044648677594556
1045.5 2.1892302314887013
1046.0 0.7126396083884278
1046.5 1.0350014280929343
1047.0 1.043534619591369
1047.5 1.7565665928277805
1048.0 1.136438632830507
1048.5 0.5930421165351263
1049.0 0.7014618852886667
1049.5 1.3005950461327207
1050.0 1.6041695829014961
1050.5 1.6488195558046488
1051.0 1.3867156615634575
1051.5 1.2974662274971493
1052.0 1.2686788772595905
1052.5 0.8629942881802832
1053.0 1.2229213787820101
1053.5 1.3189419283264856
1054.0 0.9020873382777461
1054.5 0.8663307421521763
1055.0 2.0312435936215403
1055.5 1.3509425056511954
1056.0 1.0290219536694467
1056.5 0.8204547347962139
1057.0 1.6112097596811852
1057.5 0.7780476519137666
1058.0 2.156148062328942
1058.5 1.0240417416607932
1059.0 1.7054668744605108
1059.5 0.9878123045301335
1060.0 1.8537540245501667
1060.5 1.6979723776342435
1061.0 0.9656424259808889
1061.5 0.7907857594507404
1062.0 0.7872197620955864
1062.5 0.787129211686766
1063.0 0.8215601182885607
1063.5 0.8581699578740198
1064.0 2.2308128111821177
1064.5 1.8553971218603174
1065.0 1.099750268342476
1065.5 1.4714141456779424
1066.0 0.8041527543750171
1066.5 1.6785725197905477
1067.0 0.7987983530194713
1067.5 0.7757598234623222
1068.0 1.1054241078584548
1068.5 0.6368667733909167
1069.0 1.475527919176755
1069.5 0.8508318031392808
1070.0 1.0309665887293427
1070.5 0.7559088482025144
1071.0 1.5670501814939672
1071.5 0.7495685549345632
1072.0 0.8229223816651368
1072.5 0.747190913544616
1073.0 1.0080907821158172
1073.5 0.9121985884216762
1074.0 1.0149799041458833
1074.5 0.6538908181069634
1075.0 1.7171245360052863
1075.5 1.261438745834564
1076.0 1.1294301616684033
1076.5 1.557702424500917
1077.0 0.7156688060563525
1077.5 1.139491241919927
1078.0 1.6394529274578542
1078.5 1.663286619177999
1079.0 0.7966038521832007
1079.5 1.4183508110094618
1080.0 1.0542900125111272
1080.5 1.7331768502223945
1081.0 1.369227694457491
1081.5 2.3601584452380604
1082.0 0.7942398830602184
1082.5 1.1399360501959828
1083.0 1.417309935260429
1083.5 0.751314707670167
1084.0 0.9305671300809677
1084.5 1.9568513638885678
1085.0 1.7909899746331372
1085.5 0.7453792534554919
1086.0 1.8042573425179058
1086.5 0.9266298411870029
1087.0 1.9112413160864616
1087.5 1.4084461487020246
1088.0 0.868541061627387
1088.5 1.0360638654318897
1089.0 1.2364141721147384
1089.5 1.5317486258431459
1090.0 1.9909256287233312
1090.5 1.8414984084809725
1091.0 1.1162284864820926
1091.5 0.6639531930309986
1092.0 0.6840778572104108
1092.5 1.7134981714601154
1093.0 0.8549997632152133
1093.5 1.620655843003069
1094.0 1.4783211181559044
1094.5 0.8684878995130414
1095.0 0.8101751191595107
1095.5 0.8869570625212251
1096.0 0.8339886901219902
1096.5 0.42804976204802236
1097.0 1.123143061900702
1097.5 0.8493261237047429
1098.0 1.8891330392239953
1098.5 1.4617423880653317
1099.0 1.0190575700363027
1099.5 1.2350518592726947
1100.0 1.6138269320976688
1100.5 1.7537658492076387
1101.0 1.0886852891062113
1101.5 2.3374900950000703
1102.0 1.1036891756550065
1102.5 0.7233074893582776
1103.0 1.3801525391508154
1103.5 1.2887497031203496
1104.0 1.2698936718974358
1104.5 0.5992391761071516
1105.0 1.6538793368802793
1105.5 1.0513595150872554
1106.0 1.7731280946309222
1106.5 1.0453128363093507
1107.0 0.7261423287272489
1107.5 1.7550737281047797
1108.0 1.4544999542221941
1108.5 1.7220797783564594
1109.0 1.9832861166561786
1109.5 0.829139500263251
1110.0 0.2
1110.5 1.5029988844924371
1111.0 1.3213309404237683
1111.5 1.0288062728558531
1112.0 1.6899842995098813
1112.5 0.7111648336667635
1113.0 1.1583462802000344
1113.5 1.5007498819795488
1114.0 1.0618202197284465
1114.5 1.4903658393963897
1115.0 1.418657454249084
1115.5 0.8721024785122414
1116.0 1.0316226806647437
1116.5 1.6839683050514216
1117.0 1.5905949562264972
1117.5 1.032988754673481
1118.0 1.9156960782917936
1118.5 2.896793473769126
1119.0 0.914275520386944
1119.5 0.8416767884023918
1120.0 1.217560378926984
1120.5 0.9088160263458549
1121.0 2.2423734690010866
1121.5 0.7515537721927827
1122.0 1.63412917632966
1122.5 1.6885650954413784
1123.0 1.2108805596909837
1123.5 1.4098377318568245
1124.0 1.2352575005333732
1124.5 0.6249747363255123
1125.0 0.7163449570558091
1125.5 1.133457035384302
1126.0 2.0369821254206113
1126.5 0.6557633491848243
1127.0 0.7561745065583625
1127.5 0.6082742966380635
1128.0 1.1515284976939695
1128.5 2.0072342790647917
1129.0 1.0111051408373488
1129.5 1.5318276398895452
1130.0 1.1521365461178836
1130.5 2.0376533422851035
1131.0 1.2033238401113413
1131.5 2.412175926993333
1132.0 1.8678073989704589
1132.5 1.0560196801975827
1133.0 1.3077096021359322
1133.5 1.2531396797234344
1134.0 1.318400475971133
1134.5 0.7588352284206259
1135.0 0.9160296707191437
1135.5 1.3864072102700198
1136.0 1.073782331442237
1136.5 0.7757209248886737
1137.0 0.7671521079678838
1137.5 0.6599300074162663
1138.0 0.8099069558666481
1138.5 1.401297045483382
1139.0 1.7001251423631127
1139.5 0.768561105583911
1140.0 0.5642596237286315
1140.5 1.0882646857948506
1141.0 1.0253309332892013
1141.5 1.4572967294716177
1142.0 0.7696736640760873
1142.5 1.2411619414514306
1143.0 1.5324984576476564
1143.5 0.7849082848202864
1144.0 1.337849322198263
1144.5 1.0714554377726144
1145.0 0.9899451534790851
1145.5 1.5919702872027703
1146.0 1.151102316364172
1146.5 1.0279566204762056
1147.0 1.759946084514926
1147.5 1.2264241249108503
1148.0 0.6567829867722774
1148.5 0.7929043093839876
1149.0 2.447051898089727
1149.5 0.7732229137936211
1150.0 1.3267581684906822
1150.5 1.0067879174408252
1151.0 1.91442977705288
1151.5 1.8227904000468844
1152.0 1.0209169245047722
1152.5 1.9854077946004745
1153.0 1.2917791640681795
1153.5 0.8477599323410584
1154.0 2.377221250449992
1154.5 1.3902012302993816
1155.0 0.8337538328945264
1155.5 0.2
1156.0 1.4782333399761298
1156.5 0.6204548665796623
1157.0 2.2698859323931426
1157.5 2.0587073873785027
1158.0 1.1887310718236812
1158.5 1.892101265380325
1159.0 1.9816805626783731
1159.5 1.826519768391418
1160.0 0.7761771567232887
1160.5 1.1553368828569577
1161.0 1.3379180747690969
1161.5 1.3121533568386772
1162.0 0.31834083787937417
1162.5 1.3113614275415408
1163.0 1.0304811681782342
1163.5 1.960291310020215
1164.0 0.9041548298728541
1164.5 1.2395374316099788
1165.0 1.1078497081751248
1165.5 1.1313113833579855
1166.0 0.6854399474493957
1166.5 1.6250215844723532
1167.0 0.9687689656131422
1167.5 1.0208340835061092
1168.0 1.9226164704433983
1168.5 2.100358458609959
1169.0 1.7275912526133066
1169.5 1.471057477891641
1170.0 0.7075934279620268
1170.5 0.21796319467921665
1171.0 1.097341732242927
1171.5 1.2029302159129438
1172.0 0.8892418301486888
1172.5 1.2401493688029674
1173.0 0.8235461885179504
1173.5 1.3080454026928496
1174.0 1.5320732212549109
1174.5 0.7244089576482559
1175.0 1.4079291141051182
1175.5 0.6541951398359471
1176.0 1.659887849737046
1176.5 1.9226156518863253
1177.0 0.5639547736097785
1177.5 1.468386805196566
1178.0 0.7143999197112623
1178.5 1.1924547327954595
1179.0 0.7527686123386943
1179.5 1.3001802506384417
1180.0 1.1114468787915848
1180.5 1.550555154343608
1181.0 1.2246072401812484
1181.5 1.7933210334649354
1182.0 1.9878421954771057
1182.5 1.8830082098322531
1183.0 1.269941603416251
1183.5 1.7122835711094866
1184.0 1.0256775192848686
1184.5 1.6539087098407423
1185.0 0.7755405784798006
1185.5 1.9281960486636123
1186.0 1.135013068188745
1186.5 0.6924452525211506
1187.0 2.154144129281128
1187.5 1.0120890877974933
1188.0 1.2730352423950049
1188.5 0.5651115936226143
1189.0 0.8569820122838819
1189.5 1.3550565596550324
1190.0 0.9768107306220197
1190.5 2.0947899214492027
1191.0 1.5072899381685412
1191.5 0.9038338686637961
1192.0 2.5145625718575664
1192.5 1.535960441702886
1193.0 0.9926611150308857
1193.5 0.9956701020954792
1194.0 1.4166521316340623
1194.5 1.461642810080573
1195.0 1.4019572680860253
1195.5 1.0434711188382915
1196.0 1.476388070486484
1196.5 1.4003425641476133
1197.0 1.2698604473379416
1197.5 1.543372160610334
1198.0 0.6395672100500387
1198.5 1.4567262532940521
1199.0 1.1892045577544368
1199.5 1.3554202196469372
1200.0 1.722764436445235
1200.5 1.0986820107013076
1201.0 0.6363568197907354
1201.5 0.817543786457597
1202.0 1.3559699415101725
1202.5 2.141127535404245
1203.0 0.9332301734273409
1203.5 1.1604495987086423
1204.0 1.1323157180251462
1204.5 1.8226591889408406
1205.0 2.056171401423397
1205.5 0.9424029498811635
1206.0 1.2708170104574739
1206.5 0.8349727544297114
1207.0 1.0488281060182676
1207.5 0.7888983855036955
1208.0 0.6372103639678064
1208.5 1.2713966922858118
1209.0 1.01033374148358
1209.5 0.9517410585470636
1210.0 1.4823589884807387
1210.5 1.4752357032075938
1211.0 1.2020598152003688
1211.5 1.953638932703933
1212.0 0.5812808072411294
1212.5 1.7177135159202268
1213.0 0.8575024611473865
1213.5 1.768422838174144
1214.0 1.7259407691958892
1214.5 1.0883696080481782
1215.0 1.563686731349081
1215.5 1.5331116938880713
1216.0 0.8256510697653123
1216.5 2.170719898335041
1217.0 1.6046281575534582
1217.5 1.0542561080824702
1218.0 1.180500233024968
1218.5 1.1168093260958285
1219.0 0.2
1219.5 1.1742686431980842
1220.0 0.9058533445229071
1220.5 0.5050048586793343
1221.0 0.5389827106624097
1221.5 0.8733985454877042
1222.0 1.3901758484385294
1222.5 0.63994056288735
1223.0 1.044473646708501
1223.5 0.8525854163876698
1224.0 1.2463202542745433
1224.5 1.22764525426807
1225.0 0.8813805675893926
1225.5 1.329047428548721
1226.0 1.976434523700294
1226.5 0.8128344100507432
1227.0 1.2702213136258798
1227.5 0.8214286589906475
1228.0 1.346054112963143
1228.5 3.101645676558336
1229.0 1.1723862265393437
1229.5 1.5708134696691518
1230.0 0.749174591353287
1230.5 1.6537954091849412
1231.0 1.1127973083409082
1231.5 1.016436657931027
1232.0 1.3130282349436788
1232.5 0.8931439157735688
1233.0 1.4567284638628264
1233.5 0.6521871019391643
1234.0 0.7336116409072138
1234.5 0.8282722504376807
1235.0 1.4913926050532877
1235.5 1.329990368899736
1236.0 1.1130908469724545
1236.5 1.268583961101494
1237.0 0.9877264634639503
1237.5 1.1472137879805206
1238.0 2.435069510193114
1238.5 1.1280816496898676
1239.0 0.8634495170585508
1239.5 1.318970351533899
1240.0 2.1304160264832994
1240.5 0.8905943040310028
1241.0 1.691451879257158
1241.5 1.392004278609813
1242.0 1.571217631263276
1242.5 1.6829715374430816
1243.0 1.248033631438657
1243.5 0.9367939309131942
1244.0 0.4646699588015189
1244.5 0.6416375578124442
1245.0 0.9622519818377947
1245.5 0.5082597584583053
1246.0 1.0600199605825338
1246.5 0.502088103893558
1247.0 1.149050106660312
1247.5 1.5834757086831315
1248.0 2.4371443560817974
1248.5 1.1276713788128105
1249.0 2.5390615480469485
1249.5 1.2130272753408462
1250.0 0.7089061580990634
1250.5 0.6599907833407155
1251.0 1.0504921035503256
1251.5 2.0255361839599644
1252.0 0.9996929213409668
1252.5 2.2352154803382405
1253.0 1.375342733903196
1253.5 1.3941251938663464
1254.0 2.0175090207197854
1254.5 2.1499750858623004
1255.0 1.3656636450808186
1255.5 0.9367298846367322
1256.0 0.8964919069525769
1256.5 1.8380222457611475
1257.0 1.9449106580053348
1257.5 0.797363844635739
1258.0 1.840245792249167
1258.5 1.140104376820438
1259.0 1.3311099072848829
1259.5 1.4803273960169574
1260.0 1.3300644786943059
1260.5 1.9772890138806871
1261.0 1.1814051891767752
1261.5 0.7648943517802598
1262.0 2.009951971430279
1262.5 1.5031833097467484
1263.0 1.6890899176884961
1263.5 1.076175350608197
1264.0 0.2
1264.5 1.0852664418812292
1265.0 2.2687112448928914
1265.5 1.2910239100338723
1266.0 1.3241753207557891
1266.5 0.6735938146239586
1267.0 0.6823209258966904
1267.5 0.8683137521854651
1268.0 1.0673209225248388
1268.5 1.4446969253735555
1269.0 1.1750370090854032
1269.5 2.048248188755296
1270.0 1.7062645292195513
1270.5 1.6700551213865558
1271.0 1.0809707121233454
1271.5 0.8310005107100576
1272.0 1.8962166447580184
1272.5 0.6291721608007455
1273.0 0.701477408107728
1273.5 0.7571618416427973
1274.0 1.0541138425354546
1274.5 1.666641778060697
1275.0 1.3409083569848061
1275.5 2.3120041201735058
1276.0 1.533052541401761
1276.5 0.8621896172795528
1277.0 1.490139798434867
1277.5 0.8843905002691146
1278.0 0.689081728982018
1278.5 0.915230430265894
1279.0 1.4576239034477436
1279.5 0.9285694179036923
1280.0 1.0517901613120917
1280.5 1.653893013252838
1281.0 0.6746544681204387
1281.5 0.9088029688756578
1282.0 1.4304694316116324
1282.5 0.6134274860033657
1283.0 1.519690697423289
1283.5 0.7800135760764524
1284.0 1.2051131396271875
1284.5 1.1326824983219574
1285.0 0.6724226463029457
1285.5 0.8422376371792806
1286.0 1.3378424983940294
1286.5 1.4729985662916492
1287.0 0.923923550374232
1287.5 2.489341867837743
1288.0 0.6942085992451529
1288.5 0.8290703518973719
1289.0 1.550103415442496
1289.5 1.1238075891459658
1290.0 1.2616263334327582
1290.5 0.9103184168617463
1291.0 0.6921467326034842
1291.5 0.9301732056701533
1292.0 1.828575879295199
1292.5 1.3321750055713082
1293.0 0.9290791575751383
1293.5 1.2791202251593008
1294.0 0.7747951312640711
1294.5 0.8409080005299148
1295.0 1.2005498204189973
1295.5 0.6618205429636532
1296.0 0.5395588981055126
1296.5 0.9869970032983961
1297.0 1.2896249855191289
1297.5 0.5821116802203979
1298.0 1.32446223791533
1298.5 1.3619304642135102
1299.0 0.7527883788848211
1299.5 1.005908492772135
1300.0 1.3908677025953209
1300.5 1.0994431303693322
1301.0 1.6388875260672138
1301.5 0.8516124042373219
1302.0 0.7596039875230262
1302.5 1.6201346284012341
1303.0 1.29013396419302
1303.5 1.5627104182902753
1304.0 1.0779682172025016
1304.5 1.1550910348702002
1305.0 0.9808638139722416
1305.5 0.9148777637072936
1306.0 0.9194698138091333
1306.5 0.6706269354324519
1307.0 1.1484124631928168
1307.5 0.526970032204069
1308.0 0.7109444210134159
1308.5 1.4996637835397726
1309.0 1.0794691771596128
1309.5 2.4114088159200664
1310.0 1.0296689650428785
1310.5 1.3172559623399485
1311.0 0.5483238519480693
1311.5 1.1573606177827966
1312.0 1.0534861101276025
1312.5 0.9547965084238095
1313.0 1.0758761986433723
1313.5 2.1981681348579327
1314.0 1.4537379017738759
1314.5 1.2507590229316077
1315.0 1.0794401512123528
1315.5 0.8181379089818165
1316.0 0.4700824100367774
1316.5 1.6134811108855194
1317.0 1.0712169924154893
1317.5 0.9522037655541034
1318.0 1.9166904309824615
1318.5 1.9907638291860086
1319.0 1.2649759125926008
1319.5 1.1874136184662931
1320.0 1.3673007512330333
1320.5 2.050239146590556
1321.0 1.9708935562250658
1321.5 0.9593089346112116
1322.0 0.6992988709300958
1322.5 0.759671356145666
1323.0 1.1321164172198186
1323.5 1.008449575660204
1324.0 1.4405393997049778
1324.5 1.4987745892666764
1325.0 0.6452337812191228
1325.5 1.4351328673955717
1326.0 1.1881286204052652
1326.5 0.44338269688203663
1327.0 2.1834314179703833
1327.5 1.3258004565809278
1328.0 1.0037127617940318
1328.5 2.039280949403783
1329.0 0.6596686905989884
1329.5 0.7175886517520975
1330.0 1.1726118533662309
1330.5 1.539889022974347
1331.0 1.0480776219396364
1331.5 1.075542647857437
1332.0 1.2206823477070867
1332.5 0.5315574804475551
1333.0 1.289743958703133
1333.5 0.9241690635119314
1334.0 1.0486687152547502
1334.5 1.2641392757264356
1335.0 0.716675378458584
1335.5 0.7861088854957445
1336.0 0.546173406734867
1336.5 0.4394039079980169
1337.0 0.8784269457687048
1337.5 1.2315340161975454
1338.0 1.4469199652016376
1338.5 0.7254640590307535
1339.0 0.9301703209615623
1339.5 1.6768919189894542
1340.0 0.8468591064744614
1340.5 1.2828327940050814
1341.0 1.5893003703758615
1341.5 1.6595767085007995
1342.0 0.7897662492431116
1342.5 0.9099320684050377
1343.0 1.160279254870683
1343.5 1.0799588593492029
1344.0 1.1873902385162634
1344.5 1.8691090151840242
1345.0 1.4637069163063672
1345.5 1.6131700455889573
1346.0 2.165380159979447
1346.5 1.090757615220005
1347.0 0.5999758496339287
1347.5 1.0795687659004258
1348.0 1.689411355915794
1348.5 1.690029533853751
1349.0 1.4360391125382852
1349.5 1.2439478622362548
1350.0 0.9611687879750175
1350.5 1.2630715205187881
1351.0 1.3266638043657701
1351.5 1.169381450062577
1352.0 1.2162468074958375
1352.5 1.5133652755302842
1353.0 1.6412772529983144
1353.5 1.430453028615844
1354.0 0.8784978838359834
1354.5 1.068150671609971
1355.0 1.12355157776421
1355.5 2.6964653438454915
1356.0 0.94192422180294
1356.5 2.0344300616719133
1357.0 1.825325797703421
1357.5 1.6505742618347579
1358.0 1.7118479453526516
1358.5 2.320874972126621
1359.0 0.7297481101339495
1359.5 1.2033567416902828
1360.0 1.2149310693781448
1360.5 1.008590424256606
1361.0 0.6555603047615496
1361.5 0.8598963867190281
1362.0 1.2985527908197256
1362.5 0.6830103855447729
1363.0 0.9691512296255967
1363.5 0.9298876127885962
1364.0 0.9444379923928268
1364.5 1.5045500761738109
1365.0 0.6856514419304135
1365.5 1.160898381847703
1366.0 0.9132320181981537
1366.5 0.8428696912059156
1367.0 0.6411523017723374
1367.5 0.8175830894079555
1368.0 0.8151738904816402
1368.5 0.4650223214743924
1369.0 0.8071062056579532
1369.5 1.1133210330653738
1370.0 0.8107971533818668
1370.5 0.7690606850458799
1371.0 1.826962987258916
1371.5 1.3540160561713015
1372.0 0.7683240446785682
1372.5 1.1358363885809828
1373.0 1.1043271052621573
1373.5 1.29486804819294
1374.0 0.6002978496766079
1374.5 1.6492536296094564
1375.0 1.2173942743685797
1375.5 1.4241830187935287
1376.0 0.6134679274957383
1376.5 2.1601690761640215
1377.0 0.9170639438064436
1377.5 0.7397790523323454
1378.0 0.8711313544033383
1378.5 1.5201458937423742
1379.0 1.3529407554302058
1379.5 1.9439931997889104
1380.0 1.1193672262404135
1380.5 1.1479750978718388
1381.0 1.1963721086806858
1381.5 1.5246561899820033
1382.0 1.5017228657206094
1382.5 1.6846010596877914
1383.0 0.5204483025013108
1383.5 0.9627049546483168
1384.0 0.7711468169310027
1384.5 0.2
1385.0 1.7122612336445393
1385.5 1.1151430645243712
1386.0 1.0629945505016114
1386.5 1.752998148890773
1387.0 2.075638658706781
1387.5 0.8541422828042764
1388.0 1.2456065630111133
1388.5 1.088571688961536
1389.0 0.7309438036261824
1389.5 1.4557306201078926
1390.0 0.8456753956504408
1390.5 1.541257785013272
1391.0 0.9659763706774929
1391.5 0.5512278441767849
1392.0 0.9636113043091482
1392.5 0.6342955835678604
1393.0 0.8949206690763284
1393.5 0.713811584666771
1394.0 1.124216872954495
1394.5 1.197475941925216
1395.0 0.6049296411907377
1395.5 2.194518457621851
1396.0 0.910512984826254
1396.5 0.6818189031123274
1397.0 0.9190328703863091
1397.5 1.1357607089905035
1398.0 0.8930874022500412
1398.5 0.6823988285267375
1399.0 1.5170744429111207
1399.5 1.1699242789792141
1400.0 1.1834165730172432
1400.5 0.7561306492152833
1401.0 1.496117681677494
1401.5 1.0406566190707736
1402.0 2.271099487695193
1402.5 0.9006640305029379
1403.0 1.7601186117937817
1403.5 2.3082608624307976
1404.0 0.8415139283994092
1404.5 2.076892143757198
1405.0 1.2907695056863786
1405.5 0.7205820779626855
1406.0 0.9164575722134967
1406.5 1.1175683812106185
1407.0 0.7561804644908852
1407.5 1.0190025734119008
1408.0 1.2273127371759132
1408.5 1.4737333952430836
1409.0 0.7413835334562943
1409.5 0.9783024582378268
1410.0 1.1262240022171803
1410.5 0.8976075570660688
1411.0 0.5638484754226768
1411.5 0.9444173607889541
1412.0 0.8211462783663476
1412.5 1.3598811741672896
1413.0 1.4151471458376583
1413.5 2.031571195472935
1414.0 1.9472052507533884
1414.5 1.0601764162269
1415.0 1.2165979839072876
1415.5 1.0169103906207524
1416.0 0.9546384732677613
1416.5 1.170525673858546
1417.0 0.593815891768205
1417.5 1.5804376459833225
1418.0 1.3940986133904159
1418.5 0.9243300279106315
1419.0 0.9656625686286984
1419.5 0.7440395823680375
1420.0 0.558342462596916
1420.5 1.4760254467440268
1421.0 0.6231815803302782
1421.5 1.163931141521392
1422.0 2.2689569975600996
1422.5 1.7954621143407636
1423.0 0.6400049504895838
1423.5 1.3524596309853578
1424.0 0.7506751975516641
1424.5 1.1816391153949275
1425.0 1.336400969659221
1425.5 0.8914880568226293
1426.0 1.1560544911439654
1426.5 1.3798616802338817
1427.0 1.3912120202738856
1427.5 1.6926277323955214
1428.0 2.134682093602365
1428.5 0.7114516244794125
1429.0 1.8062279738175642
1429.5 1.7579156869783037
1430.0 1.3286618897791702
1430.5 1.194988057322758
1431.0 0.4534910238594135
1431.5 1.2655090969947755
1432.0 0.6211252675050826
1432.5 1.0406171651669682
1433.0 1.9268054492692293
1433.5 0.8254657634557144
1434.0 2.5902495271107204
1434.5 0.8404480814983685
1435.0 1.1653427272775756
1435.5 1.1280027711144367
1436.0 0.6719350228240301
1436.5 1.5184546915041452
1437.0 2.023649868432874
1437.5 1.7800455051472046
1438.0 0.80517033678784
1438.5 1.7807115149054917
1439.0 1.3389157246453365
1439.5 0.7409239123521395
