0 0.7837330287256727
0.5 1.413076716466737
1.0 1.1200577492942354
1.5 1.6223195489231919
2.0 1.1034555355865598
2.5 0.8698154924042496
3.0 1.1497481298930445
3.5 1.2827138720566538
4.0 2.1439548667990294
4.5 3.0854721206048232
5.0 0.628388291351287
5.5 0.6758504208529748
6.0 1.9891642728901915
6.5 1.2091108339121714
7.0 1.2403377902739456
7.5 1.192525680512218
8.0 0.8038218638725256
8.5 1.2712961088865742
9.0 0.7245876038869938
9.5 1.3578370284200005
10.0 1.0305325000935806
10.5 1.8682715851520142
11.0 2.1204724169109164
11.5 1.1530820626663494
12.0 1.5650877735039619
12.5 0.6259977786703173
13.0 1.267629674883135
13.5 0.8429976878443276
14.0 1.3616119554515118
14.5 1.1401628955047691
15.0 2.000584773965775
15.5 1.2093527896464686
16.0 1.2523571002891942
16.5 1.0100678549768696
17.0 1.7533427470785579
17.5 2.734944318743718
18.0 1.5986005339209592
18.5 1.3243227983374584
19.0 1.3412565106757626
19.5 0.9965096799692301
20.0 1.4069912447054091
20.5 1.8064730531306696
21.0 1.0095952184050823
21.5 2.0893057983652947
22.0 1.0515570418172553
22.5 0.9404509541922134
23.0 1.5791032235845712
23.5 0.8841659602889478
24.0 1.0995268932462765
24.5 1.755927426516332
25.0 1.4831079541292578
25.5 1.7614481202549803
26.0 2.290625152900641
26.5 1.0396632755241784
27.0 1.0212432038364208
27.5 1.1174903069693525
28.0 0.906642451621597
28.5 0.7236440265921372
29.0 1.4591810820015387
29.5 1.5532269697951198
30.0 1.0030704994257347
30.5 1.511016861393978
31.0 1.6108561056967792
31.5 1.040028711498104
32.0 1.6161725625007812
32.5 0.7136459171119935
33.0 1.3555006390066393
33.5 2.109863419934631
34.0 1.080237912448399
34.5 1.0553966412434281
35.0 1.2167585718872567
35.5 1.5475742796542653
36.0 0.8647902377944686
36.5 1.4119418376098063
37.0 1.2036907541065063
37.5 1.5344900980418108
38.0 1.2494610029123652
38.5 1.369868019870863
39.0 1.127992849131264
39.5 0.38550425130838417
40.0 1.134863701655359
40.5 0.9623550210062748
41.0 0.3983110822126173
41.5 1.4848546241828466
42.0 1.2916573382118293
42.5 3.2542867144286762
43.0 1.097575112896601
43.5 1.0234512442852277
44.0 1.0570293211922275
44.5 0.586458601554694
45.0 0.4287412281604771
45.5 1.0931797102255674
46.0 0.8066726690836021
46.5 0.8274049863993307
47.0 1.3514304374637145
47.5 1.3429881947484408
48.0 0.98301825065227
48.5 1.3438523293675961
49.0 1.0359911186780353
49.5 1.312098548409753
50.0 0.8354301790961792
50.5 1.4708484917912426
51.0 1.984783989533964
51.5 1.0338440924783423
52.0 1.981910897065113
52.5 0.9759331807773206
53.0 1.0544678604991438
53.5 0.7479322505238013
54.0 1.6132454858113972
54.5 0.7404997121037412
55.0 0.8722885468509154
55.5 0.7173949867151826
56.0 1.351436674343956
56.5 1.1478531088664583
57.0 1.467936503952208
57.5 2.0127940497457772
58.0 1.2084658697264983
58.5 0.5330403411564715
59.0 1.2855527680737988
59.5 1.0672166067582884
60.0 0.738181282630658
60.5 1.1041595210473476
61.0 1.440086423318641
61.5 0.6596023326171921
62.0 1.014421888841874
62.5 0.9562068304724938
63.0 0.9522325181582729
63.5 1.6696065988419233
64.0 1.3982359697365003
64.5 1.0152071378438228
65.0 1.7793270865777602
65.5 1.091405908395555
66.0 0.7527410493500641
66.5 1.297785204446276
67.0 1.1393794412031224
67.5 0.8657313068001893
68.0 2.1375176001811718
68.5 0.42634829217656434
69.0 1.7077996798589545
69.5 0.7648423006487186
70.0 1.263151756426467
70.5 0.7602481094445812
71.0 0.9750307895820773
71.5 1.8723756056454748
72.0 2.4239292166515445
72.5 0.8668717636647012
73.0 0.6310823505106155
73.5 0.31827082909494975
74.0 0.8548396783399955
74.5 1.2876280172278523
75.0 1.0525089874201528
75.5 1.5922156740652555
76.0 0.5930439099535622
76.5 1.6145055954576546
77.0 0.628364755172032
77.5 1.425900340973806
78.0 0.919770431089622
78.5 0.5833564886233844
79.0 1.2384639019064487
79.5 1.0554908391971407
80.0 0.6398207427158962
80.5 0.6669455249984022
81.0 0.8643876206251988
81.5 1.8357604249720465
82.0 1.200628981734714
82.5 1.4095837888143956
83.0 1.4480359249644312
83.5 1.771789163406694
84.0 1.5582867981283344
84.5 1.2040202712485524
85.0 1.3872266439731946
85.5 0.9240487030545144
86.0 1.9311593162501983
86.5 0.8485721835253046
87.0 0.7091060724459245
87.5 1.0592175571441798
88.0 1.205771820774371
88.5 1.1775411650496743
89.0 1.1872754750747425
89.5 1.0952081901584463
90.0 0.6810150995968173
90.5 0.742054587987321
91.0 1.0301704828306533
91.5 2.0607577910324375
92.0 1.3840035776352102
92.5 1.1437190658958254
93.0 2.212491922307702
93.5 1.2395111308539344
94.0 1.0870124989064356
94.5 0.34607714697883163
95.0 0.8441097771906537
95.5 0.8368715995008315
96.0 1.7892175422687937
96.5 0.7795361083942014
97.0 0.6741489678854684
97.5 2.0772852455343456
98.0 0.7536298180229188
98.5 1.0511099535901995
99.0 0.4979587483010509
99.5 2.3271723649444294
100.0 0.9227250852960679
100.5 1.3874597429163524
101.0 0.7040146768396358
101.5 0.6713777131707618
102.0 0.867192995406377
102.5 0.8075162926412707
103.0 1.6964806684324962
103.5 1.278689827476959
104.0 1.6118965593233812
104.5 2.2894372066531514
105.0 1.9105615515274492
105.5 0.8987838937088591
106.0 0.9708761837718655
106.5 0.9245441044259477
107.0 0.8260688119117607
107.5 0.7822232789114052
108.0 0.6376947004009716
108.5 1.141616177700103
109.0 1.4568295574793337
109.5 0.7899157312114746
110.0 1.4882095048231634
110.5 0.9184630604123478
111.0 0.7788134417538835
111.5 1.7133586842320578
112.0 0.87163748407652
112.5 0.7966999389220072
113.0 1.691136502794418
113.5 0.7282802559709765
114.0 1.0440258385357621
114.5 1.381289457894953
115.0 2.343012731709283
115.5 0.9709142916688427
116.0 0.9758957536350534
116.5 1.7438486448165733
117.0 1.5807431643284942
117.5 1.5489432514370702
118.0 1.7003551014135199
118.5 2.1102457518612234
119.0 2.746360408261807
119.5 0.8563670789794802
120.0 1.3546748527899535
120.5 0.8858631757917369
121.0 1.6759816257520648
121.5 0.9866715252124649
122.0 1.039928685530322
122.5 1.5096128017804236
123.0 0.6994210974607629
123.5 1.285817216380879
124.0 1.8118289926026079
124.5 1.4122714374493488
125.0 1.2116536649561391
125.5 0.7668562884174108
126.0 1.49773623528022
126.5 1.0140246596898872
127.0 0.6399765971153085
127.5 0.7960586506748624
128.0 0.8382524106716196
128.5 0.7987758426436907
129.0 1.2806265082270532
129.5 1.401043102371432
130.0 1.1456689853835131
130.5 0.8782382931304045
131.0 0.6572795960625456
131.5 0.4130207576413373
132.0 0.903976628858252
132.5 1.3173452931299283
133.0 0.6031610470999824
133.5 0.5692701112813368
134.0 1.466714864259963
134.5 1.2842170592696833
135.0 1.474348107119863
135.5 1.8348163980454752
136.0 0.7227550829248969
136.5 0.9472591705623137
137.0 0.7390678481340867
137.5 1.0069849222609342
138.0 0.9702037469357758
138.5 1.056049818749893
139.0 1.0113094078868432
139.5 0.8666100565125852
140.0 1.1948153774425023
140.5 2.3130122910987634
141.0 1.0273145339163963
141.5 1.9217775825548702
142.0 1.652604188694847
142.5 2.1473502863127356
143.0 1.5792365006563336
143.5 1.2949543348142223
144.0 0.9283684774477927
144.5 1.1666654445226223
145.0 1.3171828341014207
145.5 1.3548458502837968
146.0 1.3551924604724461
146.5 0.9108351970978215
147.0 1.6064771276283318
147.5 1.0959726061850847
148.0 0.5549091531185941
148.5 1.5490812860631575
149.0 1.2678719525328899
149.5 0.6682608173131614
150.0 1.6405450358955513
150.5 0.666602633723557
151.0 1.319791177175963
151.5 1.730217942318304
152.0 1.093028234570985
152.5 0.7282781608251852
153.0 2.025644436284711
153.5 1.0538396465345676
154.0 0.61276609468107
154.5 1.2150915226954542
155.0 2.118899355769714
155.5 2.039964626336899
156.0 0.9043787275301938
156.5 1.5952888735472965
157.0 0.8286346484151594
157.5 1.9999561515690332
158.0 2.459955073777335
158.5 1.0166883924822858
159.0 0.993727113661799
159.5 0.5338048308024016
160.0 0.9635984548478339
160.5 2.3802755923401975
161.0 0.6901988600712217
161.5 1.4949308924175857
162.0 1.006342675485181
162.5 0.822110022680639
163.0 1.6731197171067946
163.5 1.0248933856066795
164.0 0.8392500182423894
164.5 1.8326061694530158
165.0 1.1954206506792078
165.5 1.7962664376853605
166.0 1.0533657644876393
166.5 1.773297006094693
167.0 0.5048240394206888
167.5 1.4178789015076685
168.0 1.269855788877134
168.5 1.244597853200254
169.0 0.6951581325673796
169.5 0.8715124632161761
170.0 1.565334621610909
170.5 0.8894397525138454
171.0 2.022580417138406
171.5 0.7509821498437705
172.0 1.1197122645660136
172.5 2.14420579209058
173.0 0.8894495086030364
173.5 2.100865509949166
174.0 2.6798632273090335
174.5 1.2862166177114644
175.0 0.5743469296433743
175.5 0.7755533073469814
176.0 2.2545674660742767
176.5 1.2914984501076887
177.0 1.0847048477295231
177.5 0.9523550330844255
178.0 1.0229850765039075
178.5 0.7769489643605607
179.0 1.3796816106825431
179.5 0.8435493196030563
180.0 0.9377735964590934
180.5 1.108514018101063
181.0 1.251346482226988
181.5 0.8461717157856607
182.0 0.8842395256976903
182.5 0.7743423266720102
183.0 1.4781358243442917
183.5 0.9034111775212407
184.0 1.435197762361736
184.5 1.3032866861494523
185.0 1.8850289225756152
185.5 0.9705541344944754
186.0 0.8828006772217665
186.5 1.3226625214986623
187.0 1.3937515556406694
187.5 1.098560140934976
188.0 1.4747572436760208
188.5 0.8522093745961699
189.0 0.8838499837099179
189.5 1.0489744292824645
190.0 1.2682479822335861
190.5 0.8028913676895248
191.0 1.273312091662782
191.5 1.189462432911297
192.0 1.4823360822005422
192.5 0.5015298309728303
193.0 1.7842082102504833
193.5 0.5702834367805957
194.0 0.6620492611700426
194.5 0.8254457311414327
195.0 0.7225830226850567
195.5 1.114011491816059
196.0 0.7011327645480545
196.5 0.45208394616582387
197.0 1.0114403115873605
197.5 1.3105226135102515
198.0 1.1851803674545374
198.5 0.7283967747815102
199.0 0.824627068549133
199.5 1.3132824724535133
200.0 1.3673689186673426
200.5 1.7319687175644902
201.0 2.826802546986352
201.5 1.5844335460508663
202.0 0.8818286862426867
202.5 1.2059244105119995
203.0 1.7509237410638234
203.5 1.368776445026842
204.0 1.0071685814695273
204.5 0.934853542362661
205.0 0.7561760214786106
205.5 2.092230902577519
206.0 1.3570320939470997
206.5 1.0075150409612597
207.0 0.7490874676355161
207.5 0.8106453223151385
208.0 0.9538822679407035
208.5 2.3077990485074396
209.0 1.8751667291625413
209.5 1.0574707056078898
210.0 1.6249899654660196
210.5 1.6644315326523011
211.0 0.6758943269359218
211.5 0.9876573505245618
212.0 1.0322444810896318
212.5 2.564230132693899
213.0 0.5626584880828852
213.5 1.891530389373898
214.0 1.4475431015632247
214.5 0.6956914650728035
215.0 1.4424235470411926
215.5 0.6842186627911134
216.0 2.217875450376488
216.5 1.0590584565357577
217.0 0.5452323401716501
217.5 0.5832756627899612
218.0 1.1126650937003224
218.5 1.4915727433412251
219.0 0.8334691172981409
219.5 1.0395871072538134
220.0 1.868024325495579
220.5 1.533989054640088
221.0 1.0441895639903054
221.5 0.847441453094355
222.0 1.1704134026742867
222.5 0.7927911386338922
223.0 0.7628057582723845
223.5 1.4561379564988748
224.0 1.3707139158664299
224.5 2.322371456525363
225.0 1.4369128212512199
225.5 1.5302674484196577
226.0 0.8894756923642191
226.5 1.6189399193880283
227.0 1.1863342397216643
227.5 0.6900313620828943
228.0 2.5866538929177647
228.5 0.7116885855793118
229.0 0.9725077067464687
229.5 0.7268944793053456
230.0 0.9264919860727522
230.5 0.8343674979938511
231.0 0.21383507330684437
231.5 0.8921439537232076
232.0 0.939425060136382
232.5 2.0442680833531535
233.0 1.363787722592408
233.5 0.817755191544711
234.0 1.5263829154250321
234.5 1.6983989023988202
235.0 1.3137294674706594
235.5 0.7348856816539349
236.0 0.8273135944910409
236.5 1.7319607255324023
237.0 1.3369638534940858
237.5 1.559699432551502
238.0 1.1133272562215195
238.5 0.7818418903748858
239.0 0.8046089400467021
239.5 1.762632337543933
240.0 0.8074263798984782
240.5 0.5562064332684645
241.0 0.8854061483896205
241.5 2.2555428494619845
242.0 1.4939438870593609
242.5 0.8876926170954011
243.0 1.6642230577870638
243.5 1.0248377539303168
244.0 0.5974004473964138
244.5 1.147502225949623
245.0 1.7783692737750898
245.5 1.911946123476726
246.0 1.847780299994526
246.5 1.0887665408512954
247.0 0.6984589653509099
247.5 1.8671769520179506
248.0 1.8782903554195443
248.5 1.0425691500932128
249.0 0.7180348021251183
249.5 1.2630350396688355
250.0 1.280334144665786
250.5 2.0245253116091684
251.0 0.874318081310249
251.5 1.5903409869730356
252.0 2.233719220443253
252.5 0.5673308698612491
253.0 0.8668795606068247
253.5 0.9153180942109074
254.0 0.6287535984372441
254.5 0.6979858783642447
255.0 1.6971366724473427
255.5 1.5732642498490301
256.0 1.2449080759295585
256.5 1.006864532965956
257.0 1.7565755009832427
257.5 0.8780692939380267
258.0 1.0917223483831482
258.5 0.5778393742782517
259.0 0.6444983022008338
259.5 1.0376474205864012
260.0 1.2322799712237376
260.5 2.132541523905606
261.0 0.861650655210162
261.5 0.9104780902722283
262.0 1.9460131664530416
262.5 0.8370331100602292
263.0 0.8802708235630785
263.5 2.3658650246850152
264.0 0.9945963572714314
264.5 1.2571965075942004
265.0 1.200508957994134
265.5 0.800298831341552
266.0 1.0057982560659389
266.5 1.2404681061032976
267.0 0.501529384850079
267.5 0.9691620307929567
268.0 0.7143699432066134
268.5 0.5690964724696321
269.0 0.956020313134281
269.5 1.3423041034576606
270.0 1.6388607868349547
270.5 0.4057801924401625
271.0 0.9833966675964441
271.5 0.7304129571833586
272.0 1.900872392019127
272.5 1.0893027780492133
273.0 1.0265616534912334
273.5 1.4346200098214492
274.0 1.5160128113680549
274.5 0.8367965309277337
275.0 1.6870770061489058
275.5 1.1714811267510414
276.0 0.6022805140775724
276.5 1.3980191298907627
277.0 0.9881741387559557
277.5 1.0221578191610496
278.0 1.9783174161794181
278.5 1.0024728295286605
279.0 2.206792100262964
279.5 0.944095234810375
280.0 0.8404484920811739
280.5 1.045359064590082
281.0 1.3913650651705967
281.5 1.5518181790112842
282.0 0.613480352538032
282.5 1.1893078577182288
283.0 1.3946908608922703
283.5 0.6630160020926456
284.0 0.6858540898883626
284.5 0.8810804227846805
285.0 0.7972772265323793
285.5 0.6280567565119941
286.0 0.6115211899955455
286.5 0.6994730790881929
287.0 2.2231431199477303
287.5 1.2505948012741612
288.0 0.6147642001210893
288.5 0.7185757305955607
289.0 0.8082200349360287
289.5 0.8882085160719813
290.0 0.6100936020763078
290.5 2.240310047128018
291.0 0.8516822684788531
291.5 1.8511177868053557
292.0 0.901108185481373
292.5 0.6226368101235049
293.0 0.8555621256662316
293.5 1.2363242422455105
294.0 1.3111517222749978
294.5 0.5923930691852612
295.0 1.2630242721242082
295.5 1.19881705187194
296.0 1.343013998302918
296.5 1.1690123389769798
297.0 1.7814341171509012
297.5 1.3443466272339095
298.0 0.8301260883239104
298.5 0.759887792000246
299.0 0.90135239222726
299.5 1.7508808845315762
300.0 0.24450828745149256
300.5 1.854689170587769
301.0 1.4839574278290204
301.5 0.6592484956159228
302.0 0.585385603600064
302.5 0.8614840747541122
303.0 1.1068038586280986
303.5 2.0891265345112693
304.0 1.3320619740578983
304.5 2.259104284074703
305.0 1.9749471375320122
305.5 1.30328331054755
306.0 2.3178013186734154
306.5 1.4672059253208056
307.0 0.9629474059828542
307.5 0.8850660238911947
308.0 1.0948430646593685
308.5 1.1274644490382038
309.0 0.8880222963683342
309.5 1.3946390459613027
310.0 2.7567258229003233
310.5 0.9090475877514357
311.0 0.39071845854580584
311.5 0.8335678819864853
312.0 0.6745035661226495
312.5 0.9332832652302369
313.0 1.2979496867471183
313.5 2.4117086425025582
314.0 1.0474302378633134
314.5 0.9075065146994539
315.0 0.6260422979858988
315.5 1.5471147549832702
316.0 0.685291075787996
316.5 0.6300038781638923
317.0 0.4142635625521657
317.5 0.9610486713130415
318.0 1.093138831406106
318.5 1.0169967033852787
319.0 0.7875432375693521
319.5 0.5353548178073413
320.0 0.9132309692206788
320.5 1.5627756352129558
321.0 1.6980945020514642
321.5 1.0700059160960158
322.0 0.9828568381300262
322.5 1.2183306971047183
323.0 0.724574084605067
323.5 1.912537616125586
324.0 0.8494139552048143
324.5 2.0931202387353585
325.0 1.7298203036947042
325.5 1.142122058927397
326.0 0.723301619945911
326.5 1.3926119067273153
327.0 1.5435183574328484
327.5 1.0471296302579567
328.0 2.2308738662675487
328.5 1.3215453049481491
329.0 0.8036084467053062
329.5 1.5928896867178335
330.0 1.0774094109752161
330.5 1.2848957172070643
331.0 2.2081774880206355
331.5 1.334718312625728
332.0 0.8388603509224339
332.5 1.604103952665887
333.0 1.3221476155463203
333.5 0.6417683371144198
334.0 0.6541003588604168
334.5 1.3729414508231703
335.0 0.8817185103903418
335.5 1.5980839762414663
336.0 1.1968579122233252
336.5 1.6511497564584978
337.0 1.371236309262206
337.5 0.8046266151187043
338.0 0.9895589221050438
338.5 1.449830564917251
339.0 2.3667341265226085
339.5 1.0114647821604659
340.0 1.467556371646104
340.5 1.0747369969677132
341.0 1.4406780178461678
341.5 1.5630020534611588
342.0 1.102478061063691
342.5 1.3205988799262305
343.0 0.7669953289813063
343.5 1.5131008870422762
344.0 1.3707804204558534
344.5 1.5662466026348485
345.0 1.2011133094535493
345.5 0.5312061031161398
346.0 0.7211369952498963
346.5 0.88394819477339
347.0 0.9874645313604298
347.5 1.137041120570745
348.0 0.9058596277820172
348.5 1.0970836653464167
349.0 0.9877620214890577
349.5 0.9266468725645859
350.0 1.1205285190148278
350.5 1.693526960588712
351.0 2.111263921734066
351.5 1.7529254564239896
352.0 1.1289235208170976
352.5 1.5798646418932791
353.0 1.4195919214576789
353.5 2.8945230614946347
354.0 1.1233036755831534
354.5 2.505842933592436
355.0 0.976247688400919
355.5 1.4241032494439123
356.0 1.2218894730775283
356.5 0.9215172422320175
357.0 1.8062976758949225
357.5 1.0073513369546798
358.0 1.8162213356271824
358.5 0.6663567736691904
359.0 0.7551239148192472
359.5 1.4941738881399096
360.0 1.30790218075951
360.5 1.096311692205587
361.0 1.6902251763712632
361.5 0.7263824128858136
362.0 1.0918928871550806
362.5 0.5198879910137326
363.0 1.324791856921542
363.5 1.3684009949542493
364.0 1.919897055886984
364.5 1.3638064276246629
365.0 1.1571349148700776
365.5 0.5375326084272898
366.0 1.237747080446438
366.5 0.8332360474455879
367.0 0.985393455694535
367.5 1.2241089458731642
368.0 1.9455325165411048
368.5 1.103521922836799
369.0 2.038023995813309
369.5 1.2778685729948371
370.0 0.57705616607094
370.5 0.9141309197378018
371.0 1.6396045226272475
371.5 1.1559253839207289
372.0 1.1791836277596364
372.5 1.7755203834875057
373.0 2.87859240957763
373.5 1.1393192708838233
374.0 1.192154443966034
374.5 1.0534529054229207
375.0 1.0787435783301456
375.5 1.3223541359094653
376.0 1.2617587352339927
376.5 1.3253738089739604
377.0 1.9613879144645714
377.5 0.9964821454948825
378.0 1.414887872316302
378.5 1.4021918634111434
379.0 1.1474143496466658
379.5 2.09637401515729
380.0 2.0598506879621925
380.5 1.689145670788468
381.0 0.9451576845671461
381.5 1.072864100805267
382.0 0.26693017549156617
382.5 1.3468610436800477
383.0 0.4737470854078421
383.5 1.2455727432777473
384.0 1.2118470182348013
384.5 1.0528510733920913
385.0 0.8484723498679458
385.5 1.2692854265304638
386.0 1.0947905629119
386.5 0.8744516357827115
387.0 0.8826499589787398
387.5 1.0724634635556745
388.0 0.43992181179279755
388.5 0.7304549615255409
389.0 1.184611174201104
389.5 1.6405416636192212
390.0 1.2690099330639344
390.5 0.7617762850858067
391.0 0.7185457245226072
391.5 1.810699386748515
392.0 1.0006781222781478
392.5 1.5154701152913463
393.0 0.9705770976191264
393.5 1.6621595565891543
394.0 0.5930424861248688
394.5 0.9685341671640841
395.0 0.8106908544525143
395.5 0.6768607756546194
396.0 0.7911857744755354
396.5 0.9678174804165909
397.0 1.5108240949724
397.5 1.8677152595836328
398.0 0.8307544056216849
398.5 1.0883590688767484
399.0 1.0466919449157315
399.5 0.72742182427656
400.0 0.2
400.5 0.3283283680192148
401.0 0.8909299906559085
401.5 1.3708576935908934
402.0 0.8610210695891292
402.5 1.4738618763973936
403.0 1.2131361797389522
403.5 1.6046765004317394
404.0 1.235149693153162
404.5 2.4704155074202685
405.0 0.7468755132168825
405.5 1.0118007864699878
406.0 1.7904802828182604
406.5 0.724642304163071
407.0 0.4933568809239468
407.5 1.0432448960521563
408.0 0.5687245312583301
408.5 1.6251355780264567
409.0 0.7464699729848662
409.5 1.1921130128203865
410.0 1.4974255227221311
410.5 2.0627932131193436
411.0 1.9572252303408855
411.5 1.3069667732155312
412.0 1.2903664712424827
412.5 1.4093266109713085
413.0 1.7511920011801525
413.5 0.9485046131548078
414.0 1.4775799878728193
414.5 1.0227056080030565
415.0 0.5043482217039195
415.5 0.8615010075527615
416.0 1.4216091933866153
416.5 1.275780490643644
417.0 2.595343486790279
417.5 1.576193755534186
418.0 0.7941220651983265
418.5 1.70728383993537
419.0 1.0659784882931074
419.5 1.7250352215093123
420.0 0.6892816129896648
420.5 1.4020733294610812
421.0 1.049685165294536
421.5 0.5408229049050974
422.0 1.0564595083227752
422.5 0.7516475756773708
423.0 0.7391391143647082
423.5 1.1853843451233068
424.0 0.757895466418104
424.5 0.5846965921076769
425.0 0.9681812021613655
425.5 0.7754775839363416
426.0 1.8141814297345318
426.5 0.9537672863776363
427.0 2.140529724840577
427.5 1.2066664890393193
428.0 1.5184440704254643
428.5 0.7919678916953408
429.0 1.8301239067477229
429.5 1.3691469267528922
430.0 1.7980363116490294
430.5 0.9250016619283753
431.0 1.0541996909893754
431.5 0.8638487147046595
432.0 1.0484888847700644
432.5 0.681374370464961
433.0 1.0858771431050362
433.5 1.055356763674767
434.0 0.7905452455252167
434.5 1.1089815107103393
435.0 0.8400062806942181
435.5 0.8530727828166823
436.0 1.736114126152264
436.5 2.3013501824740032
437.0 1.7372275801953765
437.5 1.1995418902952841
438.0 1.117469830515195
438.5 0.6602006355001597
439.0 1.8547969274371727
439.5 0.9875379169337914
440.0 1.1907430501020408
440.5 1.0267731160888955
441.0 1.2804030983438761
441.5 2.350618333037143
442.0 1.6629908539533038
442.5 1.2071602699644184
443.0 1.6840793898954298
443.5 0.9903615788769247
444.0 1.006910126331324
444.5 1.1294542835787407
445.0 1.657047506309683
445.5 1.4930853285476626
446.0 0.8065699027410727
446.5 1.607947498876671
447.0 0.972410293163297
447.5 1.6983946183251697
448.0 1.085602921736691
448.5 1.086985516434626
449.0 0.9557477434778427
449.5 0.6953498491823324
450.0 0.6511079300161711
450.5 1.4272279517421733
451.0 0.9868213182750631
451.5 0.8845549842895792
452.0 0.7323448910634549
452.5 1.5580561796119445
453.0 0.8239135432836565
453.5 2.030683602915948
454.0 1.8094939735319584
454.5 1.0833685247821796
455.0 1.7871421089397173
455.5 0.8797512869647336
456.0 0.7255204913764339
456.5 1.0599730192390342
457.0 2.1589695250610452
457.5 1.844400542370114
458.0 1.0884474643278448
458.5 0.8801219142398451
459.0 0.7825308058695799
459.5 1.159996186563105
460.0 1.1202370381906492
460.5 1.187992423540291
461.0 1.2585870261382448
461.5 1.266827336798252
462.0 0.9499214814878587
462.5 1.4150518009730253
463.0 1.7134079662528423
463.5 0.6664273487538467
464.0 1.791155565081689
464.5 2.0461593788623973
465.0 0.7453375850002311
465.5 1.0415788405392303
466.0 0.645658304680659
466.5 1.3632686648183205
467.0 0.9933735210774846
467.5 1.159557252833833
468.0 0.9238564972627714
468.5 1.6542913675866928
469.0 1.021634256303012
469.5 1.4404824779815564
470.0 1.5332779896959594
470.5 1.0816624518797262
471.0 0.890411062299689
471.5 0.5800029222542633
472.0 0.7959612066618018
472.5 1.2117440175277474
473.0 1.2601305166348493
473.5 0.6854901889485467
474.0 0.8008896952396254
474.5 1.178871330545726
475.0 1.3351768597743745
475.5 0.8370017850350573
476.0 0.806633215408589
476.5 0.5881786566090375
477.0 0.5414128456326657
477.5 1.1445006748040423
478.0 1.4092291254089253
478.5 1.8932310237965604
479.0 0.9610666108371805
479.5 0.8696797016122763
480.0 1.5394489613298281
480.5 0.968412501053832
481.0 1.0654076942946626
481.5 0.8116541846057921
482.0 1.2998219373292015
482.5 1.5635048654900856
483.0 1.386104716485594
483.5 1.0971547452084152
484.0 1.1362064471756403
484.5 1.8869439362057494
485.0 1.815498903736184
485.5 0.7088307438726328
486.0 1.3688868297272054
486.5 1.3903484974129212
487.0 1.6454998164543868
487.5 1.1315507730902576
488.0 0.6661064633506807
488.5 0.8504219301542923
489.0 1.2265707142852447
489.5 2.3871745029117104
490.0 0.7397946045890427
490.5 1.0886565881092816
491.0 0.7177418134689169
491.5 0.85384314323786
492.0 0.8288003685200178
492.5 1.1801346964107915
493.0 1.2630906634165693
493.5 1.223413796902255
494.0 0.7296889044368082
494.5 1.059053748912745
495.0 1.573136311661119
495.5 1.6093010572925013
496.0 0.8591836406939519
496.5 1.5680798729010914
497.0 1.2443863157421253
497.5 0.9190833439887343
498.0 0.7425969398297065
498.5 0.7391732516952656
499.0 1.8430984061679756
499.5 1.8764100531474814
500.0 1.7796035551721068
500.5 1.272570563302999
501.0 0.7611306257386576
501.5 1.1973907922699183
502.0 1.6945876628916645
502.5 1.134825048953934
503.0 0.725507352667855
503.5 0.9496270099292746
504.0 0.8051779908187733
504.5 1.3496146920557577
505.0 0.770391623792367
505.5 1.6885084952863325
506.0 2.3788813300822698
506.5 0.6018396279502624
507.0 2.0499221859404355
507.5 1.0776081207773291
508.0 1.8582564451264574
508.5 1.1610361602931418
509.0 2.1031909242968467
509.5 1.1740953543192396
510.0 0.9279391215968535
510.5 0.8595888009006118
511.0 0.8297405441216885
511.5 1.2566297770736563
512.0 1.3679065874702068
512.5 0.776056844180502
513.0 1.5367562000851804
513.5 1.2177678860279628
514.0 1.0048580656571309
514.5 1.360847804324679
515.0 0.5916097591089052
515.5 1.4923296049893624
516.0 1.2392220453039535
516.5 1.9099956840975532
517.0 0.9343750852399176
517.5 1.5375907050025412
518.0 1.137825162988154
518.5 1.9708518763435534
519.0 0.8249379194562806
519.5 1.175846176667021
520.0 0.7765214717431963
520.5 1.5512082317190878
521.0 1.5360995474235999
521.5 1.1551646914283897
522.0 1.2455988462317884
522.5 1.3950593974497434
523.0 0.5719962702446402
523.5 0.8798416470814019
524.0 1.109221726598442
524.5 1.723655326589936
525.0 1.464716064591269
525.5 1.496051164699079
526.0 2.1872473826959076
526.5 1.7601229950457864
527.0 0.7082922831915868
527.5 1.05507153939322
528.0 0.7314699159833336
528.5 0.7838555282876436
529.0 1.035510454154744
529.5 2.507942379139579
530.0 0.922260251744731
530.5 0.9971331025270098
531.0 2.277778582548724
531.5 1.6242563709534878
532.0 0.9029855489620872
532.5 1.3908425702803227
533.0 1.4818169146462397
533.5 1.3343463555544655
534.0 0.7828112482852987
534.5 0.7010623867017041
535.0 0.9509495495525329
535.5 0.8672180357585435
536.0 1.2045452594920314
536.5 0.7407730832457918
537.0 0.8975877428543414
537.5 1.038914663271044
538.0 0.7897090393008975
538.5 1.2938063810859248
539.0 1.216148787939138
539.5 1.7207084843869245
540.0 1.0348207385332657
540.5 0.8659092225933129
541.0 0.9227756539300611
541.5 0.583191681699223
542.0 1.7193463124861632
542.5 1.456127761567711
543.0 0.9077875534659868
543.5 0.6600968727641272
544.0 1.4267568025648996
544.5 1.5630909444112095
545.0 1.9381510768963297
545.5 1.7693923769229718
546.0 1.7670278827581307
546.5 1.6443998194682425
547.0 0.8265976437735865
547.5 0.7350300582560777
548.0 1.2301400813163443
548.5 1.5569987332080557
549.0 0.9631107186321335
549.5 1.2069052758983312
550.0 1.3206215031819692
550.5 2.368537857002688
551.0 1.5489969851774503
551.5 1.0924398235354404
552.0 0.5627696540297817
552.5 0.7299074144226522
553.0 0.9951053612761547
553.5 1.0647412344888927
554.0 0.8714376039940224
554.5 1.066548676053043
555.0 1.5006196245347438
555.5 1.633489113003585
556.0 0.6948411693789995
556.5 0.49835907926884815
557.0 0.9326618821120389
557.5 0.8272594108474656
558.0 0.8716121651541373
558.5 0.9793021142967766
559.0 0.4606171734353508
559.5 1.015845866217181
560.0 1.1786378866025944
560.5 1.7144946553435227
561.0 1.1386287447695749
561.5 1.876679422397956
562.0 1.0071293084054123
562.5 1.6819034407465132
563.0 1.035621801054074
563.5 0.6676340695307801
564.0 2.3332821708412346
564.5 2.050756566667099
565.0 1.247842968152212
565.5 1.194197763222994
566.0 0.6407225522656144
566.5 0.7084925766847763
567.0 2.191594804051757
567.5 1.6184980042772485
568.0 0.6470280013290017
568.5 1.3045763350947626
569.0 1.0672300991412602
569.5 1.4268689777895704
570.0 0.915804393407993
570.5 0.8321449389305192
571.0 0.8157732393911689
571.5 1.3026399301728429
572.0 1.184341825851586
572.5 1.923531510566166
573.0 0.9910747505649782
573.5 0.9097906314294816
574.0 1.440885479323317
574.5 1.175908223046036
575.0 2.067910630482525
575.5 1.0751158886680037
576.0 0.7315912569369079
576.5 1.4019364849355451
577.0 0.8193034436172164
577.5 1.8026699423375216
578.0 0.6433457795381925
578.5 1.0655730539164927
579.0 0.608753407594228
579.5 1.2343584244034789
580.0 0.9770663759585267
580.5 1.4592901526593938
581.0 0.9049054696680352
581.5 1.2480265556601686
582.0 1.1784910356732459
582.5 0.8930895507940377
583.0 0.6739551934405854
583.5 1.0825215101862247
584.0 1.100716515217962
584.5 1.2219166731883928
585.0 0.9158107421455796
585.5 0.9276038446544885
586.0 1.0760380338500897
586.5 1.6855949615406027
587.0 1.3226258909134543
587.5 1.0055881259928752
588.0 1.5206765063507486
588.5 1.202645790540295
589.0 0.8714354038010255
589.5 1.1413032639512972
590.0 1.3442037427652251
590.5 0.7554528177766304
591.0 0.938135135042172
591.5 1.064483399960242
592.0 0.9650658109499285
592.5 1.722108650697971
593.0 1.570034846599136
593.5 0.9043688448310443
594.0 0.7206465327755851
594.5 1.284533820618213
595.0 0.8996030082278591
595.5 1.1739033896897424
596.0 0.9780192757282623
596.5 2.384162785867393
597.0 1.8498586463712023
597.5 0.7530750407308208
598.0 1.3449132560884258
598.5 0.8419799339226042
599.0 0.4056590546966743
599.5 1.2383571601897854
600.0 1.933037094405837
600.5 1.0761370350265942
601.0 1.0345436555605252
601.5 0.5225995470053354
602.0 1.5373974769041585
602.5 1.010197717995367
603.0 1.1584786898730035
603.5 1.1456583824883055
604.0 0.8080781913034253
604.5 0.6986332924018603
605.0 1.7385563436359888
605.5 0.7458536402898341
606.0 0.7983015942502809
606.5 1.7430465021139068
607.0 0.7663006380716297
607.5 1.1650367098875203
608.0 2.231726975916364
608.5 0.8308752828208293
609.0 0.48507602818573226
609.5 1.5267943728442732
610.0 0.7827579420040309
610.5 1.031761117371254
611.0 1.0330897688366252
611.5 1.57346208287339
612.0 0.592419429452752
612.5 0.8538297556106564
613.0 1.6608540155466374
613.5 1.7745215983957894
614.0 0.740240235255804
614.5 0.7647354372350246
615.0 1.0603403329407364
615.5 1.3278822398297307
616.0 0.8875528876819746
616.5 0.24492231412352727
617.0 1.8467134617112086
617.5 1.347792776332366
618.0 0.769068097492327
618.5 0.7656471054277865
619.0 1.1464911628762682
619.5 1.4742845490058878
620.0 0.9612504269079805
620.5 1.293178356765595
621.0 1.0299781443874405
621.5 0.3139819730093016
622.0 1.1885231889228214
622.5 1.725803656779358
623.0 1.1993650942697358
623.5 0.7958628676763371
624.0 0.6280757372966463
624.5 0.7318677520111441
625.0 0.680906269433349
625.5 0.9697440534331432
626.0 1.8421241778672024
626.5 1.253430166001418
627.0 1.07212821553047
627.5 1.9442863364057061
628.0 1.1808921167200452
628.5 1.3119255553230276
629.0 0.5943434960645353
629.5 0.3898861944931
630.0 1.4403839665241054
630.5 0.9826094380391472
631.0 0.6607851847661178
631.5 0.8471768762845778
632.0 0.2839388863455558
632.5 0.8183280219833323
633.0 2.1723220478541183
633.5 1.27597914725711
634.0 1.3800714129265166
634.5 0.9068861893817362
635.0 1.1220475672290684
635.5 0.7894437025642853
636.0 0.9997238406880576
636.5 0.8035300075161337
637.0 1.0304484537675014
637.5 1.0963683529631327
638.0 1.9767226537713363
638.5 1.2014039238004572
639.0 0.2
639.5 0.8716235332983766
640.0 1.2349636868742886
640.5 1.1169362322861356
641.0 1.0063072803533344
641.5 1.7359559974701064
642.0 1.0283584550618907
642.5 0.7809538236338656
643.0 1.114513582553983
643.5 0.8904547291580385
644.0 1.4894022513245635
644.5 1.2771482884483003
645.0 0.5309514864234121
645.5 0.8192219908850167
646.0 1.1859039102663376
646.5 1.1608470411136877
647.0 0.8052809212620555
647.5 0.8672077902863284
648.0 0.8022736957636478
648.5 0.6033974504546364
649.0 0.7215000840277785
649.5 1.7904883091521755
650.0 1.4417428665355332
650.5 1.71645686685206
651.0 0.6254546742951507
651.5 0.6701845031400302
652.0 1.2119126642487528
652.5 1.1814847489959717
653.0 1.0519952859604462
653.5 1.7051133381193826
654.0 1.2954666164125432
654.5 3.389212383017626
655.0 1.6337664647624823
655.5 1.4866424285387967
656.0 1.119807328375352
656.5 0.8752456894012024
657.0 1.8224338920544185
657.5 2.8816356560922456
658.0 1.6660088962479354
658.5 0.8751805625122681
659.0 0.859304277767849
659.5 0.701460177130857
660.0 1.390501493675309
660.5 1.7741010184112294
661.0 0.8905289830360938
661.5 0.8913194483714153
662.0 1.6286806445961028
662.5 0.7257816164725877
663.0 0.9016726712114002
663.5 1.1305131743199581
664.0 1.0306741405987163
664.5 0.8631186183398226
665.0 1.2976164125295744
665.5 1.4388021055377518
666.0 1.8344221942994037
666.5 2.5335364722961122
667.0 1.1683038903110083
667.5 1.3974590178677193
668.0 0.9765860122000248
668.5 0.5665193313718657
669.0 0.5649272335831124
669.5 0.6101225961722809
670.0 1.5043239315811396
670.5 1.2767933768528528
671.0 1.714032898310336
671.5 2.1187184437314124
672.0 0.6776048438245634
672.5 1.2302476652347258
673.0 1.2275210011777378
673.5 1.239209664980708
674.0 0.7520771795848966
674.5 1.3490302301119745
675.0 1.7541559037434618
675.5 1.2079409507929815
676.0 0.6539082661419757
676.5 0.6795312182638196
677.0 1.6933643953682758
677.5 1.1219850521565435
678.0 1.6174547446627887
678.5 1.3554059813762362
679.0 0.9912605600449801
679.5 1.6533056853070338
680.0 0.857279790149291
680.5 0.7020684685839189
681.0 1.1399037273106822
681.5 0.5191193132561385
682.0 1.0390764031971227
682.5 1.0961864522333562
683.0 1.5199845885252061
683.5 1.6787082134549385
684.0 1.4743923312036358
684.5 1.708066369037748
685.0 1.4997552683477537
685.5 1.3977177719704592
686.0 1.8006859246818256
686.5 1.180796568944045
687.0 0.4854482004660299
687.5 1.1990231154957378
688.0 0.8215832781299997
688.5 1.8699995258982625
689.0 0.7032924691317815
689.5 1.1642282630215401
690.0 0.7583631969766289
690.5 1.2872097179271378
691.0 1.629164079138865
691.5 1.3545635640321954
692.0 1.075298617787956
692.5 1.28467547869913
693.0 0.5192956850891479
693.5 1.7341778791439033
694.0 1.7617597724107046
694.5 1.319876311340297
695.0 1.5514625640161162
695.5 0.5730053517511947
696.0 1.3084297398139646
696.5 1.4506970359689413
697.0 0.838632918899214
697.5 0.7744949247899278
698.0 1.5174367209263688
698.5 1.0025607252898374
699.0 1.469022533812701
699.5 1.136658582771461
700.0 0.9587196078217017
700.5 0.8008803976841616
701.0 1.1390997679701949
701.5 1.1460680836411357
702.0 2.1501211506599467
702.5 2.255394572697325
703.0 0.8819900270214394
703.5 0.6722367720002467
704.0 0.6564866206345872
704.5 1.4927950156943997
705.0 2.1344826429063373
705.5 2.072751524831854
706.0 1.4609824890236243
706.5 2.976426620799945
707.0 1.0782900886584728
707.5 0.7977249427823772
708.0 1.8833564375038538
708.5 0.583169240499622
709.0 0.8677340187680277
709.5 0.8331567137290048
710.0 1.2168354335808917
710.5 1.7515307837589158
711.0 1.4329327724393308
711.5 1.115705742536282
712.0 0.8835282141617922
712.5 1.7723048057615882
713.0 0.8936558401346061
713.5 0.4327927979571684
714.0 0.3115098527306962
714.5 0.5632497695621754
715.0 0.8921060404422013
715.5 2.5779040167478655
716.0 1.108573365789172
716.5 2.0086854413891593
717.0 1.9549567845826719
717.5 0.9525557158025825
718.0 0.5923640525993097
718.5 1.1464684461293568
719.0 1.8733255672477243
719.5 0.7594260626832552
720.0 2.041252179991481
720.5 0.8118222039544171
721.0 0.9104873329146015
721.5 1.2860674178319424
722.0 0.4140334279029659
722.5 1.3831465817007955
723.0 1.867317818259838
723.5 1.2869912229910645
724.0 0.6707801664072687
724.5 1.6875927750131154
725.0 1.593443952675513
725.5 0.9362502618913011
726.0 0.9971290170199092
726.5 1.8037031448650602
727.0 2.069609468671492
727.5 0.9759067713655093
728.0 1.745323659117017
728.5 1.1417145544946405
729.0 1.3184549457741106
729.5 1.3226470262000984
730.0 1.9705571106547106
730.5 1.1334809866824784
731.0 1.2304610384019108
731.5 0.8920947868675988
732.0 1.3367425310581016
732.5 1.194221104101692
733.0 0.948684500729726
733.5 1.0813829599111124
734.0 1.4607665493670805
734.5 1.6433945306170334
735.0 1.5894902924106824
735.5 1.2684105546335678
736.0 1.6786200782991938
736.5 1.0381922561762351
737.0 0.9634469862608772
737.5 1.7704388519221403
738.0 0.9538551526164016
738.5 0.9283440432110677
739.0 0.8872091533212634
739.5 0.7013326816861778
740.0 1.8021056759160146
740.5 1.0469766943270384
741.0 2.619203405413076
741.5 1.9887852119332905
742.0 1.3881896948050916
742.5 2.013521851280503
743.0 1.8725444179120072
743.5 0.5011824418516552
744.0 0.8223167016243658
744.5 1.040257714076413
745.0 0.9205357224630015
745.5 0.9751321683939093
746.0 0.6010260852245214
746.5 1.1776123007473163
747.0 0.9583352820522213
747.5 1.2257180481405772
748.0 1.0773277074750855
748.5 1.4236451297250396
749.0 1.8984033086871177
749.5 0.9319709950201661
750.0 0.5385160003317367
750.5 1.7058943712461798
751.0 1.0319765469999493
751.5 0.8667798215597331
752.0 0.5596016295833031
752.5 2.0270709640064473
753.0 0.9242762627624599
753.5 1.4475007370160893
754.0 0.9374221205891322
754.5 2.230833514232624
755.0 0.9449110383940368
755.5 1.4646689094002947
756.0 1.5446708923623356
756.5 2.8044071162100455
757.0 0.6611049611667881
757.5 1.1101780941752615
758.0 1.4126181287692698
758.5 1.7830012994667217
759.0 1.7430127705446163
759.5 0.7654124155955069
760.0 1.0296857893097344
760.5 0.6399703668617975
761.0 0.6258277307095114
761.5 1.8402791832442136
762.0 0.7950413556913771
762.5 0.6730896155217009
763.0 1.1907616219626866
763.5 1.2252163812072445
764.0 2.3459966424383554
764.5 0.846016810101966
765.0 0.9313865050203883
765.5 1.4463673334199436
766.0 1.3492833455668771
766.5 1.4844502488004854
767.0 1.342383537071006
767.5 0.8556144941505577
768.0 1.1402197576452455
768.5 2.0496480062333626
769.0 0.7546531669923711
769.5 1.4072873512118522
770.0 0.8520826445168249
770.5 1.3090745058703528
771.0 0.9209163459979599
771.5 0.595152045711213
772.0 1.3951826509740295
772.5 2.0513817985470446
773.0 2.2857987231646777
773.5 1.0562920064501573
774.0 1.2329837719143386
774.5 1.6951361390636581
775.0 1.5818502781160686
775.5 1.161220321893098
776.0 0.7424313511702265
776.5 0.6041410309525386
777.0 1.5476488314552175
777.5 1.3325540594125265
778.0 1.972585141319878
778.5 1.0571896222970012
779.0 1.0974375602409463
779.5 0.7694315508198138
780.0 0.8414859937332986
780.5 1.0960820819850907
781.0 1.1937237730447388
781.5 1.6212940130268527
782.0 0.7309506984523337
782.5 1.1227956433870376
783.0 1.4668697969234967
783.5 1.4314342036858614
784.0 0.8371333499604194
784.5 1.1504719500291798
785.0 0.5993662760336183
785.5 0.7696577102952826
786.0 1.165155645276776
786.5 0.6492486245738421
787.0 0.9893256421784267
787.5 2.273312795137101
788.0 0.795802034739797
788.5 0.8841386851478079
789.0 1.513287421126794
789.5 1.6816106679618648
790.0 1.9233644728893808
790.5 1.7831371325859764
791.0 1.3317244485498683
791.5 0.8092294215831928
792.0 0.8930647593269938
792.5 2.154276224198582
793.0 2.425399114681105
793.5 2.19270711851346
794.0 1.226318379687738
794.5 1.000664532059417
795.0 1.1383399271450725
795.5 1.0190731483016287
796.0 0.21864711753053334
796.5 1.7401162309538565
797.0 1.0141590473477875
797.5 0.836170891041053
798.0 1.3140697160935568
798.5 1.1355778812841728
799.0 1.5061922851220364
799.5 2.1884470659901507
800.0 2.0515014829491784
800.5 1.322667820555313
801.0 2.620447856312624
801.5 0.6780511697219859
802.0 1.0178261805050948
802.5 0.9015835905985313
803.0 0.6328446241675814
803.5 1.1673669846574002
804.0 1.2188326509475351
804.5 0.46310713751030647
805.0 2.1238896455214133
805.5 1.5577787373855723
806.0 0.5534228026036889
806.5 0.6310844726327651
807.0 0.7181988449672807
807.5 1.923421495376389
808.0 0.6970960379672673
808.5 1.567118536414429
809.0 1.1540108924554113
809.5 0.9230006795094265
810.0 0.5887989075650917
810.5 1.4940137691634385
811.0 0.6416772467627736
811.5 0.9374323890758429
812.0 1.1871756689323139
812.5 0.994782539227444
813.0 1.1492890625119003
813.5 0.8832008879435949
814.0 1.0283018493197746
814.5 0.7919891928601182
815.0 0.8027810266959176
815.5 0.9211674223350932
816.0 1.278264587480736
816.5 1.7492452174036917
817.0 1.4036178957091041
817.5 1.5194724407347473
818.0 0.9947101446753219
818.5 0.7718904887248357
819.0 0.6709344349849942
819.5 0.8668645188610111
820.0 1.6423120012843246
820.5 1.6526752467344958
821.0 1.0444831549456794
821.5 1.4066143650116218
822.0 0.5802540141633221
822.5 0.6499091936623402
823.0 1.8147645870925007
823.5 0.8139781616240205
824.0 2.435727054454173
824.5 2.1738941723375804
825.0 0.8493946656024263
825.5 0.645870454503009
826.0 0.9565025144815984
826.5 1.0562665920450625
827.0 1.1301530352099036
827.5 1.5299815866225375
828.0 1.8004348424445837
828.5 0.7557896946309459
829.0 0.8732938671906956
829.5 0.8748744000309872
830.0 1.1728940627126723
830.5 1.1414585114472662
831.0 1.55681303765241
831.5 0.7204233585046524
832.0 0.7908958632635983
832.5 0.9113234951681444
833.0 0.8068335304456793
833.5 1.5483667662079283
834.0 3.223982572965774
834.5 0.7447314658139379
835.0 0.7549870298129664
835.5 0.6434462613439407
836.0 0.9586504776962003
836.5 0.8691731673635226
837.0 1.1259801915953416
837.5 0.7190918327623341
838.0 1.4266661465933106
838.5 1.2853567947380156
839.0 1.5820985023457526
839.5 0.7583690868385333
840.0 0.9313592322922586
840.5 2.206095239670387
841.0 0.7364172718919405
841.5 0.5229158525191547
842.0 1.9531811595312887
842.5 1.0428133013808747
843.0 1.0995331517803268
843.5 1.3087953603879645
844.0 0.7453220025910154
844.5 1.7695772126184663
845.0 0.5067573903196523
845.5 1.0887060569110845
846.0 1.1832452051477418
846.5 1.0236272434590792
847.0 1.324361157695511
847.5 1.8612123323440588
848.0 1.4491861791602876
848.5 1.5988283640295609
849.0 1.1687808336683019
849.5 2.154937114971441
850.0 0.6610869698307531
850.5 0.9419255766160327
851.0 1.4163367693712463
851.5 2.2536585384459755
852.0 0.7332762978795888
852.5 0.9613424292424004
853.0 0.9710505383793997
853.5 0.8553998531808268
854.0 1.3980229993762117
854.5 1.1917672619189192
855.0 0.6927384332695212
855.5 1.6107426932558844
856.0 0.8207622160470167
856.5 0.7737747482630424
857.0 0.6288719496172628
857.5 1.3521510019851841
858.0 1.0875202690226606
858.5 1.9480234135167502
859.0 1.061255549476357
859.5 1.4267934620416252
860.0 2.1880911517413315
860.5 1.1786384992675498
861.0 1.284063784658132
861.5 1.6564020524006988
862.0 0.8077918133741122
862.5 1.2623495912849085
863.0 1.2749683235866227
863.5 1.0881887523087155
864.0 0.724619857795828
864.5 1.3951694868090938
865.0 1.4510800882430948
865.5 0.7677058393323496
866.0 1.354192293884771
866.5 0.8361109453894177
867.0 0.6840858830075061
867.5 1.6732748887864517
868.0 1.067065580951305
868.5 1.3487457780580971
869.0 1.0813582656406502
869.5 2.4307169563342508
870.0 0.7259944804575779
870.5 0.962995307664357
871.0 2.142568454791779
871.5 0.8370661604124096
872.0 1.7874528273284955
872.5 1.3046867097530208
873.0 0.9879719457315977
873.5 0.6875702551938334
874.0 0.7445526549244148
874.5 0.7993289645701189
875.0 2.240401952938055
875.5 0.6897235183175823
876.0 0.5283677785699471
876.5 0.9037803510231157
877.0 0.8794424815931084
877.5 0.6502734853792034
878.0 1.1094179747375057
878.5 1.8480689815056452
879.0 0.4933978795902006
879.5 1.0764880193117041
880.0 1.2894226876821513
880.5 0.6881782829453893
881.0 2.6256648604384836
881.5 1.783325602693651
882.0 1.4716289944090888
882.5 1.067065873768455
883.0 1.7601200219756685
883.5 1.314784303966766
884.0 0.7489037624838237
884.5 0.8176871310049227
885.0 0.8080874431936182
885.5 1.9310337050191995
886.0 1.2693193067704531
886.5 0.7600494546190368
887.0 0.8510375237275463
887.5 1.1807179723541044
888.0 1.005523618220101
888.5 0.7200056442429726
889.0 1.3675673265349073
889.5 0.7535801647167779
890.0 1.1734360234025458
890.5 0.8107712286382613
891.0 1.4124097192459772
891.5 0.9782056008171309
892.0 0.9228374280566829
892.5 0.8513551783111246
893.0 1.5814735853762745
893.5 1.583465971161248
894.0 1.7118393418174487
894.5 1.8785740208951893
895.0 1.5724104004687431
895.5 1.1402192210557178
896.0 1.460976924562615
896.5 0.8997267803124912
897.0 1.355524168580577
897.5 1.9828780592987454
898.0 1.401848815848886
898.5 0.8511700276442602
899.0 1.2639744415676195
899.5 1.2768846402135487
900.0 1.2834213152428555
900.5 1.7152095015635496
901.0 2.204908445311108
901.5 1.0872770961161546
902.0 0.8181523286351273
902.5 0.8019736859574822
903.0 1.1091157141790635
903.5 0.673087386783394
904.0 1.965495342334822
904.5 0.977850810386863
905.0 0.9631340662713629
905.5 0.5603286568828607
906.0 0.5457004235245038
906.5 1.091151153010601
907.0 0.7597527059917129
907.5 1.6959729891375241
908.0 0.7817945401046522
908.5 1.6212739943146206
909.0 1.3742129569433477
909.5 0.8882024602642928
910.0 0.9908072890587742
910.5 0.9661124219082684
911.0 1.1570419566490378
911.5 1.18807541315614
912.0 1.2298859586435982
912.5 1.6382421490638703
913.0 1.1709088421411575
913.5 1.806875612673704
914.0 1.4236885819908962
914.5 0.698512138548819
915.0 1.6718746027837295
915.5 0.8963667893061338
916.0 1.668445664968867
916.5 1.247551386150918
917.0 0.8967548658069742
917.5 1.0115607568197191
918.0 0.8767449274751435
918.5 0.9323619109702056
919.0 1.9574577209753659
919.5 1.8408223331412543
920.0 1.2645420156458158
920.5 1.0660931112917256
921.0 1.6211178118169967
921.5 1.991698669427642
922.0 1.0413191999696212
922.5 1.7366395396407166
923.0 0.7415554609856818
923.5 1.2766447025016503
924.0 0.7489095430470178
924.5 1.4011156995423308
925.0 1.010193755760177
925.5 0.7522873850088698
926.0 1.5397805641260904
926.5 0.5631402811353453
927.0 0.8663045809589959
927.5 1.193109033257091
928.0 0.7011128729628908
928.5 1.0648261223226385
929.0 0.62742619980984
929.5 0.5543497639139696
930.0 1.75981460291603
930.5 1.6831307997156457
931.0 1.3578009971159455
931.5 1.8350978618926246
932.0 1.832692329471079
932.5 1.1555704969320473
933.0 1.5316895011293146
933.5 1.6280407988091095
934.0 1.074314467937841
934.5 1.1005980499398627
935.0 0.6747010171746897
935.5 2.567204901412257
936.0 0.6154312581020984
936.5 1.3783750600258853
937.0 2.076822401043043
937.5 1.0118851793346455
938.0 1.036137990801559
938.5 1.1716422004032192
939.0 1.4523780265740167
939.5 2.0956497788891095
940.0 0.8251246247889751
940.5 0.9911399801017473
941.0 1.2077998083078776
941.5 0.9857812643891269
942.0 0.9170673557835496
942.5 1.8656961920341235
943.0 0.6353839981696043
943.5 1.0350240165989755
944.0 0.9501491761718007
944.5 1.0179399927145483
945.0 1.371996430830721
945.5 1.7543270468241792
946.0 1.84313621454532
946.5 1.0530958624542572
947.0 1.6707592551905832
947.5 1.095939682999847
948.0 1.1928915364286925
948.5 1.5037987037828424
949.0 1.643958173558003
949.5 0.6711667580467634
950.0 0.7966048592227819
950.5 1.2109068759257222
951.0 0.9417302399191032
951.5 0.9988343221147697
952.0 1.1025514054226424
952.5 2.019879534541079
953.0 1.0985122629082504
953.5 1.8111022543290858
954.0 0.8679716198653707
954.5 1.3689768400663285
955.0 0.9884874107910842
955.5 0.9635285359824577
956.0 0.7013010300631535
956.5 2.0582732429640647
957.0 0.990118420133427
957.5 0.7896364031080471
958.0 0.49638503036344916
958.5 0.8727308848090128
959.0 1.0007283853630278
959.5 0.6441939833278227
960.0 0.5795876793432686
960.5 1.765416552300207
961.0 1.6981992028912136
961.5 0.9892409151355429
962.0 0.9556736288844163
962.5 1.5625081457783745
963.0 0.921560312126843
963.5 1.2058870098700534
964.0 1.3372602821368007
964.5 2.446216403907429
965.0 0.8305470150581521
965.5 0.8401768041946196
966.0 1.988973191257686
966.5 1.4425591080313196
967.0 1.527585864543504
967.5 1.4174671879624896
968.0 1.2922711408912808
968.5 1.115294448500071
969.0 0.9061800170146893
969.5 0.9062442901442597
970.0 0.5204176323872816
970.5 1.4002961140042127
971.0 1.725285218945985
971.5 1.2528187520082767
972.0 0.8235442607717944
972.5 2.2093390479822514
973.0 1.3072229493555731
973.5 1.8199223967713318
974.0 1.3445451032061853
974.5 1.5123683902337768
975.0 1.6366871163414207
975.5 1.0125118699531486
976.0 0.5455423151452982
976.5 1.179548359167402
977.0 0.9913611188792975
977.5 1.343423582677361
978.0 1.460168185906395
978.5 1.3055624248682236
979.0 1.454562037841565
979.5 1.7185859602786713
980.0 0.8906960509224572
980.5 1.7623787321421658
981.0 0.7875569590836746
981.5 1.1063050610120173
982.0 1.5106758055472103
982.5 1.4155368626915046
983.0 1.6060295080365137
983.5 2.6975624435791277
984.0 0.9983468042797523
984.5 1.4484218678162515
985.0 0.7199840383278606
985.5 1.015280202565711
986.0 1.8929636577974087
986.5 2.544907094120523
987.0 0.9067234438294072
987.5 1.4316869886307186
988.0 0.8913765870796573
988.5 0.7298586580208842
989.0 1.9685973435669613
989.5 2.3320473091767235
990.0 1.278668898082901
990.5 0.6492960834250545
991.0 1.7910477833406424
991.5 0.9495660598729079
992.0 1.2566773816613703
992.5 1.8153155330753772
993.0 0.6544548411235136
993.5 1.718631042356726
994.0 0.9311930648380758
994.5 1.058750186454898
995.0 1.9992364223305805
995.5 0.5958116805430975
996.0 0.6850414850206228
996.5 1.1229495631060047
997.0 0.9929210565118122
997.5 1.9631064560858473
998.0 0.836187213676291
998.5 1.3600020721886221
999.0 1.4813380428495961
999.5 0.8498802998988592
1000.0 0.9020269383359533
1000.5 0.9582975239105668
1001.0 2.222946514027112
1001.5 0.6520587976903096
1002.0 1.5118794105586684
1002.5 1.2184869853061093
1003.0 0.9641031120203273
1003.5 0.8034665903050202
1004.0 0.7175271436665325
1004.5 1.6166204863009237
1005.0 1.9517982857440388
1005.5 1.2985296547149248
1006.0 2.370095899179935
1006.5 1.3405005929107108
1007.0 0.6253713770266547
1007.5 0.8480980702439602
1008.0 1.802043578275494
1008.5 1.1562224748404295
1009.0 1.1962151067387818
1009.5 1.4975693895573543
1010.0 0.6570584668242876
1010.5 1.635750090767289
1011.0 0.6742826439193468
1011.5 1.2024918042304837
1012.0 1.7570674254197831
1012.5 0.8848463232120718
1013.0 1.9357163339933665
1013.5 2.992533664989764
1014.0 1.9966617444735446
1014.5 1.710932029271563
1015.0 1.4041765531791084
1015.5 0.5617669066322108
1016.0 1.4726963566861362
1016.5 1.8576228912401245
1017.0 1.8044837958525113
1017.5 3.2261855082749995
1018.0 2.05289650427593
1018.5 1.0461844713648425
1019.0 0.6445732592388386
1019.5 1.0094218571720588
1020.0 1.7661005204877034
1020.5 1.129674520847994
1021.0 1.2297803675362076
1021.5 1.3030460815393297
1022.0 1.7390440790384674
1022.5 2.1576081340695223
1023.0 0.5747518469904171
1023.5 1.787104778195796
1024.0 0.6054193436298283
1024.5 0.9476579444691853
1025.0 0.6054611570509649
1025.5 1.4220257196152921
1026.0 1.5582500100083425
1026.5 1.854082858845746
1027.0 0.8819335017255412
1027.5 2.3596394204799207
1028.0 1.9407406498845772
1028.5 0.8858158761533097
1029.0 1.1454719284458896
1029.5 0.8492557252114403
1030.0 1.6603067553425763
1030.5 1.4406514007011857
1031.0 0.7010260273652166
1031.5 1.2373551095128383
1032.0 0.8514870740219069
1032.5 0.5420046965065928
1033.0 1.456237009891366
1033.5 1.5402669281439094
1034.0 0.9842284789724202
1034.5 0.9207915269986768
1035.0 1.2611412450563406
1035.5 2.245704682128615
1036.0 2.3055932226984264
1036.5 1.1043349551611383
1037.0 0.6717446395669797
1037.5 0.5300671755597647
1038.0 0.48282114816778354
1038.5 1.0043541233541677
1039.0 0.8048742410406291
1039.5 0.8257890438498685
1040.0 1.2119979909286405
1040.5 0.9027783913988976
1041.0 0.6092463211685991
1041.5 0.5491663163652036
1042.0 0.628605330683542
1042.5 1.2845553712281703
1043.0 0.4157307647996695
1043.5 1.8070383778306323
1044.0 1.2781844776860856
1044.5 0.9088278287102866
1045.0 2.0644158397017103
1045.5 2.179111804373273
1046.0 1.4706668828701839
1046.5 1.597454378612922
1047.0 1.2125307785803643
1047.5 1.4807140203274876
1048.0 1.0425248932414974
1048.5 1.2137173660266178
1049.0 1.3373139264920528
1049.5 1.0321280365665495
1050.0 0.7200228102638427
1050.5 2.295411916951147
1051.0 1.0006504225085575
1051.5 0.7918837787123385
1052.0 1.7724764913104964
1052.5 1.4594976356343365
1053.0 1.5193635144289632
1053.5 1.418030854895927
1054.0 0.8367614154342713
1054.5 1.8145881769570604
1055.0 1.3145402443099656
1055.5 1.0445116542226678
1056.0 1.0924980782695335
1056.5 0.4927727359947913
1057.0 1.075803791223196
1057.5 0.8071407468499541
1058.0 1.1185717204945647
1058.5 1.0480878652143084
1059.0 1.237797026103307
1059.5 0.9915186426979496
1060.0 1.3391967620349923
1060.5 1.9609120275449488
1061.0 2.3058457472533034
1061.5 0.9977298933332321
1062.0 1.1547557787334917
1062.5 1.3962313996275322
1063.0 1.612991009940079
1063.5 1.8865777734875566
1064.0 1.2312261269533784
1064.5 0.7790981842758397
1065.0 0.6019021380894238
1065.5 0.613745658629457
1066.0 1.2717710094003605
1066.5 0.693346880189793
1067.0 1.647306276172534
1067.5 0.989593276749718
1068.0 1.2323770152781721
1068.5 1.1854869423673136
1069.0 0.7931671890342109
1069.5 1.530315825910454
1070.0 0.9298445610026818
1070.5 0.47271136552291876
1071.0 1.6555759296656105
1071.5 1.641366001284488
1072.0 0.9828463172671118
1072.5 0.7688250593607714
1073.0 2.0633524440973106
1073.5 2.1388814807931382
1074.0 1.5315407535611087
1074.5 1.5015459685072556
1075.0 1.0544996894297398
1075.5 1.018070694580825
1076.0 1.8075981702715906
1076.5 0.8720337367992977
1077.0 1.3026110355611102
1077.5 1.7187651097300345
1078.0 1.3441112974248544
1078.5 2.070168187689455
1079.0 1.024719779152593
1079.5 0.7014163877231412
1080.0 0.6314321256240375
1080.5 0.49433837977899175
1081.0 1.0786895391830256
1081.5 1.1011122552057455
1082.0 0.9527220877634444
1082.5 1.527903848753346
1083.0 0.43365282102145464
1083.5 1.2156690863039628
1084.0 0.9661514585605835
1084.5 0.6151265951789083
1085.0 1.1454258481852535
1085.5 1.1007420155757859
1086.0 1.536417521603895
1086.5 1.1942650491500686
1087.0 1.229482056840664
1087.5 0.8560790641454757
1088.0 0.8042204130613244
1088.5 1.7933713281806938
1089.0 1.087510887080394
1089.5 2.6298370563233284
1090.0 1.0457921096465517
1090.5 1.9142993449105483
1091.0 2.7131201294299636
1091.5 0.8144475041189367
1092.0 2.2295488689185463
1092.5 1.482742462630124
1093.0 2.2354625193015556
1093.5 0.9878968241412206
1094.0 0.8791300004066823
1094.5 1.039743296125133
1095.0 1.4796591588995724
1095.5 0.6649341221780827
1096.0 2.114265188044233
1096.5 1.3890100224546043
1097.0 0.7345387245181952
1097.5 0.6354937823892336
1098.0 1.0525691628208937
1098.5 1.2329212043820064
1099.0 0.7382051804858356
1099.5 0.7056771114207363
1100.0 0.6881744685609847
1100.5 1.3154879351382163
1101.0 0.7535635923404336
1101.5 1.8057884234589237
1102.0 1.8208811194835064
1102.5 0.8364209229535743
1103.0 2.2375592276202303
1103.5 1.6306594009537336
1104.0 1.0112730808952755
1104.5 1.3020020812742878
1105.0 1.2351251307813884
1105.5 0.7311043879523436
1106.0 0.7798563630837698
1106.5 0.630345147049137
1107.0 0.7681753485289926
1107.5 2.260423266802991
1108.0 1.615252169972348
1108.5 0.9740282117502266
1109.0 1.1338515532445799
1109.5 1.6498866264494112
1110.0 0.9764131839474944
1110.5 0.9683424538018499
1111.0 0.8697791592731071
1111.5 1.1553158199047786
1112.0 1.6001659190708213
1112.5 0.6657498943976975
1113.0 0.970809906329464
1113.5 1.3059086656263577
1114.0 0.745623473647466
1114.5 1.4810104287480739
1115.0 2.2423917987947544
1115.5 1.376511158766057
1116.0 0.6210093814459228
1116.5 0.7284982270826514
1117.0 1.0059955901160191
1117.5 1.5455257763168906
1118.0 0.6692163686938433
1118.5 1.1038388451400267
1119.0 1.4072227697701591
1119.5 1.47011407894031
1120.0 1.5004242346204015
1120.5 1.7338277162065654
1121.0 1.3940730047895626
1121.5 0.8956589801033309
1122.0 1.1733559954265589
1122.5 1.0334899391039385
1123.0 1.0773019587822794
1123.5 2.1379452727571024
1124.0 0.7452052662609776
1124.5 2.303103126093059
1125.0 1.0858397186000999
1125.5 1.9290202615777436
1126.0 1.3775218558585536
1126.5 1.761016522490065
1127.0 0.8031784449448929
1127.5 1.7540689165676189
1128.0 1.4630905747527816
1128.5 1.3667456411609396
1129.0 0.8673586292327198
1129.5 1.226147361501415
1130.0 0.8626533940459261
1130.5 0.8870466736932126
1131.0 0.6549193470481487
1131.5 0.9828824856036156
1132.0 1.172176160144129
1132.5 1.5169424023082756
1133.0 1.3809074649334758
1133.5 0.8835434660813003
1134.0 1.0701289998848127
1134.5 1.441536852817314
1135.0 1.9664216564491606
1135.5 1.8770453287181161
1136.0 0.6407527675372109
1136.5 0.8031857042110515
1137.0 0.5318099000718071
1137.5 1.3924563738005313
1138.0 0.9166912787573495
1138.5 0.6960728009079373
1139.0 1.003763410200399
1139.5 1.832429468801955
1140.0 1.018327876685309
1140.5 0.6479762441109707
1141.0 0.849569329259118
1141.5 0.7130073656416704
1142.0 1.4275156306322798
1142.5 1.1809541531952585
1143.0 0.6690036170782089
1143.5 0.8142893542515122
1144.0 0.7492999137265548
1144.5 1.3162275480533525
1145.0 0.80209674556812
1145.5 1.8660664949998829
1146.0 0.9072420901389873
1146.5 1.3585553186260588
1147.0 0.7430833308895448
1147.5 1.3994269699081765
1148.0 0.8409696663000451
1148.5 1.714948980998073
1149.0 1.5511932387200882
1149.5 0.8814145376515103
1150.0 1.6466128686426968
1150.5 0.8456482615263897
1151.0 0.9792072644289744
1151.5 1.9057370081431313
1152.0 1.92800554105993
1152.5 1.1229170153130488
1153.0 1.8412415897809735
1153.5 0.8558725359925348
1154.0 0.8545308983828851
1154.5 2.90300608843748
1155.0 1.6585979754994011
1155.5 1.2391333612449458
1156.0 1.1221602723323778
1156.5 0.5229879851890413
1157.0 0.9869617217868514
1157.5 0.9014320755597929
1158.0 0.9582679606900664
1158.5 1.2785798289318424
1159.0 0.7340888090032518
1159.5 0.516161501599997
1160.0 0.8057803328854947
1160.5 1.7382238928095988
1161.0 1.7482070753284138
1161.5 0.9645954345417768
1162.0 1.4227550939056468
1162.5 0.510603454667276
1163.0 0.8057799505254852
1163.5 1.5674675185674025
1164.0 0.9150289929255779
1164.5 1.4984843354411064
1165.0 1.3941770449228525
1165.5 0.7906225240621516
1166.0 0.5784847627241582
1166.5 1.7867268824532665
1167.0 1.7021251295310935
1167.5 0.7380683851789593
1168.0 2.216879656127948
1168.5 0.4063521746423788
1169.0 1.5589146820740767
1169.5 1.8622885541318652
1170.0 1.2350428272254446
1170.5 1.1158952690509145
1171.0 1.2576687056176352
1171.5 2.1188855138037272
1172.0 1.239772365175577
1172.5 1.9996183131189877
1173.0 1.2057868806501966
1173.5 0.8318527150014201
1174.0 1.054277676802357
1174.5 1.685704778262406
1175.0 1.312586952440264
1175.5 0.7998166461530736
1176.0 1.224319619266113
1176.5 0.9606835402990335
1177.0 0.6060346185066556
1177.5 1.2678100609799092
1178.0 0.7810282126523157
1178.5 1.0620076537792036
1179.0 0.8704375858238428
1179.5 1.5194184506441983
1180.0 0.9961867547109097
1180.5 1.7247441752282848
1181.0 1.5926067399224433
1181.5 1.5780092066074076
1182.0 1.6647171197794166
1182.5 1.1638990513571197
1183.0 0.7560485713069643
1183.5 0.6357942171624302
1184.0 1.7146835219365066
1184.5 1.585097186328867
1185.0 1.2605446815121772
1185.5 1.4185872393129295
1186.0 1.2212297892557427
1186.5 2.705461949261494
1187.0 0.8066164164964251
1187.5 1.5227234352365318
1188.0 0.6948194136031769
1188.5 1.2099532154208454
1189.0 0.6242360074436625
1189.5 1.5749471035231704
1190.0 1.9826662524731042
1190.5 0.6212582044313766
1191.0 1.1948047707287968
1191.5 1.0811768697529422
1192.0 0.7711703192268905
1192.5 1.9358842786623476
1193.0 0.9596814320934811
1193.5 1.4197489706758044
1194.0 0.7331006580743121
1194.5 0.4272061370423209
1195.0 1.2954081088602474
1195.5 1.3604042969243366
1196.0 0.5594320033423934
1196.5 0.7576397035071716
1197.0 0.7077485466662341
1197.5 1.4678922188264212
1198.0 1.4134128998967053
1198.5 1.1949828196914152
1199.0 2.0404637310516938
1199.5 1.5626024014481121
1200.0 1.1919479511958346
1200.5 0.756306008432613
1201.0 0.8893529041162083
1201.5 2.3213531302761776
1202.0 0.3912354432532976
1202.5 0.6469239460911883
1203.0 1.8885002700657938
1203.5 1.3010648938599458
1204.0 1.7345593862129582
1204.5 0.7633255844083531
1205.0 1.1065762378728379
1205.5 0.5774233378821942
1206.0 0.8945947036117162
1206.5 0.7821634851658212
1207.0 1.806933840933643
1207.5 1.3563731435534918
1208.0 2.001510470495582
1208.5 1.0477444112517518
1209.0 0.4264502406848893
1209.5 1.638110942886006
1210.0 0.8589353986782156
1210.5 1.0915617406043936
1211.0 1.449123416198148
1211.5 0.9346586056813009
1212.0 0.949243968646894
1212.5 1.010726478152405
1213.0 0.8978583041819516
1213.5 1.1090302297047754
1214.0 0.523989692544049
1214.5 0.8441367944448609
1215.0 1.007679416044653
1215.5 1.7314999363839447
1216.0 1.2376283682151776
1216.5 0.8130957078233121
1217.0 1.044114532774637
1217.5 0.6187649817729168
1218.0 1.4671489817016703
1218.5 0.7731894429556592
1219.0 1.0364707929865424
1219.5 1.1062342132012142
1220.0 0.7527230775505467
1220.5 1.4137408987643587
1221.0 1.8347161196369683
1221.5 0.8725851041404685
1222.0 1.7802421253026088
1222.5 1.4744897167870836
1223.0 0.902329775158266
1223.5 0.8996414188411423
1224.0 1.6046889483281999
1224.5 0.638417241301031
1225.0 0.8537040815352519
1225.5 1.3740096269464481
1226.0 1.4724427929865072
1226.5 1.1821402833668841
1227.0 2.184703502632052
1227.5 1.1504137183236258
1228.0 1.2098114863647906
1228.5 0.84575510373748
1229.0 1.4684744430460137
1229.5 1.6040522509552722
1230.0 1.1550815450005987
1230.5 1.5720644174729563
1231.0 1.054844600400446
1231.5 0.9004913185659164
1232.0 0.7461775506411037
1232.5 1.3056419507838466
1233.0 0.8732729667483943
1233.5 1.1906642730350154
1234.0 1.519459115471172
1234.5 1.9445036724674227
1235.0 1.5729938504239942
1235.5 1.2305251034995843
1236.0 0.9622106261423884
1236.5 1.6619201835800885
1237.0 0.7425088274566176
1237.5 1.4860309449851898
1238.0 0.7461725908718062
1238.5 1.1629436121350845
1239.0 1.2356717495417948
1239.5 1.3866014917280056
1240.0 0.893773247584062
1240.5 1.1102668603939707
1241.0 0.9581031536226199
1241.5 1.6094905374823516
1242.0 1.8223004917367014
1242.5 0.9305515255557204
1243.0 0.7319453976307714
1243.5 0.8302682425998538
1244.0 0.5800520578533931
1244.5 0.8147205914411347
1245.0 0.9713339778589459
1245.5 1.0072225118495737
1246.0 1.2160350671705484
1246.5 1.2624467256468117
1247.0 1.9164303506922362
1247.5 0.9904421892100556
1248.0 0.3492842919804944
1248.5 1.1037095692330174
1249.0 2.3568105502248002
1249.5 1.725221097978834
1250.0 1.8347734482612346
1250.5 1.1995662710720034
1251.0 1.235451084347656
1251.5 1.2191042363499465
1252.0 2.0033450849149554
1252.5 0.36714390974365557
1253.0 0.9925686615340406
1253.5 1.6793179687182882
1254.0 1.2044097284912922
1254.5 1.9555367275023825
1255.0 0.8628913080098948
1255.5 1.7989583809287202
1256.0 1.323988014639883
1256.5 1.0534687114756054
1257.0 1.2131798223111265
1257.5 1.2271731764637015
1258.0 1.839627704339107
1258.5 1.3225431331595991
1259.0 1.1297202921826943
1259.5 1.0912514159261928
1260.0 0.918823470946354
1260.5 1.1197340019354454
1261.0 0.7782821678862744
1261.5 1.3947067748770792
1262.0 1.8958979950825974
1262.5 0.6000832166967278
1263.0 0.7881488896184514
1263.5 1.9208218369450878
1264.0 1.6018053502928564
1264.5 1.0224684513098201
1265.0 0.8180430161153623
1265.5 1.1186162070642534
1266.0 2.0901593113843813
1266.5 0.2462227692500243
1267.0 0.8873500952820115
1267.5 0.8351085147010882
1268.0 1.5751908208776944
1268.5 0.972986024599271
1269.0 0.869415573059716
1269.5 1.4120266913665351
1270.0 1.7318379076615709
1270.5 0.5152980245294856
1271.0 1.3323710062620926
1271.5 0.39790219178833586
1272.0 1.5413573155817795
1272.5 1.97452767590774
1273.0 0.8223657789191886
1273.5 1.8356559172317937
1274.0 1.2634415265055299
1274.5 1.0350140339796048
1275.0 1.0865530944454287
1275.5 0.891424292391489
1276.0 1.760680153839529
1276.5 0.8666630391960943
1277.0 1.3616111179114045
1277.5 1.3161305382418849
1278.0 2.1051775020626864
1278.5 1.569781077238815
1279.0 1.1513911585810372
1279.5 0.6859291620462705
1280.0 0.838729191020846
1280.5 1.2601694945818243
1281.0 1.2215636588260828
1281.5 0.6450480450131009
1282.0 1.1444356372348046
1282.5 0.4277800665313296
1283.0 0.6591633291603938
1283.5 1.0401118648082877
1284.0 1.0566952306530255
1284.5 0.6604776491759723
1285.0 1.6165148500714892
1285.5 1.6432624040625823
1286.0 1.0091094290388736
1286.5 0.7826854440981161
1287.0 0.30740495584042415
1287.5 1.7009663128989427
1288.0 0.6996402773743582
1288.5 0.9072629546126074
1289.0 1.2763058781896903
1289.5 1.0493895794110377
1290.0 1.4143520559856002
1290.5 1.8649174358171758
1291.0 1.645899222891365
1291.5 0.5855250962713392
1292.0 0.6973745291190551
1292.5 1.1411230707095736
1293.0 1.597139557120569
1293.5 2.266565311189937
1294.0 1.367498732549345
1294.5 1.7887233083707557
1295.0 0.8009508205491811
1295.5 1.3424627428434048
1296.0 0.8589268241823708
1296.5 0.7999380627199253
1297.0 1.2169851054754495
1297.5 0.9899528581056618
1298.0 1.250210763702894
1298.5 0.8681866993416362
1299.0 0.7722864207440898
1299.5 1.056569931834074
1300.0 0.6639396153071437
1300.5 0.9827238406110093
1301.0 0.842427200940901
1301.5 1.5462792385109176
1302.0 1.6053477472831452
1302.5 0.6063769496379411
1303.0 1.1569204367813148
1303.5 0.2203434311476442
1304.0 0.8691697732177028
1304.5 1.033487531466739
1305.0 0.6819456467881716
1305.5 0.9055452472722938
1306.0 1.0113661953564028
1306.5 1.0534556267190323
1307.0 0.8021399568939076
1307.5 2.4488898954072393
1308.0 1.1038659257192247
1308.5 1.2441738451227864
1309.0 1.4202422041378915
1309.5 0.7587441033398363
1310.0 3.0413176735149263
1310.5 1.1188152765652797
1311.0 1.1551248888481225
1311.5 0.7139810831640581
1312.0 1.4710638104629423
1312.5 1.026011376433581
1313.0 0.6500156647661498
1313.5 1.4268660054249875
1314.0 2.018183793196304
1314.5 0.7121980728161528
1315.0 1.7226794174811293
1315.5 0.32270453109581654
1316.0 1.697948156584286
1316.5 1.5526698104987977
1317.0 1.1430594963006495
1317.5 1.8284885241721736
1318.0 1.183533233312803
1318.5 0.9919852860356364
1319.0 0.8581271081131987
1319.5 0.823018579237514
1320.0 1.6113645199656275
1320.5 0.7782417390453971
1321.0 1.356062839037028
1321.5 1.035937603984388
1322.0 0.9343804380581435
1322.5 0.7713478437313317
1323.0 1.4249282702944481
1323.5 0.900227920705599
1324.0 0.9302371505883249
1324.5 0.6613065606644308
1325.0 1.4979119917481314
1325.5 1.3602854240536875
1326.0 0.7740023114343257
1326.5 0.7460561706841756
1327.0 1.8759011689427834
1327.5 0.7680474352720611
1328.0 0.8106581816900698
1328.5 1.2865652472414164
1329.0 0.9528230248841452
1329.5 0.682942377541782
1330.0 0.9781341051211934
1330.5 1.3560751278841805
1331.0 0.7549610525195549
1331.5 1.0710667374259635
1332.0 0.525493946277463
1332.5 0.881740361845383
1333.0 0.7384462093406586
1333.5 1.0489707086780722
1334.0 1.3034793909584916
1334.5 1.549353208042033
1335.0 0.5734433404929523
1335.5 0.7420104063542662
1336.0 1.8492414704783657
1336.5 0.757362562290423
1337.0 1.1251469476223925
1337.5 2.2100916357017097
1338.0 0.5302685322648474
1338.5 1.1358613343573054
1339.0 1.446888273186368
1339.5 0.991698159992404
1340.0 1.2080611496272544
1340.5 1.1895035609743014
1341.0 0.8348417628539064
1341.5 0.6126579374953456
1342.0 2.1536071605747544
1342.5 1.0692035676043103
1343.0 1.0650937750798277
1343.5 1.0701210591801869
1344.0 1.04031090744987
1344.5 1.1685202650003421
1345.0 1.0225398311034637
1345.5 0.9704691578836465
1346.0 0.7727317213811745
1346.5 0.6359908391636236
1347.0 0.7724193238761614
1347.5 0.9684402823393143
1348.0 0.9000427024294027
1348.5 1.0178741502003588
1349.0 1.6654132784865308
1349.5 1.7615703929793507
1350.0 0.7956419134140258
1350.5 1.1952088745627143
1351.0 1.9492806560984008
1351.5 1.398163873432836
1352.0 0.593397142074507
1352.5 0.32714769046270686
1353.0 0.8524024996816477
1353.5 1.1621193095927294
1354.0 0.6214720053729658
1354.5 1.15260187458098
1355.0 1.1013428191099486
1355.5 0.7041103070234436
1356.0 0.8243616905172104
1356.5 0.5668865858381249
1357.0 0.830013606385658
1357.5 0.5504163757423656
1358.0 0.8828886452460454
1358.5 2.1683053639935954
1359.0 0.6179950658771274
1359.5 0.8714194331315164
1360.0 0.966368339058112
1360.5 1.7080784524470851
1361.0 1.3265336450934748
1361.5 0.795488413071773
1362.0 0.7081023936084461
1362.5 1.1499915381139565
1363.0 1.546732547790209
1363.5 1.0649757796658192
1364.0 1.9905917446266677
1364.5 1.4281538004567655
1365.0 2.031329792138028
1365.5 0.9622472651071075
1366.0 1.9286390672175135
1366.5 0.7961567792847064
1367.0 1.7150416023513733
1367.5 1.0917386972175975
1368.0 1.1374133732402796
1368.5 0.7532105455206217
1369.0 0.8053790585010536
1369.5 1.366297383900989
1370.0 1.0663789309897553
1370.5 2.144508345857159
1371.0 1.4730907701921294
1371.5 0.9948269835332992
1372.0 1.7233035685009814
1372.5 0.5191129411233933
1373.0 0.7848348585503487
1373.5 1.375718388149917
1374.0 0.7997797282017974
1374.5 1.1567499411600033
1375.0 1.8665304060596695
1375.5 1.3356943857115422
1376.0 0.8346832396159618
1376.5 0.6104643688852152
1377.0 1.1168368022054462
1377.5 1.7759814858796736
1378.0 0.6792377185115586
1378.5 1.2393032435362632
1379.0 1.207182327083764
1379.5 0.7150871767496364
1380.0 1.5696793401365752
1380.5 0.7246856011569238
1381.0 1.2670652304340617
1381.5 1.1234649529019793
1382.0 0.8382613530628032
1382.5 0.36920274001914244
1383.0 0.6823246941161129
1383.5 1.1676385290351032
1384.0 1.4421039094658343
1384.5 2.933061637645304
1385.0 0.6295572079533411
1385.5 1.5024665631162664
1386.0 1.016341781312919
1386.5 0.9363382668378599
1387.0 0.8530100486501626
1387.5 0.7363924297744511
1388.0 1.2615070082779907
1388.5 1.208546808196495
1389.0 1.8005898238336067
1389.5 1.7729143469303232
1390.0 0.9288199732558549
1390.5 1.2244958990586783
1391.0 1.9210519723118633
1391.5 1.2175768216304008
1392.0 1.7001185580614426
1392.5 1.7635806373414966
1393.0 1.3331563392281243
1393.5 0.5708239752824202
1394.0 1.196810989436564
1394.5 1.1146222525602307
1395.0 0.8709385444325013
1395.5 1.1408351860918429
1396.0 1.0133186178688427
1396.5 0.487367426779044
1397.0 1.6847112467051948
1397.5 1.1653904651803852
1398.0 0.6734199021268739
1398.5 1.5468047912358445
1399.0 0.7554821497044849
1399.5 1.2614302483403121
1400.0 2.3714739158145974
1400.5 1.366071929241563
1401.0 0.6133664971450045
1401.5 1.2706390167889947
1402.0 0.9464556396294825
1402.5 2.4335241224029653
1403.0 1.261472941194339
1403.5 1.1424717944836715
1404.0 0.48126040236719647
1404.5 2.0442518398680067
1405.0 2.215274997322698
1405.5 1.3824742245109414
1406.0 0.5762453738483135
1406.5 1.311720218481839
1407.0 1.5850394038509434
1407.5 0.5387010735827279
1408.0 0.6194980931084704
1408.5 1.2961376382426206
1409.0 1.1093917677885767
1409.5 1.1788914862475033
1410.0 1.5193690591778957
1410.5 0.7517810779804384
1411.0 1.0955507094206829
1411.5 1.1828551539764867
1412.0 1.4189041905901463
1412.5 0.9850729711254252
1413.0 0.9180820462792509
1413.5 0.7741596450259707
1414.0 0.7069004032744204
1414.5 1.099241143182141
1415.0 0.6418290893212574
1415.5 0.46994169641718075
1416.0 0.64350766925549
1416.5 1.575709323392262
1417.0 0.9682993800321028
1417.5 0.7056892813723354
1418.0 0.37475340630886983
1418.5 0.8482428833326794
1419.0 0.9456200538288179
1419.5 0.6868474286437463
1420.0 1.0375793544299343
1420.5 1.2470125785560304
1421.0 0.6403331025162622
1421.5 1.128512634607235
1422.0 0.9541317014752846
1422.5 1.2849483588429016
1423.0 0.8175616575400177
1423.5 0.9822927616021435
1424.0 0.9193250142228416
1424.5 0.8788936188724059
1425.0 1.3655119069980732
1425.5 1.3911528794005155
1426.0 1.1051231541399087
1426.5 0.5794789916079214
1427.0 1.6608237146190172
1427.5 0.9219752458696238
1428.0 1.956768069642145
1428.5 1.0208401978143087
1429.0 0.7972481854431336
1429.5 1.1641100950012433
1430.0 1.2695760350565974
1430.5 2.1214334060229834
1431.0 1.3938519935651925
1431.5 0.7588797736694366
1432.0 0.9873594370427088
1432.5 0.8726274339572343
1433.0 1.8023651153474256
1433.5 0.9381637669394614
1434.0 0.6477367401913278
1434.5 2.092454376436178
1435.0 0.5203881425806784
1435.5 2.334033618221239
1436.0 1.5566060547946188
1436.5 1.3239625347862938
1437.0 1.0615316279518363
1437.5 1.7234222447473448
1438.0 0.5900904684773531
1438.5 1.1346903681625533
1439.0 0.668336966198477
1439.5 0.8861040376699165
