0.0  0.172544
0.5  1.176256
1.0  0.130576
1.5  1.050912
2.0  0.188928
2.5  1.368432
3.0  0.126024
3.5  1.071056
4.0  0.135456
4.5  0.984944
5.0  0.137168
5.5  1.263888
6.0  0.215296
6.5  1.5014
7.0  0.165728
7.5  1.241344
8.0  0.169608
8.5  1.24432
9.0  0.217208
9.5  1.0376
10.0  0.130408
10.5  1.167536
11.0  0.125384
11.5  1.174944
12.0  0.228904
12.5  1.1208
13.0  0.121816
13.5  1.122176
14.0  0.15908
14.5  1.365256
15.0  0.14392
15.5  1.145664
16.0  0.13964
16.5  1.187872
17.0  0.130992
17.5  1.291504
18.0  0.130304
18.5  1.10128
19.0  0.131248
19.5  1.149904
20.0  0.132312
20.5  1.159312
21.0  0.13596
21.5  1.21828
22.0  0.137464
22.5  1.215104
23.0  0.128936
23.5  1.05608
24.0  0.157448
24.5  1.419344
25.0  0.230936
25.5  1.57664
26.0  0.130168
26.5  1.0076
27.0  0.122368
27.5  0.832184
28.0  0.17536
28.5  1.27184
29.0  0.279968
29.5  1.3516
30.0  0.167416
30.5  1.265248
31.0  0.129056
31.5  1.191568
32.0  0.13652
32.5  1.03944
33.0  0.141192
33.5  1.193952
34.0  0.14396
34.5  1.204784
35.0  0.155888
35.5  1.239664
36.0  0.14588
36.5  1.248
37.0  0.132272
37.5  1.0572
38.0  0.191568
38.5  1.504864
39.0  0.123904
39.5  1.040984
40.0  0.147664
40.5  1.174848
41.0  0.145424
41.5  1.3392
42.0  0.221064
42.5  1.031632
43.0  0.147376
43.5  1.248992
44.0  0.128392
44.5  0.976784
45.0  0.15868
45.5  1.245456
46.0  0.127216
46.5  1.195936
47.0  0.13396
47.5  1.169984
48.0  0.275536
48.5  1.3286
49.0  0.333024
49.5  1.141416
50.0  0.135256
50.5  1.163032
51.0  0.145984
51.5  1.20824
52.0  0.19396
52.5  1.190904
53.0  0.14924
53.5  1.338592
54.0  0.138688
54.5  1.209288
55.0  0.23024
55.5  1.455424
56.0  0.135384
56.5  1.024
57.0  0.161264
57.5  1.13704
58.0  0.13996
58.5  1.177232
59.0  0.261952
59.5  1.489264
60.0  0.217688
60.5  1.155656
61.0  0.131192
61.5  1.0264
62.0  0.132392
62.5  0.99792
63.0  0.15024
63.5  1.476544
64.0  0.13404
64.5  1.00008
65.0  0.219664
65.5  1.221872
66.0  0.161952
66.5  1.184544
67.0  0.21388
67.5  1.306768
68.0  0.191056
68.5  1.082608
69.0  0.280096
69.5  1.420232
70.0  0.2162
70.5  1.42728
71.0  0.28528
71.5  1.451936
72.0  0.217928
72.5  0.977064
73.0  0.123496
73.5  0.818752
74.0  0.12408
74.5  1.152256
75.0  0.208872
75.5  1.254016
76.0  0.255696
76.5  1.326256
77.0  0.16696
77.5  1.146624
78.0  0.21108
78.5  1.405296
79.0  0.192216
79.5  1.193648
80.0  0.140784
80.5  1.190592
81.0  0.213664
81.5  1.323584
82.0  0.128816
82.5  1.029376
83.0  0.1608
83.5  1.147248
84.0  0.125416
84.5  0.964416
85.0  0.13
85.5  1.311056
86.0  0.13468
86.5  1.061104
87.0  0.167384
87.5  1.240472
88.0  0.231712
88.5  1.307232
89.0  0.313144
89.5  1.217696
90.0  0.208152
90.5  1.124864
91.0  0.19156
91.5  1.290704
92.0  0.139776
92.5  1.102448
93.0  0.188832
93.5  1.2734
94.0  0.131376
94.5  1.06504
95.0  0.1896
95.5  1.36744
96.0  0.258552
96.5  1.453216
97.0  0.140704
97.5  1.157072
98.0  0.142312
98.5  0.995408
99.0  0.135888
99.5  1.126832
100.0  0.134192
100.5  0.96904
101.0  0.17488
101.5  1.321056
102.0  0.218096
102.5  1.088064
103.0  0.13644
103.5  1.299056
104.0  0.128248
104.5  1.10296
105.0  0.136984
105.5  1.115528
106.0  0.251456
106.5  1.520192
107.0  0.130872
107.5  1.01472
108.0  0.156176
108.5  1.199664
109.0  0.225192
109.5  1.083264
110.0  0.178184
110.5  1.50024
111.0  0.13148
111.5  0.938288
112.0  0.184936
112.5  1.251312
113.0  0.155792
113.5  1.287632
114.0  0.152032
114.5  1.233984
115.0  0.126376
115.5  1.104096
116.0  0.260152
116.5  1.57896
117.0  0.165648
117.5  0.996624
118.0  0.15396
118.5  1.164816
119.0  0.134608
119.5  1.180016
120.0  0.178632
120.5  1.186472
121.0  0.134752
121.5  1.001168
122.0  0.213224
122.5  1.328112
123.0  0.166824
123.5  0.997744
124.0  0.162672
124.5  1.239376
125.0  0.165392
125.5  1.26624
126.0  0.135424
126.5  1.218744
127.0  0.139408
127.5  1.12784
128.0  0.166296
128.5  1.03224
129.0  0.221912
129.5  1.160288
130.0  0.205472
130.5  1.349184
131.0  0.131768
131.5  1.249648
132.0  0.32124
132.5  1.5096
133.0  0.226824
133.5  1.247712
134.0  0.142976
134.5  1.097584
135.0  0.136224
135.5  1.039744
136.0  0.139128
136.5  1.159296
137.0  0.132
137.5  1.250576
138.0  0.129488
138.5  1.123448
139.0  0.126856
139.5  1.02528
140.0  0.182264
140.5  1.360736
141.0  0.124976
141.5  1.178112
142.0  0.140048
142.5  1.181872
143.0  0.125968
143.5  1.030416
144.0  0.141688
144.5  1.263216
145.0  0.130464
145.5  1.080944
146.0  0.133304
146.5  1.252704
147.0  0.143448
147.5  1.208616
148.0  0.206944
148.5  1.440704
149.0  0.227888
149.5  1.268032
150.0  0.166488
150.5  1.26648
151.0  0.12684
151.5  0.90232
152.0  0.15792
152.5  1.304016
153.0  0.162384
153.5  1.278056
154.0  0.177896
154.5  1.274144
155.0  0.128104
155.5  1.104944
156.0  0.173384
156.5  1.306528
157.0  0.142048
157.5  1.145776
158.0  0.145784
158.5  1.06584
159.0  0.158224
159.5  1.218088
160.0  0.132552
160.5  1.253328
161.0  0.131256
161.5  1.198864
162.0  0.16888
162.5  1.02736
163.0  0.257064
163.5  1.4672
164.0  0.187928
164.5  1.245376
165.0  0.143064
165.5  1.143056
166.0  0.175752
166.5  1.298112
167.0  0.156352
167.5  0.964464
168.0  0.209936
168.5  1.298752
169.0  0.215056
169.5  0.86096
170.0  0.136552
170.5  1.187728
171.0  0.210544
171.5  1.477752
172.0  0.137424
172.5  1.024688
173.0  0.163712
173.5  1.314912
174.0  0.133936
174.5  1.050128
175.0  0.16588
175.5  1.288368
176.0  0.141096
176.5  1.053344
177.0  0.13864
177.5  1.182
178.0  0.131792
178.5  1.254304
179.0  0.131656
179.5  0.99416
180.0  0.135896
180.5  1.216208
181.0  0.21444
181.5  1.551504
182.0  0.13316
182.5  1.050592
183.0  0.223544
183.5  1.452512
184.0  0.118016
184.5  0.922464
185.0  0.21808
185.5  1.467056
186.0  0.133472
186.5  1.124088
187.0  0.219944
187.5  1.528128
188.0  0.159968
188.5  0.949792
189.0  0.220752
189.5  1.112832
190.0  0.122608
190.5  1.069936
191.0  0.121608
191.5  1.130096
192.0  0.178936
192.5  1.086184
193.0  0.183032
193.5  1.22096
194.0  0.166264
194.5  1.272896
195.0  0.133776
195.5  1.2024
196.0  0.12652
196.5  1.082912
197.0  0.154936
197.5  1.363856
198.0  0.132
198.5  1.183392
199.0  0.13992
199.5  1.165136
200.0  0.130056
200.5  1.112992
201.0  0.175464
201.5  1.417136
202.0  0.129376
202.5  1.173104
203.0  0.134544
203.5  1.11824
204.0  0.126776
204.5  1.11116
205.0  0.127176
205.5  1.236736
206.0  0.130168
206.5  1.229504
207.0  0.154488
207.5  1.177152
208.0  0.15844
208.5  1.3396
209.0  0.247056
209.5  1.372128
210.0  0.131096
210.5  1.141584
211.0  0.146424
211.5  1.332592
212.0  0.131336
212.5  1.06784
213.0  0.168288
213.5  1.336048
214.0  0.125448
214.5  1.116864
215.0  0.175544
215.5  1.392496
216.0  0.168984
216.5  1.050112
217.0  0.125296
217.5  1.011936
218.0  0.150784
218.5  1.25048
219.0  0.153504
219.5  1.13156
220.0  0.1218
220.5  1.088384
221.0  0.12244
221.5  1.159008
222.0  0.174128
222.5  1.199312
223.0  0.189536
223.5  1.33648
224.0  0.12684
224.5  1.09336
225.0  0.1306
225.5  1.195736
226.0  0.128936
226.5  1.109104
227.0  0.127112
227.5  1.333984
228.0  0.15172
228.5  1.13648
229.0  0.232024
229.5  1.128224
230.0  0.152824
230.5  1.325728
231.0  0.149128
231.5  1.298592
232.0  0.124376
232.5  0.956768
233.0  0.1482
233.5  1.25528
234.0  0.127472
234.5  1.086368
235.0  0.149256
235.5  1.366896
236.0  0.120712
236.5  1.116608
237.0  0.142856
237.5  1.221048
238.0  0.141168
238.5  1.179392
239.0  0.15056
239.5  1.329072
240.0  0.181216
240.5  1.150048
241.0  0.134176
241.5  1.095184
242.0  0.180024
242.5  1.327552
243.0  0.134808
243.5  1.098384
244.0  0.220936
244.5  1.497552
245.0  0.137472
245.5  1.078224
246.0  0.155032
246.5  1.241552
247.0  0.155208
247.5  1.130864
248.0  0.165864
248.5  1.12344
249.0  0.23992
249.5  1.032512
250.0  0.181
250.5  1.41624
251.0  0.1246
251.5  1.058816
252.0  0.193536
252.5  1.12292
253.0  0.200328
253.5  1.232704
254.0  0.163408
254.5  1.236968
255.0  0.147568
255.5  1.209792
256.0  0.158112
256.5  1.206528
257.0  0.1246
257.5  0.989952
258.0  0.134864
258.5  1.249544
259.0  0.131176
259.5  1.196928
260.0  0.136456
260.5  1.196672
261.0  0.129264
261.5  1.146928
262.0  0.20292
262.5  1.440704
263.0  0.19292
263.5  1.340896
264.0  0.138248
264.5  1.099328
265.0  0.122232
265.5  0.942384
266.0  0.221376
266.5  1.273008
267.0  0.161456
267.5  1.28416
268.0  0.207024
268.5  1.197728
269.0  0.2162
269.5  1.077936
270.0  0.136144
270.5  1.097368
271.0  0.151344
271.5  1.250624
272.0  0.20776
272.5  1.370608
273.0  0.17648
273.5  1.117328
274.0  0.298608
274.5  1.552736
275.0  0.190056
275.5  1.180144
276.0  0.15904
276.5  1.210016
277.0  0.136856
277.5  1.070912
278.0  0.190904
278.5  1.199664
279.0  0.175544
279.5  1.18912
280.0  0.173632
280.5  1.293552
281.0  0.145512
281.5  1.186896
282.0  0.199872
282.5  1.208784
283.0  0.184912
283.5  1.042272
284.0  0.149688
284.5  1.226448
285.0  0.156984
285.5  1.235784
286.0  0.147456
286.5  1.103408
287.0  0.1754
287.5  1.287824
288.0  0.176896
288.5  1.222896
289.0  0.243528
289.5  1.204608
290.0  0.14088
290.5  1.171024
291.0  0.167544
291.5  1.145016
292.0  0.182768
292.5  1.384336
293.0  0.127912
293.5  1.0772
294.0  0.137496
294.5  1.065552
295.0  0.127736
295.5  1.050592
296.0  0.130616
296.5  1.132128
297.0  0.144168
297.5  1.22792
298.0  0.133776
298.5  1.227232
299.0  0.147752
299.5  1.31736
300.0  0.128776
300.5  1.102192
301.0  0.137792
301.5  1.286576
302.0  0.154464
302.5  1.152096
303.0  0.191504
303.5  1.269736
304.0  0.128568
304.5  1.150032
305.0  0.127112
305.5  1.077312
306.0  0.125264
306.5  1.201584
307.0  0.121824
307.5  1.041472
308.0  0.166376
308.5  1.206864
309.0  0.281872
309.5  1.475056
310.0  0.128168
310.5  1.170976
311.0  0.156896
311.5  1.332624
312.0  0.191424
312.5  1.140288
313.0  0.212008
313.5  1.28544
314.0  0.16996
314.5  1.238288
315.0  0.172736
315.5  1.217728
316.0  0.127304
316.5  1.06056
317.0  0.196264
317.5  1.48152
318.0  0.126944
318.5  0.995784
319.0  0.152616
319.5  1.230448
320.0  0.128464
320.5  1.0228
321.0  0.145432
321.5  1.212304
322.0  0.125904
322.5  1.214224
323.0  0.125968
323.5  1.160256
324.0  0.128848
324.5  1.120376
325.0  0.123352
325.5  1.260384
326.0  0.16956
326.5  1.289296
327.0  0.124896
327.5  1.08088
328.0  0.298048
328.5  1.647872
329.0  0.211176
329.5  1.045408
330.0  0.127688
330.5  1.060256
331.0  0.125336
331.5  1.075952
332.0  0.128576
332.5  1.10912
333.0  0.127264
333.5  1.119696
334.0  0.123216
334.5  1.108752
335.0  0.131424
335.5  1.271968
336.0  0.128488
336.5  1.271704
337.0  0.131536
337.5  1.195168
338.0  0.135032
338.5  1.008096
339.0  0.128112
339.5  1.296624
340.0  0.125552
340.5  1.19152
341.0  0.149792
341.5  1.241536
342.0  0.21624
342.5  1.13016
343.0  0.150984
343.5  1.311248
344.0  0.140616
344.5  1.208304
345.0  0.163504
345.5  1.24416
346.0  0.133312
346.5  1.237984
347.0  0.125992
347.5  1.195904
348.0  0.1514
348.5  1.053808
349.0  0.222104
349.5  1.105744
350.0  0.171104
350.5  1.332496
351.0  0.13292
351.5  1.177928
352.0  0.16116
352.5  1.292912
353.0  0.123336
353.5  1.034016
354.0  0.164976
354.5  1.344048
355.0  0.125352
355.5  1.164144
356.0  0.120312
356.5  0.939952
357.0  0.1334
357.5  1.331768
358.0  0.287712
358.5  1.640104
359.0  0.14184
359.5  1.02968
360.0  0.17432
360.5  1.348288
361.0  0.125248
361.5  1.062752
362.0  0.214752
362.5  1.356656
363.0  0.141904
363.5  1.125336
364.0  0.1962
364.5  1.38792
365.0  0.12616
365.5  1.005232
366.0  0.19828
366.5  1.3868
367.0  0.134456
367.5  1.137248
368.0  0.222808
368.5  1.31512
369.0  0.26048
369.5  1.05524
370.0  0.21872
370.5  1.447152
371.0  0.126104
371.5  0.88432
372.0  0.219928
372.5  1.07888
373.0  0.12556
373.5  1.108352
374.0  0.123816
374.5  1.0416
375.0  0.175864
375.5  1.215616
376.0  0.20004
376.5  1.522352
377.0  0.275832
377.5  1.447616
378.0  0.14836
378.5  1.041088
379.0  0.130208
379.5  1.048864
380.0  0.157632
380.5  1.164288
381.0  0.123672
381.5  1.14056
382.0  0.151464
382.5  1.262752
383.0  0.12976
383.5  1.145728
384.0  0.21324
384.5  1.508952
385.0  0.127736
385.5  1.045456
386.0  0.172624
386.5  1.351936
387.0  0.132024
387.5  0.989792
388.0  0.218376
388.5  1.36656
389.0  0.220664
389.5  1.06448
390.0  0.17996
390.5  1.218024
391.0  0.133632
391.5  1.135328
392.0  0.195296
392.5  1.345984
393.0  0.25544
393.5  1.210976
394.0  0.197488
394.5  1.251056
395.0  0.148992
395.5  1.071824
396.0  0.176072
396.5  1.248288
397.0  0.202712
397.5  1.311232
398.0  0.160488
398.5  1.223024
399.0  0.144224
399.5  0.976688
400.0  0.163144
400.5  1.283488
401.0  0.186968
401.5  1.308416
402.0  0.241256
402.5  1.055144
403.0  0.138792
403.5  1.040352
404.0  0.151632
404.5  1.276896
405.0  0.18784
405.5  1.3536
406.0  0.157504
406.5  1.123696
407.0  0.140896
407.5  1.130064
408.0  0.172896
408.5  1.146672
409.0  0.244224
409.5  1.143488
410.0  0.130648
410.5  1.096624
411.0  0.193064
411.5  1.315328
412.0  0.129784
412.5  1.15832
413.0  0.192344
413.5  1.293616
414.0  0.209616
414.5  1.385664
415.0  0.156336
415.5  1.041536
416.0  0.134728
416.5  1.025648
417.0  0.19352
417.5  1.318152
418.0  0.19476
418.5  1.38304
419.0  0.167608
419.5  1.250288
420.0  0.12924
420.5  0.902272
421.0  0.192184
421.5  1.347984
422.0  0.173704
422.5  1.20824
423.0  0.159672
423.5  1.162504
424.0  0.134168
424.5  1.050832
425.0  0.177672
425.5  1.283968
426.0  0.135944
426.5  1.093344
427.0  0.16928
427.5  1.300576
428.0  0.222008
428.5  1.285024
429.0  0.273936
429.5  1.150576
430.0  0.134216
430.5  1.033536
431.0  0.154208
431.5  1.21808
432.0  0.253248
432.5  1.228832
433.0  0.159176
433.5  1.235104
434.0  0.135824
434.5  1.071648
435.0  0.146024
435.5  1.205304
436.0  0.136096
436.5  1.08456
437.0  0.15568
437.5  1.19328
438.0  0.129104
438.5  1.192144
439.0  0.156832
439.5  1.325888
440.0  0.129088
440.5  1.117504
441.0  0.203184
441.5  1.432688
442.0  0.142192
442.5  1.09232
443.0  0.186504
443.5  1.293264
444.0  0.13604
444.5  1.031232
445.0  0.202976
445.5  1.3532
446.0  0.186184
446.5  1.149312
447.0  0.159072
447.5  1.211344
448.0  0.17612
448.5  1.1324
449.0  0.235616
449.5  1.330144
450.0  0.153904
450.5  1.17196
451.0  0.169224
451.5  1.207312
452.0  0.128488
452.5  1.039648
453.0  0.16832
453.5  1.385088
454.0  0.127512
454.5  1.120352
455.0  0.173456
455.5  1.278944
456.0  0.13588
456.5  1.073688
457.0  0.156104
457.5  1.336368
458.0  0.136184
458.5  1.086528
459.0  0.163744
459.5  1.289936
460.0  0.1348
460.5  1.10728
461.0  0.159168
461.5  1.201072
462.0  0.240664
462.5  1.122624
463.0  0.151784
463.5  1.261616
464.0  0.156496
464.5  1.24024
465.0  0.14788
465.5  1.229072
466.0  0.19916
466.5  1.18576
467.0  0.163016
467.5  1.130064
468.0  0.194432
468.5  1.137336
469.0  0.23128
469.5  1.153696
470.0  0.230592
470.5  1.31136
471.0  0.16412
471.5  1.124368
472.0  0.151784
472.5  1.189552
473.0  0.13328
473.5  1.155712
474.0  0.187648
474.5  1.305472
475.0  0.126872
475.5  1.084688
476.0  0.181728
476.5  1.315824
477.0  0.127608
477.5  1.08256
478.0  0.15968
478.5  1.260832
479.0  0.128512
479.5  1.124464
480.0  0.194776
480.5  1.32888
481.0  0.12816
481.5  1.104816
482.0  0.172896
482.5  1.278048
483.0  0.132424
483.5  1.085064
484.0  0.159072
484.5  1.24064
485.0  0.13636
485.5  1.111904
486.0  0.190512
486.5  1.367536
487.0  0.129712
487.5  1.083584
488.0  0.18412
488.5  1.25704
489.0  0.233384
489.5  1.138184
490.0  0.171608
490.5  1.320592
491.0  0.130152
491.5  1.084336
492.0  0.274392
492.5  1.342944
493.0  0.136232
493.5  1.09216
494.0  0.15216
494.5  1.11488
495.0  0.138096
495.5  1.13112
496.0  0.167512
496.5  1.334064
497.0  0.135568
497.5  1.145408
498.0  0.160784
498.5  1.299968
499.0  0.142568
499.5  1.104224
500.0  0.18888
500.5  1.381248
501.0  0.173576
501.5  1.095352
502.0  0.13764
502.5  1.188912
503.0  0.12492
503.5  1.024848
504.0  0.20384
504.5  1.358528
505.0  0.154344
505.5  1.111584
506.0  0.166368
506.5  1.253008
507.0  0.144128
507.5  1.092704
508.0  0.179488
508.5  1.284176
509.0  0.211352
509.5  1.00312
510.0  0.202816
510.5  1.5364
511.0  0.123584
511.5  0.92712
512.0  0.1358
512.5  1.107296
513.0  0.132592
513.5  1.091184
514.0  0.12596
514.5  1.21856
515.0  0.122328
515.5  1.104736
516.0  0.140832
516.5  1.243128
517.0  0.136008
517.5  1.266064
518.0  0.126568
518.5  1.143248
519.0  0.136576
519.5  1.150224
520.0  0.134208
520.5  1.240088
521.0  0.133864
521.5  1.062576
522.0  0.22084
522.5  1.299496
523.0  0.12308
523.5  1.052704
524.0  0.126576
524.5  1.268064
525.0  0.277328
525.5  1.600824
526.0  0.140624
526.5  1.220752
527.0  0.13172
527.5  0.971488
528.0  0.20096
528.5  1.382144
529.0  0.224704
529.5  1.015552
530.0  0.133392
530.5  1.126192
531.0  0.138888
531.5  1.334544
532.0  0.130464
532.5  1.185824
533.0  0.128632
533.5  1.073248
534.0  0.136592
534.5  1.134504
535.0  0.135656
535.5  1.306544
536.0  0.131824
536.5  1.119296
537.0  0.138144
537.5  1.11344
538.0  0.189248
538.5  1.563488
539.0  0.121816
539.5  1.000048
540.0  0.134312
540.5  1.25224
541.0  0.136608
541.5  1.22984
542.0  0.13196
542.5  1.104832
543.0  0.14676
543.5  1.281808
544.0  0.123976
544.5  1.035072
545.0  0.13756
545.5  1.231824
546.0  0.13976
546.5  1.212288
547.0  0.232664
547.5  1.595712
548.0  0.172112
548.5  0.96328
549.0  0.301104
549.5  1.176648
550.0  0.194624
550.5  1.309024
551.0  0.168456
551.5  1.268832
552.0  0.225224
552.5  1.004688
553.0  0.17812
553.5  1.284352
554.0  0.137656
554.5  1.10752
555.0  0.167904
555.5  1.407448
556.0  0.153968
556.5  1.352576
557.0  0.138016
557.5  1.085376
558.0  0.141344
558.5  1.116176
559.0  0.176024
559.5  1.29744
560.0  0.12368
560.5  1.040112
561.0  0.178992
561.5  1.442432
562.0  0.191568
562.5  1.34736
563.0  0.165688
563.5  1.153568
564.0  0.123256
564.5  0.994336
565.0  0.153816
565.5  1.196784
566.0  0.18164
566.5  1.108288
567.0  0.161008
567.5  1.266328
568.0  0.235664
568.5  1.35912
569.0  0.261752
569.5  1.338768
570.0  0.165688
570.5  1.163264
571.0  0.163544
571.5  1.169632
572.0  0.235376
572.5  1.503456
573.0  0.142912
573.5  0.959872
574.0  0.157224
574.5  0.998624
575.0  0.130144
575.5  1.111008
576.0  0.187048
576.5  1.322528
577.0  0.13036
577.5  0.909536
578.0  0.149208
578.5  1.053296
579.0  0.181728
579.5  1.251632
580.0  0.223104
580.5  1.325328
581.0  0.126984
581.5  1.100832
582.0  0.320296
582.5  1.443
583.0  0.130856
583.5  1.186064
584.0  0.283976
584.5  1.596224
585.0  0.157544
585.5  0.984976
586.0  0.146776
586.5  1.146464
587.0  0.14584
587.5  0.92272
588.0  0.264656
588.5  1.439288
589.0  0.222504
589.5  1.02096
590.0  0.149048
590.5  1.170656
591.0  0.1338
591.5  1.161536
592.0  0.156576
592.5  1.226
593.0  0.174096
593.5  1.279312
594.0  0.182848
594.5  1.2476
595.0  0.130368
595.5  1.069296
596.0  0.191528
596.5  1.337408
597.0  0.124568
597.5  1.063792
598.0  0.26784
598.5  1.613584
599.0  0.13668
599.5  0.85112
600.0  0.161168
600.5  1.203032
601.0  0.13204
601.5  1.064304
602.0  0.167368
602.5  1.288592
603.0  0.178184
603.5  1.300192
604.0  0.140856
604.5  1.056784
605.0  0.14712
605.5  1.066512
606.0  0.19672
606.5  1.315344
607.0  0.143424
607.5  1.137312
608.0  0.229632
608.5  1.409216
609.0  0.222152
609.5  1.125616
610.0  0.196776
610.5  1.417728
611.0  0.14656
611.5  1.04468
612.0  0.284272
612.5  1.352384
613.0  0.122216
613.5  1.018768
614.0  0.184256
614.5  1.2768
615.0  0.143512
615.5  1.136744
616.0  0.199984
616.5  1.335368
617.0  0.137816
617.5  1.055328
618.0  0.192192
618.5  1.30424
619.0  0.163808
619.5  1.153216
620.0  0.174328
620.5  1.234448
621.0  0.15188
621.5  1.122152
622.0  0.172664
622.5  1.263408
623.0  0.147592
623.5  1.10008
624.0  0.1678
624.5  1.304992
625.0  0.146296
625.5  1.135504
626.0  0.156056
626.5  1.192064
627.0  0.203656
627.5  1.186464
628.0  0.182936
628.5  1.226144
629.0  0.257024
629.5  1.214256
630.0  0.145512
630.5  1.169312
631.0  0.201456
631.5  1.3308
632.0  0.141192
632.5  1.112848
633.0  0.176376
633.5  1.226872
634.0  0.134872
634.5  1.05768
635.0  0.180392
635.5  1.230976
636.0  0.132264
636.5  1.161536
637.0  0.182424
637.5  1.25744
638.0  0.130264
638.5  1.09864
639.0  0.187544
639.5  1.257904
640.0  0.123944
640.5  1.090144
641.0  0.214424
641.5  1.368096
642.0  0.229176
642.5  1.0624
643.0  0.202856
643.5  1.3656
644.0  0.131848
644.5  1.031264
645.0  0.2258
645.5  1.35216
646.0  0.131808
646.5  1.026528
647.0  0.253424
647.5  1.596992
648.0  0.15776
648.5  0.873896
649.0  0.264016
649.5  1.18888
650.0  0.138264
650.5  1.177712
651.0  0.139016
651.5  1.080304
652.0  0.130792
652.5  1.104608
653.0  0.151496
653.5  1.166688
654.0  0.220504
654.5  1.475352
655.0  0.130368
655.5  1.022352
656.0  0.124912
656.5  1.054544
657.0  0.190536
657.5  1.329096
658.0  0.142856
658.5  1.126592
659.0  0.135896
659.5  1.223376
660.0  0.149416
660.5  1.099824
661.0  0.228824
661.5  1.485232
662.0  0.131144
662.5  0.926984
663.0  0.239464
663.5  1.38296
664.0  0.163816
664.5  1.301568
665.0  0.20516
665.5  1.250448
666.0  0.2168
666.5  1.307608
667.0  0.156416
667.5  1.18568
668.0  0.161576
668.5  1.044432
669.0  0.301896
669.5  1.340192
670.0  0.120928
670.5  0.882752
671.0  0.152272
671.5  1.31584
672.0  0.249344
672.5  1.091504
673.0  0.146688
673.5  1.204864
674.0  0.126568
674.5  0.85856
675.0  0.205864
675.5  1.45096
676.0  0.141672
676.5  1.215376
677.0  0.197744
677.5  1.382992
678.0  0.172112
678.5  1.174304
679.0  0.194504
679.5  1.340992
680.0  0.13616
680.5  1.09744
681.0  0.19356
681.5  1.313752
682.0  0.1534
682.5  1.120608
683.0  0.182248
683.5  1.3368
684.0  0.178784
684.5  1.146928
685.0  0.17396
685.5  1.17312
686.0  0.15068
686.5  1.13096
687.0  0.166776
687.5  1.247736
688.0  0.207928
688.5  1.264976
689.0  0.338936
689.5  1.5292
690.0  0.194872
690.5  1.052304
691.0  0.159416
691.5  1.123888
692.0  0.17388
692.5  1.13696
693.0  0.160784
693.5  1.171728
694.0  0.246216
694.5  1.551728
695.0  0.153784
695.5  0.976928
696.0  0.131944
696.5  0.8956
697.0  0.178584
697.5  1.241264
698.0  0.161816
698.5  1.221968
699.0  0.154712
699.5  1.236392
700.0  0.124368
700.5  0.84256
701.0  0.134992
701.5  1.155136
702.0  0.323656
702.5  1.443312
703.0  0.13476
703.5  1.042304
704.0  0.232504
704.5  1.399152
705.0  0.131056
705.5  1.107936
706.0  0.2184
706.5  1.331744
707.0  0.131584
707.5  1.053696
708.0  0.248608
708.5  1.365616
709.0  0.22092
709.5  1.02936
710.0  0.203392
710.5  1.366384
711.0  0.128128
711.5  1.030912
712.0  0.196216
712.5  1.348912
713.0  0.123576
713.5  1.0
714.0  0.227712
714.5  1.393048
715.0  0.130648
715.5  1.019024
716.0  0.214784
716.5  1.428416
717.0  0.136312
717.5  0.965488
718.0  0.191784
718.5  1.339808
719.0  0.13556
719.5  1.00832
720.0  0.134864
720.5  1.080856
721.0  0.128864
721.5  1.07504
722.0  0.147072
722.5  1.217264
723.0  0.135152
723.5  1.223072
724.0  0.158344
724.5  1.194288
725.0  0.13268
725.5  1.177808
726.0  0.239248
726.5  1.461728
727.0  0.143872
727.5  1.108512
728.0  0.251336
728.5  1.435904
729.0  0.24044
729.5  1.063168
730.0  0.228016
730.5  1.447008
731.0  0.306736
731.5  1.561488
732.0  0.239064
732.5  0.978152
733.0  0.124312
733.5  0.98112
734.0  0.179392
734.5  1.266416
735.0  0.1252
735.5  0.911344
736.0  0.126272
736.5  1.064432
737.0  0.129432
737.5  0.963152
738.0  0.179152
738.5  1.298976
739.0  0.146032
739.5  1.25016
740.0  0.130712
740.5  1.16712
741.0  0.127912
741.5  1.092544
742.0  0.148008
742.5  1.262608
743.0  0.137128
743.5  1.133856
744.0  0.200152
744.5  1.315472
745.0  0.133056
745.5  1.182464
746.0  0.163856
746.5  1.269824
747.0  0.126616
747.5  1.088552
748.0  0.21048
748.5  1.345344
749.0  0.231128
749.5  1.019008
750.0  0.160992
750.5  1.3204
751.0  0.145384
751.5  1.212896
752.0  0.163032
752.5  1.245968
753.0  0.201192
753.5  1.223288
754.0  0.182208
754.5  1.35544
755.0  0.124664
755.5  1.056896
756.0  0.15052
756.5  1.232656
757.0  0.148744
757.5  1.155104
758.0  0.142328
758.5  1.182016
759.0  0.181368
759.5  1.205552
760.0  0.14876
760.5  1.227536
761.0  0.18908
761.5  1.267472
762.0  0.219064
762.5  1.135952
763.0  0.186256
763.5  1.226432
764.0  0.13916
764.5  1.122752
765.0  0.271768
765.5  1.574888
766.0  0.131208
766.5  0.854432
767.0  0.138424
767.5  1.047712
768.0  0.17928
768.5  1.2068
769.0  0.275736
769.5  1.24768
770.0  0.130088
770.5  1.01512
771.0  0.173656
771.5  1.31752
772.0  0.127648
772.5  1.14408
773.0  0.276728
773.5  1.548128
774.0  0.1372
774.5  1.014944
775.0  0.179656
775.5  1.241456
776.0  0.125632
776.5  1.04656
777.0  0.239216
777.5  1.439664
778.0  0.19844
778.5  1.240944
779.0  0.183544
779.5  1.23656
780.0  0.126472
780.5  1.005592
781.0  0.2278
781.5  1.489456
782.0  0.1278
782.5  0.825344
783.0  0.155008
783.5  1.170608
784.0  0.134576
784.5  1.072064
785.0  0.21476
785.5  1.379504
786.0  0.136
786.5  1.080056
787.0  0.225704
787.5  1.477728
788.0  0.151248
788.5  0.938016
789.0  0.247456
789.5  1.10144
790.0  0.127072
790.5  1.193056
791.0  0.25976
791.5  1.538224
792.0  0.301488
792.5  1.236128
793.0  0.141064
793.5  1.087392
794.0  0.127864
794.5  1.022304
795.0  0.184392
795.5  1.32432
796.0  0.131456
796.5  1.092304
797.0  0.141024
797.5  1.1592
798.0  0.128888
798.5  0.889528
799.0  0.19612
799.5  1.448032
800.0  0.312352
800.5  1.601488
801.0  0.173224
801.5  1.269184
802.0  0.121416
802.5  0.939264
803.0  0.207296
803.5  1.445824
804.0  0.124608
804.5  0.962512
805.0  0.152136
805.5  1.21472
806.0  0.147592
806.5  1.081072
807.0  0.141688
807.5  1.127408
808.0  0.168456
808.5  1.338608
809.0  0.272248
809.5  1.212784
810.0  0.171744
810.5  1.284864
811.0  0.14948
811.5  1.081792
812.0  0.130376
812.5  0.90856
813.0  0.145832
813.5  1.18956
814.0  0.153264
814.5  1.237616
815.0  0.131368
815.5  1.205856
816.0  0.146296
816.5  1.229504
817.0  0.124264
817.5  1.112768
818.0  0.183496
818.5  1.326384
819.0  0.134464
819.5  1.130216
820.0  0.19076
820.5  1.286048
821.0  0.12436
821.5  1.1356
822.0  0.243648
822.5  1.193712
823.0  0.124856
823.5  1.132912
824.0  0.173608
824.5  1.32456
825.0  0.13416
825.5  1.084928
826.0  0.157112
826.5  1.287904
827.0  0.126456
827.5  1.122336
828.0  0.200976
828.5  1.263952
829.0  0.223096
829.5  1.106752
830.0  0.1674
830.5  1.339696
831.0  0.146472
831.5  1.11408
832.0  0.139672
832.5  1.206992
833.0  0.122216
833.5  1.116112
834.0  0.138416
834.5  1.195712
835.0  0.129768
835.5  0.96392
836.0  0.234448
836.5  1.468232
837.0  0.125144
837.5  1.12976
838.0  0.193888
838.5  1.48592
839.0  0.1276
839.5  1.073312
840.0  0.203184
840.5  1.39168
841.0  0.140096
841.5  1.04484
842.0  0.186248
842.5  1.33696
843.0  0.130024
843.5  1.025592
844.0  0.181848
844.5  1.35224
845.0  0.12508
845.5  1.092608
846.0  0.191304
846.5  1.388408
847.0  0.133336
847.5  1.032672
848.0  0.196488
848.5  1.397976
849.0  0.254784
849.5  1.05856
850.0  0.196112
850.5  1.336048
851.0  0.125584
851.5  1.058592
852.0  0.305752
852.5  1.361096
853.0  0.125704
853.5  1.012512
854.0  0.191808
854.5  1.307168
855.0  0.133624
855.5  1.107888
856.0  0.187368
856.5  1.353072
857.0  0.139568
857.5  1.076192
858.0  0.18664
858.5  1.316
859.0  0.203072
859.5  1.193968
860.0  0.17012
860.5  1.232736
861.0  0.127536
861.5  1.040816
862.0  0.176296
862.5  1.298688
863.0  0.14788
863.5  1.156096
864.0  0.162648
864.5  1.245056
865.0  0.185976
865.5  1.235248
866.0  0.148744
866.5  1.166544
867.0  0.183912
867.5  1.174224
868.0  0.161728
868.5  1.20368
869.0  0.313
869.5  1.209392
870.0  0.149472
870.5  1.062976
871.0  0.20488
871.5  1.265264
872.0  0.153096
872.5  1.107328
873.0  0.205448
873.5  1.27936
874.0  0.17912
874.5  1.08856
875.0  0.196784
875.5  1.280192
876.0  0.140888
876.5  1.253344
877.0  0.13132
877.5  0.888144
878.0  0.129128
878.5  1.12576
879.0  0.32072
879.5  1.589352
880.0  0.134224
880.5  1.116624
881.0  0.22132
881.5  1.304608
882.0  0.216168
882.5  1.126304
883.0  0.240504
883.5  1.451776
884.0  0.11956
884.5  0.920608
885.0  0.155544
885.5  1.17348
886.0  0.147696
886.5  1.12208
887.0  0.250112
887.5  1.297984
888.0  0.126096
888.5  0.910896
889.0  0.297568
889.5  1.304848
890.0  0.129216
890.5  1.117312
891.0  0.196488
891.5  1.394336
892.0  0.126048
892.5  1.081616
893.0  0.18524
893.5  1.31352
894.0  0.131728
894.5  1.085984
895.0  0.174928
895.5  1.301616
896.0  0.13492
896.5  1.050752
897.0  0.196064
897.5  1.376264
898.0  0.131528
898.5  1.109216
899.0  0.185632
899.5  1.324256
900.0  0.133
900.5  1.044736
901.0  0.194904
901.5  1.412112
902.0  0.137248
902.5  0.994096
903.0  0.178312
903.5  1.33856
904.0  0.124264
904.5  1.075824
905.0  0.188368
905.5  1.32984
906.0  0.13172
906.5  1.03264
907.0  0.192616
907.5  1.357728
908.0  0.129336
908.5  1.099744
909.0  0.31076
909.5  1.384864
910.0  0.12752
910.5  1.00552
911.0  0.178056
911.5  1.304336
912.0  0.228856
912.5  1.075912
913.0  0.176184
913.5  1.279152
914.0  0.128248
914.5  0.961904
915.0  0.167072
915.5  1.272656
916.0  0.167904
916.5  1.223504
917.0  0.219296
917.5  1.372944
918.0  0.124768
918.5  0.924312
919.0  0.158712
919.5  1.29896
920.0  0.12216
920.5  1.037248
921.0  0.170904
921.5  1.234624
922.0  0.157072
922.5  1.234976
923.0  0.175944
923.5  1.331776
924.0  0.134448
924.5  1.164208
925.0  0.160624
925.5  1.273456
926.0  0.151016
926.5  1.0888
927.0  0.14988
927.5  1.2148
928.0  0.230696
928.5  1.509328
929.0  0.303896
929.5  1.15872
930.0  0.128232
930.5  0.939624
931.0  0.157104
931.5  1.254256
932.0  0.172984
932.5  1.206656
933.0  0.141224
933.5  1.222208
934.0  0.249432
934.5  1.3952
935.0  0.121336
935.5  0.911664
936.0  0.127016
936.5  1.067328
937.0  0.163088
937.5  1.277968
938.0  0.13124
938.5  0.99328
939.0  0.141176
939.5  1.132096
940.0  0.141272
940.5  1.146896
941.0  0.126168
941.5  1.228992
942.0  0.215128
942.5  1.09976
943.0  0.12576
943.5  1.21544
944.0  0.124328
944.5  1.217776
945.0  0.127048
945.5  1.085032
946.0  0.13796
946.5  1.241744
947.0  0.12484
947.5  1.19968
948.0  0.128088
948.5  1.241392
949.0  0.249656
949.5  1.177232
950.0  0.18692
950.5  1.448672
951.0  0.151616
951.5  1.18652
952.0  0.174104
952.5  1.303024
953.0  0.148464
953.5  1.221744
954.0  0.171872
954.5  1.339296
955.0  0.132672
955.5  1.111152
956.0  0.189976
956.5  1.371856
957.0  0.13676
957.5  0.993392
958.0  0.166688
958.5  1.319536
959.0  0.130832
959.5  1.069168
960.0  0.200568
960.5  1.398176
961.0  0.127248
961.5  1.015648
962.0  0.2002
962.5  1.348992
963.0  0.131376
963.5  1.050136
964.0  0.198088
964.5  1.394176
965.0  0.12676
965.5  1.00688
966.0  0.190944
966.5  1.363472
967.0  0.127
967.5  1.016032
968.0  0.143368
968.5  1.199824
969.0  0.242184
969.5  1.032832
970.0  0.155072
970.5  1.279072
971.0  0.142696
971.5  1.197312
972.0  0.274936
972.5  1.299008
973.0  0.122216
973.5  1.128832
974.0  0.17656
974.5  1.334096
975.0  0.158168
975.5  1.060704
976.0  0.16976
976.5  1.305152
977.0  0.130776
977.5  1.134576
978.0  0.18776
978.5  1.324984
979.0  0.186152
979.5  1.17392
980.0  0.154176
980.5  1.107184
981.0  0.135592
981.5  1.098
982.0  0.150648
982.5  1.240464
983.0  0.175464
983.5  1.368704
984.0  0.150344
984.5  1.052536
985.0  0.122984
985.5  1.036256
986.0  0.129608
986.5  1.214336
987.0  0.17156
987.5  1.271088
988.0  0.13616
988.5  1.173584
989.0  0.287592
989.5  1.322752
990.0  0.135424
990.5  1.107472
991.0  0.181176
991.5  1.2964
992.0  0.127736
992.5  1.110144
993.0  0.202456
993.5  1.365216
994.0  0.12732
994.5  1.075024
995.0  0.183768
995.5  1.365184
996.0  0.12712
996.5  1.03164
997.0  0.18828
997.5  1.36696
998.0  0.258872
998.5  1.411344
999.0  0.130584
999.5  1.004128
1000.0  0.13104
1000.5  1.04872
1001.0  0.156928
1001.5  1.261184
1002.0  0.251928
1002.5  1.185808
1003.0  0.152792
1003.5  1.128336
1004.0  0.125384
1004.5  1.073744
1005.0  0.227608
1005.5  1.478688
1006.0  0.138608
1006.5  0.997984
1007.0  0.141152
1007.5  1.15664
1008.0  0.128752
1008.5  0.938912
1009.0  0.24576
1009.5  1.106688
1010.0  0.13276
1010.5  1.214896
1011.0  0.24188
1011.5  1.508104
1012.0  0.195112
1012.5  1.166592
1013.0  0.18924
1013.5  1.407808
1014.0  0.129504
1014.5  0.94312
1015.0  0.18048
1015.5  1.344672
1016.0  0.17896
1016.5  1.05996
1017.0  0.192736
1017.5  0.871904
1018.0  0.337192
1018.5  1.6206
1019.0  0.172712
1019.5  1.350528
1020.0  0.124232
1020.5  1.041712
1021.0  0.168408
1021.5  1.304992
1022.0  0.119528
1022.5  1.03696
1023.0  0.18452
1023.5  1.371552
1024.0  0.130824
1024.5  1.097392
1025.0  0.175088
1025.5  1.323584
1026.0  0.130616
1026.5  1.09352
1027.0  0.174608
1027.5  1.265488
1028.0  0.152232
1028.5  1.15184
1029.0  0.284152
1029.5  1.33404
1030.0  0.138464
1030.5  1.039568
1031.0  0.169344
1031.5  1.267888
1032.0  0.223352
1032.5  1.102672
1033.0  0.156304
1033.5  1.223712
1034.0  0.171544
1034.5  1.188592
1035.0  0.170128
1035.5  1.273824
1036.0  0.170624
1036.5  1.1816
1037.0  0.154896
1037.5  1.242992
1038.0  0.169712
1038.5  1.15424
1039.0  0.141248
1039.5  1.19208
1040.0  0.249048
1040.5  1.378144
1041.0  0.132104
1041.5  1.058416
1042.0  0.14648
1042.5  1.0032
1043.0  0.148592
1043.5  0.974976
1044.0  0.29348
1044.5  1.600888
1045.0  0.174376
1045.5  1.10216
1046.0  0.132064
1046.5  1.02144
1047.0  0.138072
1047.5  0.9856
1048.0  0.174408
1048.5  1.368288
1049.0  0.2418
1049.5  1.073152
1050.0  0.197968
1050.5  1.24624
1051.0  0.264656
1051.5  1.152216
1052.0  0.181784
1052.5  1.386848
1053.0  0.147672
1053.5  1.038368
1054.0  0.190112
1054.5  1.401616
1055.0  0.131368
1055.5  1.115888
1056.0  0.169184
1056.5  1.288904
1057.0  0.135992
1057.5  1.046752
1058.0  0.210248
1058.5  1.442496
1059.0  0.129784
1059.5  1.083376
1060.0  0.207648
1060.5  1.408128
1061.0  0.12912
1061.5  1.079616
1062.0  0.247912
1062.5  1.272072
1063.0  0.127256
1063.5  1.103136
1064.0  0.16852
1064.5  1.30008
1065.0  0.130328
1065.5  1.052272
1066.0  0.170728
1066.5  1.30728
1067.0  0.131768
1067.5  1.155184
1068.0  0.229304
1068.5  1.44208
1069.0  0.260536
1069.5  0.866512
1070.0  0.214248
1070.5  1.418592
1071.0  0.130976
1071.5  1.101072
1072.0  0.183344
1072.5  1.331664
1073.0  0.159944
1073.5  1.265136
1074.0  0.26324
1074.5  1.450816
1075.0  0.125464
1075.5  0.889088
1076.0  0.20668
1076.5  1.242848
1077.0  0.127624
1077.5  0.9882
1078.0  0.14712
1078.5  1.248944
1079.0  0.129072
1079.5  0.852976
1080.0  0.195656
1080.5  1.306592
1081.0  0.221104
1081.5  1.420064
1082.0  0.13892
1082.5  1.01608
1083.0  0.254872
1083.5  1.480696
1084.0  0.179048
1084.5  1.286624
1085.0  0.12748
1085.5  1.002464
1086.0  0.148008
1086.5  1.181312
1087.0  0.122696
1087.5  1.0016
1088.0  0.108072
1088.5  0.308224
1089.0  0.282776
1089.5  0.88112
1090.0  0.30032
1090.5  1.558672
1091.0  0.308944
1091.5  1.599568
1092.0  0.385144
1092.5  1.607472
1093.0  0.307128
1093.5  1.592608
1094.0  0.138336
1094.5  1.132304
1095.0  0.12944
1095.5  0.96436
1096.0  0.143392
1096.5  1.186656
1097.0  0.149608
1097.5  1.2248
1098.0  0.18176
1098.5  1.383968
1099.0  0.130688
1099.5  0.950416
1100.0  0.136984
1100.5  1.201984
1101.0  0.150552
1101.5  1.308272
1102.0  0.134408
1102.5  1.207056
1103.0  0.209672
1103.5  1.529024
1104.0  0.14396
1104.5  1.18136
1105.0  0.153464
1105.5  1.178384
1106.0  0.123352
1106.5  1.127952
1107.0  0.174768
1107.5  1.258528
1108.0  0.139056
1108.5  1.144752
1109.0  0.292016
1109.5  1.228688
1110.0  0.136832
1110.5  1.089336
1111.0  0.190952
1111.5  1.318592
1112.0  0.131912
1112.5  1.086672
1113.0  0.184648
1113.5  1.332928
1114.0  0.13792
1114.5  1.070944
1115.0  0.198928
1115.5  1.39096
1116.0  0.135584
1116.5  1.087248
1117.0  0.16524
1117.5  1.246512
1118.0  0.130936
1118.5  1.121424
1119.0  0.16304
1119.5  1.266784
1120.0  0.136672
1120.5  1.08896
1121.0  0.202392
1121.5  1.345616
1122.0  0.232368
1122.5  1.188576
1123.0  0.169752
1123.5  0.9812
1124.0  0.128696
1124.5  1.068048
1125.0  0.159088
1125.5  1.222416
1126.0  0.221664
1126.5  1.518224
1127.0  0.16388
1127.5  1.04
1128.0  0.132368
1128.5  1.07136
1129.0  0.291128
1129.5  1.3132
1130.0  0.133904
1130.5  1.178672
1131.0  0.216472
1131.5  1.401008
1132.0  0.131784
1132.5  1.061856
1133.0  0.208272
1133.5  1.326928
1134.0  0.147112
1134.5  1.021648
1135.0  0.160832
1135.5  1.27936
1136.0  0.148808
1136.5  1.212832
1137.0  0.254592
1137.5  1.479872
1138.0  0.127856
1138.5  0.92368
1139.0  0.17956
1139.5  1.291144
1140.0  0.139176
1140.5  0.962288
1141.0  0.141128
1141.5  1.227872
1142.0  0.126472
1142.5  1.135392
1143.0  0.1314
1143.5  1.102832
1144.0  0.136544
1144.5  1.05156
1145.0  0.199704
1145.5  1.268216
1146.0  0.209904
1146.5  1.224888
1147.0  0.157224
1147.5  1.131872
1148.0  0.13524
1148.5  1.213168
1149.0  0.267872
1149.5  1.302352
1150.0  0.161992
1150.5  1.282208
1151.0  0.14616
1151.5  1.080272
1152.0  0.226616
1152.5  1.196552
1153.0  0.142384
1153.5  1.167728
1154.0  0.18308
1154.5  1.361568
1155.0  0.234016
1155.5  1.499952
1156.0  0.149584
1156.5  1.046672
1157.0  0.145168
1157.5  1.142576
1158.0  0.128736
1158.5  0.995456
1159.0  0.152136
1159.5  1.3528
1160.0  0.129424
1160.5  0.984016
1161.0  0.125032
1161.5  1.305792
1162.0  0.199688
1162.5  1.28496
1163.0  0.132312
1163.5  1.205664
1164.0  0.203344
1164.5  1.357136
1165.0  0.124888
1165.5  1.02544
1166.0  0.192472
1166.5  1.346368
1167.0  0.129576
1167.5  1.025168
1168.0  0.204504
1168.5  1.441296
1169.0  0.243992
1169.5  1.007264
1170.0  0.200064
1170.5  1.377424
1171.0  0.124168
1171.5  0.993408
1172.0  0.193352
1172.5  1.391376
1173.0  0.12868
1173.5  0.981168
1174.0  0.185544
1174.5  1.419248
1175.0  0.133392
1175.5  1.08768
1176.0  0.19092
1176.5  1.346832
1177.0  0.157496
1177.5  0.957952
1178.0  0.20388
1178.5  1.374544
1179.0  0.132616
1179.5  1.090352
1180.0  0.130432
1180.5  0.898144
1181.0  0.128544
1181.5  1.012208
1182.0  0.299864
1182.5  1.543088
1183.0  0.146048
1183.5  1.073056
1184.0  0.216744
1184.5  1.546112
1185.0  0.129864
1185.5  1.103576
1186.0  0.178352
1186.5  1.3132
1187.0  0.159208
1187.5  1.140416
1188.0  0.162424
1188.5  1.202624
1189.0  0.244816
1189.5  0.95576
1190.0  0.148824
1190.5  1.262944
1191.0  0.13252
1191.5  1.06432
1192.0  0.173944
1192.5  1.393376
1193.0  0.125752
1193.5  1.092896
1194.0  0.17324
1194.5  1.373312
1195.0  0.131632
1195.5  1.07088
1196.0  0.190168
1196.5  1.342976
1197.0  0.129464
1197.5  1.067904
1198.0  0.18288
1198.5  1.346704
1199.0  0.137104
1199.5  1.142032
1200.0  0.180992
1200.5  1.264144
1201.0  0.233248
1201.5  1.507712
1202.0  0.141608
1202.5  1.093344
1203.0  0.153592
1203.5  0.902672
1204.0  0.161216
1204.5  1.228288
1205.0  0.158008
1205.5  1.260352
1206.0  0.15848
1206.5  1.016016
1207.0  0.128824
1207.5  1.108416
1208.0  0.167272
1208.5  1.33232
1209.0  0.312752
1209.5  1.30888
1210.0  0.15848
1210.5  1.25784
1211.0  0.192288
1211.5  1.288576
1212.0  0.270176
1212.5  1.308704
1213.0  0.128648
1213.5  1.000272
1214.0  0.144608
1214.5  1.152416
1215.0  0.1846
1215.5  1.267344
1216.0  0.151872
1216.5  1.138096
1217.0  0.219896
1217.5  1.2868
1218.0  0.144936
1218.5  1.08908
1219.0  0.157632
1219.5  1.151776
1220.0  0.273928
1220.5  1.512768
1221.0  0.176576
1221.5  1.148096
1222.0  0.120376
1222.5  0.93416
1223.0  0.164568
1223.5  1.162784
1224.0  0.128056
1224.5  1.074656
1225.0  0.170008
1225.5  1.232432
1226.0  0.127992
1226.5  1.089328
1227.0  0.156448
1227.5  1.214224
1228.0  0.121816
1228.5  1.103008
1229.0  0.296712
1229.5  1.397712
1230.0  0.188632
1230.5  1.165776
1231.0  0.192224
1231.5  1.325616
1232.0  0.127936
1232.5  1.131568
1233.0  0.159152
1233.5  1.130112
1234.0  0.166232
1234.5  1.317312
1235.0  0.153688
1235.5  1.183776
1236.0  0.128368
1236.5  0.982816
1237.0  0.158816
1237.5  1.282352
1238.0  0.123248
1238.5  1.03136
1239.0  0.155056
1239.5  1.280224
1240.0  0.131072
1240.5  1.114384
1241.0  0.205888
1241.5  1.360096
1242.0  0.216856
1242.5  1.053248
1243.0  0.174256
1243.5  1.347312
1244.0  0.132656
1244.5  1.136992
1245.0  0.29944
1245.5  1.517936
1246.0  0.170376
1246.5  1.094416
1247.0  0.187872
1247.5  1.28312
1248.0  0.1894
1248.5  1.093848
1249.0  0.274152
1249.5  1.13416
1250.0  0.129624
1250.5  1.14672
1251.0  0.201104
1251.5  1.378344
1252.0  0.136568
1252.5  1.085616
1253.0  0.191848
1253.5  1.35424
1254.0  0.129168
1254.5  1.066688
1255.0  0.186264
1255.5  1.319328
1256.0  0.133336
1256.5  1.073584
1257.0  0.217952
1257.5  1.229392
1258.0  0.150048
1258.5  1.214432
1259.0  0.17964
1259.5  1.327504
1260.0  0.152816
1260.5  1.137568
1261.0  0.181136
1261.5  1.322432
1262.0  0.12676
1262.5  0.950976
1263.0  0.166616
1263.5  1.222736
1264.0  0.143656
1264.5  1.154192
1265.0  0.160856
1265.5  1.22424
1266.0  0.16036
1266.5  1.162496
1267.0  0.163608
1267.5  1.263088
1268.0  0.165672
1268.5  1.21768
1269.0  0.278848
1269.5  1.236352
1270.0  0.19184
1270.5  1.260752
1271.0  0.184992
1271.5  1.325328
1272.0  0.213448
1272.5  0.923024
1273.0  0.143376
1273.5  1.139312
1274.0  0.134712
1274.5  1.113344
1275.0  0.133904
1275.5  1.140816
1276.0  0.143888
1276.5  1.212208
1277.0  0.131024
1277.5  1.193248
1278.0  0.21432
1278.5  1.377504
1279.0  0.124048
1279.5  0.933664
1280.0  0.15712
1280.5  1.30752
1281.0  0.128824
1281.5  1.140592
1282.0  0.208376
1282.5  1.474864
1283.0  0.124696
1283.5  0.990656
1284.0  0.175688
1284.5  1.303944
1285.0  0.121104
1285.5  1.062112
1286.0  0.22096
1286.5  1.193472
1287.0  0.182088
1287.5  1.238256
1288.0  0.126792
1288.5  1.116864
1289.0  0.24912
1289.5  1.068224
1290.0  0.150536
1290.5  1.265712
1291.0  0.13444
1291.5  1.085728
1292.0  0.1386
1292.5  1.056528
1293.0  0.14108
1293.5  1.270992
1294.0  0.247784
1294.5  1.596672
1295.0  0.143936
1295.5  1.012144
1296.0  0.171984
1296.5  1.281952
1297.0  0.183944
1297.5  1.241728
1298.0  0.174272
1298.5  1.295856
1299.0  0.119928
1299.5  1.0908
1300.0  0.250384
1300.5  1.466
1301.0  0.13068
1301.5  0.802208
1302.0  0.335208
1302.5  1.293248
1303.0  0.141528
1303.5  1.230032
1304.0  0.180344
1304.5  1.344192
1305.0  0.126832
1305.5  1.08336
1306.0  0.172168
1306.5  1.340928
1307.0  0.193784
1307.5  1.245536
1308.0  0.150592
1308.5  1.127184
1309.0  0.243448
1309.5  1.024736
1310.0  0.175976
1310.5  1.345744
1311.0  0.133416
1311.5  1.080576
1312.0  0.202056
1312.5  1.296272
1313.0  0.1226
1313.5  1.065792
1314.0  0.171792
1314.5  1.281664
1315.0  0.14788
1315.5  1.167616
1316.0  0.150936
1316.5  0.521584
1317.0  0.299528
1317.5  1.536064
1318.0  0.259312
1318.5  1.577632
1319.0  0.162896
1319.5  1.085312
1320.0  0.140952
1320.5  0.528224
1321.0  0.154832
1321.5  0.939072
1322.0  0.33936
1322.5  1.598464
1323.0  0.333528
1323.5  1.435968
1324.0  0.250448
1324.5  1.236608
1325.0  0.248896
1325.5  1.28088
1326.0  0.138888
1326.5  1.155456
1327.0  0.214664
1327.5  1.337744
1328.0  0.122648
1328.5  1.017344
1329.0  0.306832
1329.5  0.993696
1330.0  0.150536
1330.5  0.689152
1331.0  0.332184
1331.5  1.508384
1332.0  0.47008
1332.5  1.569984
1333.0  0.304088
1333.5  1.59824
1334.0  0.140408
1334.5  1.248192
1335.0  0.141464
1335.5  0.95048
1336.0  0.146832
1336.5  1.180504
1337.0  0.2238
1337.5  1.440736
1338.0  0.13832
1338.5  1.046656
1339.0  0.206616
1339.5  1.39768
1340.0  0.132792
1340.5  1.059232
1341.0  0.205024
1341.5  1.365416
1342.0  0.139512
1342.5  1.097872
1343.0  0.2998
1343.5  1.596016
1344.0  0.131672
1344.5  0.773952
1345.0  0.193216
1345.5  1.4184
1346.0  0.153112
1346.5  0.991264
1347.0  0.157048
1347.5  1.186512
1348.0  0.133064
1348.5  1.059984
1349.0  0.267944
1349.5  1.190704
1350.0  0.19308
1350.5  1.338104
1351.0  0.202056
1351.5  1.400472
1352.0  0.13112
1352.5  1.006928
1353.0  0.222008
1353.5  1.353232
1354.0  0.129016
1354.5  0.940888
1355.0  0.14416
1355.5  1.0268
1356.0  0.134312
1356.5  1.183136
1357.0  0.217272
1357.5  1.498832
1358.0  0.135872
1358.5  1.081272
1359.0  0.213128
1359.5  1.41528
1360.0  0.133888
1360.5  1.032992
1361.0  0.203024
1361.5  1.391776
1362.0  0.231504
1362.5  1.181056
1363.0  0.207352
1363.5  1.369104
1364.0  0.127592
1364.5  0.991512
1365.0  0.195384
1365.5  1.370672
1366.0  0.145736
1366.5  1.109104
1367.0  0.193344
1367.5  1.14976
1368.0  0.140816
1368.5  0.912032
1369.0  0.270928
1369.5  1.179008
1370.0  0.143584
1370.5  1.115952
1371.0  0.173448
1371.5  1.31944
1372.0  0.127336
1372.5  1.037632
1373.0  0.179488
1373.5  1.321632
1374.0  0.147288
1374.5  1.140672
1375.0  0.156248
1375.5  1.37976
1376.0  0.12856
1376.5  1.017616
1377.0  0.16264
1377.5  1.165424
1378.0  0.213032
1378.5  1.218448
1379.0  0.186856
1379.5  1.228688
1380.0  0.143472
1380.5  1.043056
1381.0  0.148064
1381.5  1.312256
1382.0  0.188472
1382.5  1.416112
1383.0  0.206248
1383.5  1.170272
1384.0  0.170416
1384.5  1.186104
1385.0  0.148056
1385.5  1.217408
1386.0  0.19944
1386.5  1.238112
1387.0  0.144136
1387.5  1.120648
1388.0  0.213432
1388.5  1.4348
1389.0  0.260856
1389.5  1.018656
1390.0  0.178088
1390.5  1.245344
1391.0  0.129112
1391.5  1.119536
1392.0  0.281024
1392.5  1.158152
1393.0  0.203712
1393.5  1.290928
1394.0  0.692968
1394.5  1.264016
1395.0  0.188792
1395.5  1.311336
1396.0  0.175096
1396.5  1.067504
1397.0  0.12888
1397.5  0.947936
1398.0  0.213664
1398.5  1.312352
1399.0  0.123032
1399.5  0.903552
1400.0  0.142648
1400.5  1.264392
1401.0  0.195816
1401.5  1.440912
1402.0  0.15132
1402.5  1.077248
1403.0  0.131576
1403.5  1.14616
1404.0  0.25524
1404.5  1.540464
1405.0  0.136808
1405.5  1.030064
1406.0  0.13572
1406.5  1.082416
1407.0  0.134072
1407.5  1.109232
1408.0  0.176216
1408.5  1.436816
1409.0  0.242872
1409.5  1.064656
1410.0  0.141032
1410.5  1.084336
1411.0  0.1266
1411.5  1.052016
1412.0  0.23112
1412.5  1.458168
1413.0  0.131912
1413.5  1.116528
1414.0  0.180808
1414.5  1.385648
1415.0  0.123432
1415.5  1.033376
1416.0  0.161616
1416.5  1.27388
1417.0  0.131176
1417.5  1.195344
1418.0  0.197448
1418.5  1.492584
1419.0  0.148056
1419.5  1.000192
1420.0  0.146768
1420.5  1.217456
1421.0  0.125032
1421.5  1.121856
1422.0  0.25184
1422.5  1.303712
1423.0  0.12652
1423.5  1.143712
1424.0  0.16288
1424.5  1.304392
1425.0  0.131584
1425.5  1.063968
1426.0  0.143944
1426.5  1.209872
1427.0  0.125976
1427.5  1.07608
1428.0  0.176792
1428.5  1.377168
1429.0  0.2858
1429.5  1.077968
1430.0  0.14804
1430.5  1.2484
1431.0  0.130632
1431.5  1.143664
1432.0  0.157608
1432.5  1.333456
1433.0  0.130264
1433.5  1.055696
1434.0  0.15184
1434.5  1.283456
1435.0  0.124856
1435.5  1.122448
1436.0  0.167312
1436.5  1.344672
1437.0  0.135752
1437.5  1.086912
1438.0  0.174448
1438.5  1.342272
1439.0  0.130608
1439.5  1.065232
