0.0  0.109824
0.5  0.124304
1.0  0.365904
1.5  0.11468
2.0  0.313664
2.5  0.818888
3.0  0.439272
3.5  0.347888
4.0  0.398496
4.5  0.551464
5.0  0.497832
5.5  0.427576
6.0  0.4276
6.5  0.509736
7.0  0.499408
7.5  0.53452
8.0  0.542336
8.5  0.612704
9.0  0.577184
9.5  0.466528
10.0  0.506688
10.5  0.678464
11.0  0.667296
11.5  0.513056
12.0  0.573424
12.5  0.669392
13.0  0.651744
13.5  0.538536
14.0  0.595728
14.5  0.790912
15.0  0.753568
15.5  0.62952
16.0  0.658688
16.5  0.808536
17.0  0.715568
17.5  0.790152
18.0  0.742896
18.5  0.826176
19.0  0.86464
19.5  0.697424
20.0  0.687504
20.5  0.91608
21.0  0.91704
21.5  0.712736
22.0  0.776624
22.5  0.8922
23.0  0.86696
23.5  0.825952
24.0  0.832384
24.5  1.089504
25.0  0.986528
25.5  0.816736
26.0  0.881664
26.5  1.035728
27.0  1.011168
27.5  0.808672
28.0  0.834512
28.5  1.169616
29.0  1.13616
29.5  0.863616
30.0  0.876224
30.5  1.073904
31.0  1.14352
31.5  0.968096
32.0  0.95552
32.5  0.980032
33.0  1.060112
33.5  1.195448
34.0  1.143008
34.5  1.239048
35.0  1.219504
35.5  1.074328
36.0  1.04472
36.5  1.116736
37.0  1.275024
37.5  1.260248
38.0  1.10244
38.5  1.086032
39.0  1.086768
39.5  1.246032
40.0  1.257792
40.5  0.68436
41.0  1.386352
41.5  0.748688
42.0  1.121968
42.5  0.5748
43.0  1.07136
43.5  1.432664
44.0  1.366192
44.5  1.172208
45.0  1.34712
45.5  0.719704
46.0  1.091088
46.5  0.727872
47.0  1.34448
47.5  1.27112
48.0  1.167024
48.5  0.861704
49.0  1.095136
49.5  0.726696
50.0  1.258496
50.5  0.720288
51.0  1.171776
51.5  1.21572
52.0  1.225792
52.5  1.088776
53.0  1.179328
53.5  1.412856
54.0  1.294544
54.5  1.147928
55.0  1.160976
55.5  1.34432
56.0  1.293744
56.5  1.187568
57.0  1.27536
57.5  1.3394
58.0  1.28752
58.5  1.108664
59.0  1.132768
59.5  1.305872
60.0  1.24832
60.5  1.162352
61.0  1.228
61.5  1.33588
62.0  1.258768
62.5  1.136688
63.0  1.122768
63.5  1.29388
64.0  1.23424
64.5  1.118536
65.0  1.146512
65.5  1.340112
66.0  1.339072
66.5  1.144496
67.0  1.145184
67.5  1.302976
68.0  1.334832
68.5  1.170072
69.0  1.098528
69.5  1.312368
70.0  1.31824
70.5  1.13684
71.0  1.132216
71.5  1.3312
72.0  1.355072
72.5  1.10352
73.0  1.102592
73.5  1.309768
74.0  1.269696
74.5  1.061776
75.0  1.132352
75.5  1.335024
76.0  1.246448
76.5  1.12364
77.0  1.24832
77.5  0.93132
78.0  1.324144
78.5  0.698304
79.0  1.123424
79.5  1.078704
80.0  1.214976
80.5  1.26664
81.0  1.225728
81.5  1.342304
82.0  1.31608
82.5  1.15132
83.0  1.200768
83.5  1.249832
84.0  1.210896
84.5  1.1888
85.0  1.179952
85.5  1.368584
86.0  1.333696
86.5  1.159896
87.0  1.16272
87.5  1.320504
88.0  1.355296
88.5  1.191592
89.0  1.12864
89.5  1.297416
90.0  1.264464
90.5  1.130824
91.0  1.186736
91.5  1.299888
92.0  1.217056
92.5  1.136184
93.0  1.178928
93.5  1.249584
94.0  1.251648
94.5  1.167776
95.0  1.16528
95.5  1.350432
96.0  1.285584
96.5  1.105424
97.0  1.125904
97.5  1.411456
98.0  1.461072
98.5  1.143072
99.0  1.12496
99.5  1.257632
100.0  1.23136
100.5  1.187488
101.0  1.179648
101.5  1.23304
102.0  1.254464
102.5  1.172832
103.0  1.164864
103.5  1.327008
104.0  1.293736
104.5  1.218448
105.0  1.22768
105.5  1.290048
106.0  1.275504
106.5  1.19264
107.0  1.114256
107.5  1.303112
108.0  1.286176
108.5  1.127728
109.0  1.13608
109.5  1.383728
110.0  1.385728
110.5  1.111288
111.0  1.120496
111.5  1.336744
112.0  1.34216
112.5  1.182864
113.0  1.190224
113.5  1.274112
114.0  1.239984
114.5  1.138064
115.0  1.096192
115.5  1.223496
116.0  1.329616
116.5  1.196
117.0  1.161808
117.5  1.37328
118.0  1.296528
118.5  1.1714
119.0  1.144928
119.5  1.250304
120.0  1.277072
120.5  1.137704
121.0  1.195168
121.5  1.275736
122.0  1.182144
122.5  1.14188
123.0  1.097648
123.5  1.281272
124.0  1.349504
124.5  1.265448
125.0  1.23736
125.5  1.318696
126.0  1.2844
126.5  1.156448
127.0  1.21664
127.5  1.31988
128.0  1.296768
128.5  1.106368
129.0  1.090416
129.5  1.3302
130.0  1.312896
130.5  1.118512
131.0  1.079232
131.5  1.300224
132.0  1.365328
132.5  1.180408
133.0  1.138368
133.5  1.386688
134.0  1.396384
134.5  1.101872
135.0  1.101584
135.5  1.38476
136.0  1.333936
136.5  1.135928
137.0  1.13164
137.5  1.350984
138.0  1.319888
138.5  1.129664
139.0  1.146656
139.5  1.348288
140.0  1.292736
140.5  1.145056
141.0  1.230112
141.5  1.239168
142.0  1.180272
142.5  1.116656
143.0  1.120448
143.5  1.313504
144.0  1.319856
144.5  1.209904
145.0  1.104496
145.5  1.114096
146.0  1.388272
146.5  1.337536
147.0  1.095424
147.5  1.24824
148.0  1.359984
148.5  1.267584
149.0  1.163072
149.5  1.132192
150.0  1.3004
150.5  1.353136
151.0  1.168224
151.5  1.121392
152.0  1.12256
152.5  1.355184
153.0  1.333536
153.5  1.1642
154.0  1.201072
154.5  1.217672
155.0  1.140368
155.5  1.105496
156.0  1.173984
156.5  1.332688
157.0  1.323488
157.5  1.107264
158.0  1.15856
158.5  0.670352
159.0  1.310736
159.5  0.735472
160.0  1.073776
160.5  1.15848
161.0  1.298736
161.5  1.206016
162.0  1.238512
162.5  1.354832
163.0  1.323152
163.5  1.169984
164.0  1.118992
164.5  1.386384
165.0  1.28672
165.5  1.116864
166.0  1.216432
166.5  1.336328
167.0  1.287904
167.5  1.212088
168.0  1.144192
168.5  1.353176
169.0  1.335008
169.5  1.068896
170.0  1.123384
170.5  1.306
171.0  1.272384
171.5  1.146456
172.0  1.129424
172.5  1.320696
173.0  1.307008
173.5  1.140616
174.0  1.156832
174.5  1.304392
175.0  1.248
175.5  1.15792
176.0  1.195152
176.5  1.314688
177.0  1.329792
177.5  1.169456
178.0  1.063664
178.5  1.390672
179.0  1.434544
179.5  1.0888
180.0  1.159216
180.5  1.37592
181.0  1.347824
181.5  1.131872
182.0  1.149968
182.5  1.30332
183.0  1.289248
183.5  1.167168
184.0  1.102688
184.5  1.36032
185.0  1.329088
185.5  1.101104
186.0  1.13344
186.5  1.296272
187.0  1.215536
187.5  1.154232
188.0  1.182144
188.5  1.248672
189.0  1.30352
189.5  1.17096
190.0  1.163872
190.5  1.319616
191.0  1.340944
191.5  1.192488
192.0  1.126336
192.5  1.274992
193.0  1.296624
193.5  1.132264
194.0  1.097568
194.5  1.271648
195.0  1.292432
195.5  1.105552
196.0  1.121536
196.5  1.398328
197.0  1.284832
197.5  1.19836
198.0  1.185584
198.5  1.345488
199.0  1.403488
199.5  1.129648
200.0  1.055712
200.5  1.310176
201.0  1.34336
201.5  1.137712
202.0  1.115264
202.5  1.323952
203.0  1.277736
203.5  1.108304
204.0  1.151856
204.5  1.47716
205.0  1.409008
205.5  1.090552
206.0  1.10464
206.5  1.306232
207.0  1.293456
207.5  1.133304
208.0  1.148992
208.5  1.282616
209.0  1.295792
209.5  1.106648
210.0  1.068128
210.5  1.282208
211.0  1.28848
211.5  1.10584
212.0  1.054496
212.5  1.351784
213.0  1.382672
213.5  1.113392
214.0  1.187616
214.5  1.354176
215.0  1.286512
215.5  1.12384
216.0  1.16232
216.5  1.351392
217.0  1.32848
217.5  1.090608
218.0  1.150352
218.5  1.323728
219.0  1.231776
219.5  1.051632
220.0  1.083872
220.5  1.393504
221.0  1.351184
221.5  1.157064
222.0  1.20168
222.5  1.319536
223.0  1.36168
223.5  1.173008
224.0  1.133728
224.5  1.438496
225.0  1.369728
225.5  1.071792
226.0  1.078352
226.5  1.411048
227.0  1.347824
227.5  1.185256
228.0  1.147936
228.5  1.107688
229.0  1.320928
229.5  1.297768
230.0  1.142272
230.5  1.210376
231.0  1.352368
231.5  1.30112
232.0  1.13728
232.5  1.089512
233.0  1.28576
233.5  1.305408
234.0  1.075088
234.5  1.161
235.0  1.308208
235.5  1.27776
236.0  1.208888
236.5  0.806896
237.0  1.174368
237.5  0.701256
238.0  1.283968
238.5  0.716592
239.0  1.096528
239.5  1.218512
240.0  1.311056
240.5  1.132392
241.0  1.148352
241.5  1.339312
242.0  1.324224
242.5  1.134264
243.0  1.193216
243.5  1.335672
244.0  1.25136
244.5  1.158968
245.0  1.187088
245.5  1.3534
246.0  1.287792
246.5  1.111952
247.0  1.129776
247.5  1.306008
248.0  1.28216
248.5  1.143872
249.0  1.116896
249.5  1.269216
250.0  1.296592
250.5  1.20632
251.0  1.174736
251.5  0.920576
252.0  0.919744
252.5  0.800424
253.0  1.351984
253.5  0.73536
254.0  1.135328
254.5  0.688768
255.0  1.271312
255.5  0.814896
256.0  1.131232
256.5  1.151616
257.0  1.271616
257.5  1.056624
258.0  1.182752
258.5  0.794064
259.0  1.332992
259.5  0.689872
260.0  1.07176
260.5  1.263184
261.0  1.394848
261.5  1.086864
262.0  1.176944
262.5  1.377624
263.0  1.2672
263.5  1.160176
264.0  1.039776
264.5  1.38128
265.0  1.368752
265.5  1.1464
266.0  1.177536
266.5  1.265408
267.0  1.292064
267.5  1.212896
268.0  1.16652
268.5  1.360688
269.0  1.309248
269.5  1.161456
270.0  1.115792
270.5  1.33368
271.0  1.321888
271.5  1.170112
272.0  1.165344
272.5  1.30748
273.0  1.288048
273.5  1.213848
274.0  1.172992
274.5  1.354104
275.0  1.264768
275.5  1.170016
276.0  1.206608
276.5  1.30168
277.0  1.242656
277.5  1.123792
278.0  1.140016
278.5  1.297528
279.0  1.22824
279.5  1.200544
280.0  1.253232
280.5  1.326016
281.0  1.30272
281.5  1.177552
282.0  1.117584
282.5  1.379912
283.0  1.382784
283.5  1.186576
284.0  1.129232
284.5  1.339128
285.0  1.251344
285.5  1.247616
286.0  1.145072
286.5  1.329504
287.0  1.347232
287.5  1.180056
288.0  1.121584
288.5  1.32136
289.0  1.302544
289.5  1.112784
290.0  1.10528
290.5  1.362336
291.0  1.401808
291.5  1.19132
292.0  1.161936
292.5  1.33684
293.0  1.27624
293.5  1.080816
294.0  1.079712
294.5  1.339232
295.0  1.326352
295.5  1.152208
296.0  1.112064
296.5  1.355624
297.0  1.305728
297.5  1.127472
298.0  1.239168
298.5  1.327272
299.0  1.261968
299.5  0.71
300.0  1.121152
300.5  0.762816
301.0  1.328104
301.5  0.761008
302.0  1.171728
302.5  0.954056
303.0  1.321696
303.5  1.22112
304.0  1.100112
304.5  1.488512
305.0  1.37648
305.5  1.068032
306.0  1.11696
306.5  1.374024
307.0  1.26648
307.5  1.137792
308.0  1.157232
308.5  1.338544
309.0  1.33044
309.5  1.189904
310.0  1.091952
310.5  1.311632
311.0  1.33632
311.5  1.154784
312.0  1.149968
312.5  1.128328
313.0  1.302528
313.5  1.350304
314.0  1.147072
314.5  1.223744
315.0  1.163872
315.5  1.20744
316.0  1.175808
316.5  1.394784
317.0  1.304112
317.5  1.125264
318.0  1.129712
318.5  1.375328
319.0  1.359936
319.5  1.1896
320.0  1.10288
320.5  1.173888
321.0  1.393328
321.5  1.28176
322.0  1.146096
322.5  1.217896
323.0  1.270288
323.5  1.415688
324.0  1.184208
324.5  1.2206
325.0  1.296832
325.5  1.219384
326.0  1.118224
326.5  1.163528
327.0  1.361424
327.5  1.391464
328.0  1.095072
328.5  1.199816
329.0  1.379792
329.5  1.262952
330.0  1.071472
330.5  1.131232
331.0  1.098704
331.5  1.296296
332.0  1.350096
332.5  1.242352
333.0  1.18888
333.5  1.34272
334.0  1.28444
334.5  1.11936
335.0  1.134064
335.5  1.353728
336.0  1.330944
336.5  1.209952
337.0  1.191536
337.5  1.319392
338.0  1.29192
338.5  1.190112
339.0  1.134688
339.5  1.30012
340.0  1.3568
340.5  1.163952
341.0  1.065664
341.5  1.335416
342.0  1.31632
342.5  1.2474
343.0  1.167888
343.5  1.334288
344.0  1.331152
344.5  1.147536
345.0  1.13288
345.5  1.37188
346.0  1.29072
346.5  1.199008
347.0  1.123392
347.5  1.318672
348.0  1.369808
348.5  1.220624
349.0  1.117872
349.5  1.254208
350.0  1.317536
350.5  1.17868
351.0  1.134672
351.5  1.326096
352.0  1.358656
352.5  1.153472
353.0  1.153888
353.5  1.437424
354.0  1.261168
354.5  1.145952
355.0  1.136
355.5  1.299744
356.0  1.319216
356.5  1.220728
357.0  1.156752
357.5  1.282128
358.0  1.254368
358.5  1.184056
359.0  1.191024
359.5  1.284112
360.0  1.228816
360.5  1.12736
361.0  1.094704
361.5  1.364952
362.0  1.428736
362.5  1.17784
363.0  1.102048
363.5  1.377744
364.0  1.285328
364.5  1.159296
365.0  1.162528
365.5  1.417752
366.0  1.357504
366.5  1.176552
367.0  1.098024
367.5  1.300624
368.0  1.363696
368.5  1.144736
369.0  1.174496
369.5  1.360384
370.0  1.254928
370.5  1.185984
371.0  1.096832
371.5  1.302752
372.0  1.269056
372.5  1.130664
373.0  1.211888
373.5  1.285896
374.0  1.286848
374.5  1.18912
375.0  1.111488
375.5  1.371944
376.0  1.313552
376.5  1.191208
377.0  1.125344
377.5  1.369552
378.0  1.383312
378.5  1.150488
379.0  1.107024
379.5  1.30652
380.0  1.315968
380.5  1.18348
381.0  1.186832
381.5  1.314768
382.0  1.20776
382.5  1.144624
383.0  1.183856
383.5  1.449448
384.0  1.360208
384.5  1.168832
385.0  1.047536
385.5  1.354528
386.0  1.333904
386.5  1.176904
387.0  1.244192
387.5  1.361168
388.0  1.266944
388.5  1.123952
389.0  1.160896
389.5  1.338344
390.0  1.332752
390.5  1.14992
391.0  1.140336
391.5  1.344688
392.0  1.256752
392.5  1.15256
393.0  1.1712
393.5  1.331616
394.0  1.292192
394.5  1.068448
395.0  1.041824
395.5  1.333832
396.0  1.34336
396.5  1.195632
397.0  1.114624
397.5  1.385536
398.0  1.4412
398.5  1.233648
399.0  1.148736
399.5  1.298288
400.0  1.307736
400.5  1.123456
401.0  1.111968
401.5  1.410096
402.0  1.33464
402.5  1.124608
403.0  1.102016
403.5  1.405936
404.0  1.31152
404.5  1.084352
405.0  1.1388
405.5  1.427448
406.0  1.29032
406.5  1.180664
407.0  1.22856
407.5  1.337984
408.0  1.276384
408.5  1.172544
409.0  1.138328
409.5  1.332064
410.0  1.310368
410.5  0.765272
411.0  1.146944
411.5  0.693384
412.0  1.260496
412.5  0.710096
413.0  1.136752
413.5  0.69004
414.0  1.193968
414.5  1.412512
415.0  1.253488
415.5  1.003776
416.0  1.249824
416.5  0.726096
417.0  1.147616
417.5  0.72424
418.0  1.335232
418.5  1.427216
419.0  1.123392
419.5  1.435344
420.0  1.363184
420.5  1.059088
421.0  1.03292
421.5  1.263984
422.0  1.321984
422.5  1.19744
423.0  1.105696
423.5  1.459592
424.0  1.369808
424.5  1.16676
425.0  1.182352
425.5  1.449464
426.0  1.335824
426.5  1.1392
427.0  1.174912
427.5  1.38812
428.0  1.337664
428.5  1.170456
429.0  1.142864
429.5  1.38052
430.0  1.277872
430.5  1.134656
431.0  1.165008
431.5  1.180088
432.0  1.313232
432.5  1.285536
433.0  1.0884
433.5  1.024448
434.0  1.413808
434.5  0.72396
435.0  1.054368
435.5  0.763848
436.0  1.241768
436.5  1.322352
437.0  1.18408
437.5  1.28464
438.0  1.223232
438.5  1.335024
439.0  1.260912
439.5  1.18528
440.0  1.314384
440.5  1.450016
441.0  1.285344
441.5  1.113496
442.0  1.087432
442.5  1.12112
443.0  1.151296
443.5  1.335856
444.0  1.228848
444.5  1.241016
445.0  1.16632
445.5  1.140616
446.0  1.187456
446.5  1.089592
447.0  0.899888
447.5  0.714696
448.0  0.887744
448.5  1.508368
449.0  1.416736
449.5  1.333424
450.0  1.356944
450.5  1.48144
451.0  1.414944
451.5  1.214336
452.0  1.177792
452.5  1.297616
453.0  1.260576
453.5  1.234864
454.0  1.29212
454.5  1.307216
455.0  1.237088
455.5  1.140048
456.0  1.147936
456.5  1.424464
457.0  1.365952
457.5  1.159472
458.0  1.133712
458.5  1.299072
459.0  1.3272
459.5  1.150304
460.0  1.11616
460.5  1.175064
461.0  1.099664
461.5  1.265968
462.0  1.249888
462.5  1.389072
463.0  1.359728
463.5  0.860784
464.0  0.772568
464.5  0.106536
465.0  0.1
465.5  0.146744
466.0  0.1
466.5  0.147928
467.0  0.1
467.5  0.106608
468.0  0.1
468.5  0.10764
469.0  0.101688
469.5  0.107808
470.0  0.1
470.5  0.104744
471.0  0.1
471.5  0.106184
472.0  0.1
472.5  0.106152
473.0  0.1
473.5  0.103544
474.0  0.1
474.5  0.10568
475.0  0.101688
475.5  0.101856
476.0  0.1
476.5  0.102368
477.0  0.1
477.5  0.100928
478.0  0.1
478.5  0.100928
479.0  0.1
479.5  0.107936
480.0  0.1
480.5  0.106464
481.0  0.10176
481.5  0.101976
482.0  0.1
482.5  0.10348
483.0  0.1
483.5  0.160096
484.0  0.1
484.5  0.106912
485.0  0.10888
485.5  0.128368
486.0  0.123648
486.5  0.10488
487.0  0.10268
487.5  0.330112
488.0  0.503264
488.5  1.03752
489.0  1.052752
489.5  1.241584
490.0  1.228
490.5  1.08472
491.0  1.055664
491.5  1.24532
492.0  1.18576
492.5  0.985872
493.0  1.013136
493.5  1.331728
494.0  1.241264
494.5  1.063224
495.0  1.100928
495.5  1.232024
496.0  1.119712
496.5  1.028856
497.0  0.935728
497.5  1.232352
498.0  1.154064
498.5  1.024056
499.0  1.091056
499.5  1.26688
500.0  1.283984
500.5  0.993264
501.0  0.922272
501.5  1.142752
502.0  1.295624
502.5  1.222304
503.0  1.05448
503.5  1.2308
504.0  1.219216
504.5  1.147872
505.0  1.03056
505.5  1.034768
506.0  1.078704
506.5  1.012448
507.0  0.98168
507.5  1.221456
508.0  1.207528
508.5  1.092656
509.0  1.07056
509.5  1.126016
510.0  1.114864
510.5  1.12248
511.0  1.0312
511.5  1.179016
512.0  1.320208
512.5  1.263032
513.0  1.106208
513.5  1.117336
514.0  1.07952
514.5  1.022968
515.0  1.008048
515.5  1.105856
516.0  1.170592
516.5  1.215616
517.0  1.138336
517.5  1.184928
518.0  1.20416
518.5  1.229344
519.0  1.119344
519.5  1.163136
520.0  1.086216
520.5  1.012496
521.0  1.0764
521.5  1.143088
522.0  1.06008
522.5  1.00368
523.0  1.024352
523.5  1.134664
524.0  1.145696
524.5  1.238128
525.0  1.129648
525.5  1.1438
526.0  0.9276
526.5  1.356072
527.0  1.517376
527.5  1.054528
528.0  0.953728
528.5  1.09636
529.0  1.00592
529.5  1.046592
530.0  1.11744
530.5  1.145216
531.0  1.123424
531.5  1.055768
532.0  1.098128
532.5  1.285088
533.0  1.25336
533.5  1.136952
534.0  1.130672
534.5  1.062336
535.0  1.013224
535.5  1.080624
536.0  1.084992
536.5  1.14616
537.0  1.09344
537.5  0.996368
538.0  0.977392
538.5  1.208048
539.0  1.18024
539.5  1.082896
540.0  1.08128
540.5  1.145728
541.0  1.127192
541.5  1.17504
542.0  1.141952
542.5  1.23808
543.0  1.268496
543.5  1.169728
544.0  1.06696
544.5  1.092224
545.0  1.106448
545.5  1.103824
546.0  1.031472
546.5  1.300784
547.0  1.273968
547.5  1.065376
548.0  1.036912
548.5  1.186656
549.0  1.184944
549.5  1.011872
550.0  1.067888
550.5  1.193152
551.0  1.070912
551.5  1.149968
552.0  1.108112
552.5  1.126152
553.0  1.204984
553.5  1.170112
554.0  1.078512
554.5  1.097776
555.0  1.133344
555.5  1.261664
556.0  1.10448
556.5  1.091608
557.0  0.88392
557.5  1.061408
558.0  1.130304
558.5  1.429008
559.0  1.199856
559.5  0.426928
560.0  0.286912
560.5  0.416768
561.0  0.277616
561.5  0.393304
562.0  0.132736
562.5  0.117656
563.0  0.116208
563.5  0.378048
564.0  0.13312
564.5  0.118368
565.0  0.100784
565.5  0.222776
566.0  0.100784
566.5  0.105704
567.0  0.1
567.5  0.289888
568.0  0.28692
568.5  0.322856
569.0  0.29248
569.5  0.226192
570.0  0.72624
570.5  0.376392
571.0  0.417056
571.5  0.111152
572.0  0.12152
572.5  0.177904
573.0  0.173824
573.5  0.11516
574.0  0.123208
574.5  0.220544
575.0  0.224768
575.5  0.113392
576.0  0.12152
576.5  0.292264
577.0  0.285712
577.5  0.118608
578.0  0.12152
578.5  0.2096
579.0  0.21064
579.5  0.119504
580.0  0.12328
580.5  0.211856
581.0  0.213824
581.5  0.112128
582.0  0.12024
582.5  0.20896
583.0  0.213808
583.5  0.170176
584.0  0.12648
584.5  0.244312
585.0  0.239248
585.5  0.168216
586.0  0.123224
586.5  0.329944
587.0  0.28504
587.5  0.121008
588.0  0.12152
588.5  0.186808
589.0  0.24712
589.5  0.135448
590.0  0.12152
590.5  0.117416
591.0  0.168368
591.5  0.143304
592.0  0.13604
592.5  0.120408
593.0  0.4008
593.5  0.11468
594.0  0.12152
594.5  0.123424
595.0  0.281808
595.5  0.111152
596.0  0.12152
596.5  0.119976
597.0  0.210608
597.5  0.111904
598.0  0.12152
598.5  0.110656
599.0  0.388032
599.5  0.112168
600.0  0.11224
600.5  0.106408
601.0  0.101688
601.5  0.1
602.0  0.1
602.5  0.10204
603.0  0.1
603.5  0.160416
604.0  0.1
604.5  0.104224
605.0  0.1
605.5  0.104456
606.0  0.1
606.5  0.107088
607.0  0.101688
607.5  0.105728
608.0  0.1
608.5  1.14496
609.0  0.147328
609.5  0.125856
610.0  0.143632
610.5  0.104344
611.0  0.110672
611.5  0.106864
612.0  0.281168
612.5  1.014648
613.0  1.036656
613.5  1.071984
614.0  1.05144
614.5  1.093424
615.0  1.10632
615.5  1.157432
616.0  1.102192
616.5  1.29708
617.0  1.125344
617.5  1.063168
618.0  1.130192
618.5  1.33584
619.0  1.24932
619.5  1.01752
620.0  0.997936
620.5  1.127376
621.0  1.077792
621.5  1.198816
622.0  1.183968
622.5  1.179264
623.0  1.176736
623.5  1.125336
624.0  1.091248
624.5  0.743696
625.0  1.057056
625.5  0.717312
626.0  1.21896
626.5  0.891504
627.0  1.057168
627.5  0.831104
628.0  1.144208
628.5  0.944096
629.0  1.03536
629.5  1.091888
630.0  1.047568
630.5  1.041488
631.0  1.003216
631.5  1.201152
632.0  1.28672
632.5  1.167032
633.0  1.161072
633.5  1.227896
634.0  1.115528
634.5  0.95688
635.0  1.007104
635.5  1.146752
636.0  1.051328
636.5  1.147264
637.0  1.159456
637.5  1.285664
638.0  1.117808
638.5  1.28916
639.0  1.289824
639.5  1.080784
640.0  1.166376
640.5  1.100296
641.0  1.08344
641.5  1.014448
642.0  0.97488
642.5  1.38856
643.0  1.477488
643.5  1.292152
644.0  1.150224
644.5  0.966656
645.0  0.926384
645.5  1.023448
646.0  0.97944
646.5  1.194512
647.0  1.14848
647.5  0.989728
648.0  0.986336
648.5  1.465536
649.0  1.475984
649.5  1.137104
650.0  1.15248
650.5  1.295392
651.0  1.303408
651.5  1.025144
652.0  0.973384
652.5  1.261024
653.0  1.186368
653.5  0.993312
654.0  1.015184
654.5  1.27352
655.0  1.214912
655.5  0.951808
656.0  0.76372
656.5  0.56104
657.0  0.68656
657.5  2.198312
658.0  1.908904
658.5  0.952576
659.0  1.129632
659.5  0.966008
660.0  0.99052
660.5  1.181904
661.0  1.157536
661.5  1.135808
662.0  1.1948
662.5  1.116248
663.0  0.978448
663.5  1.213024
664.0  1.196624
664.5  1.074496
665.0  1.110784
665.5  1.024464
666.0  1.016672
666.5  1.147208
667.0  1.099848
667.5  1.222432
668.0  1.113984
668.5  1.396544
669.0  1.370832
669.5  1.103952
670.0  1.179568
670.5  1.467728
671.0  1.359328
671.5  0.950768
672.0  0.93744
672.5  1.294768
673.0  1.302296
673.5  0.931952
674.0  0.943488
674.5  1.27528
675.0  1.183248
675.5  0.995928
676.0  1.080864
676.5  1.34196
677.0  1.216464
677.5  1.023776
678.0  0.996608
678.5  1.240856
679.0  1.192352
679.5  0.981008
680.0  0.988256
680.5  1.276376
681.0  1.358944
681.5  0.954616
682.0  0.850288
682.5  1.169664
683.0  1.01904
683.5  0.940096
684.0  0.949088
684.5  0.773792
685.0  1.009976
685.5  1.113688
686.0  1.121472
686.5  1.159272
687.0  1.117952
687.5  1.190048
688.0  1.23424
688.5  1.182816
689.0  1.15496
689.5  1.221848
690.0  1.165984
690.5  1.023608
691.0  0.978432
691.5  1.031632
692.0  0.983504
692.5  1.113008
693.0  1.18984
693.5  1.362808
694.0  1.240736
694.5  1.037968
695.0  1.155984
695.5  1.207576
696.0  1.127408
696.5  1.086008
697.0  1.05568
697.5  1.141648
698.0  1.046208
698.5  1.077536
699.0  1.1656
699.5  1.096624
700.0  1.004952
700.5  1.122008
701.0  1.114896
701.5  1.117904
702.0  1.079312
702.5  1.178664
703.0  1.250208
703.5  1.201216
704.0  1.066784
704.5  2.698352
705.0  1.317384
705.5  1.283672
706.0  1.182136
706.5  1.145592
707.0  1.115968
707.5  1.214056
708.0  1.10384
708.5  1.069904
709.0  1.162336
709.5  3.70788
710.0  1.160608
710.5  1.141848
711.0  1.221008
711.5  1.1628
712.0  1.086416
712.5  1.186168
713.0  0.921904
713.5  0.665312
714.0  0.891184
714.5  1.207344
715.0  1.271088
715.5  1.286912
716.0  1.167392
716.5  1.048632
717.0  1.058032
717.5  1.302888
718.0  1.285688
718.5  1.127816
719.0  1.14584
719.5  1.129272
720.0  1.041456
720.5  1.047872
721.0  1.094048
721.5  1.137584
722.0  1.07536
722.5  1.27516
723.0  1.22464
723.5  1.21088
724.0  1.186448
724.5  1.112304
725.0  1.076208
725.5  1.018368
726.0  0.981168
726.5  1.050672
727.0  1.160016
727.5  1.111824
728.0  1.074384
728.5  1.16296
729.0  1.093392
729.5  1.203856
730.0  1.153136
730.5  1.177456
731.0  1.159664
731.5  1.082832
732.0  1.117456
732.5  1.188688
733.0  1.21476
733.5  1.17568
734.0  1.084592
734.5  1.138448
735.0  1.222144
735.5  1.214944
736.0  1.1636
736.5  1.115736
737.0  0.99504
737.5  1.024576
738.0  1.035408
738.5  1.117072
739.0  1.07756
739.5  1.167664
740.0  1.072512
740.5  1.04424
741.0  1.103808
741.5  1.082776
742.0  1.154096
742.5  1.2176
743.0  1.024896
743.5  1.108112
744.0  1.160768
744.5  1.19584
745.0  1.078112
745.5  1.112992
746.0  1.187488
746.5  1.25144
747.0  1.248208
747.5  1.15588
748.0  1.177296
748.5  1.113248
749.0  1.063856
749.5  1.06744
750.0  0.989744
750.5  1.066032
751.0  1.138312
751.5  1.065752
752.0  1.055888
752.5  1.24356
753.0  1.191232
753.5  1.081152
754.0  0.975024
754.5  1.179768
755.0  1.112816
755.5  0.25872
756.0  0.15928
756.5  0.336072
757.0  0.240272
757.5  0.118936
758.0  0.194384
758.5  0.821
759.0  1.319968
759.5  2.948136
760.0  2.885888
760.5  2.792456
761.0  2.645552
761.5  1.058672
762.0  1.019568
762.5  0.304336
763.0  1.19792
763.5  0.274368
764.0  1.157104
764.5  0.76836
765.0  1.159712
765.5  1.161592
766.0  1.123736
766.5  1.196368
767.0  1.179632
767.5  1.530008
768.0  1.34
768.5  1.111376
769.0  1.047552
769.5  1.190096
770.0  1.140416
770.5  1.145096
771.0  1.104064
771.5  1.151192
772.0  1.124696
772.5  1.522776
773.0  1.4872
773.5  1.152616
774.0  1.112752
774.5  1.200216
775.0  1.137808
775.5  1.066272
776.0  1.035152
776.5  1.007792
777.0  0.982736
777.5  0.320176
778.0  1.018656
778.5  0.145152
779.0  1.190192
779.5  0.140032
780.0  1.024368
780.5  0.179824
781.0  1.01128
781.5  5.12028
782.0  1.29008
782.5  0.635352
783.0  1.121456
783.5  0.561288
784.0  1.072392
784.5  0.462192
785.0  1.268912
785.5  0.448064
786.0  1.094928
786.5  0.559032
787.0  1.218656
787.5  0.593552
788.0  1.092832
788.5  0.553376
789.0  1.192528
789.5  0.525664
790.0  0.989088
790.5  0.521648
791.0  1.19112
791.5  0.450192
792.0  1.038144
792.5  0.54484
793.0  1.324016
793.5  0.67272
794.0  1.126992
794.5  0.62848
795.0  1.082624
795.5  0.69488
796.0  1.01568
796.5  0.737512
797.0  1.27176
797.5  0.594896
798.0  0.977392
798.5  0.708208
799.0  1.112072
799.5  0.635168
800.0  1.0192
800.5  0.75904
801.0  1.310064
801.5  1.244048
802.0  0.948448
802.5  1.250856
803.0  1.239744
803.5  1.131896
804.0  1.046896
804.5  1.327392
805.0  1.294792
805.5  0.941592
806.0  0.929632
806.5  0.951288
807.0  0.947616
807.5  1.692088
808.0  1.750096
808.5  1.281352
809.0  1.161248
809.5  1.133992
810.0  1.110928
810.5  0.66592
811.0  0.655968
811.5  1.768912
812.0  1.740224
812.5  0.68488
813.0  0.684416
813.5  1.2696
814.0  1.26352
814.5  0.87556
815.0  0.847392
815.5  1.250128
816.0  1.264656
816.5  0.99688
817.0  0.958456
817.5  1.501232
818.0  1.450064
818.5  0.854352
819.0  0.84816
819.5  0.961032
820.0  0.938544
820.5  0.992064
821.0  0.9856
821.5  1.125736
822.0  1.115648
822.5  1.101136
823.0  1.039888
823.5  1.290664
824.0  1.222016
824.5  1.156856
825.0  1.147544
825.5  1.07644
826.0  1.017008
826.5  1.16644
827.0  1.132608
827.5  1.20728
828.0  1.178768
828.5  1.222168
829.0  1.203616
829.5  1.122024
830.0  1.103824
830.5  1.088216
831.0  1.06808
831.5  1.205624
832.0  1.187896
832.5  1.11636
833.0  1.09536
833.5  1.137616
834.0  1.123072
834.5  0.829144
835.0  0.856144
835.5  1.327504
836.0  1.268624
836.5  1.106552
837.0  1.088928
837.5  1.10272
838.0  1.133912
838.5  1.160416
839.0  1.108864
839.5  1.206576
840.0  1.198192
840.5  1.017904
841.0  1.047888
841.5  1.180528
842.0  1.129552
842.5  1.047272
843.0  1.037936
843.5  1.232768
844.0  1.192384
844.5  1.199744
845.0  1.165088
845.5  1.192928
846.0  1.184688
846.5  1.089
847.0  1.069872
847.5  1.030512
848.0  0.993088
848.5  1.247928
849.0  1.234912
849.5  1.03136
850.0  1.082136
850.5  1.041088
851.0  0.96024
851.5  1.13872
852.0  1.135056
852.5  1.100224
853.0  1.119728
853.5  1.463664
854.0  1.403376
854.5  1.136128
855.0  1.11544
855.5  1.001176
856.0  0.948928
856.5  0.99172
857.0  0.932352
857.5  1.182512
858.0  1.167296
858.5  1.184096
859.0  1.163568
859.5  1.064656
860.0  1.131248
860.5  1.229312
861.0  1.1436
861.5  1.082536
862.0  1.06664
862.5  0.996352
863.0  0.9992
863.5  1.306368
864.0  1.233664
864.5  1.069928
865.0  1.119512
865.5  1.222816
866.0  1.165024
866.5  1.120464
867.0  1.08528
867.5  1.137808
868.0  1.1248
868.5  1.066032
869.0  1.058336
869.5  1.25396
870.0  1.22048
870.5  1.090544
871.0  1.071704
871.5  1.201832
872.0  1.187344
872.5  1.106136
873.0  1.098
873.5  1.13956
874.0  1.11928
874.5  1.089752
875.0  1.076848
875.5  1.083792
876.0  1.089712
876.5  1.295792
877.0  1.251968
877.5  0.930032
878.0  0.921424
878.5  1.06636
879.0  1.059376
879.5  0.9364
880.0  0.931616
880.5  1.19792
881.0  1.188944
881.5  1.161712
882.0  1.160544
882.5  1.3156
883.0  1.305064
883.5  1.048224
884.0  0.986592
884.5  1.231064
885.0  1.198352
885.5  1.200336
886.0  1.139792
886.5  1.261952
887.0  1.256848
887.5  1.187608
888.0  1.112192
888.5  1.219368
889.0  1.176992
889.5  0.923376
890.0  0.910592
890.5  1.043536
891.0  1.047792
891.5  1.040408
892.0  1.019536
892.5  1.18996
893.0  1.191936
893.5  1.190136
894.0  1.151328
894.5  1.142392
895.0  1.123696
895.5  1.02744
896.0  1.058304
896.5  0.924
897.0  0.91312
897.5  1.19364
898.0  1.145832
898.5  1.095904
899.0  1.074784
899.5  1.152432
900.0  1.172112
900.5  1.199712
901.0  1.148384
901.5  1.122912
902.0  1.111024
902.5  1.352088
903.0  1.3304
903.5  1.065744
904.0  0.9818
904.5  1.209984
905.0  1.202064
905.5  1.134432
906.0  1.09888
906.5  1.146944
907.0  1.128048
907.5  1.002432
908.0  0.9952
908.5  1.162512
909.0  1.156736
909.5  1.08364
910.0  1.047584
910.5  1.206512
911.0  1.187616
911.5  1.096544
912.0  1.092736
912.5  1.113864
913.0  1.108544
913.5  1.191024
914.0  1.175776
914.5  0.9596
915.0  0.943872
915.5  1.299544
916.0  1.241928
916.5  1.114552
917.0  1.057488
917.5  1.247424
918.0  1.2308
918.5  1.05984
919.0  1.111288
919.5  1.19432
920.0  1.115904
920.5  1.11112
921.0  1.096496
921.5  1.27488
922.0  1.171896
922.5  1.133984
923.0  1.109616
923.5  1.300824
924.0  1.195936
924.5  1.226848
925.0  1.203456
925.5  1.047464
926.0  1.04192
926.5  1.137376
927.0  1.137008
927.5  1.140568
928.0  1.099872
928.5  1.026088
929.0  1.005504
929.5  1.265192
930.0  1.24632
930.5  1.310336
931.0  1.278296
931.5  1.043984
932.0  1.036128
932.5  1.016808
933.0  0.996128
933.5  1.079008
934.0  1.065936
934.5  1.01928
935.0  1.028848
935.5  1.26148
936.0  1.22112
936.5  0.952784
937.0  1.016648
937.5  1.358832
938.0  1.27128
938.5  1.166592
939.0  1.146672
939.5  1.044656
940.0  1.031632
940.5  1.045048
941.0  1.022496
941.5  1.152048
942.0  1.140848
942.5  1.222928
943.0  1.202304
943.5  1.285144
944.0  1.210416
944.5  1.147616
945.0  1.10944
945.5  1.145104
946.0  1.093168
946.5  1.131224
947.0  1.074144
947.5  0.991856
948.0  1.003648
948.5  1.211432
949.0  1.163976
949.5  1.168488
950.0  1.153344
950.5  1.06812
951.0  1.04752
951.5  1.08732
952.0  1.075088
952.5  1.16052
953.0  1.142128
953.5  1.070064
954.0  1.057216
954.5  1.035224
955.0  1.025184
955.5  1.176096
956.0  1.188752
956.5  1.258648
957.0  1.2096
957.5  1.14112
958.0  1.139112
958.5  1.169912
959.0  1.186152
959.5  1.128784
960.0  1.13008
960.5  1.119488
961.0  1.112912
961.5  1.196392
962.0  1.187888
962.5  1.098024
963.0  1.080224
963.5  1.181568
964.0  1.140728
964.5  1.012176
965.0  0.977008
965.5  1.332944
966.0  1.320016
966.5  1.025616
967.0  1.013536
967.5  1.21744
968.0  1.191152
968.5  1.039088
969.0  1.023616
969.5  1.114648
970.0  1.103032
970.5  1.03104
971.0  1.01704
971.5  1.169208
972.0  1.148272
972.5  1.281896
973.0  1.265456
973.5  0.992688
974.0  1.077072
974.5  1.153968
975.0  1.047488
975.5  1.169368
976.0  1.108304
976.5  1.215648
977.0  1.149264
977.5  1.037568
978.0  1.021984
978.5  1.19208
979.0  1.18248
979.5  1.130656
980.0  1.118416
980.5  1.265504
981.0  1.248528
981.5  0.960128
982.0  0.951768
982.5  1.206136
983.0  1.182736
983.5  1.190704
984.0  1.11456
984.5  1.24764
985.0  1.237232
985.5  1.132992
986.0  1.171424
986.5  1.089016
987.0  1.048
987.5  1.036832
988.0  1.016928
988.5  1.146208
989.0  1.118624
989.5  1.065232
990.0  1.049776
990.5  1.273568
991.0  1.25072
991.5  1.135816
992.0  1.129488
992.5  1.066008
993.0  1.037056
993.5  1.213592
994.0  1.193168
994.5  1.010664
995.0  0.992912
995.5  1.115024
996.0  1.09528
996.5  1.244808
997.0  1.218504
997.5  1.031936
998.0  1.018144
998.5  1.211856
999.0  1.209184
999.5  1.119024
1000.0  1.094864
1000.5  1.151584
1001.0  1.143872
1001.5  1.055184
1002.0  1.038496
1002.5  1.081328
1003.0  1.064024
1003.5  1.145408
1004.0  1.063328
1004.5  1.21016
1005.0  1.187344
1005.5  1.080656
1006.0  1.022424
1006.5  1.169224
1007.0  1.109536
1007.5  1.086776
1008.0  1.084848
1008.5  1.276184
1009.0  1.236544
1009.5  1.076392
1010.0  1.062064
1010.5  1.1478
1011.0  1.112144
1011.5  1.125272
1012.0  1.10352
1012.5  1.332752
1013.0  1.319824
1013.5  1.159136
1014.0  1.14792
1014.5  1.279352
1015.0  1.224904
1015.5  1.103376
1016.0  1.089104
1016.5  1.239736
1017.0  1.221824
1017.5  1.107088
1018.0  1.088272
1018.5  1.233872
1019.0  1.208608
1019.5  1.018536
1020.0  1.01424
1020.5  1.25864
1021.0  1.226624
1021.5  1.712192
1022.0  1.669888
1022.5  0.747416
1023.0  0.723344
1023.5  1.163416
1024.0  1.083024
1024.5  0.881504
1025.0  0.826784
1025.5  0.968
1026.0  0.952336
1026.5  1.3222
1027.0  1.285296
1027.5  1.23048
1028.0  1.1924
1028.5  1.073792
1029.0  1.064864
1029.5  0.877336
1030.0  0.840488
1030.5  1.529216
1031.0  1.491712
1031.5  0.98368
1032.0  0.966688
1032.5  1.033032
1033.0  1.124128
1033.5  1.16408
1034.0  1.034144
1034.5  1.08536
1035.0  1.07376
1035.5  1.361568
1036.0  1.280264
1036.5  1.170344
1037.0  1.098368
1037.5  1.589328
1038.0  1.594496
1038.5  0.85568
1039.0  0.801904
1039.5  1.047576
1040.0  1.025072
1040.5  0.922512
1041.0  0.892624
1041.5  1.366944
1042.0  1.331872
1042.5  0.788968
1043.0  0.774224
1043.5  1.308488
1044.0  1.226064
1044.5  1.066568
1045.0  1.039728
1045.5  1.33236
1046.0  1.3068
1046.5  0.941176
1047.0  0.920176
1047.5  1.209672
1048.0  1.186488
1048.5  1.092216
1049.0  1.0768
1049.5  1.32972
1050.0  1.307072
1050.5  1.128176
1051.0  1.105856
1051.5  1.093712
1052.0  1.070064
1052.5  1.350624
1053.0  1.326864
1053.5  1.11912
1054.0  1.09568
1054.5  0.948576
1055.0  0.940384
1055.5  1.161024
1056.0  1.134112
1056.5  1.050624
1057.0  1.035248
1057.5  1.23316
1058.0  1.195584
1058.5  0.963008
1059.0  0.952816
1059.5  1.322816
1060.0  1.30416
1060.5  1.036872
1061.0  1.024624
1061.5  1.0096
1062.0  0.998416
1062.5  1.081312
1063.0  1.067496
1063.5  1.148352
1064.0  1.067664
1064.5  0.919264
1065.0  0.91288
1065.5  1.492736
1066.0  1.421376
1066.5  1.234888
1067.0  1.170656
1067.5  0.9806
1068.0  1.002512
1068.5  1.16508
1069.0  1.114728
1069.5  1.302112
1070.0  1.27224
1070.5  1.048344
1071.0  1.032592
1071.5  1.156328
1072.0  1.13896
1072.5  1.024832
1073.0  1.032304
1073.5  1.045952
1074.0  1.034592
1074.5  1.112408
1075.0  1.092016
1075.5  1.269616
1076.0  1.221008
1076.5  1.014072
1077.0  0.996352
1077.5  1.226496
1078.0  1.201216
1078.5  1.103328
1079.0  1.086688
1079.5  1.049064
1080.0  1.030176
1080.5  1.13736
1081.0  1.11812
1081.5  1.09068
1082.0  1.079712
1082.5  1.269136
1083.0  1.242032
1083.5  1.2528
1084.0  1.175872
1084.5  1.067696
1085.0  1.047168
1085.5  1.240008
1086.0  1.21856
1086.5  1.029632
1087.0  1.016016
1087.5  0.99976
1088.0  0.981552
1088.5  1.567904
1089.0  1.531936
1089.5  0.98816
1090.0  0.980928
1090.5  0.910448
1091.0  0.897312
1091.5  1.166472
1092.0  1.143024
1092.5  1.146968
1093.0  1.122912
1093.5  1.193424
1094.0  1.177872
1094.5  1.08176
1095.0  1.070624
1095.5  1.15444
1096.0  1.085688
1096.5  1.208008
1097.0  1.11856
1097.5  1.087944
1098.0  1.110848
1098.5  1.05248
1099.0  1.032544
1099.5  1.282368
1100.0  1.236704
1100.5  1.237632
1101.0  1.205184
1101.5  1.09296
1102.0  1.127032
1102.5  1.139456
1103.0  1.089296
1103.5  1.424752
1104.0  1.351424
1104.5  0.956472
1105.0  0.938768
1105.5  1.232464
1106.0  1.218032
1106.5  1.185784
1107.0  1.176656
1107.5  0.965008
1108.0  0.951072
1108.5  1.10936
1109.0  1.09456
1109.5  1.096504
1110.0  1.076208
1110.5  1.15616
1111.0  1.141776
1111.5  1.124376
1112.0  1.107264
1112.5  1.009888
1113.0  1.00528
1113.5  1.344048
1114.0  1.298504
1114.5  1.030456
1115.0  1.016256
1115.5  1.078312
1116.0  1.0576
1116.5  0.846896
1117.0  0.980064
1117.5  0.614336
1118.0  1.1712
1118.5  0.723064
1119.0  1.104
1119.5  1.008656
1120.0  1.163344
1120.5  1.1436
1121.0  1.113328
1121.5  1.231688
1122.0  1.20024
1122.5  1.175792
1123.0  1.150752
1123.5  1.372832
1124.0  1.292448
1124.5  1.04308
1125.0  1.026032
1125.5  1.255696
1126.0  1.159624
1126.5  0.98676
1127.0  0.933328
1127.5  1.191712
1128.0  1.1704
1128.5  1.056584
1129.0  1.047784
1129.5  1.01284
1130.0  0.996816
1130.5  1.27572
1131.0  1.252592
1131.5  1.050104
1132.0  1.032704
1132.5  1.094288
1133.0  1.078496
1133.5  1.058168
1134.0  1.04608
1134.5  1.03644
1135.0  1.012888
1135.5  1.285832
1136.0  1.25196
1136.5  1.125968
1137.0  1.100544
1137.5  1.184632
1138.0  1.167328
1138.5  1.26248
1139.0  1.269632
1139.5  1.071096
1140.0  1.031088
1140.5  1.170672
1141.0  1.121296
1141.5  1.065872
1142.0  1.059952
1142.5  1.046304
1143.0  1.032704
1143.5  1.330368
1144.0  1.250064
1144.5  1.077952
1145.0  1.06328
1145.5  1.262136
1146.0  1.23016
1146.5  1.19808
1147.0  1.167192
1147.5  1.2254
1148.0  1.205088
1148.5  0.996568
1149.0  0.980448
1149.5  1.086896
1150.0  1.086864
1150.5  1.038256
1151.0  1.015008
1151.5  0.901768
1152.0  0.895792
1152.5  1.35024
1153.0  1.30944
1153.5  1.000656
1154.0  0.996688
1154.5  1.216976
1155.0  1.198544
1155.5  1.17068
1156.0  1.11032
1156.5  1.162952
1157.0  1.106928
1157.5  1.158816
1158.0  1.149664
1158.5  1.214832
1159.0  1.186528
1159.5  1.11864
1160.0  1.104576
1160.5  1.157184
1161.0  1.142976
1161.5  1.006048
1162.0  1.011768
1162.5  1.22396
1163.0  1.179888
1163.5  1.153528
1164.0  1.078768
1164.5  1.17348
1165.0  1.151808
1165.5  1.174208
1166.0  1.153232
1166.5  1.114968
1167.0  1.092336
1167.5  1.082696
1168.0  1.061096
1168.5  1.19648
1169.0  1.224976
1169.5  1.125976
1170.0  1.05144
1170.5  1.174672
1171.0  1.140808
1171.5  1.129344
1172.0  1.153776
1172.5  1.179408
1173.0  1.124352
1173.5  1.15992
1174.0  1.132816
1174.5  1.312848
1175.0  1.301936
1175.5  0.89464
1176.0  0.883344
1176.5  1.62608
1177.0  1.596784
1177.5  1.357976
1178.0  1.350736
1178.5  0.8818
1179.0  0.847664
1179.5  0.88808
1180.0  0.878456
1180.5  1.042032
1181.0  1.0828
1181.5  1.001696
1182.0  0.937008
1182.5  1.211232
1183.0  1.203168
1183.5  1.179872
1184.0  1.109824
1184.5  1.131
1185.0  1.115648
1185.5  1.192888
1186.0  1.172424
1186.5  1.291624
1187.0  1.149456
1187.5  1.12908
1188.0  1.111344
1188.5  1.13512
1189.0  1.094736
1189.5  1.138104
1190.0  1.102256
1190.5  1.087592
1191.0  1.062704
1191.5  1.101256
1192.0  1.111632
1192.5  1.256
1193.0  1.185584
1193.5  1.098848
1194.0  1.085664
1194.5  1.276112
1195.0  1.261064
1195.5  0.949672
1196.0  0.944176
1196.5  1.173888
1197.0  1.1648
1197.5  1.064672
1198.0  1.063344
1198.5  1.11296
1199.0  1.111216
1199.5  1.11416
1200.0  1.095216
1200.5  1.190512
1201.0  1.151848
1201.5  1.046304
1202.0  1.0292
1202.5  1.072328
1203.0  1.101584
1203.5  1.0764
1204.0  0.99536
1204.5  1.208544
1205.0  1.77016
1205.5  1.628992
1206.0  1.00368
1206.5  0.952992
1207.0  0.898304
1207.5  1.058976
1208.0  1.04744
1208.5  1.106368
1209.0  1.071632
1209.5  0.927632
1210.0  0.918016
1210.5  1.116272
1211.0  1.108752
1211.5  1.306912
1212.0  1.295744
1212.5  1.0226
1213.0  1.007928
1213.5  1.20928
1214.0  1.192
1214.5  1.076272
1215.0  1.063552
1215.5  1.222632
1216.0  1.142896
1216.5  1.073464
1217.0  1.01616
1217.5  1.271504
1218.0  1.263616
1218.5  1.098848
1219.0  1.100048
1219.5  1.215328
1220.0  1.182608
1220.5  1.11056
1221.0  1.092656
1221.5  1.009136
1222.0  0.993888
1222.5  1.229056
1223.0  1.20552
1223.5  1.11328
1224.0  1.059776
1224.5  1.058192
1225.0  1.063344
1225.5  1.282776
1226.0  1.239168
1226.5  1.13752
1227.0  1.087824
1227.5  1.201616
1228.0  1.193192
1228.5  1.093056
1229.0  1.113728
1229.5  1.149584
1230.0  1.099488
1230.5  1.109392
1231.0  1.098768
1231.5  1.142432
1232.0  1.11744
1232.5  1.085672
1233.0  1.085728
1233.5  1.111656
1234.0  1.070952
1234.5  0.970264
1235.0  0.95288
1235.5  1.286464
1236.0  1.270848
1236.5  1.072528
1237.0  1.06
1237.5  1.145232
1238.0  1.132176
1238.5  1.097104
1239.0  1.07536
1239.5  1.124784
1240.0  1.105888
1240.5  1.064832
1241.0  1.070928
1241.5  1.064672
1242.0  1.031168
1242.5  1.232464
1243.0  1.22872
1243.5  1.23856
1244.0  1.175792
1244.5  1.124144
1245.0  1.113168
1245.5  1.110832
1246.0  1.053792
1246.5  1.095816
1247.0  1.065488
1247.5  1.190776
1248.0  1.13664
1248.5  1.172088
1249.0  1.161328
1249.5  1.161864
1250.0  1.148
1250.5  1.069504
1251.0  1.062304
1251.5  1.28308
1252.0  1.27344
1252.5  1.107264
1253.0  1.09864
1253.5  1.068408
1254.0  1.057856
1254.5  0.975568
1255.0  1.017104
1255.5  1.349752
1256.0  1.27776
1256.5  1.125296
1257.0  1.113072
1257.5  1.0708
1258.0  1.05664
1258.5  1.053024
1259.0  1.037088
1259.5  1.252528
1260.0  1.239328
1260.5  1.16896
1261.0  1.15364
1261.5  1.04248
1262.0  1.068064
1262.5  1.176936
1263.0  1.130512
1263.5  1.154464
1264.0  1.064384
1264.5  1.288672
1265.0  1.270608
1265.5  0.985264
1266.0  0.97752
1266.5  1.206936
1267.0  1.149112
1267.5  1.0924
1268.0  1.116496
1268.5  1.211136
1269.0  1.146656
1269.5  1.145552
1270.0  1.128144
1270.5  1.027456
1271.0  1.016256
1271.5  1.100352
1272.0  1.082
1272.5  1.228728
1273.0  1.210752
1273.5  1.105072
1274.0  1.091104
1274.5  1.253184
1275.0  1.24152
1275.5  1.10148
1276.0  1.041296
1276.5  1.139584
1277.0  1.076016
1277.5  1.121056
1278.0  1.099712
1278.5  1.244992
1279.0  1.225496
1279.5  0.967168
1280.0  0.960608
1280.5  1.284384
1281.0  1.267376
1281.5  1.066512
1282.0  1.037136
1282.5  1.207776
1283.0  1.166432
1283.5  1.089016
1284.0  1.013968
1284.5  1.20052
1285.0  1.166864
1285.5  1.128112
1286.0  1.10608
1286.5  1.228472
1287.0  1.224
1287.5  0.998104
1288.0  0.971984
1288.5  1.219064
1289.0  1.201696
1289.5  0.953368
1290.0  0.940096
1290.5  1.23264
1291.0  1.207456
1291.5  1.123952
1292.0  1.111856
1292.5  1.215408
1293.0  1.242256
1293.5  1.160192
1294.0  1.122104
1294.5  1.280224
1295.0  1.242656
1295.5  1.106992
1296.0  1.095488
1296.5  1.215984
1297.0  1.19824
1297.5  1.047232
1298.0  1.03576
1298.5  1.199088
1299.0  1.16752
1299.5  1.035024
1300.0  1.027912
1300.5  1.169712
1301.0  1.186864
1301.5  1.22312
1302.0  1.34432
1302.5  1.589616
1303.0  1.475904
1303.5  0.873472
1304.0  0.806208
1304.5  1.270512
1305.0  1.245872
1305.5  0.775456
1306.0  0.728456
1306.5  1.397656
1307.0  1.308592
1307.5  1.047168
1308.0  1.154
1308.5  1.31284
1309.0  1.185616
1309.5  0.862872
1310.0  0.820992
1310.5  1.027352
1311.0  0.999504
1311.5  1.321816
1312.0  1.3062
1312.5  1.135464
1313.0  1.166704
1313.5  0.956464
1314.0  0.904096
1314.5  1.48664
1315.0  1.460448
1315.5  0.755336
1316.0  0.736304
1316.5  1.535616
1317.0  1.50576
1317.5  1.225808
1318.0  1.218656
1318.5  0.734312
1319.0  0.712448
1319.5  0.938152
1320.0  0.923328
1320.5  1.145552
1321.0  1.120592
1321.5  1.154272
1322.0  1.182992
1322.5  1.191096
1323.0  1.13024
1323.5  1.257808
1324.0  1.191168
1324.5  1.21856
1325.0  1.187536
1325.5  0.919136
1326.0  0.9188
1326.5  1.164272
1327.0  1.15132
1327.5  1.151728
1328.0  1.107776
1328.5  1.159528
1329.0  1.141984
1329.5  0.831616
1330.0  0.861072
1330.5  1.311272
1331.0  1.241184
1331.5  0.956976
1332.0  0.942448
1332.5  2.127728
1333.0  2.04564
1333.5  0.879888
1334.0  0.867232
1334.5  0.925392
1335.0  0.91216
1335.5  1.341496
1336.0  1.272912
1336.5  1.08612
1337.0  1.031664
1337.5  1.116416
1338.0  1.103072
1338.5  0.864112
1339.0  0.854752
1339.5  1.217808
1340.0  1.227632
1340.5  1.13656
1341.0  1.097584
1341.5  1.043232
1342.0  1.037408
1342.5  1.014832
1343.0  1.006848
1343.5  1.320864
1344.0  1.246784
1344.5  1.076752
1345.0  1.057336
1345.5  1.37724
1346.0  1.356048
1346.5  0.790064
1347.0  0.951472
1347.5  1.31944
1348.0  1.269904
1348.5  0.733168
1349.0  1.401584
1349.5  0.974824
1350.0  0.903936
1350.5  1.026144
1351.0  0.90376
1351.5  1.30716
1352.0  1.013536
1352.5  1.19472
1353.0  1.160032
1353.5  1.068552
1354.0  1.038272
1354.5  1.028952
1355.0  1.046784
1355.5  1.128
1356.0  1.070208
1356.5  1.108056
1357.0  1.084128
1357.5  1.059232
1358.0  1.037152
1358.5  1.342024
1359.0  1.303984
1359.5  1.131136
1360.0  1.133128
1360.5  1.13256
1361.0  1.091776
1361.5  1.193736
1362.0  1.156672
1362.5  1.100272
1363.0  1.08312
1363.5  1.09948
1364.0  1.022736
1364.5  1.12904
1365.0  1.107152
1365.5  1.206496
1366.0  1.135208
1366.5  1.219392
1367.0  1.152496
1367.5  1.131024
1368.0  1.11368
1368.5  1.076552
1369.0  1.067456
1369.5  1.305912
1370.0  1.282096
1370.5  0.969112
1371.0  0.957184
1371.5  1.62436
1372.0  1.563888
1372.5  0.993016
1373.0  0.975056
1373.5  1.06828
1374.0  1.037088
1374.5  1.079248
1375.0  1.060144
1375.5  1.173144
1376.0  1.141312
1376.5  1.097392
1377.0  1.122752
1377.5  1.057472
1378.0  1.02012
1378.5  1.134208
1379.0  1.07928
1379.5  1.18584
1380.0  1.171472
1380.5  1.158944
1381.0  1.138432
1381.5  1.162832
1382.0  1.146256
1382.5  1.060752
1383.0  1.048832
1383.5  1.199432
1384.0  1.128224
1384.5  1.248416
1385.0  1.233456
1385.5  1.133432
1386.0  1.083792
1386.5  1.044656
1387.0  1.017184
1387.5  1.23292
1388.0  1.21352
1388.5  1.006128
1389.0  0.983312
1389.5  1.243448
1390.0  1.22792
1390.5  1.131168
1391.0  1.115936
1391.5  0.984984
1392.0  0.985616
1392.5  1.14212
1393.0  1.086072
1393.5  1.056016
1394.0  1.055872
1394.5  1.217232
1395.0  1.184384
1395.5  1.167184
1396.0  1.131168
1396.5  1.28204
1397.0  1.19688
1397.5  1.005096
1398.0  0.98872
1398.5  1.149528
1399.0  1.09116
1399.5  1.10348
1400.0  1.09952
1400.5  1.257912
1401.0  1.220784
1401.5  1.063128
1402.0  1.032032
1402.5  0.919176
1403.0  0.89984
1403.5  1.205304
1404.0  1.117072
1404.5  1.242496
1405.0  1.208736
1405.5  1.124464
1406.0  1.100112
1406.5  1.283624
1407.0  1.25664
1407.5  1.239448
1408.0  1.20784
1408.5  1.193368
1409.0  1.166592
1409.5  1.238568
1410.0  1.217744
1410.5  1.150776
1411.0  1.154344
1411.5  1.117144
1412.0  1.089328
1412.5  1.70948
1413.0  1.64696
1413.5  1.019328
1414.0  1.005552
1414.5  1.142984
1415.0  1.113936
1415.5  0.898336
1416.0  0.889088
1416.5  1.158576
1417.0  1.138592
1417.5  0.840672
1418.0  0.828592
1418.5  1.603368
1419.0  1.546592
1419.5  0.814752
1420.0  0.806608
1420.5  0.967152
1421.0  0.952528
1421.5  1.456352
1422.0  1.441664
1422.5  1.000912
1423.0  0.991056
1423.5  1.094136
1424.0  1.018304
1424.5  1.366784
1425.0  1.32752
1425.5  0.862696
1426.0  0.806784
1426.5  1.519112
1427.0  1.438656
1427.5  1.136168
1428.0  1.114432
1428.5  1.08188
1429.0  1.037168
1429.5  1.215984
1430.0  1.204544
1430.5  0.914808
1431.0  0.9028
1431.5  1.00312
1432.0  0.987784
1432.5  0.981344
1433.0  0.964528
1433.5  1.048016
1434.0  1.042752
1434.5  1.175752
1435.0  1.1592
1435.5  1.28732
1436.0  1.27728
1436.5  1.1592
1437.0  1.14016
1437.5  1.16892
1438.0  1.16168
1438.5  0.96688
1439.0  0.928944
1439.5  1.213512
