0.0  1.224208
0.5  1.068256
1.0  1.049216
1.5  1.119792
2.0  1.109664
2.5  1.20088
3.0  1.172304
3.5  1.230152
4.0  1.150528
4.5  1.214576
5.0  1.185968
5.5  1.02424
6.0  1.013408
6.5  1.30848
7.0  1.297088
7.5  1.080976
8.0  1.070512
8.5  1.003576
9.0  0.981824
9.5  1.355792
10.0  1.319768
10.5  1.132
11.0  1.112128
11.5  1.282448
12.0  1.263536
12.5  1.06924
13.0  1.043216
13.5  1.264256
14.0  1.236832
14.5  1.023584
15.0  1.012992
15.5  1.27668
16.0  1.221216
16.5  1.178696
17.0  1.104896
17.5  1.522064
18.0  1.491136
18.5  0.8788
19.0  0.837168
19.5  0.896688
20.0  0.891952
20.5  1.010968
21.0  0.993584
21.5  1.198608
22.0  1.190192
22.5  0.831176
23.0  0.880528
23.5  1.57436
24.0  1.4428
24.5  1.181224
25.0  1.140008
25.5  1.114912
26.0  1.094576
26.5  0.935384
27.0  0.926208
27.5  0.967688
28.0  0.953344
28.5  0.966984
29.0  0.966216
29.5  1.800592
30.0  1.6956
30.5  0.926064
31.0  0.90724
31.5  1.062832
32.0  1.049024
32.5  0.952464
33.0  0.975872
33.5  1.277192
34.0  1.225888
34.5  1.324264
35.0  1.313056
35.5  1.015384
36.0  1.008016
36.5  1.089712
37.0  1.05952
37.5  0.898624
38.0  0.88984
38.5  1.201448
39.0  1.174512
39.5  1.151984
40.0  1.124944
40.5  1.205152
41.0  1.180832
41.5  0.93596
42.0  0.91504
42.5  1.039648
43.0  1.035224
43.5  1.238944
44.0  1.16928
44.5  1.238488
45.0  1.218496
45.5  1.08784
46.0  1.031232
46.5  1.296568
47.0  1.239072
47.5  1.90048
48.0  1.893952
48.5  0.788184
49.0  0.7644
49.5  0.833976
50.0  0.828176
50.5  1.173288
51.0  1.151184
51.5  1.023384
52.0  1.011424
52.5  1.465832
53.0  1.447616
53.5  0.938288
54.0  0.931824
54.5  1.126096
55.0  1.117264
55.5  0.90896
56.0  0.89376
56.5  1.041464
57.0  1.029536
57.5  1.103456
58.0  1.092696
58.5  1.1124
59.0  1.104368
59.5  0.751616
60.0  1.131984
60.5  0.60992
61.0  1.093264
61.5  0.801184
62.0  1.0724
62.5  1.203376
63.0  1.245808
63.5  0.95892
64.0  1.10068
64.5  1.020704
65.0  1.224
65.5  0.716176
66.0  0.96536
66.5  1.155648
67.0  1.098288
67.5  1.196
68.0  1.17176
68.5  1.135496
69.0  1.128128
69.5  1.06336
70.0  1.023824
70.5  1.183224
71.0  1.163136
71.5  1.114984
72.0  1.098784
72.5  1.171752
73.0  1.177712
73.5  1.006784
74.0  0.972192
74.5  1.054752
75.0  1.045408
75.5  1.307216
76.0  1.244392
76.5  1.24984
77.0  1.180336
77.5  1.017568
78.0  1.015264
78.5  1.160016
79.0  1.15496
79.5  1.107584
80.0  1.093808
80.5  1.12428
81.0  1.100624
81.5  1.059488
82.0  1.080736
82.5  1.166512
83.0  1.11952
83.5  1.192368
84.0  1.120016
84.5  1.168496
85.0  1.142528
85.5  1.19776
86.0  1.188
86.5  1.14692
87.0  1.133936
87.5  1.067344
88.0  1.061504
88.5  1.236832
89.0  1.21832
89.5  1.23784
90.0  1.22904
90.5  1.077008
91.0  1.06204
91.5  1.072672
92.0  1.057936
92.5  1.145872
93.0  1.125504
93.5  1.01104
94.0  0.995232
94.5  1.350536
95.0  1.327296
95.5  1.071952
96.0  1.091168
96.5  1.30728
97.0  1.26276
97.5  1.10176
98.0  1.084208
98.5  1.137952
99.0  1.184784
99.5  1.002672
100.0  0.9248
100.5  1.131104
101.0  1.104624
101.5  0.982672
102.0  0.97392
102.5  1.320512
103.0  1.292496
103.5  1.20064
104.0  1.119856
104.5  1.118224
105.0  1.102784
105.5  1.039232
106.0  0.980024
106.5  1.196136
107.0  1.14832
107.5  1.25256
108.0  1.186496
108.5  1.267184
109.0  1.250568
109.5  0.900296
110.0  0.892048
110.5  1.094232
111.0  1.077488
111.5  1.090184
112.0  1.06808
112.5  1.154608
113.0  1.134208
113.5  1.282648
114.0  1.25744
114.5  1.214304
115.0  1.1952
115.5  1.161696
116.0  1.148336
116.5  1.249688
117.0  1.248416
117.5  1.068104
118.0  1.017312
118.5  1.267904
119.0  1.25456
119.5  1.071808
120.0  1.101936
120.5  1.247536
121.0  1.187168
121.5  1.069376
122.0  1.031936
122.5  1.204096
123.0  1.215488
123.5  1.972056
124.0  1.819496
124.5  0.767888
125.0  0.747776
125.5  0.823456
126.0  0.810768
126.5  1.032352
127.0  1.001136
127.5  0.979648
128.0  0.956944
128.5  1.109584
129.0  1.087792
129.5  0.998032
130.0  0.993112
130.5  1.390256
131.0  1.326576
131.5  1.005072
132.0  0.992384
132.5  1.252448
133.0  1.223184
133.5  1.009728
134.0  0.994864
134.5  1.063728
135.0  1.046736
135.5  1.64156
136.0  1.558352
136.5  0.906008
137.0  0.855312
137.5  1.054928
138.0  1.048512
138.5  1.17696
139.0  1.165024
139.5  1.120144
140.0  1.105664
140.5  1.27384
141.0  1.261568
141.5  0.85136
142.0  0.843688
142.5  1.356384
143.0  1.334816
143.5  1.010048
144.0  0.93872
144.5  1.270384
145.0  1.267152
145.5  1.150768
146.0  1.117424
146.5  1.194504
147.0  1.131568
147.5  0.908504
148.0  0.89272
148.5  1.164344
149.0  1.166304
149.5  1.24652
150.0  1.21464
150.5  1.012504
151.0  0.988352
151.5  0.966752
152.0  0.954944
152.5  1.194264
153.0  1.175472
153.5  0.96716
154.0  0.960944
154.5  1.351504
155.0  1.333248
155.5  1.111936
156.0  1.14184
156.5  1.14856
157.0  1.103048
157.5  1.215088
158.0  1.205952
158.5  0.984176
159.0  0.980032
159.5  1.127168
160.0  1.111936
160.5  1.225064
161.0  1.187424
161.5  1.132704
162.0  1.101328
162.5  1.061272
163.0  1.04684
163.5  0.904424
164.0  0.812768
164.5  1.020464
165.0  1.0108
165.5  1.350032
166.0  1.28496
166.5  1.380096
167.0  1.340552
167.5  1.185984
168.0  1.138032
168.5  1.095088
169.0  1.076
169.5  1.104136
170.0  1.087808
170.5  1.448312
171.0  1.428752
171.5  1.154904
172.0  1.14568
172.5  1.035704
173.0  1.028176
173.5  0.96672
174.0  0.952144
174.5  0.969776
175.0  0.9502
175.5  1.2604
176.0  1.246352
176.5  0.865496
177.0  0.853088
177.5  1.155064
178.0  1.1388
178.5  1.264928
179.0  1.240624
179.5  1.183728
180.0  1.165888
180.5  1.037528
181.0  1.023632
181.5  1.301912
182.0  1.278768
182.5  1.22816
183.0  1.213472
183.5  1.184992
184.0  1.107328
184.5  1.016016
185.0  1.008736
185.5  1.202016
186.0  1.177024
186.5  1.151304
187.0  1.131056
187.5  1.06384
188.0  1.04512
188.5  1.06976
189.0  1.052576
189.5  1.168984
190.0  1.15412
190.5  1.06728
191.0  1.046768
191.5  1.115344
192.0  1.09032
192.5  1.124848
193.0  1.106592
193.5  1.153376
194.0  1.123968
194.5  1.06768
195.0  1.045904
195.5  1.221376
196.0  1.154808
196.5  1.186984
197.0  1.1312
197.5  1.214176
198.0  1.197984
198.5  1.024104
199.0  1.030144
199.5  1.341752
200.0  1.30832
200.5  1.06736
201.0  1.049232
201.5  1.098512
202.0  1.083872
202.5  1.168704
203.0  1.151968
203.5  1.26024
204.0  1.20448
204.5  0.950968
205.0  0.911968
205.5  1.40876
206.0  1.376512
206.5  0.988096
207.0  0.974096
207.5  1.117656
208.0  1.065496
208.5  1.137648
209.0  1.125408
209.5  1.1592
210.0  1.208416
210.5  1.119296
211.0  1.047536
211.5  1.191144
212.0  1.16072
212.5  1.012224
213.0  0.998672
213.5  1.242056
214.0  1.210144
214.5  0.926872
215.0  0.902512
215.5  1.62876
216.0  1.580784
216.5  1.142384
217.0  1.094192
217.5  1.074992
218.0  1.049344
218.5  1.085856
219.0  1.066032
219.5  1.279048
220.0  1.288976
220.5  1.060616
221.0  1.004688
221.5  1.259968
222.0  1.242288
222.5  1.094912
223.0  1.092184
223.5  1.27352
224.0  1.193792
224.5  1.12932
225.0  1.077216
225.5  1.110256
226.0  1.079664
226.5  1.755896
227.0  1.645144
227.5  0.719936
228.0  0.723824
228.5  0.89152
229.0  0.857688
229.5  1.103688
230.0  1.104608
230.5  1.335232
231.0  1.288672
231.5  0.79236
232.0  0.991808
232.5  0.840808
233.0  1.22856
233.5  0.88068
234.0  1.32832
234.5  1.440632
235.0  0.824384
235.5  1.098064
236.0  1.082464
236.5  0.92244
237.0  0.961776
237.5  0.751904
238.0  0.967952
238.5  0.857168
239.0  1.467408
239.5  0.881216
240.0  1.096384
240.5  1.091296
241.0  0.874696
241.5  1.322688
242.0  1.299456
242.5  1.217136
243.0  1.200432
243.5  0.982856
244.0  0.935088
244.5  1.193104
245.0  1.15496
245.5  1.055824
246.0  1.03016
246.5  1.044256
247.0  1.009088
247.5  1.1732
248.0  1.162512
248.5  1.252528
249.0  1.230432
249.5  0.978992
250.0  0.958128
250.5  0.918976
251.0  1.029488
251.5  0.839616
252.0  1.338
252.5  0.924312
253.0  1.061856
253.5  0.96296
254.0  1.087904
254.5  1.186608
255.0  1.045744
255.5  1.335064
256.0  1.258984
256.5  1.263592
257.0  1.203008
257.5  0.989568
258.0  0.97808
258.5  0.875184
259.0  1.055344
259.5  1.088376
260.0  1.05544
260.5  0.631696
261.0  1.182176
261.5  0.737528
262.0  1.09844
262.5  1.18224
263.0  1.089456
263.5  1.222112
264.0  1.110688
264.5  1.230056
265.0  1.197184
265.5  1.043496
266.0  1.014448
266.5  1.096616
267.0  1.074848
267.5  1.054096
268.0  1.027152
268.5  1.097704
269.0  1.07496
269.5  1.183144
270.0  1.162864
270.5  1.315776
271.0  1.259328
271.5  1.015072
272.0  0.992704
272.5  1.21644
273.0  1.203616
273.5  1.190592
274.0  1.172024
274.5  1.056224
275.0  1.04424
275.5  1.250016
276.0  1.230576
276.5  1.373544
277.0  1.347552
277.5  0.917648
278.0  0.918512
278.5  1.043936
279.0  1.018432
279.5  1.006408
280.0  0.991744
280.5  1.019184
281.0  0.99648
281.5  1.244208
282.0  1.223728
282.5  1.110896
283.0  1.102656
283.5  1.248352
284.0  1.169664
284.5  1.055656
285.0  1.044144
285.5  1.140936
286.0  1.084944
286.5  1.123296
287.0  1.101072
287.5  1.15896
288.0  1.09336
288.5  1.106728
289.0  1.081672
289.5  1.066616
290.0  1.021168
290.5  1.129848
291.0  1.112528
291.5  1.187384
292.0  1.162816
292.5  1.3414
293.0  1.316288
293.5  1.123376
294.0  1.109632
294.5  1.054128
295.0  1.077304
295.5  1.032464
296.0  0.983408
296.5  1.301112
297.0  1.278496
297.5  1.19432
298.0  1.177232
298.5  1.068496
299.0  1.060784
299.5  1.281376
300.0  1.263664
300.5  1.047384
301.0  1.0272
301.5  0.98104
302.0  0.967136
302.5  1.237632
303.0  1.220976
303.5  1.162136
304.0  1.088496
304.5  1.235568
305.0  1.214672
305.5  1.306896
306.0  1.278944
306.5  0.967424
307.0  0.959784
307.5  0.955056
308.0  0.961024
308.5  1.250784
309.0  1.215056
309.5  1.001344
310.0  0.987728
310.5  1.194312
311.0  1.177856
311.5  1.121296
312.0  1.104368
312.5  1.414624
313.0  1.431744
313.5  1.112784
314.0  1.099936
314.5  1.205584
315.0  1.191504
315.5  1.111784
316.0  1.026304
316.5  1.21836
317.0  1.155072
317.5  1.134448
318.0  1.114208
318.5  1.266544
319.0  1.246384
319.5  0.890928
320.0  0.880768
320.5  1.118736
321.0  1.101152
321.5  1.00736
322.0  0.99284
322.5  1.151808
323.0  1.139472
323.5  1.469728
324.0  1.388928
324.5  1.14344
325.0  1.123104
325.5  1.054336
326.0  1.045104
326.5  1.323864
327.0  1.29712
327.5  1.113056
328.0  1.098296
328.5  1.23448
329.0  1.215504
329.5  1.060784
330.0  1.037808
330.5  1.252416
331.0  1.231792
331.5  1.013128
332.0  0.9904
332.5  1.263728
333.0  1.213232
333.5  1.204032
334.0  1.185136
334.5  1.231096
335.0  1.214704
335.5  0.942616
336.0  0.921568
336.5  1.091888
337.0  1.078416
337.5  0.894608
338.0  0.886528
338.5  1.283088
339.0  1.252944
339.5  0.831056
340.0  0.82316
340.5  1.420304
341.0  1.39496
341.5  1.07208
342.0  1.055808
342.5  1.22408
343.0  1.206096
343.5  1.01528
344.0  0.946176
344.5  1.10128
345.0  1.081552
345.5  1.267328
346.0  1.240048
346.5  1.17932
347.0  1.04736
347.5  0.969776
348.0  0.970656
348.5  1.36872
349.0  1.300128
349.5  1.095712
350.0  1.067232
350.5  1.141888
351.0  1.12376
351.5  1.089224
352.0  1.076192
352.5  1.076096
353.0  1.075696
353.5  1.126648
354.0  1.080496
354.5  1.151456
355.0  1.13028
355.5  1.194576
356.0  1.169712
356.5  1.11436
357.0  1.085968
357.5  1.157648
358.0  1.144096
358.5  1.1392
359.0  1.125424
359.5  1.165216
360.0  1.144304
360.5  1.05008
361.0  1.049368
361.5  1.121104
362.0  1.0948
362.5  1.009072
363.0  0.996272
363.5  1.293896
364.0  1.21464
364.5  1.316208
365.0  1.29784
365.5  1.13904
366.0  1.12056
366.5  0.985984
367.0  0.974416
367.5  1.176672
368.0  1.161184
368.5  1.12096
369.0  1.099456
369.5  1.122
370.0  1.107728
370.5  1.060288
371.0  1.04576
371.5  1.117824
372.0  1.102112
372.5  1.036952
373.0  1.029048
373.5  1.214816
374.0  1.188992
374.5  1.078608
375.0  1.066528
375.5  1.120024
376.0  1.093552
376.5  1.163784
377.0  1.088288
377.5  1.137168
378.0  1.126
378.5  1.154064
379.0  1.138128
379.5  1.090096
380.0  1.070896
380.5  1.046736
381.0  1.031072
381.5  1.471504
382.0  1.451616
382.5  0.961664
383.0  0.948576
383.5  1.049568
384.0  0.994896
384.5  1.101104
385.0  1.072
385.5  1.268736
386.0  1.248512
386.5  1.14928
387.0  1.118464
387.5  1.019872
388.0  1.044232
388.5  1.31096
389.0  1.280256
389.5  1.73116
390.0  1.63448
390.5  0.8058
391.0  0.7872
391.5  0.986968
392.0  0.966176
392.5  0.960912
393.0  0.96136
393.5  1.162376
394.0  1.13404
394.5  1.157416
395.0  1.122256
395.5  1.401664
396.0  1.427424
396.5  0.985888
397.0  0.893824
397.5  0.988248
398.0  0.97784
398.5  1.136392
399.0  1.111104
399.5  1.075888
400.0  1.086672
400.5  1.050064
401.0  1.010512
401.5  1.105536
402.0  1.209472
402.5  1.229792
403.0  1.078224
403.5  1.143312
404.0  1.08536
404.5  1.061472
405.0  1.053808
405.5  1.296888
406.0  1.252744
406.5  1.282128
407.0  1.180448
407.5  1.175776
408.0  1.15976
408.5  1.012184
409.0  0.995472
409.5  1.311608
410.0  1.287744
410.5  1.193304
411.0  1.170064
411.5  1.112
412.0  1.088192
412.5  1.052136
413.0  1.040176
413.5  1.054496
414.0  1.0532
414.5  1.243144
415.0  1.225408
415.5  0.999392
416.0  0.983088
416.5  1.12412
417.0  1.095376
417.5  1.239912
418.0  1.19288
418.5  1.186144
419.0  1.171488
419.5  1.223008
420.0  1.193328
420.5  0.997296
421.0  0.982136
421.5  1.004
422.0  1.027952
422.5  1.197232
423.0  1.139968
423.5  1.131128
424.0  1.06272
424.5  1.299008
425.0  1.273888
425.5  1.107328
426.0  1.097344
426.5  1.182928
427.0  1.172664
427.5  1.013808
428.0  1.010944
428.5  1.101792
429.0  1.067136
429.5  1.1128
430.0  1.10264
430.5  1.119968
431.0  1.103056
431.5  1.070224
432.0  1.140624
432.5  1.227808
433.0  1.135312
433.5  1.579936
434.0  1.526736
434.5  0.888144
435.0  0.880368
435.5  1.21572
436.0  1.150704
436.5  1.311768
437.0  1.254592
437.5  1.104288
438.0  1.093472
438.5  1.169424
439.0  1.157992
439.5  1.106992
440.0  1.08568
440.5  1.231008
441.0  1.20608
441.5  1.116504
442.0  1.090032
442.5  1.15092
443.0  1.124976
443.5  1.899456
444.0  1.799552
444.5  0.703392
445.0  0.688256
445.5  0.86004
446.0  0.847456
446.5  1.037952
447.0  1.014128
447.5  1.032648
448.0  1.012432
448.5  1.038168
449.0  1.020768
449.5  0.962368
450.0  0.9536
450.5  1.31844
451.0  1.358912
451.5  1.22772
452.0  1.152016
452.5  1.101232
453.0  1.088896
453.5  1.102128
454.0  1.083128
454.5  0.947512
455.0  0.922016
455.5  1.640224
456.0  1.59976
456.5  0.963512
457.0  0.937184
457.5  0.947976
458.0  0.929888
458.5  1.813992
459.0  1.765312
459.5  0.861464
460.0  0.879288
460.5  1.036776
461.0  0.981712
461.5  0.936008
462.0  0.952208
462.5  1.469312
463.0  1.450208
463.5  0.896136
464.0  0.796112
464.5  1.014624
465.0  1.006048
465.5  1.295808
466.0  1.236896
466.5  1.024672
467.0  0.981168
467.5  1.09804
468.0  1.086
468.5  1.256168
469.0  1.233616
469.5  0.970216
470.0  0.963184
470.5  0.962528
471.0  0.940736
471.5  1.227512
472.0  1.208584
472.5  1.17592
473.0  1.159344
473.5  1.158712
474.0  1.1268
474.5  1.08496
475.0  1.066976
475.5  1.14296
476.0  1.11672
476.5  1.093088
477.0  1.184224
477.5  1.344968
478.0  1.220656
478.5  1.234576
479.0  1.208512
479.5  1.023408
480.0  1.036672
480.5  0.93608
481.0  0.886224
481.5  1.113664
482.0  1.13288
482.5  1.225824
483.0  1.15912
483.5  1.184568
484.0  1.11456
484.5  1.086728
485.0  1.0716
485.5  1.171488
486.0  1.163952
486.5  1.159776
487.0  1.139512
487.5  1.14064
488.0  1.124288
488.5  1.243472
489.0  1.497232
489.5  1.65736
490.0  1.344976
490.5  0.71752
491.0  0.707984
491.5  1.334912
492.0  1.31456
492.5  0.900856
493.0  0.896488
493.5  1.149104
494.0  1.123168
494.5  1.096336
495.0  1.088832
495.5  1.13812
496.0  1.085136
496.5  1.050632
497.0  0.993392
497.5  1.282592
498.0  1.268816
498.5  1.276384
499.0  1.231856
499.5  1.24416
500.0  1.224816
500.5  0.97968
501.0  0.964512
501.5  1.218048
502.0  1.25392
502.5  1.110592
503.0  1.047008
503.5  1.10788
504.0  1.036128
504.5  1.091144
505.0  1.073032
505.5  1.142944
506.0  1.102288
506.5  1.014896
507.0  1.007824
507.5  1.071552
508.0  1.036592
508.5  0.71056
509.0  0.877872
509.5  1.0014
510.0  1.068448
510.5  0.540104
511.0  1.255776
511.5  0.529592
512.0  1.367776
512.5  0.710952
513.0  1.035632
513.5  1.168344
514.0  1.12576
514.5  1.196552
515.0  1.173936
515.5  1.17504
516.0  1.151152
516.5  1.070864
517.0  1.044016
517.5  1.0708
518.0  1.054992
518.5  1.041216
519.0  1.032832
519.5  1.119072
520.0  1.095496
520.5  1.162664
521.0  1.143808
521.5  1.029264
522.0  1.034592
522.5  1.175752
523.0  1.119312
523.5  1.335488
524.0  1.24712
524.5  1.149184
525.0  1.131184
525.5  1.196528
526.0  1.16284
526.5  1.255064
527.0  1.172272
527.5  1.192656
528.0  1.170032
528.5  1.092192
529.0  1.070528
529.5  1.042592
530.0  1.010816
530.5  0.497832
531.0  0.427576
531.5  0.4276
532.0  0.509736
532.5  0.499408
533.0  0.53452
533.5  0.542336
534.0  0.612704
534.5  0.577184
535.0  0.466528
535.5  0.506688
536.0  0.678464
536.5  0.667296
537.0  0.513056
537.5  0.573424
538.0  0.669392
538.5  0.651744
539.0  0.538536
539.5  0.595728
540.0  0.790912
540.5  0.753568
541.0  0.62952
541.5  0.658688
542.0  0.808536
542.5  0.715568
543.0  0.790152
543.5  0.742896
544.0  0.826176
544.5  0.86464
545.0  0.697424
545.5  0.687504
546.0  0.91608
546.5  0.91704
547.0  0.712736
547.5  0.776624
548.0  0.8922
548.5  0.86696
549.0  0.825952
549.5  0.832384
550.0  1.089504
550.5  0.986528
551.0  0.816736
551.5  0.881664
552.0  1.035728
552.5  1.011168
553.0  0.808672
553.5  0.834512
554.0  1.169616
554.5  1.13616
555.0  0.863616
555.5  0.876224
556.0  1.073904
556.5  1.14352
557.0  0.968096
557.5  0.95552
558.0  0.980032
558.5  1.060112
559.0  1.195448
559.5  1.143008
560.0  1.239048
560.5  1.219504
561.0  1.074328
561.5  1.04472
562.0  1.116736
562.5  1.275024
563.0  1.260248
563.5  1.10244
564.0  1.086032
564.5  1.086768
565.0  1.246032
565.5  1.257792
566.0  0.68436
566.5  1.386352
567.0  0.748688
567.5  1.121968
568.0  0.5748
568.5  1.07136
569.0  1.432664
569.5  1.366192
570.0  1.172208
570.5  1.34712
571.0  0.719704
571.5  1.091088
572.0  0.727872
572.5  1.34448
573.0  1.27112
573.5  1.167024
574.0  0.861704
574.5  1.095136
575.0  0.726696
575.5  1.258496
576.0  0.720288
576.5  1.171776
577.0  1.21572
577.5  1.225792
578.0  1.088776
578.5  1.179328
579.0  1.412856
579.5  1.294544
580.0  1.147928
580.5  1.160976
581.0  1.34432
581.5  1.293744
582.0  1.187568
582.5  1.27536
583.0  1.3394
583.5  1.28752
584.0  1.108664
584.5  1.132768
585.0  1.305872
585.5  1.24832
586.0  1.162352
586.5  1.228
587.0  1.33588
587.5  1.258768
588.0  1.136688
588.5  1.122768
589.0  1.29388
589.5  1.23424
590.0  1.118536
590.5  1.146512
591.0  1.340112
591.5  1.339072
592.0  1.144496
592.5  1.145184
593.0  1.302976
593.5  1.334832
594.0  1.170072
594.5  1.098528
595.0  1.312368
595.5  1.31824
596.0  1.13684
596.5  1.132216
597.0  1.3312
597.5  1.355072
598.0  1.10352
598.5  1.102592
599.0  1.309768
599.5  1.269696
600.0  1.061776
600.5  1.132352
601.0  1.335024
601.5  1.246448
602.0  1.12364
602.5  1.24832
603.0  0.93132
603.5  1.324144
604.0  0.698304
604.5  1.123424
605.0  1.078704
605.5  1.214976
606.0  1.26664
606.5  1.225728
607.0  1.342304
607.5  1.31608
608.0  1.15132
608.5  1.200768
609.0  1.249832
609.5  1.210896
610.0  1.1888
610.5  1.179952
611.0  1.368584
611.5  1.333696
612.0  1.159896
612.5  1.16272
613.0  1.320504
613.5  1.355296
614.0  1.191592
614.5  1.12864
615.0  1.297416
615.5  1.264464
616.0  1.130824
616.5  1.186736
617.0  1.299888
617.5  1.217056
618.0  1.136184
618.5  1.178928
619.0  1.249584
619.5  1.251648
620.0  1.167776
620.5  1.16528
621.0  1.350432
621.5  1.285584
622.0  1.105424
622.5  1.125904
623.0  1.411456
623.5  1.461072
624.0  1.143072
624.5  1.12496
625.0  1.257632
625.5  1.23136
626.0  1.187488
626.5  1.179648
627.0  1.23304
627.5  1.254464
628.0  1.172832
628.5  1.164864
629.0  1.327008
629.5  1.293736
630.0  1.218448
630.5  1.22768
631.0  1.290048
631.5  1.275504
632.0  1.19264
632.5  1.114256
633.0  1.303112
633.5  1.286176
634.0  1.127728
634.5  1.13608
635.0  1.383728
635.5  1.385728
636.0  1.111288
636.5  1.120496
637.0  1.336744
637.5  1.34216
638.0  1.182864
638.5  1.190224
639.0  1.274112
639.5  1.239984
640.0  1.138064
640.5  1.096192
641.0  1.223496
641.5  1.329616
642.0  1.196
642.5  1.161808
643.0  1.37328
643.5  1.296528
644.0  1.1714
644.5  1.144928
645.0  1.250304
645.5  1.277072
646.0  1.137704
646.5  1.195168
647.0  1.275736
647.5  1.182144
648.0  1.14188
648.5  1.097648
649.0  1.281272
649.5  1.349504
650.0  1.265448
650.5  1.23736
651.0  1.318696
651.5  1.2844
652.0  1.156448
652.5  1.21664
653.0  1.31988
653.5  1.296768
654.0  1.106368
654.5  1.090416
655.0  1.3302
655.5  1.312896
656.0  1.118512
656.5  1.079232
657.0  1.300224
657.5  1.365328
658.0  1.180408
658.5  1.138368
659.0  1.386688
659.5  1.396384
660.0  1.101872
660.5  1.101584
661.0  1.38476
661.5  1.333936
662.0  1.135928
662.5  1.13164
663.0  1.350984
663.5  1.319888
664.0  1.129664
664.5  1.146656
665.0  1.348288
665.5  1.292736
666.0  1.145056
666.5  1.230112
667.0  1.239168
667.5  1.180272
668.0  1.116656
668.5  1.120448
669.0  1.313504
669.5  1.319856
670.0  1.209904
670.5  1.104496
671.0  1.114096
671.5  1.388272
672.0  1.337536
672.5  1.095424
673.0  1.24824
673.5  1.359984
674.0  1.267584
674.5  1.163072
675.0  1.132192
675.5  1.3004
676.0  1.353136
676.5  1.168224
677.0  1.121392
677.5  1.12256
678.0  1.355184
678.5  1.333536
679.0  1.1642
679.5  1.201072
680.0  1.217672
680.5  1.140368
681.0  1.105496
681.5  1.173984
682.0  1.332688
682.5  1.323488
683.0  1.107264
683.5  1.15856
684.0  0.670352
684.5  1.310736
685.0  0.735472
685.5  1.073776
686.0  1.15848
686.5  1.298736
687.0  1.206016
687.5  1.238512
688.0  1.354832
688.5  1.323152
689.0  1.169984
689.5  1.118992
690.0  1.386384
690.5  1.28672
691.0  1.116864
691.5  1.216432
692.0  1.336328
692.5  1.287904
693.0  1.212088
693.5  1.144192
694.0  1.353176
694.5  1.335008
695.0  1.068896
695.5  1.123384
696.0  1.306
696.5  1.272384
697.0  1.146456
697.5  1.129424
698.0  1.320696
698.5  1.307008
699.0  1.140616
699.5  1.156832
700.0  1.304392
700.5  1.248
701.0  1.15792
701.5  1.195152
702.0  1.314688
702.5  1.329792
703.0  1.169456
703.5  1.063664
704.0  1.390672
704.5  1.434544
705.0  1.0888
705.5  1.159216
706.0  1.37592
706.5  1.347824
707.0  1.131872
707.5  1.149968
708.0  1.30332
708.5  1.289248
709.0  1.167168
709.5  1.102688
710.0  1.36032
710.5  1.329088
711.0  1.101104
711.5  1.13344
712.0  1.296272
712.5  1.215536
713.0  1.154232
713.5  1.182144
714.0  1.248672
714.5  1.30352
715.0  1.17096
715.5  1.163872
716.0  1.319616
716.5  1.340944
717.0  1.192488
717.5  1.126336
718.0  1.274992
718.5  1.296624
719.0  1.132264
719.5  1.097568
720.0  1.271648
720.5  1.292432
721.0  1.105552
721.5  1.121536
722.0  1.398328
722.5  1.284832
723.0  1.19836
723.5  1.185584
724.0  1.345488
724.5  1.403488
725.0  1.129648
725.5  1.055712
726.0  1.310176
726.5  1.34336
727.0  1.137712
727.5  1.115264
728.0  1.323952
728.5  1.277736
729.0  1.108304
729.5  1.151856
730.0  1.47716
730.5  1.409008
731.0  1.090552
731.5  1.10464
732.0  1.306232
732.5  1.293456
733.0  1.133304
733.5  1.148992
734.0  1.282616
734.5  1.295792
735.0  1.106648
735.5  1.068128
736.0  1.282208
736.5  1.28848
737.0  1.10584
737.5  1.054496
738.0  1.351784
738.5  1.382672
739.0  1.113392
739.5  1.187616
740.0  1.354176
740.5  1.286512
741.0  1.12384
741.5  1.16232
742.0  1.351392
742.5  1.32848
743.0  1.090608
743.5  1.150352
744.0  1.323728
744.5  1.231776
745.0  1.051632
745.5  1.083872
746.0  1.393504
746.5  1.351184
747.0  1.157064
747.5  1.20168
748.0  1.319536
748.5  1.36168
749.0  1.173008
749.5  1.133728
750.0  1.438496
750.5  0.669392
751.0  0.651744
751.5  0.538536
752.0  0.595728
752.5  0.790912
753.0  0.753568
753.5  0.62952
754.0  0.658688
754.5  0.808536
755.0  0.715568
755.5  0.790152
756.0  0.742896
756.5  0.826176
757.0  0.86464
757.5  0.697424
758.0  0.687504
758.5  0.91608
759.0  0.91704
759.5  0.712736
760.0  0.776624
760.5  0.8922
761.0  0.86696
761.5  0.825952
762.0  0.832384
762.5  1.089504
763.0  0.986528
763.5  0.816736
764.0  0.881664
764.5  1.035728
765.0  1.011168
765.5  0.808672
766.0  0.834512
766.5  1.169616
767.0  1.13616
767.5  0.863616
768.0  0.876224
768.5  1.073904
769.0  1.14352
769.5  0.968096
770.0  0.95552
770.5  0.980032
771.0  1.060112
771.5  1.195448
772.0  1.143008
772.5  1.239048
773.0  1.219504
773.5  1.074328
774.0  1.04472
774.5  1.116736
775.0  1.275024
775.5  1.260248
776.0  1.10244
776.5  1.086032
777.0  1.086768
777.5  1.246032
778.0  1.257792
778.5  0.68436
779.0  1.386352
779.5  0.748688
780.0  1.121968
780.5  0.5748
781.0  1.07136
781.5  1.432664
782.0  1.366192
782.5  1.172208
783.0  1.34712
783.5  0.719704
784.0  1.091088
784.5  0.727872
785.0  1.34448
785.5  1.27112
786.0  1.167024
786.5  0.861704
787.0  1.095136
787.5  0.726696
788.0  1.258496
788.5  0.720288
789.0  1.171776
789.5  1.21572
790.0  1.225792
790.5  1.088776
791.0  1.179328
791.5  1.412856
792.0  1.294544
792.5  1.147928
793.0  1.160976
793.5  1.34432
794.0  1.293744
794.5  1.187568
795.0  1.27536
795.5  1.3394
796.0  1.28752
796.5  1.108664
797.0  1.132768
797.5  1.305872
798.0  1.24832
798.5  1.162352
799.0  1.228
799.5  1.33588
800.0  1.258768
800.5  1.136688
801.0  1.122768
801.5  1.29388
802.0  1.23424
802.5  1.118536
803.0  1.146512
803.5  1.340112
804.0  1.339072
804.5  1.144496
805.0  1.145184
805.5  1.302976
806.0  1.334832
806.5  1.170072
807.0  1.098528
807.5  1.312368
808.0  1.31824
808.5  1.13684
809.0  1.132216
809.5  1.3312
810.0  1.355072
810.5  1.10352
811.0  1.102592
811.5  1.309768
812.0  1.269696
812.5  1.061776
813.0  1.132352
813.5  1.335024
814.0  1.246448
814.5  1.12364
815.0  1.24832
815.5  0.93132
816.0  1.324144
816.5  0.698304
817.0  1.123424
817.5  1.078704
818.0  1.214976
818.5  1.26664
819.0  1.225728
819.5  1.342304
820.0  1.31608
820.5  1.15132
821.0  1.200768
821.5  1.249832
822.0  1.210896
822.5  1.1888
823.0  1.179952
823.5  1.368584
824.0  1.333696
824.5  1.159896
825.0  1.16272
825.5  1.320504
826.0  1.355296
826.5  1.191592
827.0  1.12864
827.5  1.297416
828.0  1.264464
828.5  1.130824
829.0  1.186736
829.5  1.299888
830.0  1.217056
830.5  1.136184
831.0  1.178928
831.5  1.249584
832.0  1.251648
832.5  1.167776
833.0  1.16528
833.5  1.350432
834.0  1.285584
834.5  1.105424
835.0  1.125904
835.5  1.411456
836.0  1.461072
836.5  1.143072
837.0  1.12496
837.5  1.257632
838.0  1.23136
838.5  1.187488
839.0  1.179648
839.5  1.23304
840.0  1.254464
840.5  1.172832
841.0  1.164864
841.5  1.327008
842.0  1.293736
842.5  1.218448
843.0  1.22768
843.5  1.290048
844.0  1.275504
844.5  1.19264
845.0  1.114256
845.5  1.303112
846.0  1.286176
846.5  1.127728
847.0  1.13608
847.5  1.383728
848.0  1.385728
848.5  1.111288
849.0  1.120496
849.5  1.336744
850.0  1.34216
850.5  1.182864
851.0  1.190224
851.5  1.274112
852.0  1.239984
852.5  1.138064
853.0  1.096192
853.5  1.223496
854.0  1.329616
854.5  1.196
855.0  1.161808
855.5  1.37328
856.0  1.296528
856.5  1.1714
857.0  1.144928
857.5  1.250304
858.0  1.277072
858.5  1.137704
859.0  1.195168
859.5  1.275736
860.0  1.182144
860.5  1.14188
861.0  1.097648
861.5  1.281272
862.0  1.349504
862.5  1.265448
863.0  1.23736
863.5  1.318696
864.0  1.2844
864.5  1.156448
865.0  1.21664
865.5  1.31988
866.0  1.296768
866.5  1.106368
867.0  1.090416
867.5  1.3302
868.0  1.312896
868.5  1.118512
869.0  1.079232
869.5  1.300224
870.0  1.365328
870.5  1.180408
871.0  1.138368
871.5  1.386688
872.0  1.396384
872.5  1.101872
873.0  1.101584
873.5  1.38476
874.0  1.333936
874.5  1.135928
875.0  1.13164
875.5  1.350984
876.0  1.319888
876.5  1.129664
877.0  1.146656
877.5  1.348288
878.0  1.292736
878.5  1.145056
879.0  1.230112
879.5  1.239168
880.0  1.180272
880.5  1.116656
881.0  1.120448
881.5  1.313504
882.0  1.319856
882.5  1.209904
883.0  1.104496
883.5  1.114096
884.0  1.388272
884.5  1.337536
885.0  1.095424
885.5  1.24824
886.0  1.359984
886.5  1.267584
887.0  1.163072
887.5  1.132192
888.0  1.3004
888.5  1.353136
889.0  1.168224
889.5  1.121392
890.0  1.12256
890.5  1.355184
891.0  1.333536
891.5  1.1642
892.0  1.201072
892.5  1.217672
893.0  1.140368
893.5  1.105496
894.0  1.173984
894.5  1.332688
895.0  1.323488
895.5  1.107264
896.0  1.15856
896.5  0.670352
897.0  1.310736
897.5  0.735472
898.0  1.073776
898.5  1.15848
899.0  1.298736
899.5  1.206016
900.0  1.238512
900.5  1.354832
901.0  1.323152
901.5  1.169984
902.0  1.118992
902.5  1.386384
903.0  1.28672
903.5  1.116864
904.0  1.216432
904.5  1.336328
905.0  1.287904
905.5  1.212088
906.0  1.144192
906.5  1.353176
907.0  1.335008
907.5  1.068896
908.0  1.123384
908.5  1.306
909.0  1.272384
909.5  1.146456
910.0  1.129424
910.5  1.320696
911.0  1.307008
911.5  1.140616
912.0  1.156832
912.5  1.304392
913.0  1.248
913.5  1.15792
914.0  1.195152
914.5  1.314688
915.0  1.329792
915.5  1.169456
916.0  1.063664
916.5  1.390672
917.0  1.434544
917.5  1.0888
918.0  1.159216
918.5  1.37592
919.0  1.347824
919.5  1.131872
920.0  1.149968
920.5  1.30332
921.0  1.289248
921.5  1.167168
922.0  1.102688
922.5  1.36032
923.0  1.329088
923.5  1.101104
924.0  1.13344
924.5  1.296272
925.0  1.215536
925.5  1.154232
926.0  1.182144
926.5  1.248672
927.0  1.30352
927.5  1.17096
928.0  1.163872
928.5  1.319616
929.0  1.340944
929.5  1.192488
930.0  1.126336
930.5  1.274992
931.0  1.296624
931.5  1.132264
932.0  1.097568
932.5  1.271648
933.0  1.292432
933.5  1.105552
934.0  1.121536
934.5  1.398328
935.0  1.284832
935.5  1.19836
936.0  1.185584
936.5  1.345488
937.0  1.403488
937.5  1.129648
938.0  1.055712
938.5  1.310176
939.0  1.34336
939.5  1.137712
940.0  1.115264
940.5  1.323952
941.0  1.277736
941.5  1.108304
942.0  1.151856
942.5  1.47716
943.0  1.409008
943.5  1.090552
944.0  1.10464
944.5  1.306232
945.0  1.293456
945.5  1.133304
946.0  1.148992
946.5  1.282616
947.0  1.295792
947.5  1.106648
948.0  1.068128
948.5  1.282208
949.0  1.28848
949.5  1.10584
950.0  1.054496
950.5  1.351784
951.0  1.382672
951.5  1.113392
952.0  1.187616
952.5  1.354176
953.0  1.286512
953.5  1.12384
954.0  1.16232
954.5  1.351392
955.0  1.32848
955.5  1.090608
956.0  1.150352
956.5  1.323728
957.0  1.231776
957.5  1.051632
958.0  1.083872
958.5  1.393504
959.0  1.351184
959.5  1.157064
960.0  1.20168
960.5  1.319536
961.0  1.36168
961.5  1.173008
962.0  1.133728
962.5  1.438496
963.0  1.369728
963.5  1.071792
964.0  1.078352
964.5  1.411048
965.0  1.347824
965.5  1.185256
966.0  1.147936
966.5  1.107688
967.0  1.320928
967.5  1.297768
968.0  1.142272
968.5  1.210376
969.0  1.352368
969.5  1.30112
970.0  1.13728
970.5  1.089512
971.0  1.28576
971.5  1.305408
972.0  1.075088
972.5  1.161
973.0  1.308208
973.5  1.27776
974.0  1.208888
974.5  0.806896
975.0  1.174368
975.5  0.701256
976.0  1.283968
976.5  0.716592
977.0  1.096528
977.5  1.218512
978.0  1.311056
978.5  1.132392
979.0  1.148352
979.5  1.339312
980.0  1.324224
980.5  1.134264
981.0  1.193216
981.5  1.335672
982.0  1.25136
982.5  1.158968
983.0  1.187088
983.5  1.3534
984.0  1.287792
984.5  1.111952
985.0  1.129776
985.5  1.306008
986.0  1.28216
986.5  1.143872
987.0  1.116896
987.5  1.269216
988.0  1.296592
988.5  1.20632
989.0  1.174736
989.5  0.920576
990.0  0.919744
990.5  0.800424
991.0  1.351984
991.5  0.73536
992.0  1.135328
992.5  0.688768
993.0  1.271312
993.5  0.814896
994.0  1.131232
994.5  1.151616
995.0  1.271616
995.5  1.056624
996.0  1.182752
996.5  0.794064
997.0  1.332992
997.5  0.689872
998.0  1.07176
998.5  1.263184
999.0  1.394848
999.5  1.086864
1000.0  1.176944
1000.5  1.377624
1001.0  1.2672
1001.5  1.160176
1002.0  1.039776
1002.5  1.38128
1003.0  1.368752
1003.5  1.1464
1004.0  1.177536
1004.5  1.265408
1005.0  1.292064
1005.5  1.212896
1006.0  1.16652
1006.5  1.360688
1007.0  1.309248
1007.5  1.161456
1008.0  1.115792
1008.5  1.33368
1009.0  1.321888
1009.5  1.170112
1010.0  1.165344
1010.5  1.30748
1011.0  1.288048
1011.5  1.213848
1012.0  1.172992
1012.5  1.354104
1013.0  1.264768
1013.5  1.170016
1014.0  1.206608
1014.5  1.30168
1015.0  1.242656
1015.5  1.123792
1016.0  1.140016
1016.5  1.297528
1017.0  1.22824
1017.5  1.200544
1018.0  1.253232
1018.5  1.326016
1019.0  1.30272
1019.5  1.177552
1020.0  1.117584
1020.5  1.379912
1021.0  1.382784
1021.5  1.186576
1022.0  1.129232
1022.5  1.339128
1023.0  1.251344
1023.5  1.247616
1024.0  1.145072
1024.5  1.329504
1025.0  1.347232
1025.5  1.180056
1026.0  1.121584
1026.5  1.32136
1027.0  1.302544
1027.5  1.112784
1028.0  1.10528
1028.5  1.362336
1029.0  1.401808
1029.5  1.19132
1030.0  1.161936
1030.5  1.33684
1031.0  1.27624
1031.5  1.080816
1032.0  1.079712
1032.5  1.339232
1033.0  1.326352
1033.5  1.152208
1034.0  1.112064
1034.5  1.355624
1035.0  1.305728
1035.5  1.127472
1036.0  1.239168
1036.5  1.327272
1037.0  1.261968
1037.5  0.71
1038.0  1.121152
1038.5  0.762816
1039.0  1.328104
1039.5  0.761008
1040.0  1.171728
1040.5  0.954056
1041.0  1.321696
1041.5  1.22112
1042.0  1.100112
1042.5  1.488512
1043.0  1.37648
1043.5  1.068032
1044.0  1.11696
1044.5  1.374024
1045.0  1.26648
1045.5  1.137792
1046.0  1.157232
1046.5  1.338544
1047.0  1.33044
1047.5  1.189904
1048.0  1.091952
1048.5  1.311632
1049.0  1.33632
1049.5  1.154784
1050.0  1.149968
1050.5  1.128328
1051.0  1.302528
1051.5  1.350304
1052.0  1.147072
1052.5  1.223744
1053.0  1.163872
1053.5  1.20744
1054.0  1.175808
1054.5  1.394784
1055.0  1.304112
1055.5  1.125264
1056.0  1.129712
1056.5  1.375328
1057.0  1.359936
1057.5  1.1896
1058.0  1.10288
1058.5  1.173888
1059.0  1.393328
1059.5  1.28176
1060.0  1.146096
1060.5  1.217896
1061.0  1.270288
1061.5  1.415688
1062.0  1.184208
1062.5  1.2206
1063.0  1.296832
1063.5  1.219384
1064.0  1.118224
1064.5  1.163528
1065.0  1.361424
1065.5  1.391464
1066.0  1.095072
1066.5  1.199816
1067.0  1.379792
1067.5  1.262952
1068.0  1.071472
1068.5  1.131232
1069.0  1.098704
1069.5  1.296296
1070.0  1.350096
1070.5  1.242352
1071.0  1.18888
1071.5  1.34272
1072.0  1.28444
1072.5  1.11936
1073.0  1.134064
1073.5  1.353728
1074.0  1.330944
1074.5  1.209952
1075.0  1.191536
1075.5  1.319392
1076.0  1.29192
1076.5  1.190112
1077.0  1.134688
1077.5  1.30012
1078.0  1.3568
1078.5  1.163952
1079.0  1.065664
1079.5  1.335416
1080.0  1.31632
1080.5  1.2474
1081.0  1.167888
1081.5  1.334288
1082.0  1.331152
1082.5  1.147536
1083.0  1.13288
1083.5  1.37188
1084.0  1.29072
1084.5  1.199008
1085.0  1.123392
1085.5  1.318672
1086.0  1.369808
1086.5  1.220624
1087.0  1.117872
1087.5  1.254208
1088.0  1.317536
1088.5  1.17868
1089.0  1.134672
1089.5  1.326096
1090.0  1.358656
1090.5  1.153472
1091.0  1.153888
1091.5  1.437424
1092.0  1.261168
1092.5  1.145952
1093.0  1.136
1093.5  1.299744
1094.0  1.319216
1094.5  1.220728
1095.0  1.156752
1095.5  1.282128
1096.0  1.254368
1096.5  1.184056
1097.0  1.191024
1097.5  1.284112
1098.0  1.228816
1098.5  1.12736
1099.0  1.094704
1099.5  1.364952
1100.0  1.428736
1100.5  1.17784
1101.0  1.102048
1101.5  1.377744
1102.0  1.285328
1102.5  1.159296
1103.0  1.162528
1103.5  1.417752
1104.0  1.357504
1104.5  1.176552
1105.0  1.098024
1105.5  1.300624
1106.0  1.363696
1106.5  1.144736
1107.0  1.174496
1107.5  1.360384
1108.0  1.254928
1108.5  1.185984
1109.0  1.096832
1109.5  1.302752
1110.0  1.269056
1110.5  1.130664
1111.0  1.211888
1111.5  1.285896
1112.0  1.286848
1112.5  1.18912
1113.0  1.111488
1113.5  1.371944
1114.0  1.313552
1114.5  1.191208
1115.0  1.125344
1115.5  1.369552
1116.0  1.383312
1116.5  1.150488
1117.0  1.107024
1117.5  1.30652
1118.0  1.315968
1118.5  1.18348
1119.0  1.186832
1119.5  1.314768
1120.0  1.20776
1120.5  1.144624
1121.0  1.183856
1121.5  1.449448
1122.0  1.360208
1122.5  1.168832
1123.0  1.047536
1123.5  1.354528
1124.0  1.333904
1124.5  1.176904
1125.0  1.244192
1125.5  1.361168
1126.0  1.266944
1126.5  1.123952
1127.0  1.160896
1127.5  1.338344
1128.0  1.332752
1128.5  1.14992
1129.0  1.140336
1129.5  1.344688
1130.0  1.256752
1130.5  1.15256
1131.0  1.1712
1131.5  1.331616
1132.0  1.292192
1132.5  1.068448
1133.0  1.041824
1133.5  1.333832
1134.0  1.34336
1134.5  1.195632
1135.0  1.114624
1135.5  1.385536
1136.0  1.4412
1136.5  1.233648
1137.0  1.148736
1137.5  1.298288
1138.0  1.307736
1138.5  1.123456
1139.0  1.111968
1139.5  1.410096
1140.0  1.33464
1140.5  1.124608
1141.0  1.102016
1141.5  1.405936
1142.0  1.31152
1142.5  1.084352
1143.0  1.1388
1143.5  1.427448
1144.0  1.29032
1144.5  1.180664
1145.0  1.22856
1145.5  1.337984
1146.0  1.276384
1146.5  1.172544
1147.0  1.138328
1147.5  1.332064
1148.0  1.310368
1148.5  0.765272
1149.0  1.146944
1149.5  0.693384
1150.0  1.260496
1150.5  0.710096
1151.0  1.136752
1151.5  0.69004
1152.0  1.193968
1152.5  1.412512
1153.0  1.253488
1153.5  1.003776
1154.0  1.249824
1154.5  0.726096
1155.0  1.147616
1155.5  0.72424
1156.0  1.335232
1156.5  1.427216
1157.0  1.123392
1157.5  1.435344
1158.0  1.363184
1158.5  1.059088
1159.0  1.03292
1159.5  1.263984
1160.0  1.321984
1160.5  1.19744
1161.0  1.105696
1161.5  1.459592
1162.0  1.369808
1162.5  1.16676
1163.0  1.182352
1163.5  1.449464
1164.0  1.335824
1164.5  1.1392
1165.0  1.174912
1165.5  1.38812
1166.0  1.337664
1166.5  1.170456
1167.0  1.142864
1167.5  1.38052
1168.0  1.277872
1168.5  1.134656
1169.0  1.165008
1169.5  1.180088
1170.0  1.313232
1170.5  1.285536
1171.0  1.0884
1171.5  1.024448
1172.0  1.413808
1172.5  0.72396
1173.0  1.054368
1173.5  0.763848
1174.0  1.241768
1174.5  1.322352
1175.0  1.18408
1175.5  1.28464
1176.0  1.223232
1176.5  1.335024
1177.0  1.260912
1177.5  1.18528
1178.0  1.314384
1178.5  1.450016
1179.0  1.285344
1179.5  1.113496
1180.0  1.087432
1180.5  1.12112
1181.0  1.151296
1181.5  1.335856
1182.0  1.228848
1182.5  1.241016
1183.0  1.16632
1183.5  1.140616
1184.0  1.187456
1184.5  1.089592
1185.0  0.899888
1185.5  0.714696
1186.0  0.887744
1186.5  1.508368
1187.0  1.416736
1187.5  1.333424
1188.0  1.356944
1188.5  1.48144
1189.0  1.414944
1189.5  1.214336
1190.0  1.177792
1190.5  1.297616
1191.0  1.260576
1191.5  1.234864
1192.0  1.29212
1192.5  1.307216
1193.0  1.237088
1193.5  1.140048
1194.0  1.147936
1194.5  1.424464
1195.0  1.365952
1195.5  1.159472
1196.0  1.133712
1196.5  1.299072
1197.0  1.3272
1197.5  1.150304
1198.0  1.11616
1198.5  1.175064
1199.0  1.099664
1199.5  1.265968
1200.0  1.249888
1200.5  1.389072
1201.0  1.359728
1201.5  0.860784
1202.0  0.772568
1202.5  0.106536
1203.0  0.1
1203.5  0.146744
1204.0  0.1
1204.5  0.147928
1205.0  0.1
1205.5  0.106608
1206.0  0.1
1206.5  0.10764
1207.0  0.101688
1207.5  0.107808
1208.0  0.1
1208.5  0.104744
1209.0  0.1
1209.5  0.106184
1210.0  0.1
1210.5  0.106152
1211.0  0.1
1211.5  0.103544
1212.0  0.1
1212.5  0.10568
1213.0  0.101688
1213.5  0.101856
1214.0  0.1
1214.5  0.102368
1215.0  0.1
1215.5  0.100928
1216.0  0.1
1216.5  0.100928
1217.0  0.1
1217.5  0.107936
1218.0  0.1
1218.5  0.106464
1219.0  0.10176
1219.5  0.101976
1220.0  0.1
1220.5  0.10348
1221.0  0.1
1221.5  0.160096
1222.0  0.1
1222.5  0.106912
1223.0  0.10888
1223.5  0.128368
1224.0  0.123648
1224.5  0.10488
1225.0  0.10268
1225.5  0.330112
1226.0  0.503264
1226.5  1.03752
1227.0  1.052752
1227.5  1.241584
1228.0  1.228
1228.5  1.08472
1229.0  1.055664
1229.5  1.24532
1230.0  1.18576
1230.5  0.985872
1231.0  1.013136
1231.5  1.331728
1232.0  1.241264
1232.5  1.063224
1233.0  1.100928
1233.5  1.232024
1234.0  1.119712
1234.5  1.028856
1235.0  0.935728
1235.5  1.232352
1236.0  1.154064
1236.5  1.024056
1237.0  1.091056
1237.5  1.26688
1238.0  1.283984
1238.5  0.993264
1239.0  0.922272
1239.5  1.142752
1240.0  1.295624
1240.5  1.222304
1241.0  1.05448
1241.5  1.2308
1242.0  1.219216
1242.5  1.147872
1243.0  1.03056
1243.5  1.034768
1244.0  1.078704
1244.5  1.012448
1245.0  0.98168
1245.5  1.221456
1246.0  1.207528
1246.5  1.092656
1247.0  1.07056
1247.5  1.126016
1248.0  1.114864
1248.5  1.12248
1249.0  1.0312
1249.5  1.179016
1250.0  1.320208
1250.5  1.263032
1251.0  1.106208
1251.5  1.117336
1252.0  1.07952
1252.5  1.022968
1253.0  1.008048
1253.5  1.105856
1254.0  1.170592
1254.5  1.215616
1255.0  1.138336
1255.5  1.184928
1256.0  1.20416
1256.5  1.229344
1257.0  1.119344
1257.5  1.163136
1258.0  1.086216
1258.5  1.012496
1259.0  1.0764
1259.5  1.143088
1260.0  1.06008
1260.5  1.00368
1261.0  1.024352
1261.5  1.134664
1262.0  1.145696
1262.5  1.238128
1263.0  1.129648
1263.5  1.1438
1264.0  0.9276
1264.5  1.356072
1265.0  1.517376
1265.5  1.054528
1266.0  0.953728
1266.5  1.09636
1267.0  1.00592
1267.5  1.046592
1268.0  1.11744
1268.5  1.145216
1269.0  1.123424
1269.5  1.055768
1270.0  1.098128
1270.5  1.285088
1271.0  1.25336
1271.5  1.136952
1272.0  1.130672
1272.5  1.062336
1273.0  1.013224
1273.5  1.080624
1274.0  1.084992
1274.5  1.14616
1275.0  1.09344
1275.5  0.996368
1276.0  0.977392
1276.5  1.208048
1277.0  1.18024
1277.5  1.082896
1278.0  1.08128
1278.5  1.145728
1279.0  1.127192
1279.5  1.17504
1280.0  1.141952
1280.5  1.23808
1281.0  1.268496
1281.5  1.169728
1282.0  1.06696
1282.5  1.092224
1283.0  1.106448
1283.5  1.103824
1284.0  1.031472
1284.5  1.300784
1285.0  1.273968
1285.5  1.065376
1286.0  1.036912
1286.5  1.186656
1287.0  1.184944
1287.5  1.011872
1288.0  1.067888
1288.5  1.193152
1289.0  1.070912
1289.5  1.149968
1290.0  1.108112
1290.5  1.126152
1291.0  1.204984
1291.5  1.170112
1292.0  1.078512
1292.5  1.097776
1293.0  1.133344
1293.5  1.261664
1294.0  1.10448
1294.5  1.091608
1295.0  0.88392
1295.5  1.061408
1296.0  1.130304
1296.5  1.429008
1297.0  1.199856
1297.5  0.426928
1298.0  0.286912
1298.5  0.416768
1299.0  0.277616
1299.5  0.393304
1300.0  0.132736
1300.5  0.117656
1301.0  0.116208
1301.5  0.378048
1302.0  0.13312
1302.5  0.118368
1303.0  0.100784
1303.5  0.222776
1304.0  0.100784
1304.5  0.105704
1305.0  0.1
1305.5  0.289888
1306.0  0.28692
1306.5  0.322856
1307.0  0.29248
1307.5  0.226192
1308.0  0.72624
1308.5  0.376392
1309.0  0.417056
1309.5  0.111152
1310.0  0.12152
1310.5  0.177904
1311.0  0.173824
1311.5  0.11516
1312.0  0.123208
1312.5  0.220544
1313.0  0.224768
1313.5  0.113392
1314.0  0.12152
1314.5  0.292264
1315.0  0.285712
1315.5  0.118608
1316.0  0.12152
1316.5  0.2096
1317.0  0.21064
1317.5  0.119504
1318.0  0.12328
1318.5  0.211856
1319.0  0.213824
1319.5  0.112128
1320.0  0.12024
1320.5  0.20896
1321.0  0.213808
1321.5  0.170176
1322.0  0.12648
1322.5  0.244312
1323.0  0.239248
1323.5  0.168216
1324.0  0.123224
1324.5  0.329944
1325.0  0.28504
1325.5  0.121008
1326.0  0.12152
1326.5  0.186808
1327.0  0.24712
1327.5  0.135448
1328.0  0.12152
1328.5  0.117416
1329.0  0.168368
1329.5  0.143304
1330.0  0.13604
1330.5  0.120408
1331.0  0.4008
1331.5  0.11468
1332.0  0.12152
1332.5  0.123424
1333.0  0.281808
1333.5  0.111152
1334.0  0.12152
1334.5  0.119976
1335.0  0.210608
1335.5  0.111904
1336.0  0.12152
1336.5  0.110656
1337.0  0.388032
1337.5  0.112168
1338.0  0.11224
1338.5  0.106408
1339.0  0.101688
1339.5  0.1
1340.0  0.1
1340.5  0.10204
1341.0  0.1
1341.5  0.160416
1342.0  0.1
1342.5  0.104224
1343.0  0.1
1343.5  0.104456
1344.0  0.1
1344.5  0.107088
1345.0  0.101688
1345.5  0.105728
1346.0  0.1
1346.5  1.14496
1347.0  0.147328
1347.5  0.125856
1348.0  0.143632
1348.5  0.104344
1349.0  0.110672
1349.5  0.106864
1350.0  0.281168
1350.5  1.014648
1351.0  1.036656
1351.5  1.071984
1352.0  1.05144
1352.5  1.093424
1353.0  1.10632
1353.5  1.157432
1354.0  1.102192
1354.5  1.29708
1355.0  1.125344
1355.5  1.063168
1356.0  1.130192
1356.5  1.33584
1357.0  1.24932
1357.5  1.01752
1358.0  0.997936
1358.5  1.127376
1359.0  1.077792
1359.5  1.198816
1360.0  1.183968
1360.5  1.179264
1361.0  1.176736
1361.5  1.125336
1362.0  1.091248
1362.5  0.743696
1363.0  1.057056
1363.5  0.717312
1364.0  1.21896
1364.5  0.891504
1365.0  1.057168
1365.5  0.831104
1366.0  1.144208
1366.5  0.944096
1367.0  1.03536
1367.5  1.091888
1368.0  1.047568
1368.5  1.041488
1369.0  1.003216
1369.5  1.201152
1370.0  1.28672
1370.5  1.167032
1371.0  1.161072
1371.5  1.227896
1372.0  1.115528
1372.5  0.95688
1373.0  1.007104
1373.5  1.146752
1374.0  1.051328
1374.5  1.147264
1375.0  1.159456
1375.5  1.285664
1376.0  1.117808
1376.5  1.28916
1377.0  1.289824
1377.5  1.080784
1378.0  1.166376
1378.5  1.100296
1379.0  1.08344
1379.5  1.014448
1380.0  0.97488
1380.5  1.38856
1381.0  1.477488
1381.5  1.292152
1382.0  1.150224
1382.5  0.966656
1383.0  0.926384
1383.5  1.023448
1384.0  0.97944
1384.5  1.194512
1385.0  1.14848
1385.5  0.989728
1386.0  0.986336
1386.5  1.465536
1387.0  1.475984
1387.5  1.137104
1388.0  1.15248
1388.5  1.295392
1389.0  1.303408
1389.5  1.025144
1390.0  0.973384
1390.5  1.261024
1391.0  1.186368
1391.5  0.993312
1392.0  1.015184
1392.5  1.27352
1393.0  1.214912
1393.5  0.951808
1394.0  0.76372
1394.5  0.56104
1395.0  0.68656
1395.5  2.198312
1396.0  1.908904
1396.5  0.952576
1397.0  1.129632
1397.5  0.966008
1398.0  0.99052
1398.5  1.181904
1399.0  1.157536
1399.5  1.135808
1400.0  1.1948
1400.5  1.116248
1401.0  0.978448
1401.5  1.213024
1402.0  1.196624
1402.5  1.074496
1403.0  1.110784
1403.5  1.024464
1404.0  1.016672
1404.5  1.147208
1405.0  1.099848
1405.5  1.222432
1406.0  1.113984
1406.5  1.396544
1407.0  1.370832
1407.5  1.103952
1408.0  1.179568
1408.5  1.467728
1409.0  1.359328
1409.5  0.950768
1410.0  0.93744
1410.5  1.294768
1411.0  1.302296
1411.5  0.931952
1412.0  0.943488
1412.5  1.27528
1413.0  1.183248
1413.5  0.995928
1414.0  1.080864
1414.5  1.34196
1415.0  1.216464
1415.5  1.023776
1416.0  0.996608
1416.5  1.240856
1417.0  1.192352
1417.5  0.981008
1418.0  0.988256
1418.5  1.276376
1419.0  1.358944
1419.5  0.954616
1420.0  0.850288
1420.5  1.169664
1421.0  1.01904
1421.5  0.940096
1422.0  0.949088
1422.5  0.773792
1423.0  1.009976
1423.5  1.113688
1424.0  1.121472
1424.5  1.159272
1425.0  1.117952
1425.5  1.190048
1426.0  1.23424
1426.5  1.182816
1427.0  1.15496
1427.5  1.221848
1428.0  1.165984
1428.5  1.023608
1429.0  0.978432
1429.5  1.031632
1430.0  0.983504
1430.5  1.113008
1431.0  1.18984
1431.5  1.362808
1432.0  1.240736
1432.5  1.037968
1433.0  1.155984
1433.5  1.207576
1434.0  1.127408
1434.5  1.086008
1435.0  1.05568
1435.5  1.141648
1436.0  1.046208
1436.5  1.077536
1437.0  1.1656
1437.5  1.096624
1438.0  1.004952
1438.5  1.122008
1439.0  1.114896
1439.5  1.117904
