0.0  1.411048
0.5  1.347824
1.0  1.185256
1.5  1.147936
2.0  1.107688
2.5  1.320928
3.0  1.297768
3.5  1.142272
4.0  1.210376
4.5  1.352368
5.0  1.30112
5.5  1.13728
6.0  1.089512
6.5  1.28576
7.0  1.305408
7.5  1.075088
8.0  1.161
8.5  1.308208
9.0  1.27776
9.5  1.208888
10.0  0.806896
10.5  1.174368
11.0  0.701256
11.5  1.283968
12.0  0.716592
12.5  1.096528
13.0  1.218512
13.5  1.311056
14.0  1.132392
14.5  1.148352
15.0  1.339312
15.5  1.324224
16.0  1.134264
16.5  1.193216
17.0  1.335672
17.5  1.25136
18.0  1.158968
18.5  1.187088
19.0  1.3534
19.5  1.287792
20.0  1.111952
20.5  1.129776
21.0  1.306008
21.5  1.28216
22.0  1.143872
22.5  1.116896
23.0  1.269216
23.5  1.296592
24.0  1.20632
24.5  1.174736
25.0  0.920576
25.5  0.919744
26.0  0.800424
26.5  1.351984
27.0  0.73536
27.5  1.135328
28.0  0.688768
28.5  1.271312
29.0  0.814896
29.5  1.131232
30.0  1.151616
30.5  1.271616
31.0  1.056624
31.5  1.182752
32.0  0.794064
32.5  1.332992
33.0  0.689872
33.5  1.07176
34.0  1.263184
34.5  1.394848
35.0  1.086864
35.5  1.176944
36.0  1.377624
36.5  1.2672
37.0  1.160176
37.5  1.039776
38.0  1.38128
38.5  1.368752
39.0  1.1464
39.5  1.177536
40.0  1.265408
40.5  1.292064
41.0  1.212896
41.5  1.16652
42.0  1.360688
42.5  1.309248
43.0  1.161456
43.5  1.115792
44.0  1.33368
44.5  1.321888
45.0  1.170112
45.5  1.165344
46.0  1.30748
46.5  1.288048
47.0  1.213848
47.5  1.172992
48.0  1.354104
48.5  1.264768
49.0  1.170016
49.5  1.206608
50.0  1.30168
50.5  1.242656
51.0  1.123792
51.5  1.140016
52.0  1.297528
52.5  1.22824
53.0  1.200544
53.5  1.253232
54.0  1.326016
54.5  1.30272
55.0  1.177552
55.5  1.117584
56.0  1.379912
56.5  1.382784
57.0  1.186576
57.5  1.129232
58.0  1.339128
58.5  1.251344
59.0  1.247616
59.5  1.145072
60.0  1.329504
60.5  1.347232
61.0  1.180056
61.5  1.121584
62.0  1.32136
62.5  1.302544
63.0  1.112784
63.5  1.10528
64.0  1.362336
64.5  1.401808
65.0  1.19132
65.5  1.161936
66.0  1.33684
66.5  1.27624
67.0  1.080816
67.5  1.079712
68.0  1.339232
68.5  1.326352
69.0  1.152208
69.5  1.112064
70.0  1.355624
70.5  1.305728
71.0  1.127472
71.5  1.239168
72.0  1.327272
72.5  1.261968
73.0  0.71
73.5  1.121152
74.0  0.762816
74.5  1.328104
75.0  0.761008
75.5  1.171728
76.0  0.954056
76.5  1.321696
77.0  1.22112
77.5  1.100112
78.0  1.488512
78.5  1.37648
79.0  1.068032
79.5  1.11696
80.0  1.374024
80.5  1.26648
81.0  1.137792
81.5  1.157232
82.0  1.338544
82.5  1.33044
83.0  1.189904
83.5  1.091952
84.0  1.311632
84.5  1.33632
85.0  1.154784
85.5  1.149968
86.0  1.128328
86.5  1.302528
87.0  1.350304
87.5  1.147072
88.0  1.223744
88.5  1.163872
89.0  1.20744
89.5  1.175808
90.0  1.394784
90.5  1.304112
91.0  1.125264
91.5  1.129712
92.0  1.375328
92.5  1.359936
93.0  1.1896
93.5  1.10288
94.0  1.173888
94.5  1.393328
95.0  1.28176
95.5  1.146096
96.0  1.217896
96.5  1.270288
97.0  1.415688
97.5  1.184208
98.0  1.2206
98.5  1.296832
99.0  1.219384
99.5  1.118224
100.0  1.163528
100.5  1.361424
101.0  1.391464
101.5  1.095072
102.0  1.199816
102.5  1.379792
103.0  1.262952
103.5  1.071472
104.0  1.131232
104.5  1.098704
105.0  1.296296
105.5  1.350096
106.0  1.242352
106.5  1.18888
107.0  1.34272
107.5  1.28444
108.0  1.11936
108.5  1.134064
109.0  1.353728
109.5  1.330944
110.0  1.209952
110.5  1.191536
111.0  1.319392
111.5  1.29192
112.0  1.190112
112.5  1.134688
113.0  1.30012
113.5  1.3568
114.0  1.163952
114.5  1.065664
115.0  1.335416
115.5  1.31632
116.0  1.2474
116.5  1.167888
117.0  1.334288
117.5  1.331152
118.0  1.147536
118.5  1.13288
119.0  1.37188
119.5  1.29072
120.0  1.199008
120.5  1.123392
121.0  1.318672
121.5  1.369808
122.0  1.220624
122.5  1.117872
123.0  1.254208
123.5  1.317536
124.0  1.17868
124.5  1.134672
125.0  1.326096
125.5  1.358656
126.0  1.153472
126.5  1.153888
127.0  1.437424
127.5  1.261168
128.0  1.145952
128.5  1.136
129.0  1.299744
129.5  1.319216
130.0  1.220728
130.5  1.156752
131.0  1.282128
131.5  1.254368
132.0  1.184056
132.5  1.191024
133.0  1.284112
133.5  1.228816
134.0  1.12736
134.5  1.094704
135.0  1.364952
135.5  1.428736
136.0  1.17784
136.5  1.102048
137.0  1.377744
137.5  1.285328
138.0  1.159296
138.5  1.162528
139.0  1.417752
139.5  1.357504
140.0  1.176552
140.5  1.098024
141.0  1.300624
141.5  1.363696
142.0  1.144736
142.5  1.174496
143.0  1.360384
143.5  1.254928
144.0  1.185984
144.5  1.096832
145.0  1.302752
145.5  1.269056
146.0  1.130664
146.5  1.211888
147.0  1.285896
147.5  1.286848
148.0  1.18912
148.5  1.111488
149.0  1.371944
149.5  1.313552
150.0  1.191208
150.5  1.125344
151.0  1.369552
151.5  1.383312
152.0  1.150488
152.5  1.107024
153.0  1.30652
153.5  1.315968
154.0  1.18348
154.5  1.186832
155.0  1.314768
155.5  1.20776
156.0  1.144624
156.5  1.183856
157.0  1.449448
157.5  1.360208
158.0  1.168832
158.5  1.047536
159.0  1.354528
159.5  1.333904
160.0  1.176904
160.5  1.244192
161.0  1.361168
161.5  1.266944
162.0  1.123952
162.5  1.160896
163.0  1.338344
163.5  1.332752
164.0  1.14992
164.5  1.140336
165.0  1.344688
165.5  1.256752
166.0  1.15256
166.5  1.1712
167.0  1.331616
167.5  1.292192
168.0  1.068448
168.5  1.041824
169.0  1.333832
169.5  1.34336
170.0  1.195632
170.5  1.114624
171.0  1.385536
171.5  1.4412
172.0  1.233648
172.5  1.148736
173.0  1.298288
173.5  1.307736
174.0  1.123456
174.5  1.111968
175.0  1.410096
175.5  1.33464
176.0  1.124608
176.5  1.102016
177.0  1.405936
177.5  1.31152
178.0  1.084352
178.5  1.1388
179.0  1.427448
179.5  1.29032
180.0  1.180664
180.5  1.22856
181.0  1.337984
181.5  1.276384
182.0  1.172544
182.5  1.138328
183.0  1.332064
183.5  1.310368
184.0  0.765272
184.5  1.146944
185.0  0.693384
185.5  1.260496
186.0  0.710096
186.5  1.136752
187.0  0.69004
187.5  1.193968
188.0  1.412512
188.5  1.253488
189.0  1.003776
189.5  1.249824
190.0  0.726096
190.5  1.147616
191.0  0.72424
191.5  1.335232
192.0  1.427216
192.5  1.123392
193.0  1.435344
193.5  1.363184
194.0  1.059088
194.5  1.03292
195.0  1.263984
195.5  1.321984
196.0  1.19744
196.5  1.105696
197.0  1.459592
197.5  1.369808
198.0  1.16676
198.5  1.182352
199.0  1.449464
199.5  1.335824
200.0  1.1392
200.5  1.174912
201.0  1.38812
201.5  1.337664
202.0  1.170456
202.5  1.142864
203.0  1.38052
203.5  1.277872
204.0  1.134656
204.5  1.165008
205.0  1.180088
205.5  1.313232
206.0  1.285536
206.5  1.0884
207.0  1.024448
207.5  1.413808
208.0  0.72396
208.5  1.054368
209.0  0.763848
209.5  1.241768
210.0  1.322352
210.5  1.18408
211.0  1.28464
211.5  1.223232
212.0  1.335024
212.5  1.260912
213.0  1.18528
213.5  1.314384
214.0  1.450016
214.5  1.285344
215.0  1.113496
215.5  1.087432
216.0  1.12112
216.5  1.151296
217.0  1.335856
217.5  1.228848
218.0  1.241016
218.5  1.16632
219.0  1.140616
219.5  1.187456
220.0  1.089592
220.5  0.899888
221.0  0.714696
221.5  0.887744
222.0  1.508368
222.5  1.416736
223.0  1.333424
223.5  1.356944
224.0  1.48144
224.5  1.414944
225.0  1.214336
225.5  1.177792
226.0  1.297616
226.5  1.260576
227.0  1.234864
227.5  1.29212
228.0  1.307216
228.5  1.237088
229.0  1.140048
229.5  1.147936
230.0  1.424464
230.5  1.365952
231.0  1.159472
231.5  1.133712
232.0  1.299072
232.5  1.3272
233.0  1.150304
233.5  1.11616
234.0  1.175064
234.5  1.099664
235.0  1.265968
235.5  1.249888
236.0  1.389072
236.5  1.359728
237.0  0.860784
237.5  0.772568
238.0  0.106536
238.5  0.1
239.0  0.146744
239.5  0.1
240.0  0.147928
240.5  0.1
241.0  0.106608
241.5  0.1
242.0  0.10764
242.5  0.101688
243.0  0.107808
243.5  0.1
244.0  0.104744
244.5  0.1
245.0  0.106184
245.5  0.1
246.0  0.106152
246.5  0.1
247.0  0.103544
247.5  0.1
248.0  0.10568
248.5  0.101688
249.0  0.101856
249.5  0.1
250.0  0.102368
250.5  0.1
251.0  0.100928
251.5  0.1
252.0  0.100928
252.5  0.1
253.0  0.107936
253.5  0.1
254.0  0.106464
254.5  0.10176
255.0  0.101976
255.5  0.1
256.0  0.10348
256.5  0.1
257.0  0.160096
257.5  0.1
258.0  0.106912
258.5  0.10888
259.0  0.128368
259.5  0.123648
260.0  0.10488
260.5  0.10268
261.0  0.330112
261.5  0.503264
262.0  1.03752
262.5  1.052752
263.0  1.241584
263.5  1.228
264.0  1.08472
264.5  1.055664
265.0  1.24532
265.5  1.18576
266.0  0.985872
266.5  1.013136
267.0  1.331728
267.5  1.241264
268.0  1.063224
268.5  1.100928
269.0  1.232024
269.5  1.119712
270.0  1.028856
270.5  0.935728
271.0  1.232352
271.5  1.154064
272.0  1.024056
272.5  1.091056
273.0  1.26688
273.5  1.283984
274.0  0.993264
274.5  0.922272
275.0  1.142752
275.5  1.295624
276.0  1.222304
276.5  1.05448
277.0  1.2308
277.5  1.219216
278.0  1.147872
278.5  1.03056
279.0  1.034768
279.5  1.078704
280.0  1.012448
280.5  0.98168
281.0  1.221456
281.5  1.207528
282.0  1.092656
282.5  1.07056
283.0  1.126016
283.5  1.114864
284.0  1.12248
284.5  1.0312
285.0  1.179016
285.5  1.320208
286.0  1.263032
286.5  1.106208
287.0  1.117336
287.5  1.07952
288.0  1.022968
288.5  1.008048
289.0  1.105856
289.5  1.170592
290.0  1.215616
290.5  1.138336
291.0  1.184928
291.5  1.20416
292.0  1.229344
292.5  1.119344
293.0  1.163136
293.5  1.086216
294.0  1.012496
294.5  1.0764
295.0  1.143088
295.5  1.06008
296.0  1.00368
296.5  1.024352
297.0  1.134664
297.5  1.145696
298.0  1.238128
298.5  1.129648
299.0  1.1438
299.5  0.9276
300.0  1.356072
300.5  1.517376
301.0  1.054528
301.5  0.953728
302.0  1.09636
302.5  1.00592
303.0  1.046592
303.5  1.11744
304.0  1.145216
304.5  1.123424
305.0  1.055768
305.5  1.098128
306.0  1.285088
306.5  1.25336
307.0  1.136952
307.5  1.130672
308.0  1.062336
308.5  1.013224
309.0  1.080624
309.5  1.084992
310.0  1.14616
310.5  1.09344
311.0  0.996368
311.5  0.977392
312.0  1.208048
312.5  1.18024
313.0  1.082896
313.5  1.08128
314.0  1.145728
314.5  1.127192
315.0  1.17504
315.5  1.141952
316.0  1.23808
316.5  1.268496
317.0  1.169728
317.5  1.06696
318.0  1.092224
318.5  1.106448
319.0  1.103824
319.5  1.031472
320.0  1.300784
320.5  1.273968
321.0  1.065376
321.5  1.036912
322.0  1.186656
322.5  1.184944
323.0  1.011872
323.5  1.067888
324.0  1.193152
324.5  1.070912
325.0  1.149968
325.5  1.108112
326.0  1.126152
326.5  1.204984
327.0  1.170112
327.5  1.078512
328.0  1.097776
328.5  1.133344
329.0  1.261664
329.5  1.10448
330.0  1.091608
330.5  0.88392
331.0  1.061408
331.5  1.130304
332.0  1.429008
332.5  1.199856
333.0  0.426928
333.5  0.286912
334.0  0.416768
334.5  0.277616
335.0  0.393304
335.5  0.132736
336.0  0.117656
336.5  0.116208
337.0  0.378048
337.5  0.13312
338.0  0.118368
338.5  0.100784
339.0  0.222776
339.5  0.100784
340.0  0.105704
340.5  0.1
341.0  0.289888
341.5  0.28692
342.0  0.322856
342.5  0.29248
343.0  0.226192
343.5  0.72624
344.0  0.376392
344.5  0.417056
345.0  0.111152
345.5  0.12152
346.0  0.177904
346.5  0.173824
347.0  0.11516
347.5  0.123208
348.0  0.220544
348.5  0.224768
349.0  0.113392
349.5  0.12152
350.0  0.292264
350.5  0.285712
351.0  0.118608
351.5  0.12152
352.0  0.2096
352.5  0.21064
353.0  0.119504
353.5  0.12328
354.0  0.211856
354.5  0.213824
355.0  0.112128
355.5  0.12024
356.0  0.20896
356.5  0.213808
357.0  0.170176
357.5  0.12648
358.0  0.244312
358.5  0.239248
359.0  0.168216
359.5  0.123224
360.0  0.329944
360.5  0.28504
361.0  0.121008
361.5  0.12152
362.0  0.186808
362.5  0.24712
363.0  0.135448
363.5  0.12152
364.0  0.117416
364.5  0.168368
365.0  0.143304
365.5  0.13604
366.0  0.120408
366.5  0.4008
367.0  0.11468
367.5  0.12152
368.0  0.123424
368.5  0.281808
369.0  0.111152
369.5  0.12152
370.0  0.119976
370.5  0.210608
371.0  0.111904
371.5  0.12152
372.0  0.110656
372.5  0.388032
373.0  0.112168
373.5  0.11224
374.0  0.106408
374.5  0.101688
375.0  0.1
375.5  0.1
376.0  0.10204
376.5  0.1
377.0  0.160416
377.5  0.1
378.0  0.104224
378.5  0.1
379.0  0.104456
379.5  0.1
380.0  0.107088
380.5  0.101688
381.0  0.105728
381.5  0.1
382.0  1.14496
382.5  0.147328
383.0  0.125856
383.5  0.143632
384.0  0.104344
384.5  0.110672
385.0  0.106864
385.5  0.281168
386.0  1.014648
386.5  1.036656
387.0  1.071984
387.5  1.05144
388.0  1.093424
388.5  1.10632
389.0  1.157432
389.5  1.102192
390.0  1.29708
390.5  1.125344
391.0  1.063168
391.5  1.130192
392.0  1.33584
392.5  1.24932
393.0  1.01752
393.5  0.997936
394.0  1.127376
394.5  1.077792
395.0  1.198816
395.5  1.183968
396.0  1.179264
396.5  1.176736
397.0  1.125336
397.5  1.091248
398.0  0.743696
398.5  1.057056
399.0  0.717312
399.5  1.21896
400.0  0.891504
400.5  1.057168
401.0  0.831104
401.5  1.144208
402.0  0.944096
402.5  1.03536
403.0  1.091888
403.5  1.047568
404.0  1.041488
404.5  1.003216
405.0  1.201152
405.5  1.28672
406.0  1.167032
406.5  1.161072
407.0  1.227896
407.5  1.115528
408.0  0.95688
408.5  1.007104
409.0  1.146752
409.5  1.051328
410.0  1.147264
410.5  1.159456
411.0  1.285664
411.5  1.117808
412.0  1.28916
412.5  1.289824
413.0  1.080784
413.5  1.166376
414.0  1.100296
414.5  1.08344
415.0  1.014448
415.5  0.97488
416.0  1.38856
416.5  1.477488
417.0  1.292152
417.5  1.150224
418.0  0.966656
418.5  0.926384
419.0  1.023448
419.5  0.97944
420.0  1.194512
420.5  1.14848
421.0  0.989728
421.5  0.986336
422.0  1.465536
422.5  1.475984
423.0  1.137104
423.5  1.15248
424.0  1.295392
424.5  1.303408
425.0  1.025144
425.5  0.973384
426.0  1.261024
426.5  1.186368
427.0  0.993312
427.5  1.015184
428.0  1.27352
428.5  1.214912
429.0  0.951808
429.5  0.76372
430.0  0.56104
430.5  0.68656
431.0  2.198312
431.5  1.908904
432.0  0.952576
432.5  1.129632
433.0  0.966008
433.5  0.99052
434.0  1.181904
434.5  1.157536
435.0  1.135808
435.5  1.1948
436.0  1.116248
436.5  0.978448
437.0  1.213024
437.5  1.196624
438.0  1.074496
438.5  1.110784
439.0  1.024464
439.5  1.016672
440.0  1.147208
440.5  1.099848
441.0  1.222432
441.5  1.113984
442.0  1.396544
442.5  1.370832
443.0  1.103952
443.5  1.179568
444.0  1.467728
444.5  1.359328
445.0  0.950768
445.5  0.93744
446.0  1.294768
446.5  1.302296
447.0  0.931952
447.5  0.943488
448.0  1.27528
448.5  1.183248
449.0  0.995928
449.5  1.080864
450.0  1.34196
450.5  1.216464
451.0  1.023776
451.5  0.996608
452.0  1.240856
452.5  1.192352
453.0  0.981008
453.5  0.988256
454.0  1.276376
454.5  1.358944
455.0  0.954616
455.5  0.850288
456.0  1.169664
456.5  1.01904
457.0  0.940096
457.5  0.949088
458.0  0.773792
458.5  1.009976
459.0  1.113688
459.5  1.121472
460.0  1.159272
460.5  1.117952
461.0  1.190048
461.5  1.23424
462.0  1.182816
462.5  1.15496
463.0  1.221848
463.5  1.165984
464.0  1.023608
464.5  0.978432
465.0  1.031632
465.5  0.983504
466.0  1.113008
466.5  1.18984
467.0  1.362808
467.5  1.240736
468.0  1.037968
468.5  1.155984
469.0  1.207576
469.5  1.127408
470.0  1.086008
470.5  1.05568
471.0  1.141648
471.5  1.046208
472.0  1.077536
472.5  1.1656
473.0  1.096624
473.5  1.004952
474.0  1.122008
474.5  1.114896
475.0  1.117904
475.5  1.079312
476.0  1.178664
476.5  1.250208
477.0  1.201216
477.5  1.066784
478.0  2.698352
478.5  1.317384
479.0  1.283672
479.5  1.182136
480.0  1.145592
480.5  1.115968
481.0  1.214056
481.5  1.10384
482.0  1.069904
482.5  1.162336
483.0  3.70788
483.5  1.160608
484.0  1.141848
484.5  1.221008
485.0  1.1628
485.5  1.086416
486.0  1.186168
486.5  0.921904
487.0  0.665312
487.5  0.891184
488.0  1.207344
488.5  1.271088
489.0  1.286912
489.5  1.167392
490.0  1.048632
490.5  1.058032
491.0  1.302888
491.5  1.285688
492.0  1.127816
492.5  1.14584
493.0  1.129272
493.5  1.041456
494.0  1.047872
494.5  1.094048
495.0  1.137584
495.5  1.07536
496.0  1.27516
496.5  1.22464
497.0  1.21088
497.5  1.186448
498.0  1.112304
498.5  1.076208
499.0  1.018368
499.5  0.981168
500.0  1.050672
500.5  1.160016
501.0  1.111824
501.5  1.074384
502.0  1.16296
502.5  1.093392
503.0  1.203856
503.5  1.153136
504.0  1.177456
504.5  1.159664
505.0  1.082832
505.5  1.117456
506.0  1.188688
506.5  1.21476
507.0  1.17568
507.5  1.084592
508.0  1.138448
508.5  1.222144
509.0  1.214944
509.5  1.1636
510.0  1.115736
510.5  0.99504
511.0  1.024576
511.5  1.035408
512.0  1.117072
512.5  1.07756
513.0  1.167664
513.5  1.072512
514.0  1.04424
514.5  1.103808
515.0  1.082776
515.5  1.154096
516.0  1.2176
516.5  1.024896
517.0  1.108112
517.5  1.160768
518.0  1.19584
518.5  1.078112
519.0  1.112992
519.5  1.187488
520.0  1.25144
520.5  1.248208
521.0  1.15588
521.5  1.177296
522.0  1.113248
522.5  1.063856
523.0  1.06744
523.5  0.989744
524.0  1.066032
524.5  1.138312
525.0  1.065752
525.5  1.055888
526.0  1.24356
526.5  1.191232
527.0  1.081152
527.5  0.975024
528.0  1.179768
528.5  1.112816
529.0  0.25872
529.5  0.15928
530.0  0.336072
530.5  0.240272
531.0  0.118936
531.5  0.194384
532.0  0.821
532.5  1.319968
533.0  2.948136
533.5  2.885888
534.0  2.792456
534.5  2.645552
535.0  1.058672
535.5  1.019568
536.0  0.304336
536.5  1.19792
537.0  0.274368
537.5  1.157104
538.0  0.76836
538.5  1.159712
539.0  1.161592
539.5  1.123736
540.0  1.196368
540.5  1.179632
541.0  1.530008
541.5  1.34
542.0  1.111376
542.5  1.047552
543.0  1.190096
543.5  1.140416
544.0  1.145096
544.5  1.104064
545.0  1.151192
545.5  1.124696
546.0  1.522776
546.5  1.4872
547.0  1.152616
547.5  1.112752
548.0  1.200216
548.5  1.137808
549.0  1.066272
549.5  1.035152
550.0  1.007792
550.5  0.982736
551.0  0.320176
551.5  1.018656
552.0  0.145152
552.5  1.190192
553.0  0.140032
553.5  1.024368
554.0  0.179824
554.5  1.01128
555.0  5.12028
555.5  1.29008
556.0  0.635352
556.5  1.121456
557.0  0.561288
557.5  1.072392
558.0  0.462192
558.5  1.268912
559.0  0.448064
559.5  1.094928
560.0  0.559032
560.5  1.218656
561.0  0.593552
561.5  1.092832
562.0  0.553376
562.5  1.192528
563.0  0.525664
563.5  0.989088
564.0  0.521648
564.5  1.19112
565.0  0.450192
565.5  1.038144
566.0  0.54484
566.5  1.324016
567.0  0.67272
567.5  1.126992
568.0  0.62848
568.5  1.082624
569.0  0.69488
569.5  1.01568
570.0  0.737512
570.5  1.27176
571.0  0.594896
571.5  0.977392
572.0  0.708208
572.5  1.112072
573.0  0.635168
573.5  1.0192
574.0  0.75904
574.5  1.310064
575.0  1.244048
575.5  0.948448
576.0  1.250856
576.5  1.239744
577.0  1.131896
577.5  1.046896
578.0  1.327392
578.5  1.294792
579.0  0.941592
579.5  0.929632
580.0  0.951288
580.5  0.947616
581.0  1.692088
581.5  1.750096
582.0  1.281352
582.5  1.161248
583.0  1.133992
583.5  1.110928
584.0  0.66592
584.5  0.655968
585.0  1.768912
585.5  1.740224
586.0  0.68488
586.5  0.684416
587.0  1.2696
587.5  1.26352
588.0  0.87556
588.5  0.847392
589.0  1.250128
589.5  1.264656
590.0  0.99688
590.5  0.958456
591.0  1.501232
591.5  1.450064
592.0  0.854352
592.5  0.84816
593.0  0.961032
593.5  0.938544
594.0  0.992064
594.5  0.9856
595.0  1.125736
595.5  1.115648
596.0  1.101136
596.5  1.039888
597.0  1.290664
597.5  1.222016
598.0  1.156856
598.5  1.147544
599.0  1.07644
599.5  1.017008
600.0  1.16644
600.5  1.132608
601.0  1.20728
601.5  1.178768
602.0  1.222168
602.5  1.203616
603.0  1.122024
603.5  1.103824
604.0  1.088216
604.5  1.06808
605.0  1.205624
605.5  1.187896
606.0  1.11636
606.5  1.09536
607.0  1.137616
607.5  1.123072
608.0  0.829144
608.5  0.856144
609.0  1.327504
609.5  1.268624
610.0  1.106552
610.5  1.088928
611.0  1.10272
611.5  1.133912
612.0  1.160416
612.5  1.108864
613.0  1.206576
613.5  1.198192
614.0  1.017904
614.5  1.047888
615.0  1.180528
615.5  1.129552
616.0  1.047272
616.5  1.037936
617.0  1.232768
617.5  1.192384
618.0  1.199744
618.5  1.165088
619.0  1.192928
619.5  1.184688
620.0  1.089
620.5  1.069872
621.0  1.030512
621.5  0.993088
622.0  1.247928
622.5  1.234912
623.0  1.03136
623.5  1.082136
624.0  1.041088
624.5  0.96024
625.0  1.13872
625.5  1.135056
626.0  1.100224
626.5  1.119728
627.0  1.463664
627.5  1.403376
628.0  1.136128
628.5  1.11544
629.0  1.001176
629.5  0.948928
630.0  0.99172
630.5  0.932352
631.0  1.182512
631.5  1.167296
632.0  1.184096
632.5  1.163568
633.0  1.064656
633.5  1.131248
634.0  1.229312
634.5  1.1436
635.0  1.082536
635.5  1.06664
636.0  0.996352
636.5  0.9992
637.0  1.306368
637.5  1.233664
638.0  1.069928
638.5  1.119512
639.0  1.222816
639.5  1.165024
640.0  1.120464
640.5  1.08528
641.0  1.137808
641.5  1.1248
642.0  1.066032
642.5  1.058336
643.0  1.25396
643.5  1.22048
644.0  1.090544
644.5  1.071704
645.0  1.201832
645.5  1.187344
646.0  1.106136
646.5  1.098
647.0  1.13956
647.5  1.11928
648.0  1.089752
648.5  1.076848
649.0  1.083792
649.5  1.089712
650.0  1.295792
650.5  1.251968
651.0  0.930032
651.5  0.921424
652.0  1.06636
652.5  1.059376
653.0  0.9364
653.5  0.931616
654.0  1.19792
654.5  1.188944
655.0  1.161712
655.5  1.160544
656.0  1.3156
656.5  1.305064
657.0  1.048224
657.5  0.986592
658.0  1.231064
658.5  1.198352
659.0  1.200336
659.5  1.139792
660.0  1.261952
660.5  1.256848
661.0  1.187608
661.5  1.112192
662.0  1.219368
662.5  1.176992
663.0  0.923376
663.5  0.910592
664.0  1.043536
664.5  1.047792
665.0  1.040408
665.5  1.019536
666.0  1.18996
666.5  1.191936
667.0  1.190136
667.5  1.151328
668.0  1.142392
668.5  1.123696
669.0  1.02744
669.5  1.058304
670.0  0.924
670.5  0.91312
671.0  1.19364
671.5  1.145832
672.0  1.095904
672.5  1.074784
673.0  1.152432
673.5  1.172112
674.0  1.199712
674.5  1.148384
675.0  1.122912
675.5  1.111024
676.0  1.352088
676.5  1.3304
677.0  1.065744
677.5  0.9818
678.0  1.209984
678.5  1.202064
679.0  1.134432
679.5  1.09888
680.0  1.146944
680.5  1.128048
681.0  1.002432
681.5  0.9952
682.0  1.162512
682.5  1.156736
683.0  1.08364
683.5  1.047584
684.0  1.206512
684.5  1.187616
685.0  1.096544
685.5  1.092736
686.0  1.113864
686.5  1.108544
687.0  1.191024
687.5  1.175776
688.0  0.9596
688.5  0.943872
689.0  1.299544
689.5  1.241928
690.0  1.114552
690.5  1.057488
691.0  1.247424
691.5  1.2308
692.0  1.05984
692.5  1.111288
693.0  1.19432
693.5  1.115904
694.0  1.11112
694.5  1.096496
695.0  1.27488
695.5  1.171896
696.0  1.133984
696.5  1.109616
697.0  1.300824
697.5  1.195936
698.0  1.226848
698.5  1.203456
699.0  1.047464
699.5  1.04192
700.0  1.137376
700.5  1.137008
701.0  1.140568
701.5  1.099872
702.0  1.026088
702.5  1.005504
703.0  1.265192
703.5  1.24632
704.0  1.310336
704.5  1.278296
705.0  1.043984
705.5  1.036128
706.0  1.016808
706.5  0.996128
707.0  1.079008
707.5  1.065936
708.0  1.01928
708.5  1.028848
709.0  1.26148
709.5  1.22112
710.0  0.952784
710.5  1.016648
711.0  1.358832
711.5  1.27128
712.0  1.166592
712.5  1.146672
713.0  1.044656
713.5  1.031632
714.0  1.045048
714.5  1.022496
715.0  1.152048
715.5  1.140848
716.0  1.222928
716.5  1.202304
717.0  1.285144
717.5  1.210416
718.0  1.147616
718.5  1.10944
719.0  1.145104
719.5  1.093168
720.0  1.131224
720.5  1.074144
721.0  0.991856
721.5  1.003648
722.0  1.211432
722.5  1.163976
723.0  1.168488
723.5  1.153344
724.0  1.06812
724.5  1.04752
725.0  1.08732
725.5  1.075088
726.0  1.16052
726.5  1.142128
727.0  1.070064
727.5  1.057216
728.0  1.035224
728.5  1.025184
729.0  1.176096
729.5  1.188752
730.0  1.258648
730.5  1.2096
731.0  1.14112
731.5  1.139112
732.0  1.169912
732.5  1.186152
733.0  1.128784
733.5  1.13008
734.0  1.119488
734.5  1.112912
735.0  1.196392
735.5  1.187888
736.0  1.098024
736.5  1.080224
737.0  1.181568
737.5  1.140728
738.0  1.012176
738.5  0.977008
739.0  1.332944
739.5  1.320016
740.0  1.025616
740.5  1.013536
741.0  1.21744
741.5  1.191152
742.0  1.039088
742.5  1.023616
743.0  1.114648
743.5  1.103032
744.0  1.03104
744.5  1.01704
745.0  1.169208
745.5  1.148272
746.0  1.281896
746.5  1.265456
747.0  0.992688
747.5  1.077072
748.0  1.153968
748.5  1.047488
749.0  1.169368
749.5  1.108304
750.0  1.215648
750.5  1.149264
751.0  1.037568
751.5  1.021984
752.0  1.19208
752.5  1.18248
753.0  1.130656
753.5  1.118416
754.0  1.265504
754.5  1.248528
755.0  0.960128
755.5  0.951768
756.0  1.206136
756.5  1.182736
757.0  1.190704
757.5  1.11456
758.0  1.24764
758.5  1.237232
759.0  1.132992
759.5  1.171424
760.0  1.089016
760.5  1.048
761.0  1.036832
761.5  1.016928
762.0  1.146208
762.5  1.118624
763.0  1.065232
763.5  1.049776
764.0  1.273568
764.5  1.25072
765.0  1.135816
765.5  1.129488
766.0  1.066008
766.5  1.037056
767.0  1.213592
767.5  1.193168
768.0  1.010664
768.5  0.992912
769.0  1.115024
769.5  1.09528
770.0  1.244808
770.5  1.218504
771.0  1.031936
771.5  1.018144
772.0  1.211856
772.5  1.209184
773.0  1.119024
773.5  1.094864
774.0  1.151584
774.5  1.143872
775.0  1.055184
775.5  1.038496
776.0  1.081328
776.5  1.064024
777.0  1.145408
777.5  1.063328
778.0  1.21016
778.5  1.187344
779.0  1.080656
779.5  1.022424
780.0  1.169224
780.5  1.109536
781.0  1.086776
781.5  1.084848
782.0  1.276184
782.5  1.236544
783.0  1.076392
783.5  1.062064
784.0  1.1478
784.5  1.112144
785.0  1.125272
785.5  1.10352
786.0  1.332752
786.5  1.319824
787.0  1.159136
787.5  1.14792
788.0  1.279352
788.5  1.224904
789.0  1.103376
789.5  1.089104
790.0  1.239736
790.5  1.221824
791.0  1.107088
791.5  1.088272
792.0  1.233872
792.5  1.208608
793.0  1.018536
793.5  1.01424
794.0  1.25864
794.5  1.226624
795.0  1.712192
795.5  1.669888
796.0  0.747416
796.5  0.723344
797.0  1.163416
797.5  1.083024
798.0  0.881504
798.5  0.826784
799.0  0.968
799.5  0.952336
800.0  1.3222
800.5  1.285296
801.0  1.23048
801.5  1.1924
802.0  1.073792
802.5  1.064864
803.0  0.877336
803.5  0.840488
804.0  1.529216
804.5  1.491712
805.0  0.98368
805.5  0.966688
806.0  1.033032
806.5  1.124128
807.0  1.16408
807.5  1.034144
808.0  1.08536
808.5  1.07376
809.0  1.361568
809.5  1.280264
810.0  1.170344
810.5  1.098368
811.0  1.589328
811.5  1.594496
812.0  0.85568
812.5  0.801904
813.0  1.047576
813.5  1.025072
814.0  0.922512
814.5  0.892624
815.0  1.366944
815.5  1.331872
816.0  0.788968
816.5  0.774224
817.0  1.308488
817.5  1.226064
818.0  1.066568
818.5  1.039728
819.0  1.33236
819.5  1.3068
820.0  0.941176
820.5  0.920176
821.0  1.209672
821.5  1.186488
822.0  1.092216
822.5  1.0768
823.0  1.32972
823.5  1.307072
824.0  1.128176
824.5  1.105856
825.0  1.093712
825.5  1.070064
826.0  1.350624
826.5  1.326864
827.0  1.11912
827.5  1.09568
828.0  0.948576
828.5  0.940384
829.0  1.161024
829.5  1.134112
830.0  1.050624
830.5  1.035248
831.0  1.23316
831.5  1.195584
832.0  0.963008
832.5  0.952816
833.0  1.322816
833.5  1.30416
834.0  1.036872
834.5  1.024624
835.0  1.0096
835.5  0.998416
836.0  1.081312
836.5  1.067496
837.0  1.148352
837.5  1.067664
838.0  0.919264
838.5  0.91288
839.0  1.492736
839.5  1.421376
840.0  1.234888
840.5  1.170656
841.0  0.9806
841.5  1.002512
842.0  1.16508
842.5  1.114728
843.0  1.302112
843.5  1.27224
844.0  1.048344
844.5  1.032592
845.0  1.156328
845.5  1.13896
846.0  1.024832
846.5  1.032304
847.0  1.045952
847.5  1.034592
848.0  1.112408
848.5  1.092016
849.0  1.269616
849.5  1.221008
850.0  1.014072
850.5  0.996352
851.0  1.226496
851.5  1.201216
852.0  1.103328
852.5  1.086688
853.0  1.049064
853.5  1.030176
854.0  1.13736
854.5  1.11812
855.0  1.09068
855.5  1.079712
856.0  1.269136
856.5  1.242032
857.0  1.2528
857.5  1.175872
858.0  1.067696
858.5  1.047168
859.0  1.240008
859.5  1.21856
860.0  1.029632
860.5  1.016016
861.0  0.99976
861.5  0.981552
862.0  1.567904
862.5  1.531936
863.0  0.98816
863.5  0.980928
864.0  0.910448
864.5  0.897312
865.0  1.166472
865.5  1.143024
866.0  1.146968
866.5  1.122912
867.0  1.193424
867.5  1.177872
868.0  1.08176
868.5  1.070624
869.0  1.15444
869.5  1.085688
870.0  1.208008
870.5  1.11856
871.0  1.087944
871.5  1.110848
872.0  1.05248
872.5  1.032544
873.0  1.282368
873.5  1.236704
874.0  1.237632
874.5  1.205184
875.0  1.09296
875.5  1.127032
876.0  1.139456
876.5  1.089296
877.0  1.424752
877.5  1.351424
878.0  0.956472
878.5  0.938768
879.0  1.232464
879.5  1.218032
880.0  1.185784
880.5  1.176656
881.0  0.965008
881.5  0.951072
882.0  1.10936
882.5  1.09456
883.0  1.096504
883.5  1.076208
884.0  1.15616
884.5  1.141776
885.0  1.124376
885.5  1.107264
886.0  1.009888
886.5  1.00528
887.0  1.344048
887.5  1.298504
888.0  1.030456
888.5  1.016256
889.0  1.078312
889.5  1.0576
890.0  0.846896
890.5  0.980064
891.0  0.614336
891.5  1.1712
892.0  0.723064
892.5  1.104
893.0  1.008656
893.5  1.163344
894.0  1.1436
894.5  1.113328
895.0  1.231688
895.5  1.20024
896.0  1.175792
896.5  1.150752
897.0  1.372832
897.5  1.292448
898.0  1.04308
898.5  1.026032
899.0  1.255696
899.5  1.159624
900.0  0.98676
900.5  0.933328
901.0  1.191712
901.5  1.1704
902.0  1.056584
902.5  1.047784
903.0  1.01284
903.5  0.996816
904.0  1.27572
904.5  1.252592
905.0  1.050104
905.5  1.032704
906.0  1.094288
906.5  1.078496
907.0  1.058168
907.5  1.04608
908.0  1.03644
908.5  1.012888
909.0  1.285832
909.5  1.25196
910.0  1.125968
910.5  1.100544
911.0  1.184632
911.5  1.167328
912.0  1.26248
912.5  1.269632
913.0  1.071096
913.5  1.031088
914.0  1.170672
914.5  1.121296
915.0  1.065872
915.5  1.059952
916.0  1.046304
916.5  1.032704
917.0  1.330368
917.5  1.250064
918.0  1.077952
918.5  1.06328
919.0  1.262136
919.5  1.23016
920.0  1.19808
920.5  1.167192
921.0  1.2254
921.5  1.205088
922.0  0.996568
922.5  0.980448
923.0  1.086896
923.5  1.086864
924.0  1.038256
924.5  1.015008
925.0  0.901768
925.5  0.895792
926.0  1.35024
926.5  1.30944
927.0  1.000656
927.5  0.996688
928.0  1.216976
928.5  1.198544
929.0  1.17068
929.5  1.11032
930.0  1.162952
930.5  1.106928
931.0  1.158816
931.5  1.149664
932.0  1.214832
932.5  1.186528
933.0  1.11864
933.5  1.104576
934.0  1.157184
934.5  1.142976
935.0  1.006048
935.5  1.011768
936.0  1.22396
936.5  1.179888
937.0  1.153528
937.5  1.078768
938.0  1.17348
938.5  1.151808
939.0  1.174208
939.5  1.153232
940.0  1.114968
940.5  1.092336
941.0  1.082696
941.5  1.061096
942.0  1.19648
942.5  1.224976
943.0  1.125976
943.5  1.05144
944.0  1.174672
944.5  1.140808
945.0  1.129344
945.5  1.153776
946.0  1.179408
946.5  1.124352
947.0  1.15992
947.5  1.132816
948.0  1.312848
948.5  1.301936
949.0  0.89464
949.5  0.883344
950.0  1.62608
950.5  1.596784
951.0  1.357976
951.5  1.350736
952.0  0.8818
952.5  0.847664
953.0  0.88808
953.5  0.878456
954.0  1.042032
954.5  1.0828
955.0  1.001696
955.5  0.937008
956.0  1.211232
956.5  1.203168
957.0  1.179872
957.5  1.109824
958.0  1.131
958.5  1.115648
959.0  1.192888
959.5  1.172424
960.0  1.291624
960.5  1.149456
961.0  1.12908
961.5  1.111344
962.0  1.13512
962.5  1.094736
963.0  1.138104
963.5  1.102256
964.0  1.087592
964.5  1.062704
965.0  1.101256
965.5  1.111632
966.0  1.256
966.5  1.185584
967.0  1.098848
967.5  1.085664
968.0  1.276112
968.5  1.261064
969.0  0.949672
969.5  0.944176
970.0  1.173888
970.5  1.1648
971.0  1.064672
971.5  1.063344
972.0  1.11296
972.5  1.111216
973.0  1.11416
973.5  1.095216
974.0  1.190512
974.5  1.151848
975.0  1.046304
975.5  1.0292
976.0  1.072328
976.5  1.101584
977.0  1.0764
977.5  0.99536
978.0  1.208544
978.5  1.77016
979.0  1.628992
979.5  1.00368
980.0  0.952992
980.5  0.898304
981.0  1.058976
981.5  1.04744
982.0  1.106368
982.5  1.071632
983.0  0.927632
983.5  0.918016
984.0  1.116272
984.5  1.108752
985.0  1.306912
985.5  1.295744
986.0  1.0226
986.5  1.007928
987.0  1.20928
987.5  1.192
988.0  1.076272
988.5  1.063552
989.0  1.222632
989.5  1.142896
990.0  1.073464
990.5  1.01616
991.0  1.271504
991.5  1.263616
992.0  1.098848
992.5  1.100048
993.0  1.215328
993.5  1.182608
994.0  1.11056
994.5  1.092656
995.0  1.009136
995.5  0.993888
996.0  1.229056
996.5  1.20552
997.0  1.11328
997.5  1.059776
998.0  1.058192
998.5  1.063344
999.0  1.282776
999.5  1.239168
1000.0  1.13752
1000.5  1.087824
1001.0  1.201616
1001.5  1.193192
1002.0  1.093056
1002.5  1.113728
1003.0  1.149584
1003.5  1.099488
1004.0  1.109392
1004.5  1.098768
1005.0  1.142432
1005.5  1.11744
1006.0  1.085672
1006.5  1.085728
1007.0  1.111656
1007.5  1.070952
1008.0  0.970264
1008.5  0.95288
1009.0  1.286464
1009.5  1.270848
1010.0  1.072528
1010.5  1.06
1011.0  1.145232
1011.5  1.132176
1012.0  1.097104
1012.5  1.07536
1013.0  1.124784
1013.5  1.105888
1014.0  1.064832
1014.5  1.070928
1015.0  1.064672
1015.5  1.031168
1016.0  1.232464
1016.5  1.22872
1017.0  1.23856
1017.5  1.175792
1018.0  1.124144
1018.5  1.113168
1019.0  1.110832
1019.5  1.053792
1020.0  1.095816
1020.5  1.065488
1021.0  1.190776
1021.5  1.13664
1022.0  1.172088
1022.5  1.161328
1023.0  1.161864
1023.5  1.148
1024.0  1.069504
1024.5  1.062304
1025.0  1.28308
1025.5  1.27344
1026.0  1.107264
1026.5  1.09864
1027.0  1.068408
1027.5  1.057856
1028.0  0.975568
1028.5  1.017104
1029.0  1.349752
1029.5  1.27776
1030.0  1.125296
1030.5  1.113072
1031.0  1.0708
1031.5  1.05664
1032.0  1.053024
1032.5  1.037088
1033.0  1.252528
1033.5  1.239328
1034.0  1.16896
1034.5  1.15364
1035.0  1.04248
1035.5  1.068064
1036.0  1.176936
1036.5  1.130512
1037.0  1.154464
1037.5  1.064384
1038.0  1.288672
1038.5  1.270608
1039.0  0.985264
1039.5  0.97752
1040.0  1.206936
1040.5  1.149112
1041.0  1.0924
1041.5  1.116496
1042.0  1.211136
1042.5  1.146656
1043.0  1.145552
1043.5  1.128144
1044.0  1.027456
1044.5  1.016256
1045.0  1.100352
1045.5  1.082
1046.0  1.228728
1046.5  1.210752
1047.0  1.105072
1047.5  1.091104
1048.0  1.253184
1048.5  1.24152
1049.0  1.10148
1049.5  1.041296
1050.0  1.139584
1050.5  1.076016
1051.0  1.121056
1051.5  1.099712
1052.0  1.244992
1052.5  1.225496
1053.0  0.967168
1053.5  0.960608
1054.0  1.284384
1054.5  1.267376
1055.0  1.066512
1055.5  1.037136
1056.0  1.207776
1056.5  1.166432
1057.0  1.089016
1057.5  1.013968
1058.0  1.20052
1058.5  1.166864
1059.0  1.128112
1059.5  1.10608
1060.0  1.228472
1060.5  1.224
1061.0  0.998104
1061.5  0.971984
1062.0  1.219064
1062.5  1.201696
1063.0  0.953368
1063.5  0.940096
1064.0  1.23264
1064.5  1.207456
1065.0  1.123952
1065.5  1.111856
1066.0  1.215408
1066.5  1.242256
1067.0  1.160192
1067.5  1.122104
1068.0  1.280224
1068.5  1.242656
1069.0  1.106992
1069.5  1.095488
1070.0  1.215984
1070.5  1.19824
1071.0  1.047232
1071.5  1.03576
1072.0  1.199088
1072.5  1.16752
1073.0  1.035024
1073.5  1.027912
1074.0  1.169712
1074.5  1.186864
1075.0  1.22312
1075.5  1.34432
1076.0  1.589616
1076.5  1.475904
1077.0  0.873472
1077.5  0.806208
1078.0  1.270512
1078.5  1.245872
1079.0  0.775456
1079.5  0.728456
1080.0  1.397656
1080.5  1.308592
1081.0  1.047168
1081.5  1.154
1082.0  1.31284
1082.5  1.185616
1083.0  0.862872
1083.5  0.820992
1084.0  1.027352
1084.5  0.999504
1085.0  1.321816
1085.5  1.3062
1086.0  1.135464
1086.5  1.166704
1087.0  0.956464
1087.5  0.904096
1088.0  1.48664
1088.5  1.460448
1089.0  0.755336
1089.5  0.736304
1090.0  1.535616
1090.5  1.50576
1091.0  1.225808
1091.5  1.218656
1092.0  0.734312
1092.5  0.712448
1093.0  0.938152
1093.5  0.923328
1094.0  1.145552
1094.5  1.120592
1095.0  1.154272
1095.5  1.182992
1096.0  1.191096
1096.5  1.13024
1097.0  1.257808
1097.5  1.191168
1098.0  1.21856
1098.5  1.187536
1099.0  0.919136
1099.5  0.9188
1100.0  1.164272
1100.5  1.15132
1101.0  1.151728
1101.5  1.107776
1102.0  1.159528
1102.5  1.141984
1103.0  0.831616
1103.5  0.861072
1104.0  1.311272
1104.5  1.241184
1105.0  0.956976
1105.5  0.942448
1106.0  2.127728
1106.5  2.04564
1107.0  0.879888
1107.5  0.867232
1108.0  0.925392
1108.5  0.91216
1109.0  1.341496
1109.5  1.272912
1110.0  1.08612
1110.5  1.031664
1111.0  1.116416
1111.5  1.103072
1112.0  0.864112
1112.5  0.854752
1113.0  1.217808
1113.5  1.227632
1114.0  1.13656
1114.5  1.097584
1115.0  1.043232
1115.5  1.037408
1116.0  1.014832
1116.5  1.006848
1117.0  1.320864
1117.5  1.246784
1118.0  1.076752
1118.5  1.057336
1119.0  1.37724
1119.5  1.356048
1120.0  0.790064
1120.5  0.951472
1121.0  1.31944
1121.5  1.269904
1122.0  0.733168
1122.5  1.401584
1123.0  0.974824
1123.5  0.903936
1124.0  1.026144
1124.5  0.90376
1125.0  1.30716
1125.5  1.013536
1126.0  1.19472
1126.5  1.160032
1127.0  1.068552
1127.5  1.038272
1128.0  1.028952
1128.5  1.046784
1129.0  1.128
1129.5  1.070208
1130.0  1.108056
1130.5  1.084128
1131.0  1.059232
1131.5  1.037152
1132.0  1.342024
1132.5  1.303984
1133.0  1.131136
1133.5  1.133128
1134.0  1.13256
1134.5  1.091776
1135.0  1.193736
1135.5  1.156672
1136.0  1.100272
1136.5  1.08312
1137.0  1.09948
1137.5  1.022736
1138.0  1.12904
1138.5  1.107152
1139.0  1.206496
1139.5  1.135208
1140.0  1.219392
1140.5  1.152496
1141.0  1.131024
1141.5  1.11368
1142.0  1.076552
1142.5  1.067456
1143.0  1.305912
1143.5  1.282096
1144.0  0.969112
1144.5  0.957184
1145.0  1.62436
1145.5  1.563888
1146.0  0.993016
1146.5  0.975056
1147.0  1.06828
1147.5  1.037088
1148.0  1.079248
1148.5  1.060144
1149.0  1.173144
1149.5  1.141312
1150.0  1.097392
1150.5  1.122752
1151.0  1.057472
1151.5  1.02012
1152.0  1.134208
1152.5  1.07928
1153.0  1.18584
1153.5  1.171472
1154.0  1.158944
1154.5  1.138432
1155.0  1.162832
1155.5  1.146256
1156.0  1.060752
1156.5  1.048832
1157.0  1.199432
1157.5  1.128224
1158.0  1.248416
1158.5  1.233456
1159.0  1.133432
1159.5  1.083792
1160.0  1.044656
1160.5  1.017184
1161.0  1.23292
1161.5  1.21352
1162.0  1.006128
1162.5  0.983312
1163.0  1.243448
1163.5  1.22792
1164.0  1.131168
1164.5  1.115936
1165.0  0.984984
1165.5  0.985616
1166.0  1.14212
1166.5  1.086072
1167.0  1.056016
1167.5  1.055872
1168.0  1.217232
1168.5  1.184384
1169.0  1.167184
1169.5  1.131168
1170.0  1.28204
1170.5  1.19688
1171.0  1.005096
1171.5  0.98872
1172.0  1.149528
1172.5  1.09116
1173.0  1.10348
1173.5  1.09952
1174.0  1.257912
1174.5  1.220784
1175.0  1.063128
1175.5  1.032032
1176.0  0.919176
1176.5  0.89984
1177.0  1.205304
1177.5  1.117072
1178.0  1.242496
1178.5  1.208736
1179.0  1.124464
1179.5  1.100112
1180.0  1.283624
1180.5  1.25664
1181.0  1.239448
1181.5  1.20784
1182.0  1.193368
1182.5  1.166592
1183.0  1.238568
1183.5  1.217744
1184.0  1.150776
1184.5  1.154344
1185.0  1.117144
1185.5  1.089328
1186.0  1.70948
1186.5  1.64696
1187.0  1.019328
1187.5  1.005552
1188.0  1.142984
1188.5  1.113936
1189.0  0.898336
1189.5  0.889088
1190.0  1.158576
1190.5  1.138592
1191.0  0.840672
1191.5  0.828592
1192.0  1.603368
1192.5  1.546592
1193.0  0.814752
1193.5  0.806608
1194.0  0.967152
1194.5  0.952528
1195.0  1.456352
1195.5  1.441664
1196.0  1.000912
1196.5  0.991056
1197.0  1.094136
1197.5  1.018304
1198.0  1.366784
1198.5  1.32752
1199.0  0.862696
1199.5  0.806784
1200.0  1.519112
1200.5  1.438656
1201.0  1.136168
1201.5  1.114432
1202.0  1.08188
1202.5  1.037168
1203.0  1.215984
1203.5  1.204544
1204.0  0.914808
1204.5  0.9028
1205.0  1.00312
1205.5  0.987784
1206.0  0.981344
1206.5  0.964528
1207.0  1.048016
1207.5  1.042752
1208.0  1.175752
1208.5  1.1592
1209.0  1.28732
1209.5  1.27728
1210.0  1.1592
1210.5  1.14016
1211.0  1.16892
1211.5  1.16168
1212.0  0.96688
1212.5  0.928944
1213.0  1.213512
1213.5  1.18776
1214.0  1.046104
1214.5  1.009936
1215.0  1.114688
1215.5  1.112528
1216.0  2.027728
1216.5  1.963872
1217.0  0.927312
1217.5  0.855112
1218.0  0.963416
1218.5  0.956096
1219.0  0.928624
1219.5  0.923168
1220.0  1.074872
1220.5  1.053856
1221.0  1.072096
1221.5  1.061232
1222.0  1.158672
1222.5  1.129424
1223.0  1.135728
1223.5  1.116384
1224.0  1.105728
1224.5  1.136848
1225.0  1.153536
1225.5  1.109584
1226.0  1.235544
1226.5  1.183472
1227.0  1.046608
1227.5  1.030176
1228.0  1.26928
1228.5  1.250064
1229.0  1.072704
1229.5  1.004592
1230.0  1.211976
1230.5  1.149008
1231.0  0.974408
1231.5  1.003792
1232.0  1.250336
1232.5  1.186888
1233.0  0.979648
1233.5  0.970256
1234.0  1.163752
1234.5  1.168256
1235.0  1.164968
1235.5  1.178384
1236.0  1.263344
1236.5  1.189744
1237.0  1.155392
1237.5  1.098144
1238.0  1.0748
1238.5  1.04596
1239.0  0.970072
1239.5  0.94768
1240.0  1.114288
1240.5  1.094496
1241.0  1.10784
1241.5  1.110112
1242.0  1.124024
1242.5  1.134144
1243.0  1.138344
1243.5  1.05336
1244.0  1.124712
1244.5  1.103776
1245.0  1.106816
1245.5  1.081664
1246.0  1.136768
1246.5  1.11136
1247.0  1.173632
1247.5  1.15512
1248.0  1.095056
1248.5  1.078832
1249.0  1.19676
1249.5  1.180256
1250.0  1.14992
1250.5  1.131144
1251.0  1.31732
1251.5  1.299264
1252.0  1.10012
1252.5  1.07992
1253.0  1.094096
1253.5  1.069296
1254.0  1.198584
1254.5  1.184544
1255.0  1.085016
1255.5  1.070064
1256.0  1.120128
1256.5  1.123808
1257.0  1.146856
1257.5  1.07616
1258.0  1.181024
1258.5  1.171264
1259.0  1.251568
1259.5  1.158696
1260.0  1.172872
1260.5  1.114176
1261.0  1.11788
1261.5  1.087056
1262.0  1.106264
1262.5  1.08928
1263.0  1.22056
1263.5  1.191792
1264.0  1.096288
1264.5  1.07576
1265.0  1.27396
1265.5  1.259096
1266.0  1.084944
1266.5  1.070816
1267.0  1.387144
1267.5  1.361008
1268.0  0.950896
1268.5  0.994
1269.0  1.110656
1269.5  1.040592
1270.0  1.019472
1270.5  1.015312
1271.0  1.218688
1271.5  1.1506
1272.0  1.017432
1272.5  0.997072
1273.0  1.242336
1273.5  1.224208
1274.0  1.068256
1274.5  1.049216
1275.0  1.119792
1275.5  1.109664
1276.0  1.20088
1276.5  1.172304
1277.0  1.230152
1277.5  1.150528
1278.0  1.214576
1278.5  1.185968
1279.0  1.02424
1279.5  1.013408
1280.0  1.30848
1280.5  1.297088
1281.0  1.080976
1281.5  1.070512
1282.0  1.003576
1282.5  0.981824
1283.0  1.355792
1283.5  1.319768
1284.0  1.132
1284.5  1.112128
1285.0  1.282448
1285.5  1.263536
1286.0  1.06924
1286.5  1.043216
1287.0  1.264256
1287.5  1.236832
1288.0  1.023584
1288.5  1.012992
1289.0  1.27668
1289.5  1.221216
1290.0  1.178696
1290.5  1.104896
1291.0  1.522064
1291.5  1.491136
1292.0  0.8788
1292.5  0.837168
1293.0  0.896688
1293.5  0.891952
1294.0  1.010968
1294.5  0.993584
1295.0  1.198608
1295.5  1.190192
1296.0  0.831176
1296.5  0.880528
1297.0  1.57436
1297.5  1.4428
1298.0  1.181224
1298.5  1.140008
1299.0  1.114912
1299.5  1.094576
1300.0  0.935384
1300.5  0.926208
1301.0  0.967688
1301.5  0.953344
1302.0  0.966984
1302.5  0.966216
1303.0  1.800592
1303.5  1.6956
1304.0  0.926064
1304.5  0.90724
1305.0  1.062832
1305.5  1.049024
1306.0  0.952464
1306.5  0.975872
1307.0  1.277192
1307.5  1.225888
1308.0  1.324264
1308.5  1.313056
1309.0  1.015384
1309.5  1.008016
1310.0  1.089712
1310.5  1.05952
1311.0  0.898624
1311.5  0.88984
1312.0  1.201448
1312.5  1.174512
1313.0  1.151984
1313.5  1.124944
1314.0  1.205152
1314.5  1.180832
1315.0  0.93596
1315.5  0.91504
1316.0  1.039648
1316.5  1.035224
1317.0  1.238944
1317.5  1.16928
1318.0  1.238488
1318.5  1.218496
1319.0  1.08784
1319.5  1.031232
1320.0  1.296568
1320.5  1.239072
1321.0  1.90048
1321.5  1.893952
1322.0  0.788184
1322.5  0.7644
1323.0  0.833976
1323.5  0.828176
1324.0  1.173288
1324.5  1.151184
1325.0  1.023384
1325.5  1.011424
1326.0  1.465832
1326.5  1.447616
1327.0  0.938288
1327.5  0.931824
1328.0  1.126096
1328.5  1.117264
1329.0  0.90896
1329.5  0.89376
1330.0  1.041464
1330.5  1.029536
1331.0  1.103456
1331.5  1.092696
1332.0  1.1124
1332.5  1.104368
1333.0  0.751616
1333.5  1.131984
1334.0  0.60992
1334.5  1.093264
1335.0  0.801184
1335.5  1.0724
1336.0  1.203376
1336.5  1.245808
1337.0  0.95892
1337.5  1.10068
1338.0  1.020704
1338.5  1.224
1339.0  0.716176
1339.5  0.96536
1340.0  1.155648
1340.5  1.098288
1341.0  1.196
1341.5  1.17176
1342.0  1.135496
1342.5  1.128128
1343.0  1.06336
1343.5  1.023824
1344.0  1.183224
1344.5  1.163136
1345.0  1.114984
1345.5  1.098784
1346.0  1.171752
1346.5  1.177712
1347.0  1.006784
1347.5  0.972192
1348.0  1.054752
1348.5  1.045408
1349.0  1.307216
1349.5  1.244392
1350.0  1.24984
1350.5  1.180336
1351.0  1.017568
1351.5  1.015264
1352.0  1.160016
1352.5  1.15496
1353.0  1.107584
1353.5  1.093808
1354.0  1.12428
1354.5  1.100624
1355.0  1.059488
1355.5  1.080736
1356.0  1.166512
1356.5  1.11952
1357.0  1.192368
1357.5  1.120016
1358.0  1.168496
1358.5  1.142528
1359.0  1.19776
1359.5  1.188
1360.0  1.14692
1360.5  1.133936
1361.0  1.067344
1361.5  1.061504
1362.0  1.236832
1362.5  1.21832
1363.0  1.23784
1363.5  1.22904
1364.0  1.077008
1364.5  1.06204
1365.0  1.072672
1365.5  1.057936
1366.0  1.145872
1366.5  1.125504
1367.0  1.01104
1367.5  0.995232
1368.0  1.350536
1368.5  1.327296
1369.0  1.071952
1369.5  1.091168
1370.0  1.30728
1370.5  1.26276
1371.0  1.10176
1371.5  1.084208
1372.0  1.137952
1372.5  1.184784
1373.0  1.002672
1373.5  0.9248
1374.0  1.131104
1374.5  1.104624
1375.0  0.982672
1375.5  0.97392
1376.0  1.320512
1376.5  1.292496
1377.0  1.20064
1377.5  1.119856
1378.0  1.118224
1378.5  1.102784
1379.0  1.039232
1379.5  0.980024
1380.0  1.196136
1380.5  1.14832
1381.0  1.25256
1381.5  1.186496
1382.0  1.267184
1382.5  1.250568
1383.0  0.900296
1383.5  0.892048
1384.0  1.094232
1384.5  1.077488
1385.0  1.090184
1385.5  1.06808
1386.0  1.154608
1386.5  1.134208
1387.0  1.282648
1387.5  1.25744
1388.0  1.214304
1388.5  1.1952
1389.0  1.161696
1389.5  1.148336
1390.0  1.249688
1390.5  1.248416
1391.0  1.068104
1391.5  1.017312
1392.0  1.267904
1392.5  1.25456
1393.0  1.071808
1393.5  1.101936
1394.0  1.247536
1394.5  1.187168
1395.0  1.069376
1395.5  1.031936
1396.0  1.204096
1396.5  1.215488
1397.0  1.972056
1397.5  1.819496
1398.0  0.767888
1398.5  0.747776
1399.0  0.823456
1399.5  0.810768
1400.0  1.032352
1400.5  1.001136
1401.0  0.979648
1401.5  0.956944
1402.0  1.109584
1402.5  1.087792
1403.0  0.998032
1403.5  0.993112
1404.0  1.390256
1404.5  1.326576
1405.0  1.005072
1405.5  0.992384
1406.0  1.252448
1406.5  1.223184
1407.0  1.009728
1407.5  0.994864
1408.0  1.063728
1408.5  1.046736
1409.0  1.64156
1409.5  1.558352
1410.0  0.906008
1410.5  0.855312
1411.0  1.054928
1411.5  1.048512
1412.0  1.17696
1412.5  1.165024
1413.0  1.120144
1413.5  1.105664
1414.0  1.27384
1414.5  1.261568
1415.0  0.85136
1415.5  0.843688
1416.0  1.356384
1416.5  1.334816
1417.0  1.010048
1417.5  0.93872
1418.0  1.270384
1418.5  1.267152
1419.0  1.150768
1419.5  1.117424
1420.0  1.194504
1420.5  1.131568
1421.0  0.908504
1421.5  0.89272
1422.0  1.164344
1422.5  1.166304
1423.0  1.24652
1423.5  1.21464
1424.0  1.012504
1424.5  0.988352
1425.0  0.966752
1425.5  0.954944
1426.0  1.194264
1426.5  1.175472
1427.0  0.96716
1427.5  0.960944
1428.0  1.351504
1428.5  1.333248
1429.0  1.111936
1429.5  1.14184
1430.0  1.14856
1430.5  1.103048
1431.0  1.215088
1431.5  1.205952
1432.0  0.984176
1432.5  0.980032
1433.0  1.127168
1433.5  1.111936
1434.0  1.225064
1434.5  1.187424
1435.0  1.132704
1435.5  1.101328
1436.0  1.061272
1436.5  1.04684
1437.0  0.904424
1437.5  0.812768
1438.0  1.020464
1438.5  1.0108
1439.0  1.350032
1439.5  1.28496
