0.0  1.30848
0.5  1.297088
1.0  1.080976
1.5  1.070512
2.0  1.003576
2.5  0.981824
3.0  1.355792
3.5  1.319768
4.0  1.132
4.5  1.112128
5.0  1.282448
5.5  1.263536
6.0  1.06924
6.5  1.043216
7.0  1.264256
7.5  1.236832
8.0  1.023584
8.5  1.012992
9.0  1.27668
9.5  1.221216
10.0  1.178696
10.5  1.104896
11.0  1.522064
11.5  1.491136
12.0  0.8788
12.5  0.837168
13.0  0.896688
13.5  0.891952
14.0  1.010968
14.5  0.993584
15.0  1.198608
15.5  1.190192
16.0  0.831176
16.5  0.880528
17.0  1.57436
17.5  1.4428
18.0  1.181224
18.5  1.140008
19.0  1.114912
19.5  1.094576
20.0  0.935384
20.5  0.926208
21.0  0.967688
21.5  0.953344
22.0  0.966984
22.5  0.966216
23.0  1.800592
23.5  1.6956
24.0  0.926064
24.5  0.90724
25.0  1.062832
25.5  1.049024
26.0  0.952464
26.5  0.975872
27.0  1.277192
27.5  1.225888
28.0  1.324264
28.5  1.313056
29.0  1.015384
29.5  1.008016
30.0  1.089712
30.5  1.05952
31.0  0.898624
31.5  0.88984
32.0  1.201448
32.5  1.174512
33.0  1.151984
33.5  1.124944
34.0  1.205152
34.5  1.180832
35.0  0.93596
35.5  0.91504
36.0  1.039648
36.5  1.035224
37.0  1.238944
37.5  1.16928
38.0  1.238488
38.5  1.218496
39.0  1.08784
39.5  1.031232
40.0  1.296568
40.5  1.239072
41.0  1.90048
41.5  1.893952
42.0  0.788184
42.5  0.7644
43.0  0.833976
43.5  0.828176
44.0  1.173288
44.5  1.151184
45.0  1.023384
45.5  1.011424
46.0  1.465832
46.5  1.447616
47.0  0.938288
47.5  0.931824
48.0  1.126096
48.5  1.117264
49.0  0.90896
49.5  0.89376
50.0  1.041464
50.5  1.029536
51.0  1.103456
51.5  1.092696
52.0  1.1124
52.5  1.104368
53.0  0.751616
53.5  1.131984
54.0  0.60992
54.5  1.093264
55.0  0.801184
55.5  1.0724
56.0  1.203376
56.5  1.245808
57.0  0.95892
57.5  1.10068
58.0  1.020704
58.5  1.224
59.0  0.716176
59.5  0.96536
60.0  1.155648
60.5  1.098288
61.0  1.196
61.5  1.17176
62.0  1.135496
62.5  1.128128
63.0  1.06336
63.5  1.023824
64.0  1.183224
64.5  1.163136
65.0  1.114984
65.5  1.098784
66.0  1.171752
66.5  1.177712
67.0  1.006784
67.5  0.972192
68.0  1.054752
68.5  1.045408
69.0  1.307216
69.5  1.244392
70.0  1.24984
70.5  1.180336
71.0  1.017568
71.5  1.015264
72.0  1.160016
72.5  1.15496
73.0  1.107584
73.5  1.093808
74.0  1.12428
74.5  1.100624
75.0  1.059488
75.5  1.080736
76.0  1.166512
76.5  1.11952
77.0  1.192368
77.5  1.120016
78.0  1.168496
78.5  1.142528
79.0  1.19776
79.5  1.188
80.0  1.14692
80.5  1.133936
81.0  1.067344
81.5  1.061504
82.0  1.236832
82.5  1.21832
83.0  1.23784
83.5  1.22904
84.0  1.077008
84.5  1.06204
85.0  1.072672
85.5  1.057936
86.0  1.145872
86.5  1.125504
87.0  1.01104
87.5  0.995232
88.0  1.350536
88.5  1.327296
89.0  1.071952
89.5  1.091168
90.0  1.30728
90.5  1.26276
91.0  1.10176
91.5  1.084208
92.0  1.137952
92.5  1.184784
93.0  1.002672
93.5  0.9248
94.0  1.131104
94.5  1.104624
95.0  0.982672
95.5  0.97392
96.0  1.320512
96.5  1.292496
97.0  1.20064
97.5  1.119856
98.0  1.118224
98.5  1.102784
99.0  1.039232
99.5  0.980024
100.0  1.196136
100.5  1.14832
101.0  1.25256
101.5  1.186496
102.0  1.267184
102.5  1.250568
103.0  0.900296
103.5  0.892048
104.0  1.094232
104.5  1.077488
105.0  1.090184
105.5  1.06808
106.0  1.154608
106.5  1.134208
107.0  1.282648
107.5  1.25744
108.0  1.214304
108.5  1.1952
109.0  1.161696
109.5  1.148336
110.0  1.249688
110.5  1.248416
111.0  1.068104
111.5  1.017312
112.0  1.267904
112.5  1.25456
113.0  1.071808
113.5  1.101936
114.0  1.247536
114.5  1.187168
115.0  1.069376
115.5  1.031936
116.0  1.204096
116.5  1.215488
117.0  1.972056
117.5  1.819496
118.0  0.767888
118.5  0.747776
119.0  0.823456
119.5  0.810768
120.0  1.032352
120.5  1.001136
121.0  0.979648
121.5  0.956944
122.0  1.109584
122.5  1.087792
123.0  0.998032
123.5  0.993112
124.0  1.390256
124.5  1.326576
125.0  1.005072
125.5  0.992384
126.0  1.252448
126.5  1.223184
127.0  1.009728
127.5  0.994864
128.0  1.063728
128.5  1.046736
129.0  1.64156
129.5  1.558352
130.0  0.906008
130.5  0.855312
131.0  1.054928
131.5  1.048512
132.0  1.17696
132.5  1.165024
133.0  1.120144
133.5  1.105664
134.0  1.27384
134.5  1.261568
135.0  0.85136
135.5  0.843688
136.0  1.356384
136.5  1.334816
137.0  1.010048
137.5  0.93872
138.0  1.270384
138.5  1.267152
139.0  1.150768
139.5  1.117424
140.0  1.194504
140.5  1.131568
141.0  0.908504
141.5  0.89272
142.0  1.164344
142.5  1.166304
143.0  1.24652
143.5  1.21464
144.0  1.012504
144.5  0.988352
145.0  0.966752
145.5  0.954944
146.0  1.194264
146.5  1.175472
147.0  0.96716
147.5  0.960944
148.0  1.351504
148.5  1.333248
149.0  1.111936
149.5  1.14184
150.0  1.14856
150.5  1.103048
151.0  1.215088
151.5  1.205952
152.0  0.984176
152.5  0.980032
153.0  1.127168
153.5  1.111936
154.0  1.225064
154.5  1.187424
155.0  1.132704
155.5  1.101328
156.0  1.061272
156.5  1.04684
157.0  0.904424
157.5  0.812768
158.0  1.020464
158.5  1.0108
159.0  1.350032
159.5  1.28496
160.0  1.380096
160.5  1.340552
161.0  1.185984
161.5  1.138032
162.0  1.095088
162.5  1.076
163.0  1.104136
163.5  1.087808
164.0  1.448312
164.5  1.428752
165.0  1.154904
165.5  1.14568
166.0  1.035704
166.5  1.028176
167.0  0.96672
167.5  0.952144
168.0  0.969776
168.5  0.9502
169.0  1.2604
169.5  1.246352
170.0  0.865496
170.5  0.853088
171.0  1.155064
171.5  1.1388
172.0  1.264928
172.5  1.240624
173.0  1.183728
173.5  1.165888
174.0  1.037528
174.5  1.023632
175.0  1.301912
175.5  1.278768
176.0  1.22816
176.5  1.213472
177.0  1.184992
177.5  1.107328
178.0  1.016016
178.5  1.008736
179.0  1.202016
179.5  1.177024
180.0  1.151304
180.5  1.131056
181.0  1.06384
181.5  1.04512
182.0  1.06976
182.5  1.052576
183.0  1.168984
183.5  1.15412
184.0  1.06728
184.5  1.046768
185.0  1.115344
185.5  1.09032
186.0  1.124848
186.5  1.106592
187.0  1.153376
187.5  1.123968
188.0  1.06768
188.5  1.045904
189.0  1.221376
189.5  1.154808
190.0  1.186984
190.5  1.1312
191.0  1.214176
191.5  1.197984
192.0  1.024104
192.5  1.030144
193.0  1.341752
193.5  1.30832
194.0  1.06736
194.5  1.049232
195.0  1.098512
195.5  1.083872
196.0  1.168704
196.5  1.151968
197.0  1.26024
197.5  1.20448
198.0  0.950968
198.5  0.911968
199.0  1.40876
199.5  1.376512
200.0  0.988096
200.5  0.974096
201.0  1.117656
201.5  1.065496
202.0  1.137648
202.5  1.125408
203.0  1.1592
203.5  1.208416
204.0  1.119296
204.5  1.047536
205.0  1.191144
205.5  1.16072
206.0  1.012224
206.5  0.998672
207.0  1.242056
207.5  1.210144
208.0  0.926872
208.5  0.902512
209.0  1.62876
209.5  1.580784
210.0  1.142384
210.5  1.094192
211.0  1.074992
211.5  1.049344
212.0  1.085856
212.5  1.066032
213.0  1.279048
213.5  1.288976
214.0  1.060616
214.5  1.004688
215.0  1.259968
215.5  1.242288
216.0  1.094912
216.5  1.092184
217.0  1.27352
217.5  1.193792
218.0  1.12932
218.5  1.077216
219.0  1.110256
219.5  1.079664
220.0  1.755896
220.5  1.645144
221.0  0.719936
221.5  0.723824
222.0  0.89152
222.5  0.857688
223.0  1.103688
223.5  1.104608
224.0  1.335232
224.5  1.288672
225.0  0.79236
225.5  0.991808
226.0  0.840808
226.5  1.22856
227.0  0.88068
227.5  1.32832
228.0  1.440632
228.5  0.824384
229.0  1.098064
229.5  1.082464
230.0  0.92244
230.5  0.961776
231.0  0.751904
231.5  0.967952
232.0  0.857168
232.5  1.467408
233.0  0.881216
233.5  1.096384
234.0  1.091296
234.5  0.874696
235.0  1.322688
235.5  1.299456
236.0  1.217136
236.5  1.200432
237.0  0.982856
237.5  0.935088
238.0  1.193104
238.5  1.15496
239.0  1.055824
239.5  1.03016
240.0  1.044256
240.5  1.009088
241.0  1.1732
241.5  1.162512
242.0  1.252528
242.5  1.230432
243.0  0.978992
243.5  0.958128
244.0  0.918976
244.5  1.029488
245.0  0.839616
245.5  1.338
246.0  0.924312
246.5  1.061856
247.0  0.96296
247.5  1.087904
248.0  1.186608
248.5  1.045744
249.0  1.335064
249.5  1.258984
250.0  1.263592
250.5  1.203008
251.0  0.989568
251.5  0.97808
252.0  0.875184
252.5  1.055344
253.0  1.088376
253.5  1.05544
254.0  0.631696
254.5  1.182176
255.0  0.737528
255.5  1.09844
256.0  1.18224
256.5  1.089456
257.0  1.222112
257.5  1.110688
258.0  1.230056
258.5  1.197184
259.0  1.043496
259.5  1.014448
260.0  1.096616
260.5  1.074848
261.0  1.054096
261.5  1.027152
262.0  1.097704
262.5  1.07496
263.0  1.183144
263.5  1.162864
264.0  1.315776
264.5  1.259328
265.0  1.015072
265.5  0.992704
266.0  1.21644
266.5  1.203616
267.0  1.190592
267.5  1.172024
268.0  1.056224
268.5  1.04424
269.0  1.250016
269.5  1.230576
270.0  1.373544
270.5  1.347552
271.0  0.917648
271.5  0.918512
272.0  1.043936
272.5  1.018432
273.0  1.006408
273.5  0.991744
274.0  1.019184
274.5  0.99648
275.0  1.244208
275.5  1.223728
276.0  1.110896
276.5  1.102656
277.0  1.248352
277.5  1.169664
278.0  1.055656
278.5  1.044144
279.0  1.140936
279.5  1.084944
280.0  1.123296
280.5  1.101072
281.0  1.15896
281.5  1.09336
282.0  1.106728
282.5  1.081672
283.0  1.066616
283.5  1.021168
284.0  1.129848
284.5  1.112528
285.0  1.187384
285.5  1.162816
286.0  1.3414
286.5  1.316288
287.0  1.123376
287.5  1.109632
288.0  1.054128
288.5  1.077304
289.0  1.032464
289.5  0.983408
290.0  1.301112
290.5  1.278496
291.0  1.19432
291.5  1.177232
292.0  1.068496
292.5  1.060784
293.0  1.281376
293.5  1.263664
294.0  1.047384
294.5  1.0272
295.0  0.98104
295.5  0.967136
296.0  1.237632
296.5  1.220976
297.0  1.162136
297.5  1.088496
298.0  1.235568
298.5  1.214672
299.0  1.306896
299.5  1.278944
300.0  0.967424
300.5  0.959784
301.0  0.955056
301.5  0.961024
302.0  1.250784
302.5  1.215056
303.0  1.001344
303.5  0.987728
304.0  1.194312
304.5  1.177856
305.0  1.121296
305.5  1.104368
306.0  1.414624
306.5  1.431744
307.0  1.112784
307.5  1.099936
308.0  1.205584
308.5  1.191504
309.0  1.111784
309.5  1.026304
310.0  1.21836
310.5  1.155072
311.0  1.134448
311.5  1.114208
312.0  1.266544
312.5  1.246384
313.0  0.890928
313.5  0.880768
314.0  1.118736
314.5  1.101152
315.0  1.00736
315.5  0.99284
316.0  1.151808
316.5  1.139472
317.0  1.469728
317.5  1.388928
318.0  1.14344
318.5  1.123104
319.0  1.054336
319.5  1.045104
320.0  1.323864
320.5  1.29712
321.0  1.113056
321.5  1.098296
322.0  1.23448
322.5  1.215504
323.0  1.060784
323.5  1.037808
324.0  1.252416
324.5  1.231792
325.0  1.013128
325.5  0.9904
326.0  1.263728
326.5  1.213232
327.0  1.204032
327.5  1.185136
328.0  1.231096
328.5  1.214704
329.0  0.942616
329.5  0.921568
330.0  1.091888
330.5  1.078416
331.0  0.894608
331.5  0.886528
332.0  1.283088
332.5  1.252944
333.0  0.831056
333.5  0.82316
334.0  1.420304
334.5  1.39496
335.0  1.07208
335.5  1.055808
336.0  1.22408
336.5  1.206096
337.0  1.01528
337.5  0.946176
338.0  1.10128
338.5  1.081552
339.0  1.267328
339.5  1.240048
340.0  1.17932
340.5  1.04736
341.0  0.969776
341.5  0.970656
342.0  1.36872
342.5  1.300128
343.0  1.095712
343.5  1.067232
344.0  1.141888
344.5  1.12376
345.0  1.089224
345.5  1.076192
346.0  1.076096
346.5  1.075696
347.0  1.126648
347.5  1.080496
348.0  1.151456
348.5  1.13028
349.0  1.194576
349.5  1.169712
350.0  1.11436
350.5  1.085968
351.0  1.157648
351.5  1.144096
352.0  1.1392
352.5  1.125424
353.0  1.165216
353.5  1.144304
354.0  1.05008
354.5  1.049368
355.0  1.121104
355.5  1.0948
356.0  1.009072
356.5  0.996272
357.0  1.293896
357.5  1.21464
358.0  1.316208
358.5  1.29784
359.0  1.13904
359.5  1.12056
360.0  0.985984
360.5  0.974416
361.0  1.176672
361.5  1.161184
362.0  1.12096
362.5  1.099456
363.0  1.122
363.5  1.107728
364.0  1.060288
364.5  1.04576
365.0  1.117824
365.5  1.102112
366.0  1.036952
366.5  1.029048
367.0  1.214816
367.5  1.188992
368.0  1.078608
368.5  1.066528
369.0  1.120024
369.5  1.093552
370.0  1.163784
370.5  1.088288
371.0  1.137168
371.5  1.126
372.0  1.154064
372.5  1.138128
373.0  1.090096
373.5  1.070896
374.0  1.046736
374.5  1.031072
375.0  1.471504
375.5  1.451616
376.0  0.961664
376.5  0.948576
377.0  1.049568
377.5  0.994896
378.0  1.101104
378.5  1.072
379.0  1.268736
379.5  1.248512
380.0  1.14928
380.5  1.118464
381.0  1.019872
381.5  1.044232
382.0  1.31096
382.5  1.280256
383.0  1.73116
383.5  1.63448
384.0  0.8058
384.5  0.7872
385.0  0.986968
385.5  0.966176
386.0  0.960912
386.5  0.96136
387.0  1.162376
387.5  1.13404
388.0  1.157416
388.5  1.122256
389.0  1.401664
389.5  1.427424
390.0  0.985888
390.5  0.893824
391.0  0.988248
391.5  0.97784
392.0  1.136392
392.5  1.111104
393.0  1.075888
393.5  1.086672
394.0  1.050064
394.5  1.010512
395.0  1.105536
395.5  1.209472
396.0  1.229792
396.5  1.078224
397.0  1.143312
397.5  1.08536
398.0  1.061472
398.5  1.053808
399.0  1.296888
399.5  1.252744
400.0  1.282128
400.5  1.180448
401.0  1.175776
401.5  1.15976
402.0  1.012184
402.5  0.995472
403.0  1.311608
403.5  1.287744
404.0  1.193304
404.5  1.170064
405.0  1.112
405.5  1.088192
406.0  1.052136
406.5  1.040176
407.0  1.054496
407.5  1.0532
408.0  1.243144
408.5  1.225408
409.0  0.999392
409.5  0.983088
410.0  1.12412
410.5  1.095376
411.0  1.239912
411.5  1.19288
412.0  1.186144
412.5  1.171488
413.0  1.223008
413.5  1.193328
414.0  0.997296
414.5  0.982136
415.0  1.004
415.5  1.027952
416.0  1.197232
416.5  1.139968
417.0  1.131128
417.5  1.06272
418.0  1.299008
418.5  1.273888
419.0  1.107328
419.5  1.097344
420.0  1.182928
420.5  1.172664
421.0  1.013808
421.5  1.010944
422.0  1.101792
422.5  1.067136
423.0  1.1128
423.5  1.10264
424.0  1.119968
424.5  1.103056
425.0  1.070224
425.5  1.140624
426.0  1.227808
426.5  1.135312
427.0  1.579936
427.5  1.526736
428.0  0.888144
428.5  0.880368
429.0  1.21572
429.5  1.150704
430.0  1.311768
430.5  1.254592
431.0  1.104288
431.5  1.093472
432.0  1.169424
432.5  1.157992
433.0  1.106992
433.5  1.08568
434.0  1.231008
434.5  1.20608
435.0  1.116504
435.5  1.090032
436.0  1.15092
436.5  1.124976
437.0  1.899456
437.5  1.799552
438.0  0.703392
438.5  0.688256
439.0  0.86004
439.5  0.847456
440.0  1.037952
440.5  1.014128
441.0  1.032648
441.5  1.012432
442.0  1.038168
442.5  1.020768
443.0  0.962368
443.5  0.9536
444.0  1.31844
444.5  1.358912
445.0  1.22772
445.5  1.152016
446.0  1.101232
446.5  1.088896
447.0  1.102128
447.5  1.083128
448.0  0.947512
448.5  0.922016
449.0  1.640224
449.5  1.59976
450.0  0.963512
450.5  0.937184
451.0  0.947976
451.5  0.929888
452.0  1.813992
452.5  1.765312
453.0  0.861464
453.5  0.879288
454.0  1.036776
454.5  0.981712
455.0  0.936008
455.5  0.952208
456.0  1.469312
456.5  1.450208
457.0  0.896136
457.5  0.796112
458.0  1.014624
458.5  1.006048
459.0  1.295808
459.5  1.236896
460.0  1.024672
460.5  0.981168
461.0  1.09804
461.5  1.086
462.0  1.256168
462.5  1.233616
463.0  0.970216
463.5  0.963184
464.0  0.962528
464.5  0.940736
465.0  1.227512
465.5  1.208584
466.0  1.17592
466.5  1.159344
467.0  1.158712
467.5  1.1268
468.0  1.08496
468.5  1.066976
469.0  1.14296
469.5  1.11672
470.0  1.093088
470.5  1.184224
471.0  1.344968
471.5  1.220656
472.0  1.234576
472.5  1.208512
473.0  1.023408
473.5  1.036672
474.0  0.93608
474.5  0.886224
475.0  1.113664
475.5  1.13288
476.0  1.225824
476.5  1.15912
477.0  1.184568
477.5  1.11456
478.0  1.086728
478.5  1.0716
479.0  1.171488
479.5  1.163952
480.0  1.159776
480.5  1.139512
481.0  1.14064
481.5  1.124288
482.0  1.243472
482.5  1.497232
483.0  1.65736
483.5  1.344976
484.0  0.71752
484.5  0.707984
485.0  1.334912
485.5  1.31456
486.0  0.900856
486.5  0.896488
487.0  1.149104
487.5  1.123168
488.0  1.096336
488.5  1.088832
489.0  1.13812
489.5  1.085136
490.0  1.050632
490.5  0.993392
491.0  1.282592
491.5  1.268816
492.0  1.276384
492.5  1.231856
493.0  1.24416
493.5  1.224816
494.0  0.97968
494.5  0.964512
495.0  1.218048
495.5  1.25392
496.0  1.110592
496.5  1.047008
497.0  1.10788
497.5  1.036128
498.0  1.091144
498.5  1.073032
499.0  1.142944
499.5  1.102288
500.0  1.014896
500.5  1.007824
501.0  1.071552
501.5  1.036592
502.0  0.71056
502.5  0.877872
503.0  1.0014
503.5  1.068448
504.0  0.540104
504.5  1.255776
505.0  0.529592
505.5  1.367776
506.0  0.710952
506.5  1.035632
507.0  1.168344
507.5  1.12576
508.0  1.196552
508.5  1.173936
509.0  1.17504
509.5  1.151152
510.0  1.070864
510.5  1.044016
511.0  1.0708
511.5  1.054992
512.0  1.041216
512.5  1.032832
513.0  1.119072
513.5  1.095496
514.0  1.162664
514.5  1.143808
515.0  1.029264
515.5  1.034592
516.0  1.175752
516.5  1.119312
517.0  1.335488
517.5  1.24712
518.0  1.149184
518.5  1.131184
519.0  1.196528
519.5  1.16284
520.0  1.255064
520.5  1.172272
521.0  1.192656
521.5  1.170032
522.0  1.092192
522.5  1.070528
523.0  1.042592
523.5  1.010816
524.0  0.117896
524.5  0.498
525.0  0.12972
525.5  1.033968
526.0  0.163928
526.5  1.08416
527.0  0.223192
527.5  1.06448
528.0  0.245688
528.5  1.113856
529.0  0.31612
529.5  1.105584
530.0  0.238744
530.5  1.097008
531.0  0.240856
531.5  1.095152
532.0  0.243336
532.5  1.107104
533.0  0.28084
533.5  1.095512
534.0  0.264216
534.5  1.100544
535.0  0.248664
535.5  1.0708
536.0  0.174696
536.5  1.003232
537.0  0.13252
537.5  0.801088
538.0  0.173984
538.5  0.879424
539.0  0.192848
539.5  0.947856
540.0  0.143664
540.5  0.97184
541.0  0.181224
541.5  0.955248
542.0  0.134904
542.5  0.967184
543.0  0.237176
543.5  1.09072
544.0  0.191248
544.5  0.975008
545.0  0.230672
545.5  1.100144
546.0  0.153456
546.5  1.005952
547.0  0.217768
547.5  1.096304
548.0  0.133032
548.5  0.972832
549.0  0.295944
549.5  1.10752
550.0  0.15708
550.5  1.037648
551.0  0.232016
551.5  1.09432
552.0  0.287984
552.5  1.109696
553.0  0.230824
553.5  1.0976
554.0  0.20736
554.5  1.101104
555.0  0.228528
555.5  1.092528
556.0  0.309
556.5  1.07856
557.0  0.256424
557.5  1.10472
558.0  0.288416
558.5  1.117536
559.0  0.251464
559.5  1.098016
560.0  0.268928
560.5  1.102712
561.0  0.237904
561.5  1.08836
562.0  0.127088
562.5  0.771472
563.0  0.182328
563.5  0.88064
564.0  0.149064
564.5  0.817408
565.0  0.171432
565.5  1.032928
566.0  0.11996
566.5  0.789952
567.0  0.15604
567.5  1.061904
568.0  0.147312
568.5  0.964976
569.0  0.248096
569.5  1.09584
570.0  0.13992
570.5  0.832496
571.0  0.172408
571.5  1.138704
572.0  0.150104
572.5  0.948832
573.0  0.17004
573.5  1.098816
574.0  0.134584
574.5  1.050528
575.0  0.177936
575.5  1.238688
576.0  0.129688
576.5  0.984496
577.0  0.181376
577.5  1.223984
578.0  0.125816
578.5  1.149088
579.0  0.183816
579.5  1.269696
580.0  0.134624
580.5  1.060128
581.0  0.17808
581.5  1.314896
582.0  0.21912
582.5  1.168096
583.0  0.206768
583.5  1.307248
584.0  0.15956
584.5  1.103744
585.0  0.176672
585.5  1.340432
586.0  0.12992
586.5  1.011552
587.0  0.172152
587.5  1.2992
588.0  0.136744
588.5  1.051104
589.0  0.230648
589.5  1.300608
590.0  0.128976
590.5  1.10712
591.0  0.175248
591.5  1.31792
592.0  0.144856
592.5  1.07888
593.0  0.172168
593.5  1.307264
594.0  0.145624
594.5  1.106952
595.0  0.174808
595.5  1.294432
596.0  0.129032
596.5  1.07104
597.0  0.1672
597.5  1.240432
598.0  0.135936
598.5  1.176128
599.0  0.194184
599.5  1.276
600.0  0.136704
600.5  1.087344
601.0  0.169352
601.5  1.309728
602.0  0.137712
602.5  1.113376
603.0  0.173864
603.5  1.285776
604.0  0.155056
604.5  1.087888
605.0  0.154632
605.5  1.198352
606.0  0.161664
606.5  1.166176
607.0  0.150984
607.5  1.253488
608.0  0.160168
608.5  1.207536
609.0  0.20556
609.5  1.159808
610.0  0.164424
610.5  1.204464
611.0  0.14164
611.5  1.170352
612.0  0.261056
612.5  1.250992
613.0  0.137464
613.5  1.16864
614.0  0.273104
614.5  1.28976
615.0  0.264424
615.5  1.153952
616.0  0.177016
616.5  1.379792
617.0  0.135568
617.5  1.091488
618.0  0.171
618.5  1.181248
619.0  0.266024
619.5  1.14556
620.0  3.346264
620.5  1.344112
621.0  1.244008
621.5  1.162992
622.0  1.361192
622.5  1.35376
623.0  1.1322
623.5  1.110544
624.0  1.488144
624.5  1.398192
625.0  1.218568
625.5  1.216528
626.0  0.968232
626.5  1.017136
627.0  1.225464
627.5  1.16436
628.0  1.22408
628.5  1.232496
629.0  1.230072
629.5  1.14016
630.0  1.158504
630.5  1.152368
631.0  1.304216
631.5  1.30392
632.0  1.099176
632.5  1.061072
633.0  1.335592
633.5  1.334272
634.0  1.178432
634.5  1.1758
635.0  1.198184
635.5  1.181872
636.0  1.10016
636.5  1.088496
637.0  1.248944
637.5  1.246208
638.0  1.28688
638.5  1.280128
639.0  1.184944
639.5  1.180272
640.0  1.262008
640.5  1.263712
641.0  1.327992
641.5  1.324224
642.0  1.2878
642.5  1.197216
643.0  1.251112
643.5  1.222432
644.0  1.268768
644.5  1.237616
645.0  1.323056
645.5  1.287416
646.0  1.200088
646.5  1.214096
647.0  1.096216
647.5  1.065744
648.0  1.281928
648.5  1.248384
649.0  1.243896
649.5  1.171704
650.0  1.295336
650.5  1.291952
651.0  1.254136
651.5  1.254928
652.0  1.167864
652.5  1.283152
653.0  1.239048
653.5  1.17376
654.0  1.258256
654.5  1.255
655.0  0.56044
655.5  0.545776
656.0  1.536712
656.5  1.551296
657.0  1.51108
657.5  1.57136
658.0  1.137288
658.5  1.379456
659.0  0.829352
659.5  1.288592
660.0  0.94768
660.5  1.215896
661.0  0.773176
661.5  1.467488
662.0  1.225896
662.5  1.266752
663.0  1.36272
663.5  1.156016
664.0  1.07284
664.5  1.191456
665.0  1.5174
665.5  1.083704
666.0  0.930784
666.5  1.103864
667.0  0.77096
667.5  1.595232
668.0  1.546792
668.5  1.111552
669.0  1.075016
669.5  1.17488
670.0  0.94828
670.5  1.063104
671.0  1.471528
671.5  1.2264
672.0  1.26928
672.5  1.199656
673.0  1.285952
673.5  1.196816
674.0  1.321472
674.5  1.246016
675.0  1.390272
675.5  1.257056
676.0  1.05832
676.5  1.100208
677.0  1.400352
677.5  1.357568
678.0  1.167744
678.5  1.104704
679.0  0.709096
679.5  1.364896
680.0  0.580656
680.5  1.202936
681.0  1.338056
681.5  1.440048
682.0  1.228216
682.5  1.316304
683.0  0.819512
683.5  1.146144
684.0  0.874176
684.5  1.14272
685.0  1.357792
685.5  1.307104
686.0  1.139432
686.5  1.16616
687.0  0.69244
687.5  1.249984
688.0  0.650968
688.5  1.166416
689.0  1.458784
689.5  1.383712
690.0  1.132896
690.5  1.15208
691.0  0.995632
691.5  1.369088
692.0  0.88052
692.5  0.946816
693.0  0.685176
693.5  1.319
694.0  0.73
694.5  1.278
695.0  0.925176
695.5  1.052336
696.0  0.787376
696.5  1.261632
697.0  0.729648
697.5  1.201328
698.0  0.701736
698.5  1.155792
699.0  0.615944
699.5  1.37728
700.0  0.851072
700.5  1.243568
701.0  0.811312
701.5  1.254688
702.0  0.73804
702.5  1.132432
703.0  0.978224
703.5  1.23704
704.0  0.906944
704.5  1.003792
705.0  0.70684
705.5  1.408832
706.0  0.701448
706.5  1.284968
707.0  1.034576
707.5  1.278336
708.0  0.904968
708.5  1.188784
709.0  1.086592
709.5  1.165744
710.0  0.754656
710.5  1.191696
711.0  1.178864
711.5  1.252944
712.0  0.952264
712.5  1.142896
713.0  1.077304
713.5  1.327376
714.0  1.449872
714.5  1.291568
715.0  1.152448
715.5  1.16696
716.0  0.710432
716.5  1.088304
717.0  1.444192
717.5  1.348144
718.0  1.796464
718.5  1.311664
719.0  1.173192
719.5  1.128672
720.0  1.089488
720.5  1.091736
721.0  1.328528
721.5  1.309664
722.0  1.169768
722.5  1.198752
723.0  1.211304
723.5  1.14376
724.0  1.114184
724.5  1.044224
725.0  1.059848
725.5  1.330832
726.0  1.8112
726.5  1.43132
727.0  0.983256
727.5  1.278608
728.0  1.927136
728.5  1.505136
729.0  1.082432
729.5  0.990512
730.0  1.026168
730.5  1.043488
731.0  1.311456
731.5  1.28896
732.0  1.283512
732.5  1.141568
733.0  1.219432
733.5  1.235552
734.0  1.127864
734.5  1.112352
735.0  1.308856
735.5  1.273232
736.0  1.232088
736.5  1.233376
737.0  1.231128
737.5  1.1928
738.0  1.15264
738.5  1.167728
739.0  1.266864
739.5  1.237328
740.0  1.237112
740.5  1.237264
741.0  1.165448
741.5  1.108096
742.0  1.25796
742.5  1.248224
743.0  1.344864
743.5  1.323712
744.0  1.798864
744.5  1.600968
745.0  1.085208
745.5  1.125168
746.0  1.172864
746.5  1.14736
747.0  1.110696
747.5  1.041664
748.0  1.281304
748.5  1.311696
749.0  1.140744
749.5  1.021088
750.0  1.639768
750.5  1.572736
751.0  1.162424
751.5  1.154464
752.0  1.267912
752.5  1.28256
753.0  0.991272
753.5  0.965936
754.0  1.402648
754.5  1.413168
755.0  1.219568
755.5  1.13904
756.0  1.216512
756.5  1.167664
757.0  1.335888
757.5  1.332784
758.0  1.415936
758.5  1.324896
759.0  1.180424
759.5  1.168648
760.0  1.062568
760.5  1.057568
761.0  1.382424
761.5  1.364688
762.0  1.14596
762.5  1.082912
763.0  1.311376
763.5  1.285776
764.0  1.385312
764.5  1.296792
765.0  1.095456
765.5  1.07672
766.0  1.147688
766.5  1.18432
767.0  1.202856
767.5  1.156176
768.0  1.401144
768.5  1.402592
769.0  1.1302
769.5  1.048384
770.0  1.431992
770.5  1.445728
771.0  1.172728
771.5  1.149296
772.0  1.322136
772.5  1.3244
773.0  1.279544
773.5  1.220656
774.0  1.267416
774.5  1.221104
775.0  1.219472
775.5  1.205104
776.0  1.262664
776.5  1.24992
777.0  1.184744
777.5  1.186384
778.0  1.432392
778.5  1.378464
779.0  1.240632
779.5  1.19856
780.0  1.221944
780.5  1.239264
781.0  1.175192
781.5  1.13816
782.0  0.782328
782.5  1.257728
783.0  2.061048
783.5  1.44184
784.0  0.8064
784.5  1.229488
785.0  2.023752
785.5  1.388496
786.0  1.040928
786.5  1.19728
787.0  1.321584
787.5  1.094672
788.0  1.168296
788.5  1.296384
789.0  1.402744
789.5  1.189824
790.0  1.184912
790.5  1.162352
791.0  1.07472
791.5  1.132056
792.0  1.313928
792.5  1.151032
793.0  1.12236
793.5  1.203472
794.0  1.348432
794.5  1.3978
795.0  1.553872
795.5  1.219208
796.0  1.003312
796.5  1.210856
797.0  1.510976
797.5  1.259176
798.0  1.053432
798.5  1.231184
799.0  1.49524
799.5  1.26252
800.0  1.080712
800.5  1.167968
801.0  1.494088
801.5  1.357168
802.0  1.126696
802.5  1.184936
803.0  1.58484
803.5  1.383008
804.0  1.125544
804.5  1.1356
805.0  1.40452
805.5  1.271496
806.0  1.112584
806.5  1.129136
807.0  1.306192
807.5  1.243504
808.0  1.40772
808.5  1.372224
809.0  1.283
809.5  1.169264
810.0  1.022256
810.5  1.057952
811.0  1.329816
811.5  1.22112
812.0  0.949608
812.5  1.01136
813.0  1.346072
813.5  1.244992
814.0  1.157704
814.5  1.195824
815.0  1.54892
815.5  1.444624
816.0  0.930544
816.5  0.946352
817.0  1.320504
817.5  1.44248
818.0  1.503096
818.5  1.240128
819.0  1.108864
819.5  1.085936
820.0  1.58308
820.5  1.498256
821.0  1.075144
821.5  1.086528
822.0  1.205912
822.5  1.058224
823.0  0.829656
823.5  1.429568
824.0  2.103176
824.5  1.350016
825.0  1.141128
825.5  1.134136
826.0  1.072072
826.5  1.080048
827.0  1.120656
827.5  1.084896
828.0  1.270736
828.5  1.24104
829.0  1.2522
829.5  1.150304
830.0  1.235856
830.5  1.22872
831.0  1.115016
831.5  1.13168
832.0  1.346424
832.5  1.289776
833.0  1.241608
833.5  1.238912
834.0  1.39936
834.5  1.341936
835.0  1.170568
835.5  1.164592
836.0  1.2104
836.5  1.215104
837.0  1.24956
837.5  1.218032
838.0  1.23444
838.5  1.530592
839.0  1.999472
839.5  1.47208
840.0  1.07544
840.5  1.07352
841.0  1.339032
841.5  1.297536
842.0  1.25364
842.5  1.231184
843.0  1.259024
843.5  1.189824
844.0  1.126856
844.5  1.069904
845.0  0.846232
845.5  1.256704
846.0  1.66768
846.5  1.2278
847.0  1.298392
847.5  1.25272
848.0  1.133032
848.5  1.115536
849.0  1.301248
849.5  1.213616
850.0  1.086072
850.5  1.104144
851.0  0.994784
851.5  1.226032
852.0  1.573336
852.5  1.232448
853.0  1.117856
853.5  1.312
854.0  1.506856
854.5  1.23896
855.0  1.043288
855.5  1.21144
856.0  1.415832
856.5  1.21224
857.0  1.143528
857.5  1.262992
858.0  1.521576
858.5  1.325976
859.0  1.091888
859.5  1.159584
860.0  1.35412
860.5  1.222336
861.0  1.056616
861.5  1.104064
862.0  1.407464
862.5  1.351888
863.0  1.036776
863.5  1.040464
864.0  1.35132
864.5  1.258928
865.0  1.201696
865.5  1.17976
866.0  1.414736
866.5  1.391152
867.0  1.212808
867.5  1.1552
868.0  1.336392
868.5  1.33792
869.0  1.29524
869.5  1.188816
870.0  1.337784
870.5  1.292016
871.0  1.114136
871.5  1.10608
872.0  1.409736
872.5  1.360656
873.0  1.169816
873.5  1.150624
874.0  1.40044
874.5  1.3868
875.0  1.205344
875.5  1.167408
876.0  1.4186
876.5  1.332512
877.0  1.028904
877.5  1.032928
878.0  1.225848
878.5  1.203872
879.0  1.129352
879.5  1.10832
880.0  1.389712
880.5  1.34416
881.0  1.070568
881.5  1.053136
882.0  1.250952
882.5  1.146928
883.0  1.34532
883.5  1.427952
884.0  1.526248
884.5  1.44464
885.0  1.336984
885.5  1.119552
886.0  1.484144
886.5  1.414832
887.0  1.04988
887.5  1.03352
888.0  1.291064
888.5  1.259984
889.0  1.237328
889.5  1.18288
890.0  1.358984
890.5  1.320624
891.0  1.209592
891.5  1.202456
892.0  1.176992
892.5  1.212352
893.0  1.320712
893.5  1.1876
894.0  1.046928
894.5  1.32416
895.0  1.631784
895.5  1.242528
896.0  1.036008
896.5  1.209248
897.0  1.409704
897.5  1.175456
898.0  1.187104
898.5  1.229312
899.0  1.14312
899.5  1.078576
900.0  1.453744
900.5  1.365096
901.0  1.408752
901.5  1.337296
902.0  1.04664
902.5  1.063544
903.0  1.335704
903.5  1.214208
904.0  1.071872
904.5  1.03564
905.0  1.256632
905.5  1.252896
906.0  0.884608
906.5  1.161408
907.0  1.536776
907.5  1.292296
908.0  0.991048
908.5  1.128368
909.0  1.674856
909.5  1.303712
910.0  1.171256
910.5  1.323864
911.0  1.434472
911.5  1.211648
912.0  1.099872
912.5  1.207264
913.0  1.7084
913.5  1.408016
914.0  1.005128
914.5  1.162896
915.0  1.514016
915.5  1.280944
916.0  1.017952
916.5  1.1336
917.0  1.374776
917.5  1.175936
918.0  1.323256
918.5  1.364352
919.0  1.216952
919.5  1.120912
920.0  1.123504
920.5  1.103936
921.0  1.29364
921.5  1.2796
922.0  1.198728
922.5  1.178928
923.0  1.379776
923.5  1.332352
924.0  1.236328
924.5  1.177552
925.0  1.214776
925.5  1.22584
926.0  1.19348
926.5  1.15784
927.0  1.1958
927.5  1.19092
928.0  1.009152
928.5  1.376528
929.0  1.8846
929.5  1.32112
930.0  1.054648
930.5  1.058176
931.0  1.265608
931.5  1.286144
932.0  1.255448
932.5  1.178144
933.0  1.193368
933.5  1.206384
934.0  1.205376
934.5  1.206272
935.0  1.02936
935.5  1.021248
936.0  1.280008
936.5  1.268688
937.0  1.495248
937.5  1.439312
938.0  1.225472
938.5  1.20488
939.0  1.513576
939.5  1.462176
940.0  1.159488
940.5  1.159104
941.0  1.293592
941.5  1.262688
942.0  1.206304
942.5  1.106944
943.0  1.412768
943.5  1.307088
944.0  1.177848
944.5  1.075392
945.0  1.172296
945.5  1.170096
946.0  1.173168
946.5  1.170272
947.0  1.719248
947.5  1.58432
948.0  1.006608
948.5  0.984496
949.0  1.661688
949.5  1.495808
950.0  0.998664
950.5  0.945488
951.0  1.448712
951.5  1.40576
952.0  1.298472
952.5  1.221808
953.0  0.725648
953.5  1.2844
954.0  1.557112
954.5  1.179616
955.0  1.446184
955.5  1.113952
956.0  0.94636
956.5  0.937296
957.0  1.466608
957.5  1.388392
958.0  1.051424
958.5  1.077248
959.0  1.006256
959.5  1.419616
960.0  1.891768
960.5  1.344768
961.0  1.335296
961.5  1.256704
962.0  1.182536
962.5  1.166656
963.0  1.168856
963.5  1.1684
964.0  1.018488
964.5  0.99512
965.0  1.126536
965.5  1.376832
966.0  1.521632
966.5  1.208224
967.0  1.385592
967.5  1.344208
968.0  1.213064
968.5  1.167024
969.0  1.28512
969.5  1.183248
970.0  1.16032
970.5  1.147728
971.0  1.372656
971.5  1.344032
972.0  1.053472
972.5  1.25912
973.0  1.590152
973.5  1.299184
974.0  1.313784
974.5  1.215744
975.0  1.385584
975.5  1.328112
976.0  1.200784
976.5  1.18664
977.0  1.30872
977.5  1.293568
978.0  1.182256
978.5  1.16056
979.0  0.931536
979.5  1.251568
980.0  1.664016
980.5  1.270432
981.0  0.680216
981.5  1.00528
982.0  1.653976
982.5  1.259696
983.0  0.988184
983.5  1.260624
984.0  1.871352
984.5  1.448704
985.0  1.087664
985.5  1.29784
986.0  0.727072
986.5  1.148688
987.0  0.6264
987.5  0.95216
988.0  1.660688
988.5  1.382608
989.0  1.024272
989.5  1.139472
990.0  1.610448
990.5  1.36516
991.0  1.211416
991.5  1.344944
992.0  1.282552
992.5  1.268992
993.0  1.451872
993.5  0.98768
994.0  0.985256
994.5  0.963712
995.0  0.793728
995.5  0.960128
996.0  1.129664
996.5  1.346928
997.0  0.569208
997.5  1.290688
998.0  0.340432
998.5  1.601536
999.0  2.80468
999.5  1.317296
1000.0  1.130032
1000.5  1.227872
1001.0  0.853968
1001.5  1.083856
1002.0  1.034912
1002.5  1.058112
1003.0  1.097176
1003.5  1.164744
1004.0  0.647512
1004.5  1.466512
1005.0  0.980248
1005.5  1.564
1006.0  0.833248
1006.5  1.07276
1007.0  0.731816
1007.5  1.08608
1008.0  0.485608
1008.5  1.494792
1009.0  1.283936
1009.5  1.195384
1010.0  0.817352
1010.5  1.502928
1011.0  0.920632
1011.5  1.235296
1012.0  0.788504
1012.5  0.886064
1013.0  0.5642
1013.5  1.172432
1014.0  1.29836
1014.5  1.29992
1015.0  0.903976
1015.5  0.979456
1016.0  0.94748
1016.5  1.144848
1017.0  0.731256
1017.5  0.977056
1018.0  1.005472
1018.5  1.545584
1019.0  0.759744
1019.5  1.074128
1020.0  0.84508
1020.5  1.292352
1021.0  0.593088
1021.5  1.175904
1022.0  0.87288
1022.5  1.315232
1023.0  0.644544
1023.5  1.056872
1024.0  1.184448
1024.5  1.327168
1025.0  0.967096
1025.5  1.169944
1026.0  1.491904
1026.5  1.373424
1027.0  1.73008
1027.5  1.441104
1028.0  1.299512
1028.5  1.230744
1029.0  1.090016
1029.5  1.008296
1030.0  1.515928
1030.5  1.458896
1031.0  0.977776
1031.5  0.974224
1032.0  1.207344
1032.5  1.085544
1033.0  1.1118
1033.5  1.15752
1034.0  1.009752
1034.5  1.108176
1035.0  1.484776
1035.5  1.28784
1036.0  1.226184
1036.5  1.241248
1037.0  1.120232
1037.5  1.084624
1038.0  1.260792
1038.5  1.24056
1039.0  1.033856
1039.5  1.099408
1040.0  1.477792
1040.5  1.41112
1041.0  1.259504
1041.5  1.211088
1042.0  1.278328
1042.5  1.314464
1043.0  1.38204
1043.5  1.253408
1044.0  1.042328
1044.5  1.253504
1045.0  1.795008
1045.5  1.49888
1046.0  0.805096
1046.5  1.558592
1047.0  2.017608
1047.5  1.044672
1048.0  0.865896
1048.5  1.14128
1049.0  1.721936
1049.5  1.267776
1050.0  0.838168
1050.5  1.002608
1051.0  1.334048
1051.5  1.12064
1052.0  1.19384
1052.5  1.383472
1053.0  1.404096
1053.5  1.15712
1054.0  1.01976
1054.5  1.15904
1055.0  1.468992
1055.5  1.278096
1056.0  0.980136
1056.5  1.089976
1057.0  1.807744
1057.5  1.591824
1058.0  1.030536
1058.5  1.098176
1059.0  1.090944
1059.5  1.001456
1060.0  1.346872
1060.5  1.398624
1061.0  1.410296
1061.5  1.28656
1062.0  1.112
1062.5  1.021312
1063.0  1.311072
1063.5  1.252912
1064.0  1.135664
1064.5  1.140624
1065.0  1.44068
1065.5  1.371904
1066.0  1.256192
1066.5  1.260256
1067.0  1.25984
1067.5  1.241368
1068.0  0.97992
1068.5  0.974856
1069.0  1.483848
1069.5  1.352664
1070.0  1.184776
1070.5  1.109024
1071.0  1.047536
1071.5  1.11264
1072.0  0.994016
1072.5  1.471752
1073.0  1.998064
1073.5  1.312016
1074.0  0.923016
1074.5  0.936816
1075.0  1.472272
1075.5  1.40872
1076.0  1.195648
1076.5  1.158928
1077.0  1.166792
1077.5  1.16968
1078.0  1.159472
1078.5  1.169248
1079.0  1.38196
1079.5  1.332112
1080.0  1.15388
1080.5  1.154352
1081.0  1.527952
1081.5  1.425904
1082.0  1.08444
1082.5  1.103328
1083.0  1.267544
1083.5  1.494944
1084.0  1.42808
1084.5  1.064136
1085.0  1.18164
1085.5  1.347992
1086.0  1.40992
1086.5  1.144288
1087.0  1.426456
1087.5  1.372128
1088.0  1.017752
1088.5  0.998288
1089.0  1.358896
1089.5  1.2518
1090.0  1.276224
1090.5  1.252656
1091.0  1.457336
1091.5  1.3892
1092.0  0.836752
1092.5  1.215424
1093.0  2.0584
1093.5  1.603072
1094.0  1.25756
1094.5  1.028192
1095.0  1.124864
1095.5  1.103536
1096.0  1.101624
1096.5  1.090896
1097.0  0.962672
1097.5  0.942496
1098.0  1.14288
1098.5  1.149936
1099.0  1.387064
1099.5  1.36104
1100.0  1.164352
1100.5  1.161344
1101.0  1.475016
1101.5  1.402928
1102.0  1.089944
1102.5  1.063376
1103.0  0.87396
1103.5  1.430992
1104.0  1.909384
1104.5  1.290288
1105.0  1.075336
1105.5  1.258928
1106.0  1.507144
1106.5  1.23288
1107.0  0.81236
1107.5  1.264864
1108.0  2.253432
1108.5  1.59848
1109.0  1.246912
1109.5  1.111376
1110.0  0.854672
1110.5  1.234896
1111.0  1.451528
1111.5  1.007824
1112.0  0.94316
1112.5  0.95112
1113.0  1.328456
1113.5  1.316144
1114.0  0.977912
1114.5  0.961552
1115.0  1.001232
1115.5  1.299648
1116.0  1.651584
1116.5  1.286848
1117.0  1.231456
1117.5  1.201136
1118.0  1.0844
1118.5  1.205536
1119.0  1.220904
1119.5  1.243296
1120.0  1.851168
1120.5  1.52768
1121.0  1.066184
1121.5  1.249888
1122.0  1.480968
1122.5  1.159848
1123.0  1.15732
1123.5  1.196864
1124.0  1.26684
1124.5  1.2056
1125.0  1.261976
1125.5  1.225472
1126.0  1.004376
1126.5  0.995904
1127.0  1.166808
1127.5  1.178416
1128.0  1.336824
1128.5  1.238064
1129.0  1.259912
1129.5  1.17728
1130.0  1.346296
1130.5  1.294416
1131.0  1.392296
1131.5  1.36936
1132.0  1.005976
1132.5  0.997168
1133.0  1.212696
1133.5  1.206336
1134.0  1.46804
1134.5  1.412616
1135.0  1.190088
1135.5  1.209792
1136.0  1.329896
1136.5  1.269696
1137.0  1.423104
1137.5  1.356064
1138.0  1.12312
1138.5  1.130368
1139.0  1.14336
1139.5  1.120392
1140.0  1.326072
1140.5  1.287344
1141.0  1.278928
1141.5  1.262096
1142.0  1.175768
1142.5  1.170752
1143.0  1.124544
1143.5  1.13932
1144.0  1.22424
1144.5  1.202512
1145.0  1.16112
1145.5  1.151088
1146.0  1.1884
1146.5  1.211104
1147.0  1.194992
1147.5  1.18144
1148.0  1.408536
1148.5  1.343088
1149.0  1.208256
1149.5  1.105232
1150.0  1.505176
1150.5  1.453104
1151.0  0.768936
1151.5  1.263536
1152.0  2.193488
1152.5  1.454512
1153.0  1.212504
1153.5  1.311584
1154.0  1.405232
1154.5  1.235216
1155.0  0.793424
1155.5  0.76788
1156.0  1.397376
1156.5  1.3756
1157.0  1.384904
1157.5  1.329232
1158.0  1.062912
1158.5  1.24984
1159.0  1.593664
1159.5  1.312912
1160.0  1.19056
1160.5  1.163664
1161.0  1.134632
1161.5  1.109616
1162.0  1.316552
1162.5  1.309632
1163.0  0.958968
1163.5  0.864624
1164.0  1.392784
1164.5  1.36064
1165.0  1.181704
1165.5  1.164496
1166.0  0.813352
1166.5  1.281632
1167.0  2.226848
1167.5  1.548192
1168.0  0.83992
1168.5  1.251776
1169.0  1.3212
1169.5  1.191072
1170.0  0.67692
1170.5  1.17696
1171.0  1.599568
1171.5  1.09904
1172.0  0.966872
1172.5  1.300016
1173.0  1.762408
1173.5  1.442976
1174.0  0.773752
1174.5  1.150432
1175.0  0.82116
1175.5  1.083312
1176.0  0.595592
1176.5  1.107872
1177.0  1.507664
1177.5  1.281632
1178.0  0.82236
1178.5  1.187792
1179.0  1.46
1179.5  1.501904
1180.0  1.158352
1180.5  1.065872
1181.0  0.60236
1181.5  0.975392
1182.0  0.568392
1182.5  1.339024
1183.0  0.640192
1183.5  1.22976
1184.0  0.667704
1184.5  1.370672
1185.0  0.95508
1185.5  1.213344
1186.0  0.63536
1186.5  0.995072
1187.0  1.705008
1187.5  1.392816
1188.0  1.162256
1188.5  1.103944
1189.0  0.765704
1189.5  1.007504
1190.0  0.990832
1190.5  1.220752
1191.0  0.965104
1191.5  1.19384
1192.0  0.799312
1192.5  1.183648
1193.0  1.535392
1193.5  1.33928
1194.0  0.762896
1194.5  1.161664
1195.0  1.435136
1195.5  1.351392
1196.0  0.731056
1196.5  1.163968
1197.0  0.71176
1197.5  1.289264
1198.0  0.67772
1198.5  1.177856
1199.0  1.57464
1199.5  1.477344
1200.0  1.02052
1200.5  0.98584
1201.0  1.029272
1201.5  1.197472
1202.0  1.163928
1202.5  1.111568
1203.0  1.516344
1203.5  1.297488
1204.0  0.934296
1204.5  1.128256
1205.0  1.1876
1205.5  1.412272
1206.0  0.931576
1206.5  1.17776
1207.0  1.2336
1207.5  1.3516
1208.0  1.117752
1208.5  1.113856
1209.0  1.549128
1209.5  1.342864
1210.0  0.734648
1210.5  1.234672
1211.0  0.657752
1211.5  1.27032
1212.0  0.692472
1212.5  1.14888
1213.0  1.234728
1213.5  1.193376
1214.0  0.619144
1214.5  1.14056
1215.0  1.143648
1215.5  1.437392
1216.0  1.195328
1216.5  1.035936
1217.0  0.94136
1217.5  1.122352
1218.0  0.617792
1218.5  1.197056
1219.0  1.21308
1219.5  1.421216
1220.0  1.44432
1220.5  1.358192
1221.0  0.757688
1221.5  1.03204
1222.0  0.73132
1222.5  1.35824
1223.0  0.438184
1223.5  1.321696
1224.0  0.626632
1224.5  1.189152
1225.0  0.444856
1225.5  1.329376
1226.0  0.867336
1226.5  1.323728
1227.0  0.575752
1227.5  1.01864
1228.0  0.7916
1228.5  1.148528
1229.0  1.055136
1229.5  1.315904
1230.0  0.73912
1230.5  0.922432
1231.0  0.492096
1231.5  1.228144
1232.0  0.692568
1232.5  1.235648
1233.0  0.495928
1233.5  1.237328
1234.0  0.746352
1234.5  1.222016
1235.0  0.468384
1235.5  1.268368
1236.0  0.686416
1236.5  1.121856
1237.0  0.39232
1237.5  1.379984
1238.0  0.886304
1238.5  1.5536
1239.0  1.556248
1239.5  1.290224
1240.0  0.48772
1240.5  1.012208
1241.0  0.507944
1241.5  1.182528
1242.0  1.379656
1242.5  1.252752
1243.0  1.362
1243.5  1.250816
1244.0  0.836632
1244.5  1.10104
1245.0  0.621256
1245.5  1.091744
1246.0  1.759528
1246.5  1.3864
1247.0  0.715064
1247.5  0.986048
1248.0  1.011416
1248.5  1.34456
1249.0  1.140776
1249.5  1.554704
1250.0  0.982424
1250.5  0.939408
1251.0  0.866696
1251.5  1.359856
1252.0  1.50116
1252.5  1.21968
1253.0  0.653256
1253.5  1.038736
1254.0  0.795464
1254.5  1.308456
1255.0  0.7228
1255.5  1.056656
1256.0  0.53032
1256.5  1.347136
1257.0  2.378616
1257.5  1.09592
1258.0  1.526176
1258.5  1.3706
1259.0  0.566096
1259.5  1.341232
1260.0  1.431592
1260.5  1.3704
1261.0  0.6774
1261.5  1.076336
1262.0  1.468616
1262.5  1.298368
1263.0  1.053568
1263.5  1.172448
1264.0  1.466952
1264.5  1.305328
1265.0  1.061208
1265.5  1.038448
1266.0  1.048776
1266.5  1.111776
1267.0  1.68632
1267.5  1.55308
1268.0  1.390624
1268.5  1.274904
1269.0  0.793832
1269.5  0.975848
1270.0  1.023208
1270.5  1.491912
1271.0  1.146464
1271.5  1.06688
1272.0  1.024048
1272.5  1.009536
1273.0  0.723712
1273.5  1.303288
1274.0  1.052032
1274.5  1.299488
1275.0  1.007704
1275.5  1.172736
1276.0  1.32384
1276.5  1.193264
1277.0  1.168584
1277.5  1.241248
1278.0  1.434216
1278.5  1.305952
1279.0  1.176864
1279.5  1.120832
1280.0  1.103632
1280.5  1.409504
1281.0  1.909696
1281.5  1.435872
1282.0  1.332184
1282.5  1.275072
1283.0  1.005448
1283.5  1.119168
1284.0  1.3636
1284.5  1.244544
1285.0  1.294392
1285.5  1.23952
1286.0  0.654472
1286.5  1.365024
1287.0  1.96748
1287.5  1.221184
1288.0  1.4478
1288.5  1.287696
1289.0  1.155912
1289.5  1.051712
1290.0  1.39284
1290.5  1.319552
1291.0  1.13788
1291.5  1.103104
1292.0  1.209216
1292.5  1.162496
1293.0  1.141608
1293.5  1.14552
1294.0  0.8486
1294.5  1.337816
1295.0  1.864848
1295.5  1.279104
1296.0  0.847336
1296.5  1.317088
1297.0  1.906592
1297.5  1.59544
1298.0  1.126968
1298.5  1.155056
1299.0  1.670888
1299.5  1.072672
1300.0  0.884744
1300.5  1.175256
1301.0  1.521528
1301.5  1.308352
1302.0  1.500904
1302.5  1.0704
1303.0  1.198056
1303.5  1.245856
1304.0  0.649464
1304.5  1.23456
1305.0  0.977016
1305.5  1.46976
1306.0  0.92976
1306.5  1.007648
1307.0  0.626576
1307.5  0.455776
1308.0  0.515888
1308.5  0.939736
1309.0  0.729816
1309.5  0.546928
1310.0  0.587432
1310.5  0.622608
1311.0  0.378304
1311.5  0.889072
1312.0  0.543728
1312.5  1.539056
1313.0  0.26296
1313.5  1.046112
1314.0  0.327872
1314.5  1.551072
1315.0  0.298584
1315.5  1.593344
1316.0  0.24208
1316.5  1.158864
1317.0  0.261952
1317.5  1.03116
1318.0  0.143288
1318.5  0.769072
1319.0  0.148872
1319.5  1.069936
1320.0  0.181784
1320.5  1.079072
1321.0  0.13716
1321.5  0.790848
1322.0  0.18196
1322.5  1.230736
1323.0  0.413928
1323.5  1.11876
1324.0  0.1462
1324.5  0.843984
1325.0  0.21784
1325.5  1.397712
1326.0  0.501
1326.5  1.095488
1327.0  0.245376
1327.5  1.402336
1328.0  3.222168
1328.5  1.316848
1329.0  2.730376
1329.5  1.474696
1330.0  1.62756
1330.5  1.201408
1331.0  1.255888
1331.5  1.226928
1332.0  1.277688
1332.5  1.198408
1333.0  0.70908
1333.5  1.207632
1334.0  1.040776
1334.5  1.112192
1335.0  1.360672
1335.5  1.475808
1336.0  0.158152
1336.5  1.025024
1337.0  1.213952
1337.5  1.436144
1338.0  0.190976
1338.5  1.248944
1339.0  0.720984
1339.5  1.20144
1340.0  0.230784
1340.5  1.096496
1341.0  0.301624
1341.5  1.597688
1342.0  0.15836
1342.5  0.959904
1343.0  1.705944
1343.5  1.439632
1344.0  4.730408
1344.5  1.275856
1345.0  4.240728
1345.5  1.176352
1346.0  3.28996
1346.5  1.254624
1347.0  0.808832
1347.5  1.249952
1348.0  1.656024
1348.5  1.649536
1349.0  1.733936
1349.5  1.237264
1350.0  0.98096
1350.5  1.110336
1351.0  0.8514
1351.5  1.016688
1352.0  2.018152
1352.5  1.301472
1353.0  0.15764
1353.5  1.268496
1354.0  0.177368
1354.5  1.329936
1355.0  0.144752
1355.5  1.188592
1356.0  0.183696
1356.5  1.290904
1357.0  0.144176
1357.5  1.19304
1358.0  1.31868
1358.5  1.235296
1359.0  1.040528
1359.5  1.192192
1360.0  1.191616
1360.5  1.526064
1361.0  2.048104
1361.5  1.183344
1362.0  1.97908
1362.5  1.360744
1363.0  0.90868
1363.5  1.275648
1364.0  0.184184
1364.5  1.148672
1365.0  1.688088
1365.5  1.181192
1366.0  0.674416
1366.5  1.27704
1367.0  0.134952
1367.5  1.0356
1368.0  2.502736
1368.5  1.545328
1369.0  0.225448
1369.5  1.065744
1370.0  2.657752
1370.5  1.485808
1371.0  2.094472
1371.5  1.073424
1372.0  2.339512
1372.5  1.392944
1373.0  0.837928
1373.5  1.128288
1374.0  1.588168
1374.5  1.462392
1375.0  3.3902
1375.5  1.142608
1376.0  1.12668
1376.5  1.119616
1377.0  1.760376
1377.5  1.169296
1378.0  1.228256
1378.5  1.304704
1379.0  1.2974
1379.5  1.218864
1380.0  1.378
1380.5  1.304384
1381.0  0.92112
1381.5  0.923808
1382.0  1.197608
1382.5  1.576064
1383.0  1.264504
1383.5  1.119232
1384.0  2.201048
1384.5  1.298432
1385.0  0.73324
1385.5  1.237024
1386.0  1.906752
1386.5  1.273248
1387.0  1.558088
1387.5  1.165664
1388.0  0.82976
1388.5  1.59672
1389.0  2.52216
1389.5  1.204376
1390.0  1.072704
1390.5  1.067104
1391.0  0.384528
1391.5  1.276288
1392.0  3.126192
1392.5  1.605104
1393.0  0.509856
1393.5  1.191808
1394.0  2.844784
1394.5  1.324752
1395.0  1.023808
1395.5  1.055896
1396.0  0.645888
1396.5  1.329216
1397.0  2.100856
1397.5  1.381312
1398.0  1.208832
1398.5  1.041952
1399.0  1.12256
1399.5  1.111328
1400.0  0.782456
1400.5  1.24336
1401.0  1.797936
1401.5  1.26696
1402.0  1.179
1402.5  1.173216
1403.0  1.088824
1403.5  1.106624
1404.0  1.152264
1404.5  1.149936
1405.0  1.453224
1405.5  1.378592
1406.0  0.737344
1406.5  1.076016
1407.0  1.415864
1407.5  1.191128
1408.0  1.943128
1408.5  1.646288
1409.0  1.392976
1409.5  1.265392
1410.0  0.868736
1410.5  1.036208
1411.0  1.326744
1411.5  1.256576
1412.0  1.847848
1412.5  1.542816
1413.0  0.833208
1413.5  0.853408
1414.0  0.756952
1414.5  1.321936
1415.0  2.132344
1415.5  1.376832
1416.0  0.981384
1416.5  0.989024
1417.0  1.131224
1417.5  1.147392
1418.0  1.117408
1418.5  1.162528
1419.0  1.09092
1419.5  1.079328
1420.0  1.237296
1420.5  1.060208
1421.0  1.327096
1421.5  1.3268
1422.0  1.408008
1422.5  1.331464
1423.0  1.082312
1423.5  1.312576
1424.0  0.867544
1424.5  1.212832
1425.0  1.758104
1425.5  1.54824
1426.0  0.89552
1426.5  1.071536
1427.0  1.221528
1427.5  1.278576
1428.0  1.19316
1428.5  1.260264
1429.0  0.298512
1429.5  1.26112
1430.0  0.7412
1430.5  1.058832
1431.0  0.198688
1431.5  1.31504
1432.0  0.173456
1432.5  1.199904
1433.0  0.1534
1433.5  1.040528
1434.0  0.18176
1434.5  1.24936
1435.0  0.807352
1435.5  1.212616
1436.0  0.624528
1436.5  1.146368
1437.0  0.668456
1437.5  1.236904
1438.0  0.152664
1438.5  0.564728
1439.0  0.31904
1439.5  1.190512
