0 0.6831189676603475
0.5 0.6118252924182255
1.0 0.6089690150481915
1.5 0.652488615495199
2.0 1.1772266407640068
2.5 0.9909056100156011
3.0 1.2274175639423595
3.5 0.6143527813772799
4.0 0.687938997127167
4.5 1.1623410619616579
5.0 1.2800897858279385
5.5 1.067810116442488
6.0 0.6142610478042968
6.5 0.9313190509432976
7.0 0.7631584183088307
7.5 0.4581045589936832
8.0 0.9571025884632467
8.5 0.8273176115249714
9.0 0.8825971903022263
9.5 0.5466969866625688
10.0 0.6812570561620775
10.5 0.8363786155795885
11.0 0.947230571162067
11.5 0.7155960417646534
12.0 1.0422420848020626
12.5 1.4967989443632708
13.0 0.8769917262741369
13.5 0.6142547017407272
14.0 0.8294739303908178
14.5 0.9004588858811937
15.0 0.706280655580232
15.5 0.6347264633884975
16.0 0.9886857578303165
16.5 0.7921990335765736
17.0 1.0124030147690297
17.5 1.629347336374099
18.0 0.6504670066392881
18.5 1.0114749959295857
19.0 1.0600571828034584
19.5 0.7868509614356638
20.0 1.2166191627184628
20.5 1.5336420767536805
21.0 1.0485666305247092
21.5 0.787108858486427
22.0 1.004570987965466
22.5 0.6267284750131978
23.0 1.4703787577951857
23.5 1.083968487573246
24.0 0.8555877549370534
24.5 1.1206156047827531
25.0 0.9356683673160652
25.5 0.6681374627690838
26.0 0.9359715787289551
26.5 0.962943252925248
27.0 0.7153997408173676
27.5 1.0471559584997103
28.0 0.8328203739949556
28.5 0.8753664453420413
29.0 1.2083924742940262
29.5 0.8712776113977878
30.0 0.7873301197675631
30.5 0.9186127600949903
31.0 0.5702539682123573
31.5 0.6745643114568023
32.0 0.7554477354194088
32.5 0.9113150147861477
33.0 1.6568115413806137
33.5 0.5175227704920702
34.0 0.8034248240802007
34.5 0.848477944641058
35.0 0.7320515717208698
35.5 0.7793759003060527
36.0 0.40985934507732663
36.5 0.7481669458410731
37.0 1.0176641144492264
37.5 0.9093369888485261
38.0 0.5232042005102069
38.5 1.0947720104406766
39.0 0.6660418150112071
39.5 0.6041503159094646
40.0 0.8206370563804302
40.5 1.0525655186075946
41.0 0.7724518999452725
41.5 0.5868368573013825
42.0 0.903799145872725
42.5 0.8405844616029203
43.0 0.7492363812449223
43.5 1.2338928329640866
44.0 0.674822638290773
44.5 0.907307679039794
45.0 0.8440002777200062
45.5 1.4060630561960255
46.0 0.724538999083
46.5 0.6684107561632819
47.0 0.9712085347631054
47.5 1.1869541669805685
48.0 0.9701812039509674
48.5 0.7950586785545406
49.0 0.9644487647602793
49.5 0.6328025741921124
50.0 0.5776791877393406
50.5 0.9912113349286304
51.0 0.7965669342504937
51.5 0.9118210182442749
52.0 0.7641609055015581
52.5 0.7231166037091256
53.0 1.3958695005243555
53.5 0.9432098714641848
54.0 0.7254221772472824
54.5 0.7561507500640288
55.0 0.8013014474210898
55.5 0.5884663340987345
56.0 0.4973457146130744
56.5 0.6992118899002495
57.0 0.6279052205004718
57.5 1.0116888018550478
58.0 0.7964495870574915
58.5 0.836410889221066
59.0 0.7775392053120869
59.5 1.0061146623602355
60.0 0.6089094597056357
60.5 0.6194601636706549
61.0 0.8902999418523466
61.5 0.4120178127873928
62.0 0.6360370159557418
62.5 0.976027662232813
63.0 0.8425803033816734
63.5 0.6269030830428386
64.0 0.5999238824426565
64.5 0.25782881869416346
65.0 0.8491365798444324
65.5 0.5588579473101957
66.0 0.7479927571217685
66.5 0.8088678900150916
67.0 0.781345884909328
67.5 0.674570397425726
68.0 0.6807012129346584
68.5 0.7583432684339637
69.0 0.8669864880904294
69.5 1.0332046396254806
70.0 1.1686637819858416
70.5 1.2328802567180257
71.0 0.6042493450688149
71.5 0.5836138168022649
72.0 0.9043752102368743
72.5 0.7492261897001083
73.0 0.806381362143634
73.5 0.6341892343849274
74.0 0.572449168537889
74.5 0.31714545918321824
75.0 1.0377980697251226
75.5 0.7859534358665665
76.0 0.8375192306540087
76.5 0.8441052594153431
77.0 0.9028575431098926
77.5 1.141308259120084
78.0 0.7566072847648974
78.5 0.6025780444832298
79.0 0.6840879729606264
79.5 0.9935460800400047
80.0 0.8665123663963761
80.5 1.0898396315842784
81.0 0.5213279178838726
81.5 0.8291787886578625
82.0 0.9576640632802522
82.5 0.6854152303897685
83.0 1.378149286726468
83.5 0.679057638224928
84.0 0.8028943787295084
84.5 1.2553396588252197
85.0 0.6299496731068612
85.5 0.936475687243242
86.0 0.9412671642295074
86.5 1.0422141791794566
87.0 0.9757682394745069
87.5 0.8943620213749826
88.0 0.5432549598394625
88.5 1.159267839803437
89.0 0.6513944018220141
89.5 0.654087700734467
90.0 1.345301637584342
90.5 0.6005443082986055
91.0 0.9360146654372157
91.5 0.7559376981372735
92.0 0.7195574573012753
92.5 0.6892679172326679
93.0 0.4294214437078653
93.5 0.9336456931055197
94.0 0.5204809791003541
94.5 0.9005565043096047
95.0 0.9125548650752926
95.5 0.7833629241587656
96.0 1.2069778897712724
96.5 0.5641592000972293
97.0 0.6593668281939646
97.5 0.2543105339114317
98.0 0.6099752704318206
98.5 0.680063926194709
99.0 0.7889606882886893
99.5 0.6440716183041106
100.0 0.8183863383283099
100.5 0.9382683227066844
101.0 0.49884693251273354
101.5 0.9474185161897706
102.0 0.5706616262439411
102.5 0.832080515909939
103.0 0.7978251242785468
103.5 0.4781571557643798
104.0 0.8078486328448105
104.5 0.5836776785350761
105.0 0.9719896176442009
105.5 0.6848278120059065
106.0 0.8221677559820251
106.5 0.7750634353259023
107.0 1.1214973313106895
107.5 0.7897190339425733
108.0 0.8079669012776489
108.5 1.2446727216866307
109.0 0.8468495547690424
109.5 0.6973539176459413
110.0 0.9492730147286819
110.5 1.06943132561922
111.0 0.9969971942042515
111.5 1.2316001524697457
112.0 0.8495113680865827
112.5 1.0867949133553807
113.0 0.9382402687682938
113.5 1.1729358523116025
114.0 0.9841561030732018
114.5 0.39709467021760664
115.0 0.9638647424938249
115.5 0.5406438568299876
116.0 0.9282868699281954
116.5 0.6732134252248434
117.0 0.7345969599316278
117.5 1.0088401733139367
118.0 0.8938708970691898
118.5 0.6048745303506627
119.0 0.8742492639627062
119.5 0.7242987591439711
120.0 0.7201032474037035
120.5 0.5731549067279141
121.0 0.33813664290778317
121.5 0.6648052476143789
122.0 0.791917289888898
122.5 1.1671475931671718
123.0 0.6438726354696933
123.5 0.8926509240465434
124.0 0.4710990794769275
124.5 0.9499707320344823
125.0 1.0088781563323246
125.5 0.9075060384244211
126.0 0.9193037414746705
126.5 1.0739763625828982
127.0 0.9316156560486195
127.5 0.8362027727952598
128.0 0.8811485286294092
128.5 1.0543544641226201
129.0 0.9047194316588062
129.5 0.5674883562110606
130.0 0.7929625032756594
130.5 0.6601696066258447
131.0 0.9499712955717692
131.5 0.7024061469164671
132.0 0.45827825598820515
132.5 0.6457269116560937
133.0 0.8950114134332978
133.5 0.9645038184845038
134.0 0.44518942562134933
134.5 1.1829715676098373
135.0 0.7650025252319395
135.5 0.9905734755076252
136.0 0.6340424207644348
136.5 0.8371084389254013
137.0 0.7039577001095554
137.5 0.656744354217784
138.0 0.8473096682168898
138.5 0.7267755976116939
139.0 0.7229993253626139
139.5 0.5538597532296985
140.0 0.91645437976193
140.5 1.3007345714349499
141.0 0.3606264937964387
141.5 1.0908926915520358
142.0 0.9739114590344051
142.5 1.2650032039660064
143.0 0.8728042532900884
143.5 0.8471020033960528
144.0 0.7569225195443758
144.5 0.8352574018307413
145.0 0.815253964111545
145.5 0.8854196062425301
146.0 1.004504159503835
146.5 0.890448489541505
147.0 0.806574448211764
147.5 1.1447080628148316
148.0 0.770327453405163
148.5 1.005351337115658
149.0 0.8794622511066736
149.5 1.198832426795607
150.0 0.8004332603530613
150.5 0.608147414559663
151.0 0.4983846719855872
151.5 0.33826276096417823
152.0 0.3783601367628859
152.5 1.0177272804444442
153.0 0.6880552126183062
153.5 0.6317676682464628
154.0 0.7447388361763854
154.5 0.47188632113535434
155.0 0.8391351817602596
155.5 1.1883685920508713
156.0 0.7178487915441041
156.5 1.2652443167237561
157.0 0.9214567537320615
157.5 0.831730707500798
158.0 1.1905850532910687
158.5 0.6641326878260055
159.0 0.7121369037508576
159.5 0.7734861009180878
160.0 0.6579125801537047
160.5 0.892094514550785
161.0 0.7371575013794529
161.5 0.8248580640352383
162.0 0.7629363950519343
162.5 1.138273800328152
163.0 0.7806184109596643
163.5 0.9489536339976874
164.0 0.8690878200386494
164.5 0.6677752414940846
165.0 0.8053535226973076
165.5 0.8163529419052336
166.0 0.731628732565278
166.5 0.9324665198105808
167.0 1.3000103436541435
167.5 0.7061722710277634
168.0 0.853669558295467
168.5 0.8847542016935892
169.0 1.1664284132414984
169.5 0.7061397715538001
170.0 0.6435241318103713
170.5 0.6376080948458935
171.0 0.634440391435122
171.5 0.8254098819792519
172.0 0.5408664013326916
172.5 0.9767338972077881
173.0 0.5287090648914707
173.5 0.7746686570841159
174.0 0.3809623520815028
174.5 0.9932196520409573
175.0 0.40744969129861075
175.5 0.6823983814812954
176.0 0.9659961049500698
176.5 0.6429649109982356
177.0 0.7850440706980308
177.5 0.6057254264518022
178.0 0.5786301896429679
178.5 0.9828722159856746
179.0 0.6342774827263533
179.5 0.8054538276572918
180.0 0.8062724846367422
180.5 0.9743999488873045
181.0 0.8097625331054663
181.5 1.2460735784334462
182.0 0.896747257599571
182.5 1.182953379272767
183.0 0.5725488382263461
183.5 0.4015126325933142
184.0 0.5854691459350198
184.5 1.4378191112726426
185.0 0.8824625129608172
185.5 0.5445594779295049
186.0 1.0867018488307123
186.5 1.024219041402095
187.0 0.8415916848721219
187.5 1.070613943901488
188.0 1.209305585319149
188.5 0.5227622858460883
189.0 0.8080956253707876
189.5 0.953167859805683
190.0 0.8641629914204383
190.5 1.0335016805469912
191.0 0.7842162986199218
191.5 0.8945640962133876
192.0 0.8095372890142964
192.5 0.996295375986977
193.0 0.7449481845262285
193.5 1.2547628202524506
194.0 0.9108056131727018
194.5 0.546295646329657
195.0 0.6188562322346223
195.5 1.1320994259432338
196.0 0.8064964117026194
196.5 0.7180693782143929
197.0 1.13601516617837
197.5 0.8360092595390202
198.0 0.7835600732957118
198.5 0.8492362113012863
199.0 0.8527581033995619
199.5 0.5470048209563574
200.0 0.6818295242419627
200.5 0.8749853149703078
201.0 0.9024651958417904
201.5 0.9119801844311142
202.0 0.7625558917519482
202.5 0.46257643162674394
203.0 0.8258733372668281
203.5 1.1515670574429402
204.0 0.7320914024594067
204.5 0.7858259959399676
205.0 1.3136558785780108
205.5 1.0042750451656037
206.0 0.5959364697598826
206.5 1.091561651155222
207.0 1.6397018293146004
207.5 0.5976910190745286
208.0 0.886617921496279
208.5 0.7142628992110303
209.0 0.7898945373913606
209.5 0.9671424606036638
210.0 0.9127991184901326
210.5 0.6297631722269077
211.0 1.0521289371162998
211.5 0.9755477576742337
212.0 0.8999819797304214
212.5 0.9162691321875258
213.0 1.004227599320536
213.5 0.9219072497012838
214.0 0.9341861375527354
214.5 0.9869609928172776
215.0 0.8110278761070173
215.5 1.0148750984672075
216.0 0.9465735774720478
216.5 0.5493836134312338
217.0 0.8851238697435664
217.5 0.9440337797314551
218.0 0.8807046209740084
218.5 0.9455638798864223
219.0 1.2818194081103476
219.5 0.9654642915731839
220.0 1.1795534742308027
220.5 0.7881996543926979
221.0 0.6572169422540208
221.5 0.8293625086102498
222.0 1.2952049031131503
222.5 0.5667743855175676
223.0 1.1454794554541314
223.5 0.7871149984271053
224.0 0.9237689441626562
224.5 0.7899624876352636
225.0 1.1287654516997234
225.5 0.7997744713742196
226.0 1.2973147677140808
226.5 0.8991019180016826
227.0 0.6850725809791445
227.5 1.005337426179516
228.0 1.0146214792099382
228.5 0.9687464597653492
229.0 0.7138493865804472
229.5 0.9671811091943086
230.0 0.6529694720460184
230.5 0.7521599701252701
231.0 1.218359080231967
231.5 0.8204126177161519
232.0 1.202201151120395
232.5 0.9143073704816893
233.0 0.9443801675544445
233.5 0.6949514432495494
234.0 1.1326781662477547
234.5 0.4400221016853223
235.0 0.9353679021369725
235.5 1.0057220503228055
236.0 1.2378819469734017
236.5 0.8587221910482166
237.0 1.0239754851705185
237.5 0.6442233627310732
238.0 1.2566484344800675
238.5 0.7670310216782239
239.0 0.6772184829355001
239.5 1.0105201100612324
240.0 0.8610291827603131
240.5 0.5528904023735126
241.0 0.5863426722933447
241.5 1.109836839552779
242.0 1.224574695233889
242.5 0.6513911743740655
243.0 0.7523761133412668
243.5 0.9612516924689678
244.0 0.7533549886153783
244.5 0.8626843893896164
245.0 0.973282355986262
245.5 1.0420384554687898
246.0 0.7294132107932316
246.5 0.6818694127480621
247.0 0.48130136959229386
247.5 0.6769511830377999
248.0 0.935106650632662
248.5 0.6037611873879365
249.0 1.6001350878333116
249.5 1.3460441759850728
250.0 0.9266529201763711
250.5 0.7932700283624856
251.0 0.7778249720486927
251.5 0.9575328224033257
252.0 0.7332709546058813
252.5 1.230260355983315
253.0 0.8516462077958742
253.5 0.7480640368802485
254.0 0.659468865492564
254.5 0.40951151889453935
255.0 0.7910958050344523
255.5 1.0009197529368583
256.0 0.7562471725466212
256.5 0.8400268913591507
257.0 0.8057748300750072
257.5 0.8035519760540639
258.0 1.0880743174129295
258.5 0.8014512000642404
259.0 1.1445748565230693
259.5 0.916387863782467
260.0 1.0392745212009198
260.5 0.623444726761627
261.0 0.5517913565585933
261.5 0.8709619167816411
262.0 0.583460002733226
262.5 0.3678942588786006
263.0 0.4867996167098231
263.5 0.821512770766496
264.0 0.46917364775874837
264.5 1.0448605400641282
265.0 1.2193649179109811
265.5 1.2166108482142215
266.0 0.9364565409425782
266.5 0.7670533451612227
267.0 0.7537951744786711
267.5 0.5909292138096456
268.0 0.7648338000222634
268.5 0.5585573648415207
269.0 0.6106439813901728
269.5 0.4364792083405098
270.0 0.5755139828600424
270.5 1.084552158869561
271.0 1.0844034020077973
271.5 1.0141192760629043
272.0 0.8477475545407804
272.5 1.0370007028637676
273.0 0.920141612968278
273.5 1.0944831941356437
274.0 0.8020278600262155
274.5 0.7838497298294336
275.0 0.5082022830783963
275.5 1.7830772176904262
276.0 0.9576294152871592
276.5 0.931193969202863
277.0 0.46631964742301396
277.5 0.635577530357246
278.0 1.0352330790338464
278.5 1.0691163959625505
279.0 1.1161319930184013
279.5 0.7395010214105684
280.0 0.7788982029821326
280.5 0.6682317405780333
281.0 0.8320289228230808
281.5 0.7494552184908695
282.0 0.5712282946612068
282.5 0.5953718563148775
283.0 0.74917826469173
283.5 0.8737648662956661
284.0 0.8836425277394571
284.5 0.8914268532734831
285.0 0.6709026736412333
285.5 0.8110622639772409
286.0 0.8076339200768154
286.5 1.2961113466791017
287.0 0.8462908820422097
287.5 0.7068657265057054
288.0 0.8084051629033436
288.5 0.4732642732828737
289.0 0.6424097717685862
289.5 1.1431251120643882
290.0 0.9515198175783159
290.5 0.8289159321025452
291.0 0.6719557015992614
291.5 1.0860411538817258
292.0 0.4316672248378262
292.5 0.49843789496594415
293.0 1.1863567256933698
293.5 1.4516389576502815
294.0 0.7309919430189413
294.5 0.564966726650238
295.0 0.5984902083258099
295.5 1.4563054935524964
296.0 1.0611308477663777
296.5 1.1058306714094814
297.0 0.9388148515369434
297.5 1.0516258647544685
298.0 0.712465195148074
298.5 0.6792557566977316
299.0 0.5345696134934215
299.5 0.5798097354272749
300.0 0.5905480153697229
300.5 0.41023659384130023
301.0 0.7593264585200665
301.5 0.8940976806304912
302.0 0.729174452134595
302.5 1.0410940317389903
303.0 0.8482085397780856
303.5 0.8236403615806784
304.0 0.7716813506086839
304.5 0.8234912835095658
305.0 0.9794778325199964
305.5 0.9162173521560746
306.0 0.7560254675606779
306.5 0.48379172616326704
307.0 0.3850273481943963
307.5 0.7137650386321142
308.0 0.8923390202604493
308.5 1.0216502757539805
309.0 0.8592732285483158
309.5 0.6508702888472326
310.0 0.6727212763173569
310.5 0.859797558113593
311.0 0.774158913295657
311.5 0.9440744847651985
312.0 0.7170873199761277
312.5 1.1281475198762088
313.0 0.9899197761781864
313.5 0.9676722030120277
314.0 1.212964672633517
314.5 0.8392307142990727
315.0 0.8594114070872714
315.5 0.8830934102986439
316.0 0.734559664499453
316.5 0.7159227065252467
317.0 1.2804854890025672
317.5 0.43500077188462466
318.0 1.106465001259787
318.5 0.7130247499171662
319.0 0.6608935609418001
319.5 0.5511768433763413
320.0 0.8121980579649526
320.5 0.7856367104629232
321.0 0.4680407215746734
321.5 0.8632480794102626
322.0 0.6482715835843694
322.5 1.0398913082829961
323.0 1.3534335547672498
323.5 0.615342627592097
324.0 1.0922458794077792
324.5 0.9619292752804071
325.0 0.7884155662832595
325.5 1.0715614391186121
326.0 1.1252699064614955
326.5 0.9697885959249559
327.0 0.8920124645779844
327.5 0.820395836348879
328.0 0.9327182543608226
328.5 0.5358335439156185
329.0 1.2903571985925444
329.5 0.992188725924219
330.0 0.5542808538020965
330.5 1.1741095924805414
331.0 0.801959200091473
331.5 1.06016610508837
332.0 1.0185893739716745
332.5 1.1068455788403688
333.0 0.696927406004775
333.5 0.74004720787149
334.0 0.4113501131485376
334.5 0.823813659358827
335.0 0.4073399286634571
335.5 0.9467467567493899
336.0 0.8585517735601453
336.5 0.7703725175439438
337.0 0.6081587865946148
337.5 0.6941912416073444
338.0 0.5649877238024774
338.5 0.8875829845728654
339.0 0.7295556067091689
339.5 0.6221312379325634
340.0 0.5189435631562851
340.5 0.5610082869309745
341.0 0.9060283698086704
341.5 0.6059560301542914
342.0 1.036265697555403
342.5 0.6519768706835549
343.0 0.845331921290708
343.5 0.9134878536041473
344.0 0.9704445307543315
344.5 0.7017207940923811
345.0 0.5806331348337089
345.5 0.9118364109588111
346.0 0.6199542176877917
346.5 0.9304435689834325
347.0 0.6428198653894359
347.5 1.0366075515485276
348.0 1.3214231859994925
348.5 0.708102955608944
349.0 0.826361037540916
349.5 1.0135832722742093
350.0 0.894815839521135
350.5 0.6078654702537243
351.0 1.177238104323847
351.5 0.8028515163820906
352.0 0.9724178362571085
352.5 0.8751898710558295
353.0 0.8806049466948105
353.5 1.0307081244766332
354.0 0.6969030303264011
354.5 1.1132447593311814
355.0 1.045353873277849
355.5 0.7648445020321604
356.0 0.643215619267782
356.5 1.1378099950516245
357.0 0.7515981196314665
357.5 0.8902646472454747
358.0 0.7039888774410263
358.5 1.2231641041343038
359.0 0.9676906555869228
359.5 1.1105049496687187
360.0 0.7888543117713429
360.5 1.2427194238250883
361.0 0.6013756136592369
361.5 0.5673335156177812
362.0 0.4398804566556625
362.5 1.0711474604245315
363.0 0.9145146374900464
363.5 0.7241298845055115
364.0 0.4641900332771774
364.5 0.8572792011239132
365.0 1.1468111734681525
365.5 1.2995836654991533
366.0 0.6481822240468633
366.5 0.8216751697931048
367.0 0.5987963262579831
367.5 1.0553628741503485
368.0 0.7835032813987257
368.5 0.7606591155703626
369.0 0.8836372133788633
369.5 1.196305915334017
370.0 1.3403288839862173
370.5 0.81000648291057
371.0 0.9376681705802474
371.5 0.9545974471211194
372.0 0.9768380470963522
372.5 1.0216994749255939
373.0 0.5494063328619341
373.5 0.5405157975750472
374.0 0.6792022253124606
374.5 0.9841238204304423
375.0 1.2963115059971413
375.5 0.6692687371154066
376.0 1.2346607308426512
376.5 1.3549401324456694
377.0 0.8318085140481035
377.5 0.7819255229115973
378.0 1.1986908210673461
378.5 0.6800792915025622
379.0 0.6839522072757571
379.5 0.8360314010977044
380.0 1.0430865396904254
380.5 1.366695450429582
381.0 1.033727605241564
381.5 0.7396798411011645
382.0 0.4518869234492568
382.5 0.680339416353037
383.0 0.7767075248029507
383.5 0.8736917025056075
384.0 0.9197680690383643
384.5 1.091312718642596
385.0 0.9500186421620038
385.5 0.8327347304270531
386.0 0.5709479397160402
386.5 1.1278230467779697
387.0 0.5268432319008005
387.5 0.6850162808880278
388.0 0.9255662750811615
388.5 1.2349180591017004
389.0 0.9350604135555252
389.5 1.2431937266364372
390.0 0.65367697841203
390.5 1.0790334567898272
391.0 0.6412576010299953
391.5 0.5729970263323001
392.0 0.6748845870065835
392.5 0.625577631381145
393.0 0.9709410960390739
393.5 0.9541857120506367
394.0 1.2070552955413
394.5 0.7296346108832865
395.0 1.2398566413353456
395.5 0.618438800893744
396.0 1.1380537699187685
396.5 0.5865693767097653
397.0 0.4384828381007794
397.5 0.7518429396571974
398.0 0.5046363758122194
398.5 1.2163056830916743
399.0 0.4382545707800631
399.5 0.42212726936117434
400.0 0.4730419197385416
400.5 1.3698430512108206
401.0 0.8983087706168815
401.5 0.8824118651132087
402.0 1.1330202508980511
402.5 0.9628773928002623
403.0 0.8701835368481821
403.5 1.0347079800260797
404.0 1.1651835054262352
404.5 1.0524978051638194
405.0 0.9122636073152228
405.5 0.8498395072156271
406.0 0.6672349977211194
406.5 0.9355339391235242
407.0 1.1496077428693587
407.5 0.9071298113843009
408.0 0.5642394009912763
408.5 0.5029204385975066
409.0 0.8838729933225051
409.5 0.9755098248632614
410.0 0.6251659123409754
410.5 1.0354592108347667
411.0 0.7393691008226521
411.5 0.799445894661837
412.0 1.2991035354228329
412.5 0.7107356597643517
413.0 1.2813862276721504
413.5 0.8305715954393049
414.0 0.686076459512041
414.5 0.8467164286546639
415.0 1.163276182657676
415.5 1.3303514010543473
416.0 1.2564688007896054
416.5 0.9829544626680082
417.0 0.9649090037881949
417.5 1.0905061726321836
418.0 1.179343558221272
418.5 1.023661893778952
419.0 0.8061490096444792
419.5 0.7490277565546144
420.0 0.711326224255013
420.5 0.8679592165484
421.0 1.3201974212941974
421.5 0.8340110533109149
422.0 0.8090470623163346
422.5 1.3431855172905245
423.0 0.6128465710875846
423.5 0.9300300944729862
424.0 0.8826071571655723
424.5 0.7030702922487291
425.0 0.7514107151676017
425.5 1.1403435004725477
426.0 0.6154698935142717
426.5 0.8476574421202234
427.0 0.741497997005164
427.5 0.8489668763052978
428.0 1.0064310833256525
428.5 0.9256450576456029
429.0 1.267584711922688
429.5 1.0073910150305665
430.0 0.7118300283827301
430.5 0.8868132588936712
431.0 0.720357609894287
431.5 0.5549466578681913
432.0 0.9058732367716442
432.5 0.7176686939073786
433.0 1.002845572696541
433.5 0.663468427839319
434.0 1.3015937522673322
434.5 0.6030334403962192
435.0 1.308936266685523
435.5 1.245225739562253
436.0 0.8301048706633951
436.5 1.392342042102738
437.0 1.2560666796861235
437.5 0.8244152852323654
438.0 1.3164159212764057
438.5 1.080843574987163
439.0 0.7904486509161548
439.5 1.233726901437385
440.0 1.3091228059103965
440.5 1.3982904363136692
441.0 0.8297379289673319
441.5 0.6009677820518227
442.0 0.8181561535621602
442.5 1.087183307518875
443.0 0.4915651027235165
443.5 0.7216380386939417
444.0 0.8110467649167319
444.5 0.5180069572100057
445.0 1.0045295975978874
445.5 0.8901059625619878
446.0 0.5471662836903668
446.5 0.9234550139280016
447.0 0.7579986410305464
447.5 1.0019912229426104
448.0 0.5601270244728624
448.5 0.5992078102099343
449.0 0.5728233367865321
449.5 1.210083087811939
450.0 0.9574918404990815
450.5 0.6737950220579334
451.0 0.6258301251021505
451.5 0.8538320448377248
452.0 0.42358440754684384
452.5 1.034993283874716
453.0 1.0196222295192328
453.5 0.7876133459394565
454.0 0.7940906349084604
454.5 0.8968983452113461
455.0 0.5800046250212525
455.5 0.7695262785489037
456.0 0.7487407672758664
456.5 1.125060295856336
457.0 0.5465419621153103
457.5 1.090069202938546
458.0 0.7202441320672419
458.5 0.6021271013298755
459.0 0.7162336272354672
459.5 1.1804467346502383
460.0 0.6938756894116935
460.5 1.3193024758473695
461.0 0.6568980535774773
461.5 0.9942459256387561
462.0 0.8455984873385287
462.5 0.8819818282127687
463.0 1.0036209358736259
463.5 1.0287061103089605
464.0 0.6725375662009212
464.5 1.2224052851768554
465.0 0.8615561870672143
465.5 0.6653490797877464
466.0 0.675847212590813
466.5 0.8424017538506909
467.0 0.6685268780513716
467.5 0.4961218916904499
468.0 0.4112949460348902
468.5 0.3553042619334125
469.0 0.779502986293549
469.5 0.8917647293232862
470.0 0.8726360945420395
470.5 1.0187044365903946
471.0 0.9639876526942295
471.5 0.8306464357246053
472.0 0.41579355476546165
472.5 0.8807826856380165
473.0 0.5449829480597344
473.5 0.7761015645874396
474.0 1.0487197435032878
474.5 0.8578433497294575
475.0 1.015428991637312
475.5 0.898855518865875
476.0 0.7921779287498798
476.5 0.8200013521344758
477.0 0.9391815294912171
477.5 0.7291579483576178
478.0 0.6714640824627455
478.5 0.8014474474040665
479.0 0.7436517343570332
479.5 0.7225751845424204
480.0 0.9539137907889187
480.5 0.7351073297490813
481.0 0.6286447307694982
481.5 0.6175111556012566
482.0 1.1928584288164692
482.5 0.7683215816140683
483.0 0.8721869215534139
483.5 0.763747861348408
484.0 1.1783446460744338
484.5 0.9594335807117271
485.0 0.8755256650576451
485.5 1.3498968421477358
486.0 0.5441508266247506
486.5 0.6434839225429722
487.0 0.6491782834394983
487.5 0.8715139839578594
488.0 0.5007662757986489
488.5 0.7262294109818523
489.0 0.8319245461615955
489.5 0.8516161784124487
490.0 0.7161527297549088
490.5 0.6769024801441466
491.0 0.8116369114178019
491.5 0.7396728306163101
492.0 0.9451300381543011
492.5 0.7490038773421295
493.0 1.0774238437727697
493.5 0.7560710463624193
494.0 0.9883605608323802
494.5 1.1733208667857893
495.0 0.6048117223230047
495.5 0.9946938809156651
496.0 0.5343823978788271
496.5 0.7239141050830491
497.0 1.1168496165633333
497.5 0.46471291145891264
498.0 1.258677128305904
498.5 0.7506707591332067
499.0 1.3229682077657998
499.5 0.8152193601696238
500.0 0.8128740638167073
500.5 0.46650919476480757
501.0 1.2867553244200443
501.5 0.642534457813852
502.0 0.8327238196331261
502.5 0.7645446888322921
503.0 0.9562239706829583
503.5 0.9027105558197308
504.0 1.260190001709103
504.5 0.70316121287333
505.0 1.4176320917318948
505.5 0.8214475975021158
506.0 0.9603440693046315
506.5 0.9771997528241074
507.0 0.8556050451794823
507.5 0.9221985920396922
508.0 0.8529432714553259
508.5 0.866794486719199
509.0 1.2057785277451118
509.5 0.6620117803755694
510.0 0.9375491176863893
510.5 0.8772111053558274
511.0 0.8695999606585116
511.5 0.5733786696186911
512.0 1.136780536610717
512.5 0.8480819726112236
513.0 0.9759899390162752
513.5 0.6898351543085859
514.0 1.2947103140453333
514.5 1.0496048561208537
515.0 0.9995731762127176
515.5 0.9713851406880605
516.0 0.7213843626155352
516.5 1.0963507103861378
517.0 0.9581059387590096
517.5 0.7003486707363448
518.0 0.7273602701274643
518.5 0.7832140937277086
519.0 0.8201276007419969
519.5 0.7906192436552922
520.0 0.5133931170657254
520.5 0.6816071938485246
521.0 0.5512625927733804
521.5 0.6628095911096337
522.0 0.9765823768510387
522.5 0.6416806719396877
523.0 0.9284669758046202
523.5 0.7096237595943524
524.0 0.7472462356246421
524.5 0.8783437286444351
525.0 0.7555760998908474
525.5 1.0506129535933326
526.0 1.2515471339682076
526.5 1.1041608410441093
527.0 0.9690154105494577
527.5 0.6618975256040103
528.0 0.7547474401335557
528.5 0.6386823004216056
529.0 0.7846853610988677
529.5 0.7556305462866066
530.0 0.9458939471437429
530.5 0.9382560796508335
531.0 0.8428752048596113
531.5 0.7081123258242998
532.0 0.7141598523881812
532.5 0.8457871488964688
533.0 0.9040198264246955
533.5 0.6377602036055499
534.0 0.8149051502872915
534.5 0.7289780870590972
535.0 1.4104153927923815
535.5 1.5184803862407812
536.0 0.5944451004510198
536.5 1.2911416532396125
537.0 0.7269817468383475
537.5 0.8038733184836588
538.0 0.7559824126866462
538.5 0.9312341395279315
539.0 1.2282580610595961
539.5 0.8876051570501702
540.0 0.7221851375456465
540.5 0.5342111457193361
541.0 0.6351094370073525
541.5 1.1076988105205714
542.0 1.01562526884468
542.5 0.7140634105975112
543.0 0.8112672695221286
543.5 0.7235610405636539
544.0 0.9881744806677415
544.5 0.571196751980611
545.0 0.9709110550169961
545.5 0.9033960547886448
546.0 0.624958470767272
546.5 1.103018931891519
547.0 0.8560724509455573
547.5 0.6483702298825016
548.0 0.7029355634293841
548.5 1.1289300767798598
549.0 0.3934227628063075
549.5 0.9521835477821621
550.0 0.8515696094825718
550.5 0.9821943175730652
551.0 0.5976650637992071
551.5 0.7162153260841471
552.0 0.33926831653541106
552.5 0.7883767564481956
553.0 0.863081918438531
553.5 0.957966282803447
554.0 0.9234692654017884
554.5 0.8451877290462566
555.0 0.9880007007514133
555.5 0.6515565034551187
556.0 1.1213813130574046
556.5 1.0688903489367767
557.0 0.8971414621089628
557.5 0.46921752499559327
558.0 1.0022736011563425
558.5 0.9754003080629463
559.0 1.1293853019007607
559.5 1.039168611628722
560.0 0.7873963933451968
560.5 0.8177581933500331
561.0 0.7518241675628998
561.5 1.2122908343291035
562.0 0.8294021940827074
562.5 0.771826519345489
563.0 0.6886373921149296
563.5 1.1536268861235075
564.0 1.5148525000759525
564.5 1.3171964555368365
565.0 0.5200949627096536
565.5 0.7366319570286955
566.0 0.7990963914864309
566.5 0.688666955455999
567.0 0.8293481269967717
567.5 0.7679121019947472
568.0 0.6722179001631658
568.5 0.6027276404859403
569.0 0.8041677587494656
569.5 1.2922688402043698
570.0 0.6389120703153184
570.5 0.8248501842415106
571.0 0.8602480202427001
571.5 0.7183892470810977
572.0 0.5451276544958994
572.5 0.8543068312710383
573.0 0.6115440501108012
573.5 0.5792469114584962
574.0 0.9197195792798254
574.5 1.1627022154651434
575.0 0.7431239466143126
575.5 0.4552118201289153
576.0 0.6622999265924276
576.5 1.5507868453369862
577.0 0.5540991068837641
577.5 0.9239667387774781
578.0 0.8597862373547369
578.5 1.0769282368957278
579.0 0.7450857882429687
579.5 0.4982880275493541
580.0 0.5918822764019038
580.5 0.8840893498547405
581.0 0.7465789376791654
581.5 1.4422024465380545
582.0 0.7465413553298749
582.5 0.6168269068515921
583.0 0.7913842730639005
583.5 0.672391721481814
584.0 0.5768590372667687
584.5 1.3063552948332826
585.0 0.5072941462263368
585.5 0.7103772334095837
586.0 0.642246418020079
586.5 0.906871181374125
587.0 0.8281706808582696
587.5 0.8032176490530645
588.0 1.0217262255260442
588.5 0.9341560016177679
589.0 1.3046803125145354
589.5 1.204819144031082
590.0 1.011470815661097
590.5 0.8633914419278093
591.0 0.6792770635875963
591.5 0.834658645850543
592.0 0.8088320148910897
592.5 0.6545301392103451
593.0 0.6205701198025513
593.5 0.8109389998461422
594.0 0.7353372025895256
594.5 0.5939619221946258
595.0 0.8670892287636953
595.5 1.1787234719258648
596.0 0.966039691437542
596.5 1.0365032098061207
597.0 0.7836338256922837
597.5 0.6678501599811957
598.0 0.7117991097183035
598.5 0.7719221372638745
599.0 0.8691832839629314
599.5 0.6938556148423607
600.0 0.841584643019264
600.5 0.9146142516824078
601.0 1.320453199964661
601.5 0.6890148994440384
602.0 0.8839526572763465
602.5 1.0134903749535538
603.0 0.8913778382645512
603.5 0.7890915864470223
604.0 0.5882262121814974
604.5 1.0608540182155746
605.0 0.8329038247398395
605.5 0.910312437126821
606.0 0.6855407965886412
606.5 0.7287128672795549
607.0 0.8871221902178013
607.5 1.0620013886185518
608.0 0.5122500508284304
608.5 1.07353087727192
609.0 0.6984629434272014
609.5 0.595847321287285
610.0 1.0468762501677664
610.5 0.8373327444832855
611.0 1.141099168510306
611.5 0.676509132972111
612.0 0.739634114343082
612.5 0.5176743523386198
613.0 0.26840223160594884
613.5 1.0669454705389798
614.0 0.7084092317560382
614.5 0.23452758508317412
615.0 0.8738556780532099
615.5 0.8468342142241845
616.0 0.968180255973444
616.5 0.9564192734192187
617.0 0.748851622709735
617.5 0.6772211255973266
618.0 0.8779696642140733
618.5 0.6662725845740816
619.0 0.40914875383174426
619.5 0.702573284092793
620.0 0.7946180245661782
620.5 0.9881616096179608
621.0 0.768007975278455
621.5 0.7956788270342318
622.0 0.7891935476493059
622.5 0.9650151351403
623.0 0.9371171627987951
623.5 0.7238106507311668
624.0 0.9963310346116057
624.5 0.7417224489104943
625.0 0.6553591510877477
625.5 0.7638519058200537
626.0 1.0710071412822189
626.5 0.7444475013895837
627.0 0.7998967703477431
627.5 0.8028697705829548
628.0 0.9287787238088079
628.5 1.1709375228073278
629.0 0.9591295497151557
629.5 0.8940383739944897
630.0 0.6575983631527957
630.5 0.9783662455270461
631.0 1.1907894437434852
631.5 0.9254695772529007
632.0 0.7842409961321926
632.5 0.7451040630423397
633.0 1.121231255635376
633.5 0.7203128350351727
634.0 0.8258450617349942
634.5 1.2363097509876309
635.0 0.5219842175696185
635.5 0.8357549507950011
636.0 0.9571256038908522
636.5 0.5205542020921505
637.0 0.8828144155369227
637.5 0.8776031320288709
638.0 0.9302947318602235
638.5 0.790988212203404
639.0 0.9625043288770858
639.5 0.35046691300491434
640.0 1.8881736802817726
640.5 1.1524731462420708
641.0 0.8838680566777255
641.5 1.2177901384301135
642.0 0.862312977576289
642.5 0.3121771236049096
643.0 0.5925367890180292
643.5 1.0629829238189843
644.0 0.5942842851029554
644.5 1.3796144238674144
645.0 1.0020760992549096
645.5 0.5215790886168055
646.0 0.6310504589285464
646.5 0.9996084427500738
647.0 0.39304376414783093
647.5 0.5732418784670361
648.0 0.626691589375787
648.5 0.8734100837793146
649.0 1.1734508958088092
649.5 0.7374493219702252
650.0 0.9561097144722859
650.5 0.8326428481400321
651.0 0.8779381989092057
651.5 1.4429805061783685
652.0 0.9700983809734784
652.5 0.9703825983472847
653.0 0.747125133477631
653.5 1.4473248504792195
654.0 0.8389658256497718
654.5 0.2509465043225107
655.0 0.8363012090405306
655.5 1.190510849442541
656.0 0.8163155626435776
656.5 1.1461249193279832
657.0 0.8151693277891632
657.5 1.0339552416727764
658.0 0.598576805897125
658.5 0.8777897332935058
659.0 0.7905542774476944
659.5 1.0237813110909246
660.0 0.7286637866098447
660.5 0.7752906607426934
661.0 0.9689220705510277
661.5 0.8325690175662457
662.0 0.5567535295983705
662.5 0.9074487741917343
663.0 0.833904977712042
663.5 0.6148605524810976
664.0 0.8148644349006908
664.5 0.8425074881213146
665.0 0.6121167842528965
665.5 0.6729962043564488
666.0 0.9357043361148729
666.5 0.6599727787039877
667.0 0.4090105686675955
667.5 0.8697766116903694
668.0 0.8899297858848156
668.5 1.0946127328717392
669.0 1.1685482646136116
669.5 1.692514611450658
670.0 0.9590613490059412
670.5 0.7669299383153692
671.0 0.8249635040603407
671.5 0.7354262067000963
672.0 0.9794772104693108
672.5 0.6146933953974104
673.0 0.9415879703006178
673.5 0.7534079885541843
674.0 0.9055020683735748
674.5 0.8838237018703383
675.0 0.9219237792936696
675.5 0.7417422993938725
676.0 0.9326383024320528
676.5 0.7387976637507943
677.0 1.0550829910734807
677.5 0.9526838544026868
678.0 1.3893169820701605
678.5 1.1452004039118997
679.0 0.46996912036659144
679.5 0.7645215615233376
680.0 0.9130460220202529
680.5 0.9305283119388402
681.0 0.5656043213570444
681.5 0.8930087147315684
682.0 0.9735203316436225
682.5 0.907823220608011
683.0 1.4270100452539722
683.5 0.6865189298978132
684.0 0.5831224862314197
684.5 0.9752583149578089
685.0 1.0545565943977493
685.5 1.0563761003474952
686.0 1.1086026161711953
686.5 0.8461648104647903
687.0 0.7582339880225004
687.5 0.7467267856835353
688.0 0.9799065981636275
688.5 0.9900076381416192
689.0 0.8938074601123291
689.5 1.1792168586564213
690.0 0.8189912784983409
690.5 0.7703679636795149
691.0 1.1089359928776168
691.5 0.56030602868821
692.0 0.8400853245856874
692.5 0.49656108610749267
693.0 0.9936133732742873
693.5 0.7868276382143311
694.0 0.8500354339896183
694.5 0.7640107660779253
695.0 0.5948067498299372
695.5 0.9764992618736397
696.0 1.023113092846723
696.5 0.6913564685774234
697.0 0.8519900491659922
697.5 0.8677209925538321
698.0 0.7996043931554726
698.5 0.6619775513003427
699.0 0.8265352572097162
699.5 1.092829254854662
700.0 0.662422997977206
700.5 0.574063121079881
701.0 1.0314956907706965
701.5 0.7407001489815277
702.0 0.3968666135791202
702.5 0.8607055774391463
703.0 0.910077367740258
703.5 0.8432672835836528
704.0 0.6082866217653908
704.5 1.0525941701708963
705.0 0.721540273293295
705.5 0.6729522071868409
706.0 0.6946910553707236
706.5 0.773569896384083
707.0 0.7839071599293572
707.5 0.9229450382934865
708.0 0.7907498809724055
708.5 1.3810459323058388
709.0 0.7254433796928961
709.5 1.096823583842479
710.0 1.0892619482348458
710.5 0.813588596490251
711.0 0.8852176599396204
711.5 0.838455957157666
712.0 1.0218996285912159
712.5 0.7894925312641061
713.0 0.5984566835334939
713.5 0.8722968856351141
714.0 0.6393632330800318
714.5 0.8942302152868429
715.0 0.7358773774430565
715.5 0.699268485100605
716.0 0.8592972458026122
716.5 0.6467276373852034
717.0 0.9301202305278071
717.5 0.8602257270166818
718.0 0.8427241458654393
718.5 0.750209583789681
719.0 0.7124254927612261
719.5 0.6649801284405373
720.0 0.6116467757730031
720.5 1.136665585032392
721.0 1.369659120547899
721.5 0.6428259762681061
722.0 0.9240306306059249
722.5 0.838110109826756
723.0 0.6693826834699546
723.5 1.1174620328863634
724.0 0.8996762815140549
724.5 0.5617920188017453
725.0 1.3141376043245991
725.5 0.6972716805167956
726.0 0.9392104625884956
726.5 0.9452941175488032
727.0 1.3670285921897198
727.5 0.570586457955562
728.0 0.9892013298246152
728.5 0.6608796799180054
729.0 0.6846877520048105
729.5 0.43764147776174084
730.0 0.9274886545705601
730.5 0.5043179238398419
731.0 0.4307782889633745
731.5 0.7574471661158131
732.0 0.7463769315747135
732.5 0.7196040816201176
733.0 0.580316175234416
733.5 1.2861594138698724
734.0 0.9427973290494072
734.5 1.0280090414362775
735.0 0.6507706562657452
735.5 0.45910310336644405
736.0 0.5170867809746122
736.5 1.2252315055708534
737.0 0.7569172585911308
737.5 0.7043712604513176
738.0 0.7826137922330234
738.5 0.6193623066125101
739.0 1.1533391947397424
739.5 0.6904222552503458
740.0 0.9805333781003052
740.5 0.957191041632462
741.0 1.266582362772286
741.5 0.8852860575367224
742.0 1.1199700897881222
742.5 0.7744995450693999
743.0 1.135725053670007
743.5 1.0379850552454704
744.0 1.2420520609420007
744.5 0.6343440732105203
745.0 1.2380287477462604
745.5 0.5752259984841597
746.0 0.6463287985491206
746.5 0.9686294183169069
747.0 0.6972214735435487
747.5 1.0971521912320519
748.0 0.689836882826619
748.5 1.0760083550431652
749.0 0.6190174919810725
749.5 0.9330898705483944
750.0 0.6691906627240838
750.5 0.8313285763756391
751.0 0.6312954823670075
751.5 0.6669552546174538
752.0 0.9733932335641968
752.5 0.7593800295111544
753.0 0.6063256466850426
753.5 0.8736467670587376
754.0 1.4175762147168407
754.5 0.8357961886412633
755.0 1.3253200343573075
755.5 0.9007680715160804
756.0 0.45856488901732534
756.5 0.854684907496073
757.0 1.0590685334979628
757.5 0.664082827673596
758.0 1.1587313000711381
758.5 0.9092224100831034
759.0 0.9297884178520637
759.5 0.7847382463501309
760.0 0.612406623364951
760.5 0.8238426528417213
761.0 1.0037724086850082
761.5 0.528511852090817
762.0 0.9590292725766303
762.5 0.8225769752521781
763.0 0.8578547415456315
763.5 1.5315044027921316
764.0 0.9507105304411578
764.5 0.5920959750987989
765.0 0.7341936832437999
765.5 0.5971764906252688
766.0 0.6463977924839743
766.5 0.3720326727338666
767.0 0.8196904896403534
767.5 1.377525730450679
768.0 0.9174200092722822
768.5 0.6051976492156483
769.0 1.0787331978642107
769.5 1.1944041990101393
770.0 0.5283317416529469
770.5 0.9120157993134821
771.0 0.7060028679119822
771.5 0.9968089222733536
772.0 1.0809305904917537
772.5 0.9167691032513496
773.0 1.0676417087471024
773.5 0.4198670580177361
774.0 0.8975586238824138
774.5 1.0899288676236765
775.0 0.7596302297886768
775.5 1.0786107891627559
776.0 0.9048016331311999
776.5 0.7704185666767807
777.0 0.5258202119765676
777.5 0.7659589190239835
778.0 0.7048619105036142
778.5 0.7857000380337966
779.0 0.48391036617330485
779.5 0.7408980506056844
780.0 1.0519838824909387
780.5 0.7303402839290478
781.0 1.0680947540676757
781.5 0.8014579028983952
782.0 1.021955523407811
782.5 0.5216711130437828
783.0 0.7698929397196641
783.5 0.49510574953142295
784.0 0.845194185278358
784.5 0.9135041503528103
785.0 0.6637659947606316
785.5 1.4059442174828352
786.0 0.8449290151736077
786.5 0.7198618694880697
787.0 0.9506814883754264
787.5 0.6812241001087731
788.0 0.7785568548087625
788.5 1.1083672157038165
789.0 0.8375929655688898
789.5 0.6709297077939793
790.0 0.7856983462517055
790.5 0.7563995425904155
791.0 0.7183736338416913
791.5 0.8460482233422382
792.0 0.8238306563182983
792.5 0.5479238385708531
793.0 0.7328601188855086
793.5 0.9809135794799091
794.0 0.7167934230242015
794.5 0.8212601792301746
795.0 0.7461991046538718
795.5 0.8593779733935036
796.0 0.5373216379761736
796.5 0.8201487585311088
797.0 0.4934202159517957
797.5 0.8513521260863521
798.0 0.7425366933713009
798.5 0.6656514396196618
799.0 0.6003400876948455
799.5 1.3890223719809294
800.0 0.6154857972859196
800.5 1.158137276355918
801.0 0.454444062192141
801.5 0.9463582668799009
802.0 1.1429521108930134
802.5 0.9380560107796041
803.0 0.6529994528552248
803.5 1.0340552723416887
804.0 0.8840295408210631
804.5 0.6717002862703019
805.0 0.805276570147166
805.5 0.5483330369108583
806.0 0.7583017405067505
806.5 0.4446449935314671
807.0 0.9704724486750094
807.5 1.3812620344834028
808.0 1.0392069025010786
808.5 0.8731416544102775
809.0 1.1846765684241676
809.5 1.0746315804982043
810.0 0.8586782308082272
810.5 1.0119839238919166
811.0 1.048076057210241
811.5 0.5974366652428791
812.0 0.8322643973496029
812.5 0.6445803607155474
813.0 1.030411106114056
813.5 0.9561812616283363
814.0 0.7716726650053207
814.5 1.2597215126578296
815.0 0.8455351617652924
815.5 0.6668386520676968
816.0 0.9796714756156348
816.5 0.779708069150536
817.0 0.9950683835244871
817.5 0.9202561595982724
818.0 0.5989362801533362
818.5 0.7474463593971417
819.0 1.1636268029445394
819.5 0.6844382005942309
820.0 1.2355283645935649
820.5 0.6238265770128388
821.0 1.6026847880855035
821.5 0.6747819419139591
822.0 0.5535676292448335
822.5 0.6444653955369891
823.0 0.7203347734302175
823.5 1.1196952461450187
824.0 0.9185959837229545
824.5 0.7490048091554218
825.0 0.977728700121665
825.5 0.831397048407533
826.0 0.7792388837155733
826.5 0.9339299896743445
827.0 0.7010549811446236
827.5 1.1544366993515318
828.0 1.0170740593039678
828.5 0.5549117955573775
829.0 0.7143354418169828
829.5 0.727051461464769
830.0 0.6329652374573264
830.5 0.9975438863908055
831.0 0.8823986576490328
831.5 0.748482026661347
832.0 0.9028747063028449
832.5 0.6850075988875046
833.0 0.3141259815719413
833.5 1.4092124346535135
834.0 0.7194168272168915
834.5 0.9676697549702422
835.0 0.7286025053772629
835.5 0.5338762083144235
836.0 1.0414731380932292
836.5 1.0883667199467544
837.0 0.7564046982875279
837.5 0.7590951313880285
838.0 1.3819786192599492
838.5 0.590853126543555
839.0 0.7276698001907138
839.5 0.6799065341176
840.0 0.9636218296535386
840.5 0.5351136327891466
841.0 0.7176620955261148
841.5 0.8541778359445851
842.0 0.8388873794910274
842.5 0.621379555150954
843.0 0.9199008087912881
843.5 0.7707300131397669
844.0 0.7867726530433543
844.5 0.6056310506124274
845.0 0.8417409419379167
845.5 1.752154286387188
846.0 0.5383098648591025
846.5 0.5169452920085666
847.0 0.7213070350448918
847.5 1.3170012068821597
848.0 1.0458491587820793
848.5 0.9868544874078309
849.0 1.0900459385643442
849.5 0.558059915880978
850.0 0.6339442341339064
850.5 1.427028582122862
851.0 0.3735136366107215
851.5 0.7819876897103049
852.0 0.919407121522595
852.5 1.0110904187422374
853.0 0.9449550177057935
853.5 0.913100392970184
854.0 1.1042495729104003
854.5 0.9895673401490461
855.0 0.8676116452239824
855.5 0.956791677414712
856.0 1.0973996307615144
856.5 0.6839563657259835
857.0 0.7990150205738353
857.5 0.6213669044946175
858.0 0.5404264155287389
858.5 0.8344527349725084
859.0 0.9456881251822231
859.5 0.6729856204469589
860.0 0.8413345214496957
860.5 1.031602744004421
861.0 0.9471883963681549
861.5 0.8625467945726264
862.0 1.000473565161838
862.5 0.7557492414316522
863.0 0.7740003802787041
863.5 1.0668312244648235
864.0 0.38321441452384214
864.5 0.8880057304540725
865.0 0.9055531707870019
865.5 1.1389411216152905
866.0 0.7962779903832556
866.5 1.0343179784966539
867.0 0.8182863130644327
867.5 0.8192333256607205
868.0 0.7103371991023015
868.5 1.2258496104088148
869.0 1.105918952239143
869.5 1.2412365983592044
870.0 0.8087873030780877
870.5 0.7790926997488983
871.0 0.5165974835178937
871.5 0.5769620305828238
872.0 1.0521730796784248
872.5 0.5358452947761595
873.0 0.7886003252188281
873.5 0.7190430035545774
874.0 0.872531228628153
874.5 1.0483746658154878
875.0 1.089781720985085
875.5 0.7248621004177498
876.0 0.7784493370601135
876.5 1.317944664386692
877.0 0.7543118617684491
877.5 0.6686296749463216
878.0 0.8708010826578438
878.5 0.8796257621860936
879.0 0.4821391656563031
879.5 1.121018497058519
880.0 0.5527948192338287
880.5 0.6704811185267705
881.0 0.8429345724563089
881.5 1.1190821458090612
882.0 0.7429919993219591
882.5 0.7202651218191594
883.0 0.5828771061692022
883.5 0.5528183731197148
884.0 1.0596055165898342
884.5 1.3518623378921242
885.0 0.8083245916260065
885.5 1.415268166967447
886.0 0.6808973375840481
886.5 0.6955091847858379
887.0 1.1435818952491383
887.5 1.1601262416864775
888.0 0.36381706168560196
888.5 0.8422299839565264
889.0 0.6649972441052154
889.5 1.183181245899455
890.0 1.0756931763777597
890.5 0.7767120868016326
891.0 0.6604968230186261
891.5 0.6570923629778578
892.0 0.835270838813823
892.5 0.7799363737650624
893.0 0.4107360241828795
893.5 0.8212598924966987
894.0 0.8864382973720599
894.5 0.998437266086087
895.0 0.7476033597675803
895.5 0.6552795335307688
896.0 1.0607304102933792
896.5 0.990495117222121
897.0 0.6515610924579927
897.5 0.9836980381253451
898.0 0.8401912499607
898.5 0.8534420530782882
899.0 1.013656786708802
899.5 0.4376632143451351
900.0 0.8345779089425716
900.5 0.8676208951163131
901.0 0.6857784888680745
901.5 0.75346305565246
902.0 0.7267760570544437
902.5 0.8027051123226727
903.0 0.8158581313980524
903.5 0.6938469389932612
904.0 1.0902130186221202
904.5 0.6625004846363121
905.0 0.7074958996313203
905.5 0.8785241034716185
906.0 0.8591942417668987
906.5 0.9223667559433175
907.0 0.8552153032673953
907.5 0.7978505937335507
908.0 1.0501957285992582
908.5 0.5977291211632396
909.0 0.9012177890682844
909.5 0.6563568166467124
910.0 1.1551113408633753
910.5 1.1108705972090454
911.0 0.7891441329674723
911.5 0.7534976129506609
912.0 0.92075794727703
912.5 0.6571571330585113
913.0 0.9883954332842235
913.5 0.7039618128974005
914.0 0.9791936187465486
914.5 0.8425436471207186
915.0 0.701301863405114
915.5 0.775103091534288
916.0 0.8069635455575366
916.5 0.569181132508431
917.0 0.9125959699939024
917.5 0.9695257942493267
918.0 0.9226903164506159
918.5 0.9819428504100376
919.0 0.6432802022508309
919.5 0.6634267866349138
920.0 0.6629256241803365
920.5 0.7301447727504877
921.0 0.8611444737321725
921.5 0.590581129352086
922.0 0.8980235465105102
922.5 0.8101569198096972
923.0 0.9350414586419495
923.5 0.9996930682059668
924.0 0.9422790106700059
924.5 0.6125652259043161
925.0 0.6604318043359985
925.5 0.8185873609382985
926.0 0.48667748001240096
926.5 1.375203692795652
927.0 0.9148549408569568
927.5 0.5884896303576247
928.0 1.5253298502047128
928.5 0.5078009092664365
929.0 0.6784799530973292
929.5 0.8337059508262024
930.0 0.6614290041004763
930.5 0.8387073343116689
931.0 1.1030362325614462
931.5 0.786890279367592
932.0 0.9732544826029503
932.5 0.6754700590831209
933.0 0.8280218515343739
933.5 0.46257191465713104
934.0 0.8160870177874565
934.5 1.0159309574743958
935.0 0.4523093596085557
935.5 1.0526501544564741
936.0 0.7444877753138066
936.5 0.8155519878785373
937.0 1.3704786539880363
937.5 0.857599498590383
938.0 0.8510095693068551
938.5 1.0952567818393744
939.0 1.0337210862591473
939.5 0.7553107869859007
940.0 0.7491911390307748
940.5 1.0430756869027349
941.0 0.6544660557441428
941.5 1.487646877645987
942.0 0.951349165152688
942.5 0.857111582972117
943.0 0.7848679109161669
943.5 1.07339037362121
944.0 1.1770088863359174
944.5 1.0112956060067062
945.0 0.7969463375854756
945.5 0.6917179493487318
946.0 0.8242337196654652
946.5 0.5985301549661669
947.0 0.6619221977888261
947.5 0.6485073307732239
948.0 0.7742717517133451
948.5 0.3997230170407671
949.0 1.4647870867213586
949.5 0.8612329305809701
950.0 0.740005156500831
950.5 0.7343127514438621
951.0 0.7378026811972948
951.5 0.8187459593678377
952.0 0.4478309505321841
952.5 0.41244431834045464
953.0 0.8190295832753243
953.5 0.9021546342224263
954.0 0.6381155519557379
954.5 0.8217908766973616
955.0 1.0397020675736768
955.5 0.9147090439851935
956.0 0.9329129954086045
956.5 0.7047666176613168
957.0 0.8164317966240604
957.5 0.5793425322500233
958.0 1.409507201390038
958.5 0.655224687295725
959.0 0.7506855934897121
959.5 1.1279980606610989
960.0 1.0850532963002728
960.5 0.7351550816054704
961.0 0.5042354210359683
961.5 1.0709916342598391
962.0 0.6766869708673282
962.5 0.9695081145184326
963.0 0.9750300682199962
963.5 1.0915708153472243
964.0 1.0041186326619853
964.5 1.101503255819184
965.0 1.01622845180965
965.5 0.69936370080692
966.0 1.0163969723828423
966.5 0.6261773361581849
967.0 1.0276217307516067
967.5 0.4208405661643057
968.0 0.5738869797521817
968.5 0.9612756291584463
969.0 0.7351404580178302
969.5 0.6586941032127784
970.0 0.7756482349862414
970.5 0.8606164057658725
971.0 0.870805121123166
971.5 0.6532224030634348
972.0 0.6689497488624265
972.5 0.8305513806473672
973.0 0.8517508054115408
973.5 0.9515557801350238
974.0 0.2
974.5 0.7390872465371372
975.0 0.9583085034585399
975.5 1.030560419269385
976.0 1.4160323189745114
976.5 1.0019440162463364
977.0 0.5443098078078101
977.5 0.9834822889110679
978.0 0.7607315613792924
978.5 0.6790619116349556
979.0 1.0078023218878114
979.5 0.6375831775444347
980.0 0.879530325638899
980.5 1.156382843773051
981.0 0.5958301813896819
981.5 0.6663236568120288
982.0 0.7748571143860608
982.5 0.9306442274622455
983.0 1.6161412722432373
983.5 1.001111588591818
984.0 0.603826970207892
984.5 0.8338631405691983
985.0 1.3178188746439221
985.5 0.5684078759272082
986.0 0.7038001158203779
986.5 1.0187890522924727
987.0 0.591276189394099
987.5 0.9074933704882701
988.0 0.9954702234110049
988.5 0.4751551725581928
989.0 0.8393038409238882
989.5 0.7101962494394765
990.0 1.028144339528824
990.5 0.8598242924194375
991.0 0.9206761698510861
991.5 1.0822473397122416
992.0 0.9795204718276207
992.5 1.0639657040831565
993.0 0.8387308437768739
993.5 0.7945615425137404
994.0 0.5957351269335764
994.5 0.8957139823439156
995.0 0.6098633476382874
995.5 0.9625428726428658
996.0 1.2292028338513417
996.5 0.9007818730025785
997.0 0.5863757840279596
997.5 0.9227907050976274
998.0 0.7206990986327809
998.5 0.804012751079396
999.0 1.160664533971829
999.5 0.7850289629780027
1000.0 1.1320729880210463
1000.5 0.9611961794760515
1001.0 0.9436823081368806
1001.5 0.7635250147628465
1002.0 0.7321721903290179
1002.5 0.7991336269163898
1003.0 0.9882294526061131
1003.5 0.8205476504754654
1004.0 1.2121830490550585
1004.5 1.4938397062496047
1005.0 0.861473861921233
1005.5 1.0819885014633568
1006.0 1.029709789284354
1006.5 1.2019931076051127
1007.0 0.8013612956586538
1007.5 0.9219283689586175
1008.0 0.47669911008289856
1008.5 0.5614079587687175
1009.0 0.9372597906339664
1009.5 1.0230900874672697
1010.0 0.7449903427659702
1010.5 0.6402267571880098
1011.0 0.8178028923204628
1011.5 0.6361719703471931
1012.0 1.1034568310780266
1012.5 0.894497771629837
1013.0 0.6628003502690254
1013.5 0.882210721075801
1014.0 0.923924143476935
1014.5 0.7071348536548487
1015.0 0.8760674909268412
1015.5 0.9573280458015714
1016.0 0.6006810151806417
1016.5 0.6381041958917386
1017.0 1.564919756368679
1017.5 0.7495358526784508
1018.0 0.8639572900982713
1018.5 0.999679551083092
1019.0 1.1489463654923897
1019.5 0.5824482160399269
1020.0 0.4878701026710502
1020.5 0.8983341132052822
1021.0 0.8204920908669575
1021.5 0.7141168326070816
1022.0 0.7966127500784632
1022.5 0.7558619708366312
1023.0 0.873198383296804
1023.5 1.3224856571637045
1024.0 0.9030076915409202
1024.5 1.2732351851786816
1025.0 0.9191882171095982
1025.5 0.5471964191814191
1026.0 0.8341687125520973
1026.5 0.745063401345573
1027.0 0.646410564723384
1027.5 1.0982097756834897
1028.0 0.8156904988678855
1028.5 1.034367326296884
1029.0 0.6086592468829457
1029.5 0.4774690872394905
1030.0 0.8693382694288143
1030.5 0.7067321631224015
1031.0 1.2251550048278033
1031.5 0.9638566148703787
1032.0 0.6490902564051989
1032.5 1.1614068985425825
1033.0 0.8803818524993665
1033.5 0.9122697670688971
1034.0 0.9925868981412356
1034.5 0.664008148314871
1035.0 0.9324640445724158
1035.5 0.4734713751927327
1036.0 1.017243720774238
1036.5 0.875538018735454
1037.0 0.7665615117814635
1037.5 0.9495596607612431
1038.0 0.5525439250235071
1038.5 0.9092013809107256
1039.0 1.0689706123309681
1039.5 0.9450169603605316
1040.0 0.9624240010997402
1040.5 0.5915245556636948
1041.0 0.8065895621078456
1041.5 1.3458503098662704
1042.0 0.9377065050942015
1042.5 1.0703760600510686
1043.0 0.8605198694401084
1043.5 0.720759008585856
1044.0 0.4717084763131309
1044.5 1.1290458175994773
1045.0 0.6397513180596393
1045.5 0.6366603232554939
1046.0 0.6064471883974993
1046.5 0.5888329660210467
1047.0 1.1572914392715805
1047.5 0.5554380109560495
1048.0 1.2040346741316568
1048.5 0.6066686742942249
1049.0 0.5926875683934478
1049.5 0.58712228554892
1050.0 0.6162282610087939
1050.5 0.7766256171065533
1051.0 1.0159772065735724
1051.5 0.7406089863861502
1052.0 1.3224183692774882
1052.5 0.6583252759623063
1053.0 0.5171495485216059
1053.5 0.8723189556742963
1054.0 0.792589659413024
1054.5 1.0146785796096485
1055.0 1.3273599875041244
1055.5 0.8936223494146436
1056.0 0.6736923606045688
1056.5 0.7110833959216531
1057.0 0.7548867252491553
1057.5 1.0305836680673073
1058.0 0.449407141868855
1058.5 1.086362798547001
1059.0 0.6386159470234036
1059.5 0.6784473412400285
1060.0 0.877130284702804
1060.5 0.5610301307964423
1061.0 0.6777667908494378
1061.5 0.8734986761916375
1062.0 0.46047441550191265
1062.5 0.6204327171176294
1063.0 0.8831717009244298
1063.5 0.8773438428934155
1064.0 1.1302763936855482
1064.5 0.7893076856268391
1065.0 0.7200453100825623
1065.5 0.7764133578790514
1066.0 0.6939734198898686
1066.5 0.4261136121175001
1067.0 0.8946989389966027
1067.5 0.8399048770989519
1068.0 0.9311415078750972
1068.5 1.443811514940603
1069.0 0.30509496620927207
1069.5 0.5828818830205924
1070.0 0.9963619232913856
1070.5 0.7677498827052582
1071.0 1.4017352261629605
1071.5 0.618426740070283
1072.0 0.5373442779030015
1072.5 0.551092296629951
1073.0 1.0645015349785316
1073.5 0.7846570803161288
1074.0 0.7313530657512695
1074.5 0.6344670384333122
1075.0 0.8665121579274457
1075.5 0.7169869302935921
1076.0 0.8698561070081152
1076.5 1.1589646146720993
1077.0 1.058261025051505
1077.5 0.6838108306068469
1078.0 0.6093320027439781
1078.5 0.9853004610445366
1079.0 0.6931546773397022
1079.5 0.8431426288166192
1080.0 0.8544383450027717
1080.5 0.5910907782646291
1081.0 0.9878256145842068
1081.5 0.8350230120870061
1082.0 0.8866161760327367
1082.5 0.6392552679940522
1083.0 0.9724745575485816
1083.5 1.2566950047913235
1084.0 0.6083267974890751
1084.5 0.995198734164465
1085.0 0.609091725563816
1085.5 0.6419304985219706
1086.0 0.6093905823178668
1086.5 0.8854402464677935
1087.0 1.2151342676642911
1087.5 0.8630861490363844
1088.0 0.8947625568829076
1088.5 0.9475130551681827
1089.0 1.1456883007959389
1089.5 0.8064541763707389
1090.0 0.9981258182381014
1090.5 0.7188398839644133
1091.0 1.5356824176040755
1091.5 0.8102775845010737
1092.0 0.676015178222971
1092.5 0.6580727845815171
1093.0 0.868897685060932
1093.5 0.7933971664664556
1094.0 0.5224855702354534
1094.5 0.4024544171751739
1095.0 0.7274417702281297
1095.5 1.276394008044086
1096.0 0.8318636402221087
1096.5 0.5395006235411015
1097.0 0.7076528134053137
1097.5 0.7657720296841628
1098.0 0.745140019343915
1098.5 0.8602112765843071
1099.0 0.6500598993420943
1099.5 0.725630150447284
1100.0 1.1975595912215413
1100.5 0.8275366714078587
1101.0 0.8940096053234681
1101.5 0.9492798300849279
1102.0 0.7535421081938982
1102.5 0.7166448728400205
1103.0 1.2745502983618622
1103.5 0.8377540259734206
1104.0 0.6552676496106062
1104.5 0.35303686897513237
1105.0 0.4629338627034198
1105.5 1.3463772255029454
1106.0 0.9555009524184039
1106.5 0.6977961269524767
1107.0 1.1693577148135825
1107.5 0.6783284635139242
1108.0 0.9789656505606281
1108.5 0.9513774677640274
1109.0 1.0020015121296004
1109.5 1.3355976856477525
1110.0 0.8177491919142494
1110.5 0.30463399143947206
1111.0 0.737670243058701
1111.5 1.0294086168779657
1112.0 0.7004372547958513
1112.5 0.7932883444748836
1113.0 0.7442277395116804
1113.5 0.8106456551525466
1114.0 0.5109397697921247
1114.5 0.6097698658593693
1115.0 0.6991407837426522
1115.5 1.015677141822449
1116.0 0.6820758391804249
1116.5 0.4928355338805397
1117.0 0.7480110707386083
1117.5 0.728967684654876
1118.0 0.6481287054384678
1118.5 0.5961938431185869
1119.0 0.8914955797123825
1119.5 0.726884493029595
1120.0 0.4042316923474501
1120.5 0.8494821478109338
1121.0 0.736193889537764
1121.5 0.775574029006012
1122.0 0.965201563397085
1122.5 0.8157622713116857
1123.0 0.7977993783426207
1123.5 1.014065155885706
1124.0 0.8100423083000985
1124.5 0.6643185415109305
1125.0 0.6648358780999453
1125.5 0.629395543279319
1126.0 0.9404318096353115
1126.5 0.8306250405867568
1127.0 0.589427636943795
1127.5 0.9556684362879739
1128.0 1.1369217485343852
1128.5 0.8685392788831279
1129.0 0.8767946963234188
1129.5 1.1761588113779182
1130.0 0.8054381748086474
1130.5 1.2278681904829218
1131.0 1.245789947712701
1131.5 0.9260239944870148
1132.0 0.7923132516790639
1132.5 0.39212654129881336
1133.0 0.8684252111985191
1133.5 1.2352328705460325
1134.0 0.8469755649015867
1134.5 0.652646126029119
1135.0 1.0165027669414424
1135.5 0.8666510700628918
1136.0 0.8118862952448318
1136.5 0.7905186183561723
1137.0 0.8538184541694663
1137.5 0.3787354109502578
1138.0 1.2285279407700485
1138.5 1.0678639206831075
1139.0 1.1184924843970796
1139.5 0.765436928405935
1140.0 1.3010854665863925
1140.5 0.574575462811299
1141.0 0.7391825432091637
1141.5 1.005722646329499
1142.0 0.5828160358743317
1142.5 0.9923099606365793
1143.0 0.8933883929955031
1143.5 0.6313332637593931
1144.0 0.6363564534596156
1144.5 1.05470669500391
1145.0 0.7571205428493843
1145.5 1.061912797809001
1146.0 0.8973215505143772
1146.5 0.8281067637631335
1147.0 0.9783750897372996
1147.5 1.0012237637546562
1148.0 0.8383026516342815
1148.5 0.725906263953634
1149.0 0.9370617504035749
1149.5 0.6685315694369309
1150.0 0.7491352287069164
1150.5 0.7282507989584789
1151.0 1.0797588790713557
1151.5 0.7993919740999451
1152.0 0.5917915650785291
1152.5 1.2564940771412483
1153.0 0.8629635092411465
1153.5 1.1298883788980942
1154.0 0.8652700180955055
1154.5 0.8606582243261043
1155.0 0.5543850853861445
1155.5 0.9552293701729779
1156.0 0.9698454820491733
1156.5 0.7817341313510318
1157.0 0.6637801485901832
1157.5 0.43811202944605293
1158.0 1.0425802927179708
1158.5 0.6314131291646935
1159.0 0.7501432704726854
1159.5 0.5625262712557851
1160.0 0.720709944486567
1160.5 0.57783791018002
1161.0 0.9877318750432937
1161.5 1.210719596656961
1162.0 0.9413728131633758
1162.5 0.7682429743969987
1163.0 0.8236850632558057
1163.5 1.1891055864926372
1164.0 0.8095376102706666
1164.5 0.7923316903733149
1165.0 1.2419859268500109
1165.5 0.8585177801839009
1166.0 1.0438669080287828
1166.5 0.6296611940275816
1167.0 0.6784284837132125
1167.5 0.7632286995799833
1168.0 0.5254630845260988
1168.5 1.114555617319196
1169.0 1.5063584445431784
1169.5 1.0679458472366725
1170.0 0.6384615714975337
1170.5 1.1535182900597334
1171.0 0.5625625920781417
1171.5 1.1482204863270682
1172.0 1.1763310403435128
1172.5 0.4814929116465088
1173.0 0.6148546160178079
1173.5 0.9652746833273345
1174.0 1.0368353664032934
1174.5 0.7054881879127446
1175.0 0.9960611215370339
1175.5 0.9018818570749789
1176.0 0.8959139465488632
1176.5 0.7784984098090915
1177.0 1.2208371125041106
1177.5 0.6856543087042308
1178.0 0.8608373160711301
1178.5 0.7218275758732613
1179.0 0.6555265350625357
1179.5 0.564092439306344
1180.0 0.8538319120008502
1180.5 1.0570839741190705
1181.0 0.8031966148901903
1181.5 0.6707762044244738
1182.0 0.5138451844102725
1182.5 1.495178091970059
1183.0 0.7934941687499875
1183.5 0.624209320711521
1184.0 0.9576729638285904
1184.5 0.7647889645108348
1185.0 0.9629307231076518
1185.5 0.7146200871180151
1186.0 0.8935482768039689
1186.5 0.7771691219598453
1187.0 0.7660620049099942
1187.5 0.6631579608738745
1188.0 0.43528503106101724
1188.5 0.9086734952499178
1189.0 1.0186652598663009
1189.5 0.8962391995817811
1190.0 0.6269216867592737
1190.5 0.5889422006075677
1191.0 0.8879583700427462
1191.5 0.6199030581661675
1192.0 0.9839028257411477
1192.5 0.5703625038465401
1193.0 0.7175221587974299
1193.5 1.3675093618499994
1194.0 0.7693050435486788
1194.5 0.5514308203095772
1195.0 1.3178692824100733
1195.5 1.0126807065079966
1196.0 0.8359142063203422
1196.5 1.191145658021041
1197.0 0.7276277286302142
1197.5 1.02260926326565
1198.0 0.7906888488789161
1198.5 0.7062669958077106
1199.0 0.8600233879342383
1199.5 1.4842022125407763
1200.0 0.8648913769769602
1200.5 0.7777804253185013
1201.0 1.0458387204666666
1201.5 0.735967200312925
1202.0 0.5593208498125293
1202.5 0.6790797498226346
1203.0 1.0775577727730719
1203.5 0.5180191155280831
1204.0 0.648083168032445
1204.5 1.0341231138383433
1205.0 0.5008180739039102
1205.5 0.6573910629698577
1206.0 0.735645243222522
1206.5 0.8499430071284977
1207.0 0.5806607568660624
1207.5 1.0591815951760883
1208.0 0.8313801671514376
1208.5 0.8959363606621921
1209.0 0.8631392144373309
1209.5 0.9195256777978262
1210.0 0.7267476772529122
1210.5 0.6410467077813582
1211.0 0.5802728281688195
1211.5 0.555967288257635
1212.0 0.7378748063992114
1212.5 0.6005822581207421
1213.0 0.7875114291299252
1213.5 0.620603106516801
1214.0 0.6039129023988684
1214.5 0.7775441462096128
1215.0 0.7726995523567768
1215.5 0.5897989667855834
1216.0 0.8517680269282448
1216.5 0.7740561313206169
1217.0 0.7658685844455099
1217.5 0.6440218335192283
1218.0 0.9299012418911421
1218.5 0.7241823761016557
1219.0 1.781560180018918
1219.5 0.8089943834745552
1220.0 0.5751926286504478
1220.5 0.7058512750607837
1221.0 0.9848242476144566
1221.5 0.8590190357502974
1222.0 1.081772603720336
1222.5 0.9391649310271282
1223.0 0.8282763461690472
1223.5 0.6680612157465841
1224.0 0.8649798726963046
1224.5 1.4732137602570408
1225.0 0.3479689954220177
1225.5 0.9514478646566693
1226.0 0.998530394953245
1226.5 0.8082075781339699
1227.0 0.5530204032183956
1227.5 1.1505150946359206
1228.0 0.8209880984427371
1228.5 1.0326586867279417
1229.0 0.8480860291302148
1229.5 0.7922942120031002
1230.0 0.7680733033584956
1230.5 0.599139157304774
1231.0 0.9183454041729633
1231.5 0.9313369152532105
1232.0 0.7514462794127074
1232.5 1.2097921075854619
1233.0 1.0549010950315807
1233.5 1.180684638546772
1234.0 0.8675904854658965
1234.5 1.3056991318127893
1235.0 0.8638896141629482
1235.5 0.92457901400626
1236.0 0.6826656815992389
1236.5 0.9504396254761251
1237.0 0.9512032449637142
1237.5 1.132963597633143
1238.0 0.8407966599260344
1238.5 0.500799316600095
1239.0 0.6722154939271276
1239.5 1.2899797900124699
1240.0 0.8053535214097942
1240.5 0.2561670622646644
1241.0 0.9719824447405225
1241.5 0.6634134600440432
1242.0 0.6983280365894344
1242.5 0.7831209290557543
1243.0 0.8126841443216328
1243.5 0.628573223423061
1244.0 0.6683831599070222
1244.5 0.7313420385417919
1245.0 0.6737914484440788
1245.5 0.675141807797452
1246.0 0.685293543213245
1246.5 0.8390082217028627
1247.0 0.5897410348840855
1247.5 0.37226242294681894
1248.0 0.6026530286513408
1248.5 0.973160261568625
1249.0 1.0595676803196743
1249.5 1.3583720680367617
1250.0 1.1271594879387443
1250.5 0.606494107375528
1251.0 1.005385089717497
1251.5 0.6340371115085393
1252.0 1.040781139182151
1252.5 0.8646831822052063
1253.0 0.8077816865308793
1253.5 0.8122490231257841
1254.0 0.938992816887315
1254.5 1.2654824935677758
1255.0 0.8875844792265224
1255.5 0.7641529041641653
1256.0 1.0713287901571162
1256.5 0.5719539943614891
1257.0 0.828278949689907
1257.5 1.0859911762720982
1258.0 0.595292141578633
1258.5 0.912177677537156
1259.0 0.9068137809345637
1259.5 0.5379101880117076
1260.0 0.757153687611353
1260.5 1.0701768420391407
1261.0 1.8716050419907762
1261.5 0.563330042361269
1262.0 0.7047002153202466
1262.5 1.3285094332018301
1263.0 0.26016585146984733
1263.5 0.9479676414764271
1264.0 0.9821938257419127
1264.5 1.1847627912512462
1265.0 1.012258158282176
1265.5 0.6228480906964404
1266.0 0.9682862483841448
1266.5 0.8142337285921726
1267.0 0.9179792393201578
1267.5 0.9461817164862718
1268.0 1.2121432407191126
1268.5 0.23761207603234186
1269.0 0.7290830075155998
1269.5 0.619739084908166
1270.0 0.6729071589552051
1270.5 0.9836424718359968
1271.0 0.922629883559059
1271.5 1.0938104534242472
1272.0 0.8783688245814418
1272.5 0.5269681015728057
1273.0 1.3718219714158821
1273.5 0.9039430737366325
1274.0 0.8413292903830436
1274.5 0.6604231560530365
1275.0 0.7498347082854557
1275.5 1.0751114439808027
1276.0 1.3032424646080243
1276.5 0.751368590669323
1277.0 0.683713579885729
1277.5 0.8128488872745196
1278.0 1.317035185781171
1278.5 0.7650472348231672
1279.0 0.7816087550683268
1279.5 1.2394324896271478
1280.0 0.9955424887737299
1280.5 1.267452067346265
1281.0 0.7007525363628425
1281.5 0.9455892908246524
1282.0 0.8670527704040036
1282.5 0.92448413801055
1283.0 1.2145917790062517
1283.5 0.5761487451643925
1284.0 1.1075893416122131
1284.5 0.5686220534841315
1285.0 0.5716718443964147
1285.5 0.7729666628345611
1286.0 0.8172553195586145
1286.5 1.1387518643517658
1287.0 0.5880720112167164
1287.5 0.7430411297291859
1288.0 1.0597958289978502
1288.5 0.8674203343863902
1289.0 0.8273462254426429
1289.5 0.9091545269715486
1290.0 1.124860734153164
1290.5 0.7980262983266753
1291.0 0.7988403565380764
1291.5 0.5822830669760162
1292.0 0.7589513628475695
1292.5 0.8257061032593718
1293.0 0.7427227069120312
1293.5 0.5148406675280718
1294.0 0.8482448964833477
1294.5 0.5655440170174463
1295.0 1.0586114423160016
1295.5 0.9275514234110891
1296.0 0.994228099488262
1296.5 0.683147852027892
1297.0 0.716252498578259
1297.5 1.1792712020894045
1298.0 1.1625399261460014
1298.5 0.789801061311012
1299.0 0.8267715529410307
1299.5 0.7189070080148015
1300.0 0.7330902499987266
1300.5 0.6791769720276574
1301.0 0.6682412268620461
1301.5 0.849853815221693
1302.0 1.286509834198494
1302.5 0.8755266293950861
1303.0 0.9319829256042256
1303.5 0.9340353520021549
1304.0 0.8658162483448597
1304.5 1.4697399749817144
1305.0 0.9302511888759475
1305.5 0.9032733469302561
1306.0 1.2743241989557836
1306.5 0.6211546626974749
1307.0 0.6816547716357704
1307.5 0.7225837361184263
1308.0 0.8702305896597495
1308.5 1.0583625062655115
1309.0 0.798725011041705
1309.5 0.7648785782723262
1310.0 0.9122622738368313
1310.5 0.7239597377048963
1311.0 0.9346108983476966
1311.5 0.7134185367646811
1312.0 0.6106252933653176
1312.5 1.0752018287478293
1313.0 0.5598930981233834
1313.5 0.8739662931185945
1314.0 1.2688333257820172
1314.5 0.8847464396151308
1315.0 0.6223443084471556
1315.5 0.9226756636071048
1316.0 0.6454847167600439
1316.5 0.8777732337804802
1317.0 0.8259100387245599
1317.5 1.1680340211511824
1318.0 0.7941689928076039
1318.5 1.0843746006789663
1319.0 0.8020736962921517
1319.5 0.976007266119393
1320.0 0.9609790707334052
1320.5 1.2426929200115309
1321.0 0.9817358958050408
1321.5 0.8340175023443077
1322.0 0.7651288096019047
1322.5 0.8515046534139988
1323.0 0.4936394542943244
1323.5 0.6562350354963842
1324.0 1.035442765627714
1324.5 0.682695947610157
1325.0 0.9790290216091238
1325.5 0.7443367923619153
1326.0 1.6399526593892306
1326.5 0.9583496733016257
1327.0 0.6855012119104167
1327.5 0.8773774755257433
1328.0 1.1429131029828428
1328.5 0.6985203495999381
1329.0 0.6460939904706413
1329.5 0.9450660608702439
1330.0 0.6354270278473855
1330.5 0.9115438459411036
1331.0 0.5893034956156757
1331.5 0.6123783632640379
1332.0 1.1108522245936618
1332.5 0.9093643623459162
1333.0 0.8943119476286447
1333.5 0.7347643219551594
1334.0 0.6103691666230024
1334.5 0.8235054931405372
1335.0 1.1258602113021419
1335.5 0.6190113891281237
1336.0 0.3821548673398191
1336.5 0.7081911467843388
1337.0 0.9498771425460883
1337.5 0.9131172897990265
1338.0 1.0243292127898607
1338.5 0.7193234080709294
1339.0 1.5106742395140886
1339.5 0.7352853913606416
1340.0 1.4497731314674565
1340.5 0.9571281059968458
1341.0 1.0524215466871656
1341.5 0.7631609797880805
1342.0 0.9430825921570456
1342.5 0.695166599720551
1343.0 1.442043991862531
1343.5 1.0812196971256554
1344.0 0.6295795240259963
1344.5 0.4634517299536945
1345.0 1.1574200698602444
1345.5 0.6433325339228808
1346.0 0.6120604292430025
1346.5 0.8378041218439336
1347.0 0.9336168775837821
1347.5 0.8878442357135476
1348.0 0.7665848035298529
1348.5 0.6132074379729566
1349.0 0.5831019229839693
1349.5 0.9290350985071154
1350.0 0.7644485386047888
1350.5 0.7879155553981736
1351.0 1.021928107734935
1351.5 0.9651836365427231
1352.0 1.3274022692557768
1352.5 1.240210378757237
1353.0 0.7353441720267834
1353.5 0.9835284608312527
1354.0 0.9792673159889609
1354.5 0.45765391826244856
1355.0 0.9537751405486552
1355.5 1.4542310119537254
1356.0 0.9037849456079681
1356.5 0.8757984868965096
1357.0 1.127421032919499
1357.5 0.9030572577758814
1358.0 0.8813409381041759
1358.5 1.2092070364744356
1359.0 0.7919216401649134
1359.5 1.0811767799639664
1360.0 0.7510360404251626
1360.5 0.6465947663292828
1361.0 1.110314777666562
1361.5 0.5875347432481177
1362.0 1.3393543175986684
1362.5 0.41622912988515265
1363.0 0.6565820942352716
1363.5 0.8426226300368158
1364.0 1.0786793881376742
1364.5 0.695847710640282
1365.0 1.372758410321006
1365.5 0.8176840991276291
1366.0 1.1057651672906845
1366.5 0.7009293091099156
1367.0 0.8207942871453116
1367.5 1.1074439463541303
1368.0 0.7174827708214433
1368.5 0.775658111974622
1369.0 0.8972233808228913
1369.5 0.78316181538887
1370.0 0.8962164123696058
1370.5 0.8786499292917438
1371.0 0.9015305475755684
1371.5 0.8176855553449733
1372.0 0.8523186468220906
1372.5 0.7328424050445572
1373.0 1.2720774474063603
1373.5 0.793368808929307
1374.0 1.1813434352806984
1374.5 0.951952519363126
1375.0 1.017339176037855
1375.5 0.8533519718402636
1376.0 0.8451258372082071
1376.5 1.0113784049398657
1377.0 0.976852418324309
1377.5 0.9948914216242934
1378.0 0.9854229541399235
1378.5 0.7175771091590997
1379.0 0.72434505734425
1379.5 0.6870659057513959
1380.0 0.83228346607942
1380.5 1.03762985082717
1381.0 0.8100307364620098
1381.5 0.766738995657892
1382.0 1.267365376612838
1382.5 0.736177346050572
1383.0 1.200858321646075
1383.5 0.5990252995386476
1384.0 1.3186669114379512
1384.5 0.9820444791514535
1385.0 0.6113088526692688
1385.5 1.1801708116795242
1386.0 0.9033795904370302
1386.5 1.0945409833261546
1387.0 1.0146936710444352
1387.5 0.8302150240576924
1388.0 0.7882459821574246
1388.5 1.2530622220524825
1389.0 0.7003090096402084
1389.5 0.9454034619958003
1390.0 1.0361581988835151
1390.5 0.39215579908846315
1391.0 0.7532413913425999
1391.5 0.6356370062014616
1392.0 0.9820689077587685
1392.5 0.6643440780588232
1393.0 1.1001517578779112
1393.5 0.6275345225926932
1394.0 1.4056555108486282
1394.5 0.8810665563619331
1395.0 1.1328798562097795
1395.5 0.44123811394108703
1396.0 0.7718602088683857
1396.5 1.1043826505759486
1397.0 0.5279324501060485
1397.5 0.801434767789651
1398.0 0.5729440953705887
1398.5 0.8281829685453113
1399.0 0.8680016528977543
1399.5 1.0251576589550515
1400.0 0.8328519410435835
1400.5 0.7228414185005219
1401.0 0.8386879544601755
1401.5 1.2924939815607173
1402.0 1.0156191565295374
1402.5 0.8487202842750858
1403.0 0.8405616491340508
1403.5 0.8392092411566909
1404.0 0.9058215352310797
1404.5 0.9146200437613039
1405.0 1.2450990957259656
1405.5 0.6959312803859219
1406.0 0.55233284244508
1406.5 0.9362965258531375
1407.0 1.023587188831136
1407.5 0.5138447829791617
1408.0 1.198315610527742
1408.5 0.7339913727913147
1409.0 1.0800434103308565
1409.5 0.6843317705588552
1410.0 0.848912566049868
1410.5 0.765384801384789
1411.0 0.8178764095199695
1411.5 0.8251976876344078
1412.0 0.7774612578972866
1412.5 1.237034685967491
1413.0 0.7597941559254993
1413.5 0.5246609063078624
1414.0 0.5226446704164331
1414.5 0.619181156214264
1415.0 1.0167108539719847
1415.5 0.6679973593752907
1416.0 0.6434527901671199
1416.5 0.5134481105302459
1417.0 0.8400541933433445
1417.5 1.0820045944787213
1418.0 0.8907298754283544
1418.5 0.941085078726055
1419.0 0.8147756610481354
1419.5 0.6868856889062787
1420.0 0.715317711415618
1420.5 0.5996423000496782
1421.0 0.6680013453079152
1421.5 0.7737010579785466
1422.0 0.842316034115141
1422.5 0.6782487959721779
1423.0 0.5873885763926523
1423.5 1.0039757773226823
1424.0 0.9737468444256772
1424.5 0.8344952972097534
1425.0 0.8655882350134949
1425.5 0.7462324884440155
1426.0 1.030788018317457
1426.5 0.6877273027542568
1427.0 1.045856094177563
1427.5 0.917765851145411
1428.0 0.9925470801887182
1428.5 0.8851670974090828
1429.0 1.050600866464294
1429.5 0.886177022636153
1430.0 1.0406819783271233
1430.5 0.7263926597354775
1431.0 0.5908872900124427
1431.5 0.8012851305994526
1432.0 1.0162040887207355
1432.5 0.7393641006392114
1433.0 0.7050151587742923
1433.5 0.8879018913585853
1434.0 0.71792299384922
1434.5 0.7686437695497361
1435.0 1.106556780112789
1435.5 0.7796687312115602
1436.0 0.6459663272335341
1436.5 0.9704281865939399
1437.0 0.7373221723362717
1437.5 0.896804450774836
1438.0 0.7346202015290444
1438.5 0.7590250551447435
1439.0 1.1196585312273297
1439.5 0.691297259667011
