0 0.33143164733606506
0.5 0.8852370892132022
1.0 1.1921894201028034
1.5 1.2222900116181048
2.0 1.036940793709972
2.5 0.8525772904719947
3.0 0.7568782107236878
3.5 0.5522084311348285
4.0 0.731343847449612
4.5 0.8800313811008107
5.0 0.9251255927573812
5.5 1.024757841705422
6.0 0.6974837231568624
6.5 0.7151741262120122
7.0 0.6544191863793037
7.5 1.718780272202103
8.0 0.8129102973909821
8.5 0.2
9.0 0.9188786229878145
9.5 0.9244199731071724
10.0 1.0926740843161606
10.5 1.0468546846837083
11.0 0.5853768298300049
11.5 1.0374400751428443
12.0 1.0636755614832414
12.5 0.41925132257903003
13.0 0.6812170533175923
13.5 0.541837936791727
14.0 0.9443300514361439
14.5 0.48912791531186406
15.0 1.2507535004455597
15.5 0.7727752194487103
16.0 0.8786005033910764
16.5 0.6406879143259985
17.0 0.9705473344768993
17.5 0.7208324177374634
18.0 1.2228448463128263
18.5 0.7951096443248069
19.0 0.8256414088882782
19.5 0.6411610800732364
20.0 1.1660858573451027
20.5 0.6727872418589333
21.0 0.823764466102241
21.5 0.7653945127917274
22.0 1.0688592392647367
22.5 0.8430143998980677
23.0 0.6616611709711597
23.5 0.7986340254453203
24.0 1.01883216148528
24.5 1.0602076954317405
25.0 0.8308428580483727
25.5 0.9576230695953252
26.0 0.7967530121221371
26.5 0.9550084609157752
27.0 1.473435405014911
27.5 0.5806203608057894
28.0 0.44851296713798816
28.5 0.8580153317275248
29.0 0.6720762575190147
29.5 0.8182186349280576
30.0 1.1184412225103404
30.5 0.7124680322220844
31.0 0.6039312670596321
31.5 0.8938901593171993
32.0 0.8238068394482416
32.5 0.5159803212639753
33.0 0.8758435617217626
33.5 1.3266865023179546
34.0 0.5575708977492035
34.5 0.9575894864954198
35.0 1.1171103750045175
35.5 0.998114258556581
36.0 0.9339136445006408
36.5 1.051906383750151
37.0 0.6122150213494487
37.5 0.6436903504445493
38.0 1.0300765864123251
38.5 0.6780409062273063
39.0 0.8593660806095857
39.5 0.6458687795063958
40.0 0.39410104759787173
40.5 0.9387036812030403
41.0 0.5297665277879984
41.5 0.6192613473715765
42.0 0.7517678545812712
42.5 0.7268125199924251
43.0 0.7414129832018275
43.5 1.1408689259856466
44.0 0.7543024134815527
44.5 0.9551774296990898
45.0 1.0372204801105809
45.5 1.1275382332046446
46.0 1.0896743259600505
46.5 0.9373747760614068
47.0 0.7632486125078386
47.5 0.9234180050379057
48.0 1.4224631421963472
48.5 0.8525361578993973
49.0 1.2217952296385164
49.5 0.9773612057236984
50.0 1.3026670443414152
50.5 0.5659883731871678
51.0 0.6611613950471813
51.5 0.847213124980019
52.0 0.7555396659552043
52.5 0.48560774895545367
53.0 0.7123848209322039
53.5 1.012981683016274
54.0 0.7763994239556249
54.5 0.7375003862471441
55.0 0.9221039066796037
55.5 1.2733585245199144
56.0 0.5984420981347782
56.5 0.7200143785474025
57.0 1.1586685170286275
57.5 1.0292002030547323
58.0 0.7289406661791431
58.5 0.6213776392752078
59.0 0.7831185553699471
59.5 0.5631669277768341
60.0 0.6374203046209345
60.5 0.8321277878651072
61.0 1.1203568182983386
61.5 0.7009616705016666
62.0 0.34765221108797734
62.5 0.8724484999075861
63.0 1.1372972038006086
63.5 0.7150853747830979
64.0 1.2343805426346697
64.5 0.6438979181762184
65.0 0.6377589838629647
65.5 0.9508072571353177
66.0 0.8082367594057556
66.5 0.7458752809377297
67.0 1.3625535264528263
67.5 1.111899331348226
68.0 0.6772403831206735
68.5 0.5683564195802129
69.0 0.9159778182593354
69.5 0.6648205404123868
70.0 0.5394274325364347
70.5 0.63090489432278
71.0 0.9750840321213643
71.5 0.9665202877876797
72.0 0.955708815426626
72.5 0.9764619790670517
73.0 0.8578468811677009
73.5 1.0226652673096612
74.0 1.3832060841313594
74.5 0.6841293832835731
75.0 0.6277963641373078
75.5 1.0581421707658916
76.0 1.3567480927768034
76.5 0.6917145102251776
77.0 0.564981523281509
77.5 0.6294891639842216
78.0 0.8503824679565042
78.5 0.6670408198883244
79.0 0.598898950163872
79.5 0.5873520864287594
80.0 0.6359235994243664
80.5 0.5482642428353601
81.0 0.6113617536761154
81.5 0.9640482422630705
82.0 0.2
82.5 0.9808984380516812
83.0 0.8683257767309108
83.5 0.9841883640467806
84.0 0.7555711473390367
84.5 0.677593557635354
85.0 0.9513752775213971
85.5 0.5743409707030129
86.0 0.6178771586953526
86.5 0.4907361704600927
87.0 0.972172015290881
87.5 0.9391783412426857
88.0 0.926336158779214
88.5 0.35404833812714404
89.0 0.7849788905084751
89.5 0.5518209015513849
90.0 0.6145192896624572
90.5 0.6256896470552478
91.0 0.8073953750545122
91.5 0.6696373993235748
92.0 0.44768973744077706
92.5 0.570935037218488
93.0 0.581654348404725
93.5 1.196829846136049
94.0 0.7497248991560372
94.5 0.9759605253596593
95.0 0.7580981912402724
95.5 0.5181997152726605
96.0 0.8048281710069332
96.5 0.5464768114466587
97.0 1.093296974340911
97.5 0.8733442305208166
98.0 0.5807194774217646
98.5 0.7612549061538569
99.0 0.5992073184475268
99.5 0.9240127752748091
100.0 0.7221535675704807
100.5 0.6755389531436373
101.0 0.9541101309719979
101.5 0.553963722787888
102.0 1.4475084511504264
102.5 0.6267951088491098
103.0 1.0411900394160845
103.5 0.6970843801337903
104.0 1.0105849394009985
104.5 0.9839647123660296
105.0 0.7960712357411863
105.5 0.5889094858919631
106.0 0.7423201808808344
106.5 1.0270479685954421
107.0 0.7105085944097997
107.5 0.9023186221425672
108.0 0.6405414250130729
108.5 0.3403664201655417
109.0 1.1408140944945941
109.5 0.7688401868503063
110.0 0.592611771694778
110.5 0.9979504319470058
111.0 0.6392970393015023
111.5 0.8745206380112207
112.0 0.7142035727110683
112.5 0.8677921350392523
113.0 0.9839900460980657
113.5 0.9030743682482407
114.0 0.352253353850073
114.5 1.0851029068362141
115.0 0.7326728025833451
115.5 0.9856913797066671
116.0 0.7881674788858997
116.5 0.8325538318917993
117.0 0.7348699078938523
117.5 0.7504345793412082
118.0 0.7244045177452109
118.5 0.5910098908349343
119.0 0.6446319568775731
119.5 0.6709000595438337
120.0 0.9410078344016932
120.5 1.1443143408505505
121.0 0.7973555889924271
121.5 1.2868705014568513
122.0 0.5067345306792255
122.5 0.7489878378773538
123.0 0.932523237960547
123.5 1.2796205173688662
124.0 0.5470406139609114
124.5 0.6600286616553561
125.0 0.7870421316938717
125.5 0.9704363886860756
126.0 0.894979166657204
126.5 1.1189863503760509
127.0 1.230332488058877
127.5 0.8635830044670816
128.0 0.663825086916572
128.5 0.5195984428119534
129.0 0.8827995705800267
129.5 0.8033709939799356
130.0 0.5357196474777919
130.5 0.499668628648527
131.0 0.8089873686183897
131.5 1.2168538153450286
132.0 0.7505916577529046
132.5 0.6704301492079596
133.0 0.9955565504639772
133.5 0.6969376998075111
134.0 0.813160324800968
134.5 1.0132587691790218
135.0 0.9612374721221106
135.5 0.8344152174915096
136.0 0.7560756627526155
136.5 0.6466505932915696
137.0 0.837214503702649
137.5 0.8705475336326622
138.0 0.813072299268692
138.5 0.6925775822629214
139.0 1.427868716089855
139.5 0.7401268684090836
140.0 1.0477089707727723
140.5 0.6295189962022245
141.0 0.735362941702746
141.5 0.7971529769592611
142.0 0.7117506771333997
142.5 1.0580882279363224
143.0 0.7256908369402879
143.5 0.7896475789166382
144.0 1.154174696300268
144.5 1.0904194129485183
145.0 0.9769180222148242
145.5 0.789211257560853
146.0 0.714935806646343
146.5 1.28657675709702
147.0 0.889776194266711
147.5 1.0270027202892802
148.0 0.8268696919570483
148.5 0.9295599863869561
149.0 0.43622169536209376
149.5 1.3429217389523447
150.0 0.7197311640606212
150.5 0.8557176953776597
151.0 0.46986451149349523
151.5 0.7925974557468098
152.0 0.8861713565461047
152.5 1.210157251233981
153.0 0.6503639637401346
153.5 0.8718746545502583
154.0 0.9838570871100041
154.5 0.7825921724561435
155.0 0.8406570684244952
155.5 0.9158646023217498
156.0 0.8988084064674526
156.5 0.9051779992172821
157.0 0.6621268161984262
157.5 1.0932964842986852
158.0 0.6925142466685908
158.5 1.0619706766990389
159.0 0.8433327555379464
159.5 0.7764025679497042
160.0 1.2598114099421576
160.5 0.7843625322087289
161.0 0.9145457705254647
161.5 0.7238171483849234
162.0 0.5920213560833654
162.5 0.9129535486440208
163.0 1.0947246792572922
163.5 1.0355430407368686
164.0 0.37984261173510786
164.5 0.7401741301236255
165.0 0.9647678232137609
165.5 0.980992435208011
166.0 0.8073605521303426
166.5 1.551679444837127
167.0 1.086762493698328
167.5 0.6238601532613879
168.0 0.7981721742970855
168.5 0.8034553045426411
169.0 0.9273050634123942
169.5 0.8862186001600758
170.0 1.0681006254828695
170.5 0.7983747772394678
171.0 0.5950439036536825
171.5 1.0696477302911533
172.0 0.9597781528756262
172.5 0.49366035617370524
173.0 0.8856913340489785
173.5 0.634905573518646
174.0 0.9724910792851398
174.5 0.6943738782066247
175.0 0.7907334152471799
175.5 0.7002698788206712
176.0 0.6964240676206215
176.5 1.4618135270085626
177.0 1.0866669359556809
177.5 1.0443340577338283
178.0 0.98664117661258
178.5 0.8796109033278012
179.0 1.5088764407413755
179.5 0.9368856291974184
180.0 0.8830438163357603
180.5 1.277933719818202
181.0 0.6625235307600035
181.5 1.0445240973937167
182.0 0.5576810507644492
182.5 0.6321728454775593
183.0 0.7918502282415609
183.5 0.7232470127139042
184.0 0.5334469184084166
184.5 0.6656022643287662
185.0 0.33745414564779547
185.5 0.6291172083631899
186.0 0.6312684333090359
186.5 0.5143484933736433
187.0 1.0216351785401152
187.5 0.38870560400447723
188.0 0.3699540695353101
188.5 0.9090758308224429
189.0 0.6662105249697274
189.5 1.0192604269642553
190.0 0.7965142440926583
190.5 0.4970445048907842
191.0 0.749495970186651
191.5 0.8448468098087287
192.0 1.0089512066250563
192.5 0.9436241836711252
193.0 1.268307672892199
193.5 0.9074412258912434
194.0 0.8097610589733313
194.5 0.8773985535750315
195.0 0.5845196024184663
195.5 0.8696859957650656
196.0 0.9343572771061293
196.5 0.7506018954258221
197.0 0.8967005460785671
197.5 0.9246244902323977
198.0 1.1081898660245781
198.5 0.7390572772437427
199.0 0.8993617079529869
199.5 1.3101021288540347
200.0 0.8814253541243706
200.5 0.8085225713315414
201.0 0.9034994681893371
201.5 0.6757693087234833
202.0 0.5692051855337741
202.5 0.6532010521358069
203.0 0.5287360436090882
203.5 0.7091617890196217
204.0 0.8661640706136964
204.5 1.0473980054369942
205.0 0.646006726334458
205.5 0.22582386568404184
206.0 0.9784438017518207
206.5 1.3253632260809523
207.0 1.2351056932317008
207.5 0.6644197096048037
208.0 0.9007276056895204
208.5 0.6930210816347022
209.0 0.5349599721961674
209.5 0.6842035770711221
210.0 0.6949719585852658
210.5 0.7197823096297482
211.0 0.46371079018519756
211.5 0.719701174940899
212.0 1.0212089135832652
212.5 0.8546120094785347
213.0 0.82859064809277
213.5 0.8214493190370136
214.0 1.6162809447229427
214.5 0.8227421184783927
215.0 1.1531659539543502
215.5 0.7253214219311516
216.0 0.7420487580864277
216.5 0.8571000298183455
217.0 0.8340392994357411
217.5 1.4569699282398794
218.0 1.2273475997298444
218.5 0.8970962073196469
219.0 0.822986720895992
219.5 0.40749675161498405
220.0 0.98456772361035
220.5 1.0059856700893997
221.0 0.7522650704029539
221.5 0.8916616767770031
222.0 1.0800413408149374
222.5 0.7506990238092721
223.0 1.0035744370662363
223.5 1.2096810861004055
224.0 0.9424681429152223
224.5 0.663283546885029
225.0 0.8958768904094672
225.5 0.8626038587621823
226.0 0.7897351876827248
226.5 0.9665116725673406
227.0 1.0305549038950648
227.5 1.0605559448468564
228.0 1.183528794133837
228.5 0.4773632874805058
229.0 0.9219811823697441
229.5 1.0718109031911447
230.0 0.8594973294095529
230.5 1.132903641114661
231.0 0.9853375862464222
231.5 0.9707032257997321
232.0 1.4269021642131576
232.5 0.8392835102317824
233.0 0.852424655805228
233.5 1.050643287261833
234.0 0.7370987004031806
234.5 1.0923889620494562
235.0 0.712288009700768
235.5 0.8614986935618796
236.0 0.42410145621487566
236.5 0.8762945978842882
237.0 0.7070246486648799
237.5 0.9067378964715687
238.0 0.7009429619321311
238.5 0.4896100003814635
239.0 0.7242127219763446
239.5 0.7419052624480784
240.0 0.8253525981417806
240.5 0.9509916476424505
241.0 1.224920705314209
241.5 0.9677491200582351
242.0 0.8095844284024903
242.5 0.650851398983134
243.0 0.7947879627375514
243.5 0.8694503141457417
244.0 1.0571600460371606
244.5 1.4944996011843092
245.0 0.26490588386148
245.5 0.9748603277581056
246.0 0.7906047457419271
246.5 0.5291843595280221
247.0 0.9632121282234019
247.5 0.9637740918501023
248.0 1.153376297871859
248.5 1.0173200874224075
249.0 0.6087358815925618
249.5 0.6447312418937239
250.0 1.0264841323660874
250.5 0.8218202748595107
251.0 0.6449535317013446
251.5 0.7210046651193335
252.0 0.8856630740392917
252.5 1.0675977576201514
253.0 0.7072333438104277
253.5 0.522358057559313
254.0 0.6252081475750177
254.5 0.9982970397758371
255.0 0.743911346752492
255.5 1.1304542915514737
256.0 0.849199489754694
256.5 0.784779047579478
257.0 1.120693429770282
257.5 0.5419492982729481
258.0 1.0534181319659397
258.5 0.5643325525545275
259.0 0.8575754177095605
259.5 0.6696960118146695
260.0 1.14332600560868
260.5 1.3076793127795836
261.0 0.9002195538878837
261.5 1.0041744609173624
262.0 0.7111394381389049
262.5 0.7055774116854079
263.0 0.8814521667477333
263.5 0.5344358503618292
264.0 0.789796487590968
264.5 0.7408396470428608
265.0 0.9867703153601572
265.5 0.7254194720335227
266.0 0.7827416217774563
266.5 0.96587798672311
267.0 0.8156707213708745
267.5 0.6809726437038797
268.0 0.4420977459699177
268.5 0.8472286592301148
269.0 1.0974837718427934
269.5 0.6182296687815707
270.0 1.0308488860155856
270.5 0.5221386899378065
271.0 0.8341870608361164
271.5 1.1425743459829467
272.0 1.255944009324707
272.5 1.1041279336753043
273.0 0.9518761048480375
273.5 1.014374219136928
274.0 0.7608108910402871
274.5 0.5738966580890723
275.0 0.6009715825305884
275.5 0.7776109333629366
276.0 0.735895401167169
276.5 0.7672272336848787
277.0 0.619429651756209
277.5 0.6029330730270923
278.0 1.0963176234037606
278.5 0.7846589723053234
279.0 0.49418620897816296
279.5 0.7664190827060045
280.0 0.8365493471971053
280.5 0.6067193989433015
281.0 0.9781659698855192
281.5 0.9159249591065393
282.0 1.0792250090287783
282.5 0.9396990408921488
283.0 1.1500252037439889
283.5 0.7187293124438052
284.0 0.8315337869814081
284.5 0.8439505751365131
285.0 0.7590290739953938
285.5 0.7890766214361586
286.0 0.702063863624979
286.5 1.0255882925998394
287.0 0.5054329905620207
287.5 0.7374955503127394
288.0 1.0148854765465842
288.5 0.5744648357882727
289.0 0.7115635151919936
289.5 0.8123681830561627
290.0 0.5417471702131571
290.5 0.62300409593373
291.0 0.6727280990587341
291.5 0.7227614225455996
292.0 0.769687642457118
292.5 0.8698360716458402
293.0 0.8796970695186714
293.5 1.165906660838872
294.0 1.1101509697780332
294.5 0.9603870789963611
295.0 0.45885401403744497
295.5 0.3380244248276451
296.0 0.6782198467994801
296.5 1.0517506837802022
297.0 1.0646903819794504
297.5 0.9625743864881962
298.0 0.6989438106032826
298.5 0.8184986912853931
299.0 0.6593460562186229
299.5 0.748751194161271
300.0 0.7018063504451546
300.5 0.7644006465635034
301.0 0.828836395076564
301.5 0.6116625203360293
302.0 0.727107844319822
302.5 0.5910535366957569
303.0 0.8778070343434885
303.5 0.7713838138457628
304.0 0.5807848984303428
304.5 0.5167261109105183
305.0 1.0383083469180336
305.5 0.5500172392072121
306.0 0.5464717595940307
306.5 0.6438211893142395
307.0 1.0341020019895375
307.5 0.4511091178638654
308.0 0.9136696086788821
308.5 0.7872804064735657
309.0 1.1054493565227952
309.5 1.4858979299353372
310.0 1.0089996714713203
310.5 0.8558729763903814
311.0 0.7254418724901106
311.5 1.1659505487124766
312.0 0.8306429294387454
312.5 1.3729167166504719
313.0 0.7479250613945865
313.5 0.7896806214065166
314.0 0.7045814963718846
314.5 0.8096591120212782
315.0 0.8230475207291473
315.5 1.443891444679184
316.0 0.6006346661144779
316.5 0.9266512411498116
317.0 1.4815609716161642
317.5 0.6350898070954385
318.0 0.7075714525412153
318.5 0.6186895893722246
319.0 0.888205062413419
319.5 0.7311438133405481
320.0 0.7406489049665865
320.5 0.5736393021132028
321.0 0.6056845602665257
321.5 0.7631168702767033
322.0 1.0302590321671876
322.5 0.8621285200201624
323.0 0.9542537810536715
323.5 0.6643620718332273
324.0 0.7296204649572217
324.5 0.8274636729025889
325.0 0.635271744984588
325.5 1.1515855022465626
326.0 1.011527747808523
326.5 0.6956534207518681
327.0 0.5548152688284371
327.5 0.5685486677669069
328.0 0.8990450757074158
328.5 0.8096983380367058
329.0 0.8666396860790775
329.5 0.4316038504707393
330.0 1.3481420732892273
330.5 0.9170526302108732
331.0 1.1508713080174005
331.5 0.6913134609360909
332.0 0.6310652349445314
332.5 1.3134799783422577
333.0 1.1391229165404562
333.5 0.42619162582375053
334.0 0.7092875665626335
334.5 0.7861417452796597
335.0 1.1807939889997938
335.5 0.7464726416724139
336.0 1.145466521624112
336.5 0.9356564145624886
337.0 1.2280506058054
337.5 0.5227245350366205
338.0 1.0542761986759208
338.5 0.6546995578855508
339.0 0.8322168834515318
339.5 0.7671797574540091
340.0 0.8049695167724906
340.5 1.0570773648802603
341.0 1.1460641762933843
341.5 0.6316904996744486
342.0 0.8607395660815864
342.5 1.0732006416581585
343.0 0.7417340203443519
343.5 0.8539631248888555
344.0 0.7584903858636385
344.5 0.9187000660502416
345.0 0.8697718370446696
345.5 0.7213507404194611
346.0 0.5745834551226057
346.5 1.2948207346780185
347.0 0.8724710272704459
347.5 0.7494457835044961
348.0 1.0413157235938202
348.5 1.1723426467347904
349.0 0.938659040780786
349.5 1.0641064059040775
350.0 1.0913599552025608
350.5 0.7121722591969124
351.0 0.7023856442579164
351.5 0.7006573926005693
352.0 1.0098960455345967
352.5 0.5108184393808246
353.0 1.0543674445508249
353.5 0.6161016864187606
354.0 0.6577304831265647
354.5 0.6985902420989436
355.0 0.32033887684571294
355.5 1.006569088687346
356.0 0.5134099399249332
356.5 0.8497076798711584
357.0 0.9317650823458152
357.5 1.0494451115658237
358.0 0.5706344834119981
358.5 0.7167992389310842
359.0 0.7034009008573268
359.5 0.8281084462291535
360.0 0.8087338893592002
360.5 1.4641171871845262
361.0 1.1662380942496273
361.5 0.8760912294567421
362.0 1.166258741221448
362.5 0.8749547115991128
363.0 0.8578316844932423
363.5 1.2004477200443653
364.0 0.9122450070499974
364.5 0.6375191637375537
365.0 0.882415590867476
365.5 0.7095988518238983
366.0 0.8832437992251874
366.5 0.34934382711226386
367.0 0.9274098369539996
367.5 0.8107364538307363
368.0 0.35728357268923344
368.5 1.202200082616147
369.0 0.9856453457543912
369.5 0.6893966457280801
370.0 1.0948229380664967
370.5 0.703947631329616
371.0 0.6536971053103766
371.5 0.6464309673384347
372.0 0.556252805052752
372.5 0.7418043074872815
373.0 0.6545084563084658
373.5 1.074477723342048
374.0 0.8966173197161892
374.5 0.567441177944767
375.0 0.7097031708050607
375.5 0.9502311609716936
376.0 0.6430499273722179
376.5 0.753792029991324
377.0 0.8704945893972624
377.5 0.48735858155797107
378.0 0.24299049509495746
378.5 0.7067313771750192
379.0 1.3215056975296762
379.5 0.8741809603633472
380.0 0.7673499180670771
380.5 0.939218560457292
381.0 0.37908456043022787
381.5 0.8232073702707292
382.0 0.8136415196002829
382.5 0.6357268281369655
383.0 0.4522491554422355
383.5 0.8309058908080378
384.0 1.0745960526743137
384.5 0.8018666497017668
385.0 0.6176070400636715
385.5 0.7667345239169736
386.0 0.9062128019320494
386.5 0.7074773861934076
387.0 1.068239793831922
387.5 0.2834617092802633
388.0 0.7349296705897881
388.5 0.6893566174408492
389.0 1.6781692406267812
389.5 1.2017943211292514
390.0 0.9903911017752407
390.5 0.8743794387988633
391.0 0.6958577905481085
391.5 0.9622653349632293
392.0 0.7862431817768754
392.5 1.203694308688919
393.0 0.9956246641016291
393.5 0.7992680499611511
394.0 0.7392623008680006
394.5 0.6042281765968427
395.0 1.1560282499291852
395.5 0.762028989765493
396.0 0.5083957024580837
396.5 0.7347049676295974
397.0 0.694386751076455
397.5 1.130835499824831
398.0 0.685480857395788
398.5 0.46653543527173297
399.0 1.0840294653513665
399.5 0.9088391356999963
400.0 1.2455210389310518
400.5 1.3696659529406885
401.0 0.7694664647397274
401.5 1.2386278865715594
402.0 1.1150609856093152
402.5 0.8984549090932692
403.0 0.6487205300857365
403.5 1.0872634282048304
404.0 0.5451411971288513
404.5 0.7332572402719738
405.0 0.5379923862920724
405.5 0.8598659087362979
406.0 0.8423118440805359
406.5 1.0575273140059882
407.0 0.6778571692897442
407.5 0.9197981479782942
408.0 0.9060103416137197
408.5 0.8425501258294048
409.0 0.6176694607286211
409.5 0.8698310121059754
410.0 0.40662310871142276
410.5 0.8062697007765642
411.0 1.056831123946587
411.5 0.8337433542249131
412.0 0.5767239548821251
412.5 0.7703244506111461
413.0 0.5360318290057875
413.5 0.7112540118933004
414.0 0.6732728392468819
414.5 1.3563276803573288
415.0 0.8048843245161394
415.5 0.5219096624855213
416.0 0.7353034956444477
416.5 0.4336943049352029
417.0 1.1489502132293106
417.5 0.5523218399822233
418.0 0.96442290786945
418.5 0.9881312878209725
419.0 0.724838787778572
419.5 0.7645588834276994
420.0 0.7363559212672377
420.5 0.6871148255728412
421.0 0.8925978207648078
421.5 0.6490849128347782
422.0 0.5757928617526222
422.5 0.7870078161727636
423.0 0.6710234366112954
423.5 0.49441831292782257
424.0 1.1188375660954528
424.5 1.028063381397532
425.0 1.0268564533593905
425.5 0.8867360565110006
426.0 1.0498585379675247
426.5 0.8440910810990365
427.0 0.844086619585771
427.5 1.0057317898740983
428.0 0.752870898470023
428.5 0.929763832689557
429.0 0.9158268611105971
429.5 0.6913001299238746
430.0 0.6965049040794361
430.5 0.7768290218703924
431.0 0.44263429809042126
431.5 0.9213998654701689
432.0 1.0731076753894948
432.5 0.635897687936589
433.0 0.5405776738903432
433.5 1.0136660422385162
434.0 0.49541956801991366
434.5 0.6612017646817843
435.0 0.8422499923653184
435.5 0.6384206113311501
436.0 0.8749082296201143
436.5 0.5916904148832348
437.0 0.9624066660116288
437.5 0.6349024758773747
438.0 0.6989963258489531
438.5 0.450024704728826
439.0 0.6755779567222338
439.5 1.0504233612815113
440.0 0.318679572064477
440.5 0.391964299678976
441.0 1.001068633856704
441.5 0.6539766205113906
442.0 0.8425559538605895
442.5 0.6122705383479863
443.0 1.1281839090797234
443.5 0.6069280432416961
444.0 0.9313225486960806
444.5 0.7226840250534134
445.0 0.726738540199005
445.5 0.6243807646843738
446.0 0.4488947869050002
446.5 0.4437870003635745
447.0 0.6992253613310357
447.5 1.169895767309806
448.0 0.9798585264122983
448.5 1.3442045965039282
449.0 0.757307431338367
449.5 1.0786952698125873
450.0 0.9040857099418207
450.5 0.7429122197286803
451.0 0.8090030096402816
451.5 1.1380451779039558
452.0 0.8248311253768714
452.5 0.7693683496081674
453.0 0.723873751385636
453.5 0.49204377868756805
454.0 0.834278926485527
454.5 0.7516660732389688
455.0 1.0532712248936975
455.5 0.6066184323863024
456.0 0.7535153495796127
456.5 1.031607449761181
457.0 0.9665259093621608
457.5 0.65696945560617
458.0 0.9387995388549246
458.5 0.6499998473944715
459.0 0.6836127950859416
459.5 1.7996852339396943
460.0 1.2721825513455574
460.5 0.9758622856802366
461.0 0.5794459077481713
461.5 0.7007062821102252
462.0 0.6066325179365557
462.5 0.7647628787517038
463.0 0.5366544973784617
463.5 0.7723181536144199
464.0 0.6577072392025415
464.5 1.1435860991300812
465.0 0.9766285546205926
465.5 0.7702525609385396
466.0 0.8383421437581475
466.5 1.54488465963371
467.0 0.7607623769096254
467.5 0.5150986006572531
468.0 1.0299775333219772
468.5 0.8155116513393343
469.0 0.9196954552832615
469.5 0.7793148967005785
470.0 0.7829743352147139
470.5 1.3035364168733614
471.0 0.5571221236528912
471.5 1.082177387572974
472.0 1.0344557866996038
472.5 0.6393795596997117
473.0 0.7733799944605847
473.5 0.8635604179306631
474.0 0.8591311552359157
474.5 0.8736927424757381
475.0 1.117276852457515
475.5 1.1086307987035293
476.0 0.627046124023513
476.5 0.7196795335200887
477.0 0.7392940348364339
477.5 0.8023619409289946
478.0 0.7678810130685306
478.5 1.185532007168343
479.0 0.8173352647647867
479.5 1.0011460302368902
480.0 0.6055348451945521
480.5 0.8341639407620366
481.0 0.7733527737127472
481.5 0.6030669398734356
482.0 1.077980583100853
482.5 0.6530439260863771
483.0 0.8159468952155124
483.5 0.5651603333549122
484.0 0.5818803772594825
484.5 1.1293365746628945
485.0 0.8161255183754195
485.5 1.0421524220493217
486.0 0.8375666411074296
486.5 1.1188936130674803
487.0 0.7347148532539625
487.5 0.5173341950677932
488.0 0.6851836337312981
488.5 0.8861315622527148
489.0 1.2870374927325618
489.5 0.697713542569939
490.0 0.6807754007122828
490.5 0.7503368415781857
491.0 0.9229043861849147
491.5 0.7873012878775447
492.0 0.8538272495261583
492.5 0.6055863615603101
493.0 0.7800479502266389
493.5 0.7185530089893488
494.0 1.306375516698794
494.5 0.5746760237880961
495.0 0.731433060616473
495.5 0.958341341599106
496.0 0.8604906435516952
496.5 0.8751771319782188
497.0 0.6636080560899886
497.5 0.9605155134413719
498.0 0.8985722167231922
498.5 0.6507374211763313
499.0 0.6328085455687609
499.5 0.772968149335129
500.0 0.7605504170352908
500.5 0.769824847656214
501.0 0.8566599778843167
501.5 0.9348078528194883
502.0 0.9862094451500343
502.5 0.8011989716419188
503.0 0.6900737848157592
503.5 0.5289939322564812
504.0 0.8141392717464397
504.5 0.6556202818015231
505.0 0.9642880886634575
505.5 0.6837378669631766
506.0 0.999534093527946
506.5 0.7803132749577781
507.0 0.7077778975311714
507.5 0.6464769597791293
508.0 1.1519330503264746
508.5 0.721626545179261
509.0 1.0859056129242879
509.5 0.8554403216354409
510.0 0.707036269332918
510.5 0.8579103199596905
511.0 0.9246842152000856
511.5 0.6466799004522664
512.0 0.7969806259504781
512.5 0.6404041427663624
513.0 0.7354377945941306
513.5 0.8347617740277375
514.0 0.4367345183149238
514.5 0.7927214794434696
515.0 0.9459671508678371
515.5 0.5768136697352869
516.0 0.6580491179410792
516.5 0.9237649795576861
517.0 0.5711379216110095
517.5 0.9716643647717691
518.0 0.5719162956853361
518.5 0.8540538505259374
519.0 0.800301512499179
519.5 0.9145395256790343
520.0 1.4433194219550989
520.5 1.2214196004693865
521.0 0.7404249779325605
521.5 1.1629233481161019
522.0 0.5074564290122889
522.5 1.2504668333355167
523.0 0.8063498214398924
523.5 0.5152489944968306
524.0 0.8043110820527501
524.5 0.8743711453217955
525.0 0.6886835073696393
525.5 1.1950947356430945
526.0 0.7381809785219161
526.5 0.47328980665419496
527.0 0.9064425295937071
527.5 0.80217920421291
528.0 1.0921450470246505
528.5 0.4288434592510458
529.0 0.7340425144833056
529.5 0.5463350614290714
530.0 0.9574031735336339
530.5 0.7875652094155614
531.0 1.432349546266818
531.5 0.6392648613199206
532.0 1.0285151532959675
532.5 0.7326617272851899
533.0 0.9557416007944219
533.5 1.0486410100289685
534.0 1.4803447012409132
534.5 0.7175252479984109
535.0 0.5141311291366122
535.5 0.6949867030254464
536.0 1.1142364593791303
536.5 0.8174845933487462
537.0 1.0214018245171654
537.5 1.3617970797626513
538.0 1.2247237888278695
538.5 0.8891175006261756
539.0 1.4508191707868372
539.5 0.8890296316228281
540.0 1.1475903939147127
540.5 0.704847499230548
541.0 0.5836915370546811
541.5 1.0842156643530034
542.0 0.48235193395323656
542.5 0.6404185320718302
543.0 0.8841505633211664
543.5 0.655485473155787
544.0 0.846121267142087
544.5 0.4695917835200275
545.0 1.2097183316607694
545.5 0.9501702957173579
546.0 0.8639667634906907
546.5 1.041489518741177
547.0 1.0235560412023874
547.5 0.8220117341665938
548.0 0.5579976357393667
548.5 0.6495698542844681
549.0 0.3377248264842591
549.5 0.7835872776035522
550.0 0.7248565884011416
550.5 0.8635228500310754
551.0 0.8588678073080556
551.5 0.6530050692401363
552.0 0.8111595589775975
552.5 0.5218401365452139
553.0 0.9004305954958631
553.5 0.7679392297365724
554.0 0.8361795815717583
554.5 1.1494509411193294
555.0 0.7844785359101238
555.5 1.1800978633347992
556.0 0.5395055064297384
556.5 0.8594043030318088
557.0 0.6488941325700797
557.5 1.2615580353679219
558.0 0.7298536796094521
558.5 0.7471738243994492
559.0 1.3531699345792771
559.5 0.5955607098192413
560.0 1.2498080753749006
560.5 0.9319125019475897
561.0 0.8831590338372477
561.5 0.42159214985275895
562.0 1.011416580020518
562.5 0.7619901259404769
563.0 0.780963780227242
563.5 0.6935382676850135
564.0 1.06048209070948
564.5 0.8106999195519144
565.0 0.7264631430145478
565.5 0.46524904025247077
566.0 1.0835292901049562
566.5 0.9232704006307699
567.0 1.2725040539499137
567.5 0.6387885589911353
568.0 1.0747947156145774
568.5 0.8758870119300439
569.0 0.9410909347260743
569.5 0.9960642856062101
570.0 0.6890373878124421
570.5 0.6298406663766745
571.0 1.2062368356487922
571.5 1.3417917559119181
572.0 1.051884159976719
572.5 0.96100856191697
573.0 0.8371050627067638
573.5 0.5238328996000172
574.0 1.1689249921224099
574.5 0.7737041993228391
575.0 0.8332343589013684
575.5 0.7982414848635488
576.0 1.1234714237936936
576.5 0.8332601947946499
577.0 0.9276263002499772
577.5 1.3961517561547667
578.0 0.652942020207057
578.5 1.0943137155109979
579.0 0.9119370655542413
579.5 0.8583934123611279
580.0 1.4036564922611758
580.5 0.548206593276083
581.0 0.727157851141089
581.5 0.5437389326150899
582.0 0.7757592040951344
582.5 1.0053565958292567
583.0 0.8655563116057612
583.5 0.8111842689612128
584.0 0.5525577611520486
584.5 0.7149859688238023
585.0 0.9984193158395225
585.5 0.8494362495815091
586.0 0.8169285774750066
586.5 0.8394089727426617
587.0 1.0830682588844731
587.5 1.0404758759124038
588.0 0.7942960116406653
588.5 0.682104476482325
589.0 0.6054985396154675
589.5 0.8312875027516478
590.0 0.7235903117181254
590.5 0.5466753755878184
591.0 0.9289613804582124
591.5 0.9041764109649897
592.0 0.731809752763658
592.5 0.9252363735696545
593.0 0.8907803685103417
593.5 0.7647578676690305
594.0 1.0937717895760104
594.5 0.5553536293625578
595.0 1.0691112383592813
595.5 0.7322435285243172
596.0 1.2010931155380602
596.5 0.783998254257579
597.0 0.6918149240495426
597.5 1.2168710968532532
598.0 1.0663954956883341
598.5 0.5197648709946913
599.0 0.6872628138960981
599.5 0.6811476882728877
600.0 0.9477860643104636
600.5 0.7206991020045204
601.0 1.187173910853857
601.5 0.9095653693112735
602.0 0.8829984811610472
602.5 0.578209233032337
603.0 0.9105431368349817
603.5 0.9613069148954776
604.0 0.8386050281958439
604.5 0.6130927186718546
605.0 0.6334929914252725
605.5 0.687122775250008
606.0 0.842610617661741
606.5 0.5163971678074422
607.0 1.0295343070620455
607.5 0.5995370398683997
608.0 0.2
608.5 0.8019322196453658
609.0 0.6046211921280219
609.5 1.1028123404431236
610.0 0.647263977831589
610.5 1.2979636108649333
611.0 0.8032763767231736
611.5 0.7125660350944594
612.0 0.8749023862289442
612.5 0.9190278358961665
613.0 1.1621767078982603
613.5 0.9472898212756187
614.0 0.7526748027482346
614.5 1.1301478858489704
615.0 0.9580745726654374
615.5 0.9153082999951943
616.0 0.6106526422637422
616.5 0.88839209779042
617.0 0.6503151426052172
617.5 0.7957476896590614
618.0 0.7672427107948439
618.5 0.870032624887582
619.0 0.9534778262601471
619.5 1.3756460558265693
620.0 0.9478275065687622
620.5 1.224224625590455
621.0 1.0546452154850767
621.5 1.1186178123994481
622.0 0.828806829352758
622.5 0.8480928263961385
623.0 0.836453993402076
623.5 0.4054464153893537
624.0 0.45482169320505283
624.5 1.0341348153871905
625.0 0.9398095457489377
625.5 0.9124670040052822
626.0 0.6786519254962133
626.5 0.7421732122651052
627.0 0.794928769315754
627.5 0.5112515887460791
628.0 0.6628276721273987
628.5 0.8636346471103806
629.0 0.9728700471235996
629.5 1.2207089506863467
630.0 0.7201386267406809
630.5 1.3003673238735174
631.0 0.4510131127252334
631.5 0.6702247433864457
632.0 0.7030168911423553
632.5 0.7434641151080437
633.0 0.9151183963790748
633.5 0.6580731482428692
634.0 0.9130640956747154
634.5 0.2
635.0 0.7985915547191522
635.5 0.7057007983660644
636.0 1.0537578389766045
636.5 1.3616864214560949
637.0 1.1633117850683095
637.5 0.6078771039740594
638.0 0.7882197019247674
638.5 0.6348588624906759
639.0 1.159696717837558
639.5 0.6004836048143258
640.0 0.9758890118513246
640.5 0.6771170767483894
641.0 1.3243860588305227
641.5 1.1475757522433832
642.0 0.7627962087852843
642.5 0.7140458243012867
643.0 0.901485813640442
643.5 1.336522448033891
644.0 0.9543559707502018
644.5 0.6898065085810217
645.0 0.874754617762016
645.5 0.9737454594632147
646.0 0.8528116009386455
646.5 0.8626693450662841
647.0 1.1080942925572745
647.5 0.6657315447788248
648.0 0.9989066743193837
648.5 0.9091632912470411
649.0 0.8124186925271448
649.5 0.6816458113307251
650.0 1.0311343980587333
650.5 0.8722794387299773
651.0 0.7593501609566382
651.5 1.0467736497605702
652.0 1.0093300156247267
652.5 1.2294731553159568
653.0 0.6979387272851258
653.5 1.2853072004876036
654.0 0.8662949941611661
654.5 0.8186934041302798
655.0 1.5408775121221832
655.5 0.6327714692943035
656.0 0.7457610801177377
656.5 0.7371165486818864
657.0 1.2917527656166177
657.5 0.6633026604638268
658.0 0.8397693173678213
658.5 0.5271852104875843
659.0 0.6192996186975193
659.5 0.7314535722456255
660.0 0.9557653604109051
660.5 0.64557898523415
661.0 1.05486468229857
661.5 0.6706773290975527
662.0 1.0072834527949783
662.5 1.3211362779049651
663.0 0.6470397256042719
663.5 0.9126592389345303
664.0 0.7372150089843449
664.5 1.3665014587445943
665.0 1.145090989118512
665.5 0.8828083393445771
666.0 0.9942080445938002
666.5 0.9022904237839147
667.0 0.8698211868862005
667.5 1.2680495710873028
668.0 1.0365615188601014
668.5 0.7008845675014033
669.0 0.5686259346062159
669.5 0.8522839305438277
670.0 0.3888173199158898
670.5 1.0775825822588212
671.0 0.8063117089706957
671.5 0.5203844172687739
672.0 0.8853294129208638
672.5 0.7060378869379973
673.0 0.8360533082036292
673.5 0.7700834577702904
674.0 0.8493055363179196
674.5 0.5276898006937586
675.0 0.9232957487051623
675.5 0.7136063439901833
676.0 0.8460671727266074
676.5 1.1317130584075115
677.0 0.6710202185469695
677.5 1.1381844689474299
678.0 0.544883436664265
678.5 0.7654959522299023
679.0 0.954536401818624
679.5 0.3569240493336126
680.0 0.8674490226229208
680.5 0.8845552637475327
681.0 0.7237726388737162
681.5 1.1698462661951459
682.0 0.9645981639823988
682.5 0.7636538030171136
683.0 0.8126935445249297
683.5 0.6047837445013953
684.0 1.2186075274681432
684.5 0.8673822054144966
685.0 0.5176064255546224
685.5 0.6499104558751947
686.0 0.7557956910572898
686.5 0.630719271242981
687.0 0.7896818936971286
687.5 0.7997154274118297
688.0 1.0385723322154778
688.5 0.7261938141488126
689.0 0.9115089936729472
689.5 0.7696446763210032
690.0 1.1930928971922141
690.5 1.1949001174367584
691.0 0.8642400550473707
691.5 1.1995040460090143
692.0 0.7727054292229019
692.5 1.0048249220268388
693.0 0.7880444404699485
693.5 0.686961247362704
694.0 0.9292139335217537
694.5 0.7707103963608135
695.0 1.0678536929823306
695.5 1.2302685616833209
696.0 1.3959481625517007
696.5 1.0520152572962258
697.0 0.9545921165571629
697.5 0.8620066212096458
698.0 1.272066432385019
698.5 0.8401575703414027
699.0 0.8786208910453603
699.5 0.8627187939185859
700.0 1.0438257020175385
700.5 0.7243146923776158
701.0 0.8281242148885322
701.5 0.2937848032707123
702.0 0.9663431509073295
702.5 1.0031069401999275
703.0 0.6110332132819555
703.5 0.7714414325211978
704.0 0.8283244630397648
704.5 0.6083625472078082
705.0 0.8957535326397403
705.5 0.6876859260770947
706.0 0.7348646838140376
706.5 0.7878847208624273
707.0 0.8151794793251679
707.5 0.7930882722561174
708.0 0.7988030538730546
708.5 0.6242054302709769
709.0 0.7686680388476084
709.5 0.8689788190321299
710.0 0.8714520613528887
710.5 0.8085425254495456
711.0 1.3208450249423223
711.5 0.47405108495778947
712.0 1.172805633363661
712.5 0.5123445734862897
713.0 0.5784754440811114
713.5 0.5890079252940714
714.0 0.770053059314671
714.5 0.8624400896015143
715.0 1.1764504259448498
715.5 1.0367926499647815
716.0 1.0021972228760685
716.5 0.8038678601545866
717.0 0.4047594889158649
717.5 1.4774425888391207
718.0 1.1879977483680928
718.5 0.698904705037833
719.0 0.9038715231254634
719.5 1.2595860862532804
720.0 0.8148740075477476
720.5 0.7380925474921955
721.0 0.973207836167407
721.5 0.9054917754262155
722.0 0.8472682876303339
722.5 0.9546780115566604
723.0 0.8368034870376284
723.5 1.1527116913202566
724.0 0.5799693247354893
724.5 0.777945747824887
725.0 0.820195321917643
725.5 0.7482987991789611
726.0 0.911539593120145
726.5 0.9142555099401911
727.0 0.65602904979321
727.5 0.9042791671677917
728.0 0.6842653532456071
728.5 0.6743494940164256
729.0 0.8919242644413541
729.5 0.786428668517569
730.0 0.9388225044235032
730.5 0.7565503353158763
731.0 0.9586887225674308
731.5 0.5793793257224976
732.0 0.8534484956525066
732.5 0.46559928994253513
733.0 0.4745079400392035
733.5 0.8560187808887596
734.0 1.0586448395205403
734.5 0.7901981906810398
735.0 0.8011554771067204
735.5 1.0355929795690864
736.0 0.7468357315004541
736.5 0.8714841830783038
737.0 0.6946862377217202
737.5 0.9476677345439779
738.0 0.8057720300635136
738.5 0.4061105030878678
739.0 1.2015046417153266
739.5 0.856128709925287
740.0 1.598353570130355
740.5 0.7837776996334311
741.0 0.3903403213946197
741.5 0.6370982062686046
742.0 1.058045331921693
742.5 0.7118196592182975
743.0 0.44400389284884173
743.5 0.9671093169601792
744.0 0.7855585166087198
744.5 0.9551038520367334
745.0 0.6656149198605426
745.5 0.9759252287727143
746.0 0.8353071124645017
746.5 1.013218152641832
747.0 0.9035605309765056
747.5 1.2136490453469497
748.0 0.7361936534551681
748.5 0.6412698475905201
749.0 0.8387328650751502
749.5 0.658771087601108
750.0 0.8343203430675643
750.5 1.2060095024626671
751.0 0.5889451360785705
751.5 1.0312337360461963
752.0 0.9464899380167853
752.5 0.959926775883722
753.0 0.8496989402147845
753.5 0.9525973773270622
754.0 1.3270896274671014
754.5 0.8088517768489315
755.0 0.9821639217368909
755.5 1.1212822784307004
756.0 1.4397926812045123
756.5 0.9662167920312144
757.0 0.9246478447387443
757.5 0.6698925735544481
758.0 0.7088168994254045
758.5 0.4098262293422676
759.0 1.5167137437411813
759.5 0.9290876945040782
760.0 0.7602309438492363
760.5 0.6481704012630247
761.0 0.6780864579018032
761.5 1.04262195765257
762.0 1.2972949284533273
762.5 0.6294750353433858
763.0 0.8426111491439401
763.5 0.8062609529127591
764.0 0.657142019963479
764.5 0.8586069900434914
765.0 0.6056506241273889
765.5 0.8738627509384338
766.0 0.7504797880145733
766.5 1.1003469331585183
767.0 0.9581672429578574
767.5 0.9896700538515899
768.0 0.9738729021303598
768.5 0.6494721221853446
769.0 0.7168900122209837
769.5 1.5306699913705304
770.0 1.0112346138221235
770.5 1.022446835858029
771.0 0.76760789909707
771.5 0.5240745948088559
772.0 1.2117184169740225
772.5 0.8756549515880327
773.0 0.6377264706280132
773.5 0.6416944662302209
774.0 0.6737867114642995
774.5 1.0296566632207362
775.0 0.452758295322447
775.5 0.9979069507023122
776.0 0.7394501298732568
776.5 0.5175938512766994
777.0 0.725888321080965
777.5 0.9799559403516727
778.0 0.573724913585963
778.5 1.0348179963134256
779.0 0.8672016827181703
779.5 0.5438375662106988
780.0 0.5465576710657793
780.5 1.3022431643684413
781.0 0.8906843270892766
781.5 1.2339904326021205
782.0 1.153314991420941
782.5 0.5749902354774252
783.0 0.7917158237483679
783.5 0.9303211037110468
784.0 1.4683540638892507
784.5 0.38117006375179363
785.0 1.1825887015768461
785.5 0.3177899203662216
786.0 0.5555483388023161
786.5 0.7078809635312341
787.0 0.8198465890088686
787.5 0.7027778074818414
788.0 0.7660783960299535
788.5 0.5726860838618104
789.0 1.4110192115366538
789.5 0.5408942029869748
790.0 0.9156607861760682
790.5 0.42127120888953523
791.0 0.6945081168267859
791.5 0.9513706712156229
792.0 0.7212762760311908
792.5 0.8564250180023549
793.0 0.6950206825739738
793.5 0.5824036269431055
794.0 1.1649586969224555
794.5 0.8727851403739515
795.0 0.9779075063755784
795.5 0.7410000250382472
796.0 0.8684055959353616
796.5 0.9166679268403104
797.0 0.700661129606198
797.5 0.6327233252891846
798.0 0.5776185936787619
798.5 0.7657125909652118
799.0 1.1125315548045411
799.5 1.1413955239377556
800.0 0.7146739151630483
800.5 0.7905341047004599
801.0 1.5628528060776274
801.5 0.7061326058862272
802.0 0.5497449247561617
802.5 0.480054628772569
803.0 0.9547142612256971
803.5 0.5063610406316668
804.0 0.8734830824568822
804.5 0.5333166302706883
805.0 0.7754226938506699
805.5 0.6894836810430218
806.0 1.0202446756743369
806.5 0.6871806162386398
807.0 0.9298076550089687
807.5 0.9820492688690116
808.0 1.5252679771792907
808.5 1.1431593039762775
809.0 1.0484388190326903
809.5 0.6225981430852447
810.0 0.7935382874463399
810.5 0.9629861337275074
811.0 0.2104209853153977
811.5 0.9816632643651548
812.0 0.7330060908691934
812.5 0.4656220059721639
813.0 1.3832228758443261
813.5 1.5550510200761867
814.0 0.5250010232535967
814.5 0.6412934013903953
815.0 1.1746156774002756
815.5 0.9220804468899003
816.0 0.7449513916348556
816.5 0.7646432597280934
817.0 0.7625989766033718
817.5 0.9913538324814457
818.0 0.5747498118615648
818.5 0.4099320747162561
819.0 1.1178573511010654
819.5 0.7573806682274753
820.0 0.6831732204451841
820.5 0.8561145137596082
821.0 0.9058836329671469
821.5 0.7837369942767565
822.0 0.7181629233858624
822.5 0.6208747094630929
823.0 0.6433115679578221
823.5 1.0013883697496506
824.0 0.8477003178260085
824.5 0.6411233932725686
825.0 1.1207513949443801
825.5 0.6589249475001935
826.0 0.983689242219721
826.5 0.9165026303846169
827.0 1.0895086962179599
827.5 1.0066633269412482
828.0 1.1458733995300134
828.5 0.9185664026604206
829.0 0.7087977076920677
829.5 0.8396842599676625
830.0 0.9258833825187409
830.5 0.7627383683284155
831.0 1.1920197520250293
831.5 0.748655192565977
832.0 1.0642897162777976
832.5 0.7740338990015733
833.0 0.7161839489621455
833.5 0.9122621290086625
834.0 1.2178204202126157
834.5 0.914702351972229
835.0 0.8574710215048091
835.5 0.9743007877628835
836.0 0.7111869707402529
836.5 0.8339373076683141
837.0 0.9179184951867312
837.5 0.6909423039915231
838.0 0.7623440860181754
838.5 0.6519409264293621
839.0 0.5887584049105832
839.5 0.728536293294798
840.0 0.7194927679923981
840.5 0.9866103080949344
841.0 0.6058589119206965
841.5 0.6580640349046722
842.0 0.9095082355609378
842.5 0.8875489833850927
843.0 1.0741697200954392
843.5 1.264110452661745
844.0 0.7298829199261185
844.5 0.6940540909232289
845.0 0.7880528057125893
845.5 0.5664992011363436
846.0 1.7027746948975158
846.5 0.7609907293549009
847.0 0.6854516126230707
847.5 0.5373074470480703
848.0 0.9023126747064121
848.5 1.0647657244806505
849.0 0.7482466973399045
849.5 0.8089647539031317
850.0 0.7865438064792829
850.5 0.5886749175786365
851.0 0.848193408035985
851.5 0.856208368200462
852.0 1.125621351409619
852.5 0.8540574770603084
853.0 0.5903903802727528
853.5 0.7443551928095415
854.0 0.704399810402359
854.5 0.615764695647927
855.0 1.0458481850677455
855.5 1.27148594406535
856.0 0.6462312142910241
856.5 0.6879132938474559
857.0 1.014515137252158
857.5 1.1089129901729742
858.0 0.46704185575114543
858.5 1.307534379778513
859.0 0.9288306826166299
859.5 0.9868926224659982
860.0 0.9159284461835322
860.5 1.1953369845503827
861.0 0.3278788524552328
861.5 0.7666779629935343
862.0 0.9906317138011922
862.5 0.9838067858526132
863.0 1.0248658020250292
863.5 1.2367896225516402
864.0 0.5701407296468002
864.5 1.241287053491613
865.0 0.755891691552376
865.5 0.711241934192465
866.0 0.7748260839849423
866.5 0.6021620251658351
867.0 1.0607257737047564
867.5 0.3815830558210472
868.0 0.9298192711110971
868.5 1.1227538861400665
869.0 1.0126229184101336
869.5 1.43893624443205
870.0 1.0363463567666389
870.5 1.013451903396363
871.0 0.632482584804884
871.5 0.8468984105150603
872.0 1.0105313888655691
872.5 0.9734455987432749
873.0 0.9851003671231668
873.5 0.6506450155873278
874.0 0.7877116736534617
874.5 0.7980986725623636
875.0 0.6330663843288749
875.5 0.8502876304096312
876.0 0.722056769405083
876.5 0.6396372815266136
877.0 0.6782729053432229
877.5 0.9794530750071937
878.0 1.2046801865253747
878.5 1.0694334573231432
879.0 0.796259483909783
879.5 0.7521607753025725
880.0 0.9972751196724661
880.5 0.8718184626536152
881.0 0.7219970767964438
881.5 0.559901450260504
882.0 0.9714712875637521
882.5 0.8804141040429423
883.0 0.29905134367157743
883.5 1.0658956051436572
884.0 0.9305335820960003
884.5 0.4824561713764683
885.0 0.9648975184971889
885.5 0.8794732301112707
886.0 0.6252969484139499
886.5 0.7554443056164348
887.0 0.7827559494476026
887.5 0.8495411595027234
888.0 0.6160313673652202
888.5 0.6616838768241287
889.0 0.44458450859880255
889.5 0.6438700365200882
890.0 1.0731938778125765
890.5 1.3135054421423211
891.0 0.5808521210033988
891.5 1.10736932495187
892.0 0.7228402931061029
892.5 0.5904620323879423
893.0 0.48007858764844996
893.5 1.0596957719930993
894.0 0.918586981632203
894.5 0.6691674755383001
895.0 0.8154648136750251
895.5 0.5029886832256438
896.0 0.6521222195055894
896.5 0.992469988204608
897.0 0.9081965355398276
897.5 0.6705252670627662
898.0 0.8465342707106549
898.5 1.2508275265924993
899.0 0.46496748392188536
899.5 0.7418511083439356
900.0 1.019116153843691
900.5 0.9253210463194581
901.0 0.7669802823371579
901.5 0.810547202551221
902.0 1.2243522121573192
902.5 0.6372172809246217
903.0 0.8762276830947344
903.5 0.701618554034152
904.0 1.0979611321012088
904.5 0.9035599704532178
905.0 1.2324621014114074
905.5 0.8327899812734854
906.0 0.9005742982780098
906.5 0.9265642980646696
907.0 0.4565445551307901
907.5 0.7850512112219123
908.0 0.5812393126704067
908.5 0.723270860711656
909.0 1.132655151442616
909.5 0.7587022785848693
910.0 1.1206646421101367
910.5 0.6685054060136064
911.0 1.0451509789304492
911.5 0.8063771929945722
912.0 0.7450200821629345
912.5 0.868133561182434
913.0 0.46216685538134955
913.5 1.0454767606791506
914.0 0.9123551581048666
914.5 1.3507031285882554
915.0 0.9698711711879731
915.5 0.6817597582582977
916.0 0.9846002240742058
916.5 1.0245056053056665
917.0 0.8501644838861386
917.5 1.014023536066126
918.0 0.8489585114243512
918.5 0.7120538509131917
919.0 1.399862902570322
919.5 0.5663721706108612
920.0 0.6201173246368654
920.5 1.1886420556806658
921.0 0.8521447090073198
921.5 1.0442697094755737
922.0 0.6641060506934195
922.5 0.7012274443459541
923.0 1.0057388441359778
923.5 0.7456196021793345
924.0 0.6800982992312142
924.5 0.6002071749105273
925.0 0.8986610759856177
925.5 0.9353096967479371
926.0 0.6780820201077233
926.5 0.6134873335330367
927.0 0.6876343162673035
927.5 1.2288633834281784
928.0 0.8677118006469067
928.5 0.949530725749332
929.0 1.0975527289058322
929.5 1.1907559363924
930.0 0.804072380290171
930.5 0.8376869101275567
931.0 1.185694110629152
931.5 1.0033946721113565
932.0 0.8533161195902321
932.5 0.8238060793981838
933.0 0.6525461200794158
933.5 0.7412547312385861
934.0 1.0837438756664077
934.5 0.5614882368977742
935.0 0.5420835813240494
935.5 0.7006287709556394
936.0 1.1602673592932955
936.5 0.8646893585121089
937.0 0.6677229024797451
937.5 0.4712342297680209
938.0 0.9053505451493897
938.5 0.549919245642174
939.0 0.8058735055973983
939.5 0.7719730020883726
940.0 0.9869223712995046
940.5 0.8839466926381765
941.0 0.9244098003752629
941.5 0.584904483852154
942.0 0.5239161135054583
942.5 0.7197303968047672
943.0 0.7284858556229756
943.5 0.6467654372186794
944.0 1.0347090475674976
944.5 0.6163779839583066
945.0 1.2312209541305605
945.5 0.9900194013984658
946.0 0.5741477942719684
946.5 0.5196209455802752
947.0 0.5789648129164677
947.5 0.7532229645534603
948.0 0.9960248104160974
948.5 1.0041319949000147
949.0 0.49926766801338285
949.5 0.9826070515621179
950.0 0.8470506668286206
950.5 0.9287878783762975
951.0 0.5305925013151034
951.5 0.8616893878270928
952.0 0.4672553716363522
952.5 0.6455243874451823
953.0 0.48739334518243116
953.5 0.8693432100743053
954.0 0.8981044830910476
954.5 0.7363357552376324
955.0 1.2599473579428506
955.5 0.9165881711533266
956.0 1.4100936543344713
956.5 0.7344915428224097
957.0 1.0285796862674461
957.5 0.7430285216399748
958.0 1.0648815168176196
958.5 0.7861273415619393
959.0 0.8983019959208631
959.5 0.7083253001533198
960.0 1.1217754923577177
960.5 1.1447749626886998
961.0 1.2223905031359208
961.5 0.6706782510820362
962.0 1.2396092953016664
962.5 1.1595780547979553
963.0 0.8906774933367441
963.5 0.8916391561122747
964.0 0.9632194063253898
964.5 0.6632261118119034
965.0 0.7297676726182296
965.5 0.7883640068119848
966.0 0.7741772038918275
966.5 1.1334109390938065
967.0 0.903502407787182
967.5 0.8669333033318828
968.0 0.8621110695069663
968.5 0.7467291384822228
969.0 0.8512456020103359
969.5 0.5836606056610294
970.0 0.8453459992903307
970.5 0.6967894772484056
971.0 0.6331555667549651
971.5 1.0018747406283945
972.0 1.177290036639355
972.5 0.7351918780181601
973.0 0.8420220208883573
973.5 0.8880139763815552
974.0 1.1298762790589894
974.5 0.7087837652940623
975.0 0.7044174173628197
975.5 0.8281661069196664
976.0 0.7986597473369563
976.5 0.9841716120182644
977.0 1.1048234403110864
977.5 0.9583886825980773
978.0 1.3913122872476502
978.5 1.052409337184711
979.0 0.9294048301561497
979.5 0.8138941179241679
980.0 0.9575413680420459
980.5 0.7944601352011724
981.0 0.8882507789030949
981.5 1.0752543620212782
982.0 0.8548712293042009
982.5 0.7732339796167189
983.0 0.6075694271943775
983.5 0.7953534831537006
984.0 0.6588928591374132
984.5 0.8100439350404256
985.0 1.2316246207528447
985.5 0.9841706303820934
986.0 0.9929771944383872
986.5 0.8768481725462063
987.0 1.2051800758690794
987.5 0.746808525959948
988.0 1.0426228261848758
988.5 0.9279954099547763
989.0 0.8884113872252268
989.5 0.8837618296096026
990.0 0.9085810170921256
990.5 0.8784667403726844
991.0 0.8413713675368616
991.5 1.0583326403990085
992.0 0.6430012423389995
992.5 0.6387777506724608
993.0 0.9608667445962658
993.5 1.0245578711932282
994.0 0.8964942319188904
994.5 0.9130798963947095
995.0 0.9893105085143741
995.5 0.9340279790562893
996.0 0.6367921931150985
996.5 1.3921079547757442
997.0 0.6823732007332701
997.5 0.7411375025885076
998.0 0.9003229945511417
998.5 0.6071973654511857
999.0 1.1109777516633266
999.5 1.2081026469078076
1000.0 0.709533462657941
1000.5 0.828841248063267
1001.0 0.716104082399701
1001.5 0.7586560252340229
1002.0 0.8487319541962244
1002.5 0.7505866275320421
1003.0 1.3502808574097986
1003.5 0.7820511264146202
1004.0 0.5122153266064405
1004.5 0.5390847947094248
1005.0 0.5637825581134408
1005.5 0.5992497742887348
1006.0 0.6629944373415427
1006.5 0.5617236633272008
1007.0 0.8993076943135337
1007.5 0.9679267209285887
1008.0 0.8498160827685572
1008.5 0.6218809695656897
1009.0 0.655832284916136
1009.5 1.2119647704212313
1010.0 0.9561175466134508
1010.5 0.8160629129857468
1011.0 0.8618606277650936
1011.5 0.7312002738491117
1012.0 1.0022716442463693
1012.5 0.7281467839145275
1013.0 0.9550817500065165
1013.5 0.7437939888153007
1014.0 0.8422205340580922
1014.5 0.7501928887744227
1015.0 0.7666716909693972
1015.5 0.719014704429626
1016.0 1.0152686197467713
1016.5 0.7720890787845329
1017.0 1.0334281735449993
1017.5 0.7357740257194476
1018.0 0.7827460083927325
1018.5 0.9818114943874143
1019.0 0.9885852607287069
1019.5 1.359279422267056
1020.0 0.5337546062913219
1020.5 0.9596324528922282
1021.0 1.051187619059104
1021.5 0.6940393110257068
1022.0 0.6660043379625636
1022.5 0.9573733506866109
1023.0 0.800704323391001
1023.5 0.6585345457147711
1024.0 0.8446647354367977
1024.5 1.1047545103663199
1025.0 0.8854132723908816
1025.5 1.0325591553256075
1026.0 0.7658070692164836
1026.5 0.8345552748273607
1027.0 0.8879323478605248
1027.5 0.932599178147629
1028.0 1.0360825036092103
1028.5 0.7048918139961828
1029.0 0.4959446825356495
1029.5 0.6801184470630544
1030.0 0.7632170946910557
1030.5 0.9159596484006569
1031.0 1.0017427781166055
1031.5 0.7100178645353685
1032.0 1.1744453524974865
1032.5 0.4399179062861223
1033.0 0.8016548172404829
1033.5 1.2664161777600818
1034.0 1.071526131346243
1034.5 1.0284614941324286
1035.0 0.7783570048139692
1035.5 0.7577538199983946
1036.0 1.0043424763522946
1036.5 0.3371905026844542
1037.0 0.9334036847069647
1037.5 1.1088986060004755
1038.0 0.41162095106248625
1038.5 0.4401802493689996
1039.0 0.6875476787853907
1039.5 0.7817799085831227
1040.0 0.7521957596860096
1040.5 1.0726209009471601
1041.0 0.6626262898882532
1041.5 0.8016772433949928
1042.0 0.8107059164039752
1042.5 0.9437713854052019
1043.0 0.7859294037364373
1043.5 1.0028337570908334
1044.0 0.7432864600081348
1044.5 0.7314216992964002
1045.0 0.8035654901615823
1045.5 0.5082481062511384
1046.0 0.9640539521414386
1046.5 0.5734503373144376
1047.0 0.48933693199314443
1047.5 0.9958032917224944
1048.0 0.6077071039818129
1048.5 0.7376721290450068
1049.0 0.6983730796842766
1049.5 0.9145234264144665
1050.0 1.0262069457912677
1050.5 1.0814834910483089
1051.0 0.3249085050497729
1051.5 0.9867831672731475
1052.0 1.2430330079871297
1052.5 0.5210715883782746
1053.0 1.0824184719818666
1053.5 0.8150906209268187
1054.0 1.3186754598819805
1054.5 1.0481471510257192
1055.0 1.0200025297367
1055.5 0.8531175765653121
1056.0 1.309818729313586
1056.5 0.9720330524180163
1057.0 1.0021476377183143
1057.5 0.8925061315467651
1058.0 0.8778260017940056
1058.5 0.7618881828987447
1059.0 1.1812617301692832
1059.5 0.7195129397506757
1060.0 1.0272377342427923
1060.5 1.0947569582666024
1061.0 0.9527165874882733
1061.5 0.7727968412648099
1062.0 0.4448378002540391
1062.5 0.9505136115741417
1063.0 0.8037054680878399
1063.5 1.0802705395713834
1064.0 0.8588990397268044
1064.5 1.0423728757437565
1065.0 0.8588572805077528
1065.5 0.918346080119869
1066.0 0.8201505647999023
1066.5 0.7609236013978621
1067.0 0.5239667487745076
1067.5 0.6747602881017997
1068.0 0.7194241693680414
1068.5 0.7832584468111703
1069.0 0.8814352121794129
1069.5 0.585369239648597
1070.0 0.49988169904961466
1070.5 1.2681397402982284
1071.0 1.4142643256073428
1071.5 0.871753692908584
1072.0 0.7517461814891382
1072.5 1.0848001210996694
1073.0 0.6982554563053537
1073.5 0.7974919032879412
1074.0 0.6742304396494472
1074.5 0.73358322888475
1075.0 0.6929176771153314
1075.5 0.9542202747883743
1076.0 0.9335559415460484
1076.5 0.8125741078120754
1077.0 0.7051567846306159
1077.5 0.5246355823797086
1078.0 0.7383417266485638
1078.5 1.112194184614668
1079.0 1.5141147139287798
1079.5 1.0679111751263317
1080.0 1.1745645176425914
1080.5 1.0234179354923922
1081.0 1.1625295777731466
1081.5 0.6424476717449448
1082.0 0.9884594707746146
1082.5 0.7937136380388317
1083.0 1.0769590175346742
1083.5 0.5998706459588876
1084.0 0.7693266894503552
1084.5 0.7702583251172561
1085.0 0.6984633783117962
1085.5 0.9600495901482684
1086.0 1.0014217113378325
1086.5 1.0484366236256553
1087.0 0.737908703938553
1087.5 1.0252145857977015
1088.0 0.7605570814522791
1088.5 0.5439847863836953
1089.0 1.0253263414710203
1089.5 1.0830006338506522
1090.0 0.4686966801137939
1090.5 0.5161015516425992
1091.0 0.676494898628873
1091.5 0.9129489832347293
1092.0 0.570328546033771
1092.5 0.9417171167008778
1093.0 0.6508328873938034
1093.5 1.1272845596659935
1094.0 0.7609649153481302
1094.5 0.9976977189503715
1095.0 0.5496710267808846
1095.5 0.8046822411201979
1096.0 0.6711166967453362
1096.5 0.5689288266031667
1097.0 0.9479656413661703
1097.5 0.5155099578625344
1098.0 0.8775778721185301
1098.5 1.0008711096040555
1099.0 0.8280568103790626
1099.5 1.0163713601470297
1100.0 0.7809187310518926
1100.5 1.0105545580006496
1101.0 0.9110440477488844
1101.5 0.5807608976639624
1102.0 0.8011180254525516
1102.5 0.9261189966389087
1103.0 1.2327871441130076
1103.5 0.7353085677109624
1104.0 1.0119314037150458
1104.5 0.6241974066266863
1105.0 0.8097466254115285
1105.5 1.0407515862672783
1106.0 1.3248715854106259
1106.5 0.75337261415931
1107.0 1.1440962365243676
1107.5 0.6743103020324422
1108.0 0.6541078386785617
1108.5 1.091535035880749
1109.0 0.7166889568839226
1109.5 0.8979009657385828
1110.0 0.7723915261890011
1110.5 0.9928022589472629
1111.0 1.0734508638033007
1111.5 0.7069492377397035
1112.0 0.8813601489150988
1112.5 0.6230531425436938
1113.0 0.8120852296958238
1113.5 0.8460124983838
1114.0 1.2481849038472335
1114.5 0.6829105309772701
1115.0 0.6753708348883227
1115.5 1.2556403859321588
1116.0 1.0292225829459047
1116.5 1.6671295645199526
1117.0 0.6188260909727217
1117.5 0.6304898749340138
1118.0 1.0504395086115013
1118.5 0.8737239375285495
1119.0 0.8789351309625723
1119.5 0.8428129340401904
1120.0 0.5523854278924268
1120.5 0.823836824465038
1121.0 0.7545118148061287
1121.5 0.71049268298423
1122.0 0.8514311095854095
1122.5 0.7708292492985647
1123.0 0.4717367800293591
1123.5 0.8181755730180722
1124.0 0.8361311327511802
1124.5 0.8143304434211613
1125.0 0.9757312152751059
1125.5 1.0229919472167797
1126.0 1.0541451529803572
1126.5 0.7084235812888818
1127.0 1.0659618365005954
1127.5 0.8913312573061511
1128.0 0.5479289179128759
1128.5 0.8694167822839625
1129.0 0.8062606346034586
1129.5 0.8007448848747032
1130.0 1.1130165535719716
1130.5 0.8974146051214666
1131.0 0.5846443590493624
1131.5 0.4658904521246449
1132.0 0.9080550045859979
1132.5 0.6032235813700892
1133.0 0.8180741425255167
1133.5 0.8644086891978829
1134.0 1.038888841359054
1134.5 0.738743292701719
1135.0 0.785901417596262
1135.5 0.9361432219518975
1136.0 0.9049174698866286
1136.5 0.7422070111056325
1137.0 0.8024906814069335
1137.5 0.45434618015990663
1138.0 0.7408650563634166
1138.5 0.7019446296226585
1139.0 0.8594703484067105
1139.5 1.2810230821024748
1140.0 1.1120124487485024
1140.5 1.0734842956515755
1141.0 1.03954869923888
1141.5 0.9578477382864687
1142.0 0.6741344783699492
1142.5 0.7720027194874711
1143.0 1.083569415010621
1143.5 0.5595078487046687
1144.0 0.7247319853898377
1144.5 1.1870938690642627
1145.0 0.7399176443669919
1145.5 0.7037280282360374
1146.0 0.8482115783008135
1146.5 0.7535466036949774
1147.0 1.1459679688109015
1147.5 1.0231089195057252
1148.0 0.8629319911238251
1148.5 0.46237541559584716
1149.0 1.024024937058815
1149.5 0.6497308655404671
1150.0 0.7895233054399107
1150.5 0.74475809576739
1151.0 0.9286447369612736
1151.5 0.97366729915685
1152.0 1.1613720927042956
1152.5 0.7295726459612801
1153.0 0.8983065238369183
1153.5 1.0210870774204268
1154.0 0.44546937339381276
1154.5 0.7334663777760142
1155.0 0.6975822813409716
1155.5 1.0866290688120144
1156.0 0.9321348875935391
1156.5 0.5658312621790182
1157.0 0.9572419324666788
1157.5 0.37787477706241984
1158.0 0.8661231213063216
1158.5 0.9004271840761451
1159.0 1.1220022340233093
1159.5 0.7422845457108695
1160.0 0.9805460261979488
1160.5 1.0378323400289442
1161.0 1.0039006116234752
1161.5 0.8107829887662452
1162.0 0.7572465376714244
1162.5 0.5896376551410665
1163.0 0.6856158347668853
1163.5 0.7843359621690071
1164.0 0.5160727689990039
1164.5 0.6886717880768021
1165.0 0.5420109831802036
1165.5 0.5698649612237255
1166.0 0.9203700480605643
1166.5 0.7117454425565998
1167.0 1.0109085865731315
1167.5 0.7012733960122857
1168.0 0.9740606669155254
1168.5 1.1895624596779442
1169.0 0.717551564992334
1169.5 0.8420162173896057
1170.0 0.6188724424767046
1170.5 0.5880440867543799
1171.0 0.4894801506216851
1171.5 1.1081922716679593
1172.0 0.6618918335896925
1172.5 1.1692478088455098
1173.0 0.6096588097992486
1173.5 1.0228884127096665
1174.0 0.37434850706978234
1174.5 0.9689998005140934
1175.0 1.0356774563080104
1175.5 0.8222054589888466
1176.0 0.6361516624346222
1176.5 0.6012447440386137
1177.0 0.628470004983488
1177.5 0.8641617633827492
1178.0 0.8754946766760556
1178.5 1.1920602209877913
1179.0 0.6410057141479708
1179.5 1.3680865043845336
1180.0 0.7200500418810336
1180.5 1.101332325696501
1181.0 0.9262885101427594
1181.5 1.099372590952195
1182.0 1.011082699982349
1182.5 0.5802599580121777
1183.0 0.6836267686135823
1183.5 0.7552331284880727
1184.0 0.8555121040259317
1184.5 0.4554818227018611
1185.0 0.8948163400723403
1185.5 0.7954427161315549
1186.0 0.9751912070336226
1186.5 1.122774135222757
1187.0 0.639582198280107
1187.5 0.9145978114126121
1188.0 0.5803703617229209
1188.5 0.8537825310432896
1189.0 0.6918215825776406
1189.5 0.7177227857808228
1190.0 0.538944357288246
1190.5 0.8085770358922713
1191.0 0.8741147019025175
1191.5 0.5733954775329912
1192.0 0.5869383684067768
1192.5 0.790973343067428
1193.0 0.8600245398197164
1193.5 0.8152502854204957
1194.0 0.6877349433242312
1194.5 1.0727286792401474
1195.0 0.7999108315188255
1195.5 0.6782826181217105
1196.0 0.7404963653751171
1196.5 0.6788226665702998
1197.0 0.7462592052530879
1197.5 0.41720677982813437
1198.0 0.7538858823499408
1198.5 0.3960106043430758
1199.0 0.4607764772186468
1199.5 0.7496268968802002
1200.0 0.9770421405049967
1200.5 0.7387561558728684
1201.0 0.7442074457869843
1201.5 0.9006832468094201
1202.0 0.7919146920280686
1202.5 0.7533888672462934
1203.0 0.5291497712682787
1203.5 0.7205447278604542
1204.0 1.0949175317411866
1204.5 0.9166248381660329
1205.0 0.6477394023097023
1205.5 0.9263347940529658
1206.0 0.5651408482943434
1206.5 0.987000270172643
1207.0 0.8594531965997341
1207.5 0.6591487504473126
1208.0 1.0306350333100303
1208.5 0.8466572724402048
1209.0 0.898946054169941
1209.5 0.8315144670792931
1210.0 0.6309113852565151
1210.5 0.739261152867499
1211.0 1.1080684851840574
1211.5 0.7668064402977317
1212.0 0.9866798214333623
1212.5 1.0577005424523966
1213.0 1.0752052691932406
1213.5 0.7182366781470588
1214.0 1.1202825708627335
1214.5 0.7908382638151226
1215.0 0.7990124764781443
1215.5 0.7311905688856369
1216.0 0.9942015028301667
1216.5 0.8193118784764708
1217.0 0.7826087020330987
1217.5 1.1838212718174452
1218.0 0.6676210529866764
1218.5 0.9947481779398748
1219.0 0.6087922755413346
1219.5 0.84792180593081
1220.0 0.5691367200341345
1220.5 0.8193632020905985
1221.0 0.9018812944215
1221.5 0.6802930484293387
1222.0 0.655959336432874
1222.5 0.9858872279691235
1223.0 0.7135926317649168
1223.5 0.6343511940737605
1224.0 1.2582024458928032
1224.5 0.5953406941696601
1225.0 0.5427450225592728
1225.5 0.623660944177478
1226.0 1.102990664322743
1226.5 0.8031311167474409
1227.0 0.8834449031332869
1227.5 0.7749486022487138
1228.0 0.8174928555060665
1228.5 0.7578968854635879
1229.0 0.6861951645518016
1229.5 1.0963503735768028
1230.0 0.7856085742010899
1230.5 0.8030743394108877
1231.0 0.8453680151342393
1231.5 0.8617042188415275
1232.0 0.6673950093909692
1232.5 1.0388781918112775
1233.0 0.8640118816986053
1233.5 0.7239002192745561
1234.0 0.8466776824844569
1234.5 0.5951672501294292
1235.0 0.7415912217346707
1235.5 1.004521855774518
1236.0 0.8628510633104232
1236.5 0.7038440427160214
1237.0 0.5097119013615314
1237.5 0.6400654917866646
1238.0 0.918000773806022
1238.5 0.678653535917887
1239.0 1.1566274041167564
1239.5 0.9403519641168778
1240.0 0.4302433389216117
1240.5 0.6432406586867448
1241.0 0.6791511318462005
1241.5 0.7834246491943926
1242.0 0.6081963815230922
1242.5 0.9259708823932502
1243.0 0.5410457111649252
1243.5 0.8470997325343352
1244.0 0.4828284357498578
1244.5 0.8189918944349381
1245.0 0.5551341225623581
1245.5 0.9230929315978206
1246.0 0.7930859290715464
1246.5 0.7393553404138216
1247.0 0.6682493709904975
1247.5 0.725304348544503
1248.0 0.7092176454508485
1248.5 0.9570679520462868
1249.0 0.6614982284488955
1249.5 1.1353960825762077
1250.0 1.072279983083786
1250.5 0.9768088840015248
1251.0 1.199151718771509
1251.5 0.836910545999522
1252.0 1.1087522637895153
1252.5 0.5678702305186278
1253.0 1.322448874884085
1253.5 0.8671330831750621
1254.0 0.8882017034682621
1254.5 0.7103447050190066
1255.0 0.979814963118157
1255.5 0.8302184234898642
1256.0 0.49973986404779763
1256.5 0.8577879426119572
1257.0 0.774778434205855
1257.5 0.4467289524332304
1258.0 0.6220190348773988
1258.5 0.6025914089987663
1259.0 0.6051352548864134
1259.5 0.7918552397742603
1260.0 0.831633154576799
1260.5 1.1641769306679097
1261.0 0.9559128577559888
1261.5 0.544574893516583
1262.0 0.8587691454342704
1262.5 0.6404067524541359
1263.0 1.0829248307576123
1263.5 0.68128875695235
1264.0 1.049873640913766
1264.5 0.5133012194349814
1265.0 0.5828294380246433
1265.5 1.2296342409791066
1266.0 0.5380253139440171
1266.5 0.7089069908930339
1267.0 0.7674592747821545
1267.5 0.7533901969527149
1268.0 0.6323997959001619
1268.5 0.7553325139416127
1269.0 1.2025436661646098
1269.5 1.677261514388534
1270.0 0.8948061597226946
1270.5 0.6734554717018721
1271.0 0.7002907525349459
1271.5 0.5766694238836925
1272.0 0.6086521418257751
1272.5 0.9949566221935853
1273.0 0.9143227014902631
1273.5 0.7217721711221567
1274.0 0.8440976505876117
1274.5 1.2487097609479958
1275.0 1.0417319519801556
1275.5 1.0183655509335667
1276.0 0.6443759340835162
1276.5 0.9262477867526149
1277.0 0.516157527635972
1277.5 0.8773090548369662
1278.0 0.9152485315351462
1278.5 0.5905353713076289
1279.0 1.1327968968794009
1279.5 0.2
1280.0 0.8507241936855112
1280.5 0.960792210444323
1281.0 0.8089565565657703
1281.5 0.5885802449458708
1282.0 0.6535742469883734
1282.5 0.8192069581401276
1283.0 1.3299514383285926
1283.5 0.5857390266503404
1284.0 0.9004402886308382
1284.5 0.6482369307403352
1285.0 0.858108914412359
1285.5 0.9943011983564609
1286.0 0.8953470520473827
1286.5 0.8686206031840511
1287.0 0.7814185725670899
1287.5 0.8753311317086474
1288.0 0.9925957230097142
1288.5 1.0462953505726542
1289.0 0.8323095580034905
1289.5 1.0859495601916327
1290.0 0.8895780398440774
1290.5 0.8338985189026191
1291.0 0.7668903098447282
1291.5 0.6335237584864832
1292.0 0.7416261680186806
1292.5 1.1110576363707654
1293.0 0.7299613193948499
1293.5 0.7544887495245793
1294.0 0.9732250856598521
1294.5 0.7670713708579828
1295.0 0.5802436609139834
1295.5 1.3628297819359894
1296.0 1.0215131872596974
1296.5 0.8475654541855004
1297.0 0.6649034888178527
1297.5 0.7889495443460404
1298.0 1.164341518349181
1298.5 0.5908956029492656
1299.0 1.320331520176114
1299.5 0.8196464429550303
1300.0 0.687059264639564
1300.5 0.8377829813444244
1301.0 0.9345335632919887
1301.5 0.61609385806037
1302.0 0.9386884744411768
1302.5 0.5278326164520426
1303.0 1.2887587914523693
1303.5 0.8441388178169416
1304.0 0.8093119433330326
1304.5 0.8669506477448241
1305.0 0.6904138453887403
1305.5 0.28373129721834517
1306.0 0.7122139838462775
1306.5 1.260145742622318
1307.0 0.8040226503977252
1307.5 1.3914351007911228
1308.0 1.0390157080329698
1308.5 0.9825350402956059
1309.0 1.3218480374962926
1309.5 0.8816500587866369
1310.0 0.9766902800830475
1310.5 0.4156068650952142
1311.0 1.0924517328772643
1311.5 0.5848848646885665
1312.0 1.3284884287124887
1312.5 0.5982956441603797
1313.0 0.6548765145241469
1313.5 1.1914069103400995
1314.0 0.705453763454231
1314.5 1.0639177334179104
1315.0 0.7647204054030144
1315.5 0.6921197057502295
1316.0 0.8306926153950938
1316.5 0.8118486714590039
1317.0 0.748923021161104
1317.5 0.8000993828336833
1318.0 0.9126857945871583
1318.5 1.3738899511870768
1319.0 0.5140589091515505
1319.5 0.8388168619658378
1320.0 1.30334262916776
1320.5 0.7381391550537363
1321.0 0.6549611152131138
1321.5 0.8280610393457593
1322.0 0.7303968022281371
1322.5 0.836336201483816
1323.0 1.0139436829920152
1323.5 0.631032254252039
1324.0 1.1697735963665863
1324.5 0.9841024868823836
1325.0 0.7191071164511258
1325.5 0.7499262656117018
1326.0 0.7867213897041048
1326.5 1.2213062017716285
1327.0 0.49161884681996304
1327.5 1.0643950556260147
1328.0 0.6923993816102212
1328.5 0.9153273043565222
1329.0 0.7258572109296442
1329.5 1.2158109668482673
1330.0 0.7329863298592563
1330.5 1.0023344032315318
1331.0 0.7339454568668986
1331.5 1.0692216846889209
1332.0 0.4048477207532257
1332.5 0.9314357172702992
1333.0 0.7517523857568289
1333.5 0.6783991737405397
1334.0 0.6887685547285591
1334.5 1.389821177905408
1335.0 0.7502221747682247
1335.5 0.8863460148266817
1336.0 0.9823976621572976
1336.5 0.8171528785957038
1337.0 0.869527821070545
1337.5 0.5961189751628376
1338.0 0.9365477400787625
1338.5 0.5352157259337645
1339.0 1.0559382509102644
1339.5 0.7747332683289365
1340.0 0.8754661134925763
1340.5 1.0329622811393044
1341.0 1.4941455925483165
1341.5 0.8999914838954735
1342.0 0.7458859614686433
1342.5 0.627551695658779
1343.0 0.7080320822507904
1343.5 0.8865239989132074
1344.0 0.5923255287178981
1344.5 0.8562250064915548
1345.0 0.5442585119661705
1345.5 0.40369398475736307
1346.0 0.8322728088481941
1346.5 0.9547671087121754
1347.0 0.8706005084376901
1347.5 1.2432949740259887
1348.0 0.7460039335430115
1348.5 0.7000555810751625
1349.0 1.4858866883238522
1349.5 0.8226181801885493
1350.0 0.44258797118683973
1350.5 0.7018192519224848
1351.0 0.7181583226561914
1351.5 0.7626865643424782
1352.0 1.3486076934329252
1352.5 0.746944604356661
1353.0 1.3061313161396073
1353.5 1.144903289381855
1354.0 0.5860594059907768
1354.5 0.9593932649757579
1355.0 0.8466485454772787
1355.5 0.8059906878073035
1356.0 0.5645728199056307
1356.5 1.1897342128198718
1357.0 1.014810722639515
1357.5 0.5578513482198547
1358.0 0.9480376597149951
1358.5 1.1061257379475382
1359.0 1.0386121117439295
1359.5 0.4459229066202296
1360.0 0.8279156340831244
1360.5 0.5395045519102992
1361.0 0.533158015189821
1361.5 0.569955202088736
1362.0 1.2119821045914907
1362.5 0.7351428785337335
1363.0 0.8738482386349931
1363.5 0.6091540672482219
1364.0 0.7515738626688111
1364.5 0.5432716725577675
1365.0 0.6319212028651457
1365.5 0.48972746126609606
1366.0 0.7483167780005808
1366.5 1.0771419624627117
1367.0 0.640102170407264
1367.5 1.0456556911666337
1368.0 0.5948138782869539
1368.5 1.0543199601136264
1369.0 0.7844402913361291
1369.5 1.124930517216232
1370.0 0.9381849705804068
1370.5 1.0988257193163407
1371.0 0.8242596983362083
1371.5 0.36161334786048355
1372.0 0.6710629526639154
1372.5 0.8674185929209361
1373.0 0.8460172605547146
1373.5 0.9294547387730931
1374.0 0.8651671616283478
1374.5 0.49344544498818055
1375.0 0.847612387305264
1375.5 0.7671098314935285
1376.0 0.6128112300410163
1376.5 0.6011553293067
1377.0 0.6045308351126446
1377.5 0.9464275342030399
1378.0 0.49538169313656344
1378.5 0.8616201274235049
1379.0 0.4485860484622545
1379.5 0.8809107054015399
1380.0 0.9916444420550601
1380.5 0.8099349827948752
1381.0 0.7751848783339459
1381.5 0.6832467843826624
1382.0 0.49360185659886224
1382.5 0.9129555892994701
1383.0 1.168459027135064
1383.5 1.2670840391931317
1384.0 0.7296810579637025
1384.5 0.8872569929873144
1385.0 0.6647836733298251
1385.5 1.11662250160128
1386.0 1.2131206953955318
1386.5 0.7290675259876435
1387.0 0.4903818132678006
1387.5 0.7110502664620255
1388.0 0.6363663514380531
1388.5 0.7664687657636491
1389.0 1.3001477124751628
1389.5 0.7595793959294432
1390.0 0.8567202104413472
1390.5 0.7687942626836581
1391.0 0.7222129799085307
1391.5 0.8319454379902624
1392.0 0.7327704304303975
1392.5 0.9148945790551197
1393.0 0.8647365710724888
1393.5 0.9279267371646613
1394.0 0.7033612111606022
1394.5 0.8872245605031062
1395.0 0.990047815551869
1395.5 0.8740211897017833
1396.0 0.5159876603399471
1396.5 0.9642875908625039
1397.0 0.7074182403310951
1397.5 1.0294384405585646
1398.0 0.9596258200427363
1398.5 1.0239667643167658
1399.0 0.7165413448372169
1399.5 0.918603866370544
1400.0 0.7996980959547215
1400.5 0.8804780167401809
1401.0 0.8165985206795473
1401.5 0.8058105325860967
1402.0 0.767330288878993
1402.5 0.8100672720811068
1403.0 0.8994235475890804
1403.5 0.9477197196295266
1404.0 0.8936897056353303
1404.5 0.4623812348329279
1405.0 0.9079109340859581
1405.5 0.9541698210020573
1406.0 0.8637624409585869
1406.5 1.0670605339120653
1407.0 0.6970773784711966
1407.5 0.8044122725748268
1408.0 1.095145737788031
1408.5 1.202801055151271
1409.0 0.9180563140140323
1409.5 0.6317994880858624
1410.0 1.202459783857291
1410.5 0.7870415194956835
1411.0 0.7474449158087582
1411.5 0.850443253027513
1412.0 0.7316712714877374
1412.5 1.0436215777105968
1413.0 0.8904450619640445
1413.5 0.7351678573909575
1414.0 0.9921924872449082
1414.5 0.9479147502281742
1415.0 0.6916960341234275
1415.5 0.7255759018671415
1416.0 0.7559143924005718
1416.5 0.9679515522720705
1417.0 0.5270343473299723
1417.5 0.7961759961971024
1418.0 1.0485686719127842
1418.5 0.9200471121944744
1419.0 0.8816992347655324
1419.5 0.5740403573371837
1420.0 1.0045219408150479
1420.5 0.7304512001036738
1421.0 0.8100898771585114
1421.5 0.5357484806246084
1422.0 1.1064980686296324
1422.5 1.0055352274744127
1423.0 0.8081905136547285
1423.5 0.7726915364191664
1424.0 0.49324886796708506
1424.5 0.8002719423142624
1425.0 0.7518875855361526
1425.5 0.7012268363405993
1426.0 0.8170890391725072
1426.5 0.5534761616837836
1427.0 0.8721680825890639
1427.5 0.7750890050469295
1428.0 0.8558459465183204
1428.5 0.7602458374129226
1429.0 0.7315421800720174
1429.5 0.8436595317247
1430.0 1.2175375108970905
1430.5 0.6482956704018981
1431.0 1.3903463268744165
1431.5 0.7092330633302295
1432.0 0.5195306927434997
1432.5 0.795053901318359
1433.0 1.0205717882517211
1433.5 0.7731902475961678
1434.0 1.2006792839553668
1434.5 0.9374287640647438
1435.0 0.5225678951557566
1435.5 0.9372570581009694
1436.0 0.9401920999991067
1436.5 0.7488746392042543
1437.0 0.6794665546933354
1437.5 0.9372091089839332
1438.0 0.5447749967797013
1438.5 0.7072652620243888
1439.0 0.788756549093816
1439.5 1.3169911045138991
