0 1.0000140741294339
0.5 1.571355134768932
1.0 1.088920342161655
1.5 1.2539605058737997
2.0 0.9120843644220831
2.5 0.8444016636493318
3.0 0.2
3.5 0.5382379690125538
4.0 0.8890194403169323
4.5 1.0640460046543416
5.0 0.962088101472619
5.5 0.9099701140596457
6.0 0.8533703882516025
6.5 1.4136295289749126
7.0 1.0819638801001417
7.5 1.1844958561430812
8.0 1.255383553900043
8.5 1.4314840240475302
9.0 0.8791549544394297
9.5 0.7598712605546762
10.0 0.5991339963697597
10.5 1.852408384004454
11.0 0.6689936934390844
11.5 1.684527871579567
12.0 0.7769488866363048
12.5 1.0834167400145822
13.0 0.6681604824952312
13.5 1.3151965686588145
14.0 0.7346522688343321
14.5 0.8637678482417173
15.0 1.0745597575305155
15.5 1.878678502113347
16.0 2.2324441076132926
16.5 0.9838159311544153
17.0 1.5649683104510936
17.5 1.6240306993861613
18.0 0.9043380822683154
18.5 1.1850174285663782
19.0 0.9235045461725706
19.5 2.0405010760034044
20.0 1.523143510326691
20.5 0.904810470772742
21.0 0.879157215696138
21.5 1.7268993186872343
22.0 1.3129517937821005
22.5 1.1638191746354063
23.0 0.8772373895862481
23.5 1.7301943635537709
24.0 0.8808741677062091
24.5 0.691373223174166
25.0 0.8063336501622198
25.5 2.448475074553172
26.0 0.9655786485132652
26.5 1.0261914616604413
27.0 0.7991957850977158
27.5 0.8225004764180499
28.0 1.100423347465727
28.5 0.9982915798131651
29.0 0.8734309771449479
29.5 1.7153648702607458
30.0 0.5837942194230252
30.5 0.641002126640956
31.0 1.0065958221368003
31.5 3.1608508717213937
32.0 1.7442849958015936
32.5 0.9213958894994695
33.0 0.6015921033895039
33.5 1.6119428715608763
34.0 1.067517890820678
34.5 0.8536766087580789
35.0 0.6537019582741563
35.5 1.5111513125224043
36.0 1.0025882272683722
36.5 1.6518691273651256
37.0 2.252506241296901
37.5 0.7586715458735478
38.0 1.373906579238524
38.5 1.8396332703742133
39.0 0.9349554645406306
39.5 1.6772942465142213
40.0 0.7502051666259827
40.5 0.7124248085806211
41.0 1.0565919871704414
41.5 1.388404522568757
42.0 0.7493228863851107
42.5 0.6569564366673842
43.0 1.6144780831097874
43.5 0.7175343907375428
44.0 0.8547002581777758
44.5 2.1977802481085367
45.0 1.125322692708812
45.5 1.5869316988831375
46.0 1.2275516606873016
46.5 1.1602381982336976
47.0 1.3108339394569961
47.5 1.0653063284124096
48.0 1.3475410900159996
48.5 0.8125982466855215
49.0 1.6104325897468574
49.5 0.8981551174616971
50.0 1.1742270849816137
50.5 0.8566005512583365
51.0 1.3750824618802469
51.5 1.6986348234641033
52.0 1.7388010173012844
52.5 0.5106655690913596
53.0 1.346956095138853
53.5 0.8125856430166669
54.0 0.805863349533491
54.5 0.8615735357618604
55.0 0.610898531638917
55.5 0.9221709969886214
56.0 0.3031756832961917
56.5 0.7411928142028748
57.0 1.038421654661614
57.5 0.8987460012879556
58.0 1.0108453920313079
58.5 0.7667565602741704
59.0 1.282495859877585
59.5 0.7241021641966756
60.0 0.5196406425451447
60.5 0.6262687618579517
61.0 1.7443447476754206
61.5 0.6607452310668889
62.0 1.2351983895359522
62.5 1.0647132209844556
63.0 1.619389404329156
63.5 1.371047216598303
64.0 1.2769446039179593
64.5 0.941693166963565
65.0 0.866577262609201
65.5 0.8533238472215487
66.0 1.32681691154959
66.5 0.9787435309789543
67.0 1.7274061955854831
67.5 0.7860695946235423
68.0 0.2484612919113799
68.5 0.7934114975084865
69.0 1.5159400020617113
69.5 0.6530810991857454
70.0 0.8195982444134927
70.5 0.785609633320033
71.0 0.6532063079581776
71.5 0.6954766097722188
72.0 0.37870521276153124
72.5 0.5291447188054844
73.0 0.432325148748788
73.5 0.5633524191488088
74.0 0.9246161867869005
74.5 0.808001969396585
75.0 0.42933725149068847
75.5 1.8336207333367036
76.0 1.2095339783576005
76.5 1.0506959061665164
77.0 0.9730695329072785
77.5 0.9649704618267183
78.0 1.274820981187378
78.5 1.3662622904235557
79.0 1.5154929518509714
79.5 0.8533459458217145
80.0 0.73309982653168
80.5 1.758733676556588
81.0 1.061210065542587
81.5 1.0600423383733002
82.0 0.938390378761151
82.5 0.9240290825459216
83.0 1.2935277972563934
83.5 0.5434545329381266
84.0 0.7918850989710453
84.5 1.7282152823625223
85.0 0.42739470577736044
85.5 0.5733576492357393
86.0 0.8714081999178521
86.5 1.6228485725737867
87.0 2.3332445657587133
87.5 2.774897248169361
88.0 0.5778312878994494
88.5 1.9170956984957224
89.0 0.5337092233969774
89.5 2.183374336146
90.0 0.9098210849687915
90.5 0.9374748854459729
91.0 1.9402603552500568
91.5 0.8971848251692986
92.0 0.9566131432626639
92.5 1.219219700554418
93.0 0.975596514783357
93.5 1.0800866951947303
94.0 0.7098244074017936
94.5 0.6201383011890104
95.0 0.9204779268234387
95.5 1.459664032298032
96.0 1.3436201722438796
96.5 0.9880604254888236
97.0 0.8082040966510267
97.5 1.4033044971656825
98.0 0.7880287505340042
98.5 0.6590256908284735
99.0 1.4594028280335931
99.5 1.4750855920597512
100.0 0.7710321114916218
100.5 1.3644059667199622
101.0 1.8434828899137705
101.5 0.904276269674672
102.0 0.6718232338501386
102.5 0.35082307272623003
103.0 0.8895024808441669
103.5 1.5949764829996738
104.0 1.0740435069337897
104.5 1.46019626866333
105.0 0.7343163858742279
105.5 1.2335106493594203
106.0 1.1919888220938006
106.5 1.5589707893025655
107.0 0.6651201705755555
107.5 0.8804428734197619
108.0 1.9737795698318628
108.5 1.1176693711843941
109.0 1.2541274550275614
109.5 1.3902141195488884
110.0 0.7918490638756658
110.5 0.8011819174724468
111.0 0.8011600281378052
111.5 1.2713581625303088
112.0 0.6112618906313293
112.5 1.0179265347366555
113.0 1.2837069065970743
113.5 1.360924942693767
114.0 1.778199706491471
114.5 1.2685643923203545
115.0 1.1184512662762955
115.5 0.6878237355042407
116.0 0.5291196799300706
116.5 0.7728165093770454
117.0 0.9807197721369554
117.5 1.5497819199296856
118.0 0.244556352735244
118.5 0.9189860227287844
119.0 0.8173672993278005
119.5 0.8688111243706214
120.0 1.103528258740465
120.5 1.4281640330336582
121.0 0.5557485136060359
121.5 0.5876172704767411
122.0 0.46466064227971593
122.5 0.916622742131491
123.0 0.7114709311732424
123.5 0.9989154893376075
124.0 0.639648290808881
124.5 0.8503856746534847
125.0 1.3631849919081596
125.5 0.48976272572810003
126.0 2.4693048161489117
126.5 0.42188585124910105
127.0 1.3156589621264236
127.5 2.0079701629754583
128.0 0.5363018318325735
128.5 0.9876807003160096
129.0 1.5582328730799189
129.5 0.8968640286362041
130.0 1.1492922803346497
130.5 0.8494040449230316
131.0 0.29988281311286047
131.5 1.5196034822919269
132.0 1.1106300160122762
132.5 1.0816213854954677
133.0 0.8530335955938231
133.5 0.6266827223700019
134.0 1.4133101686546767
134.5 0.48725423768667375
135.0 0.6477766452335505
135.5 1.316280062272242
136.0 1.1965518692355528
136.5 0.9733560454866337
137.0 0.6327019612248361
137.5 0.8493432199315849
138.0 0.4738308339110735
138.5 1.1748723346729273
139.0 1.6161800391390528
139.5 0.967991912878168
140.0 1.7479471744887025
140.5 1.0409366482284597
141.0 1.2735770668563695
141.5 1.2016182729276874
142.0 1.809453039826651
142.5 1.3948355506321897
143.0 0.5436903580418411
143.5 1.4342298467229373
144.0 0.8009800579467627
144.5 1.4489232799064553
145.0 0.32209530863716496
145.5 0.6148894713575588
146.0 0.9610084826550293
146.5 0.6064923372896999
147.0 0.2
147.5 1.4228676096945874
148.0 1.712408286664375
148.5 0.6012404124841677
149.0 0.6507958079275427
149.5 0.3551211594551385
150.0 0.4751628964465174
150.5 0.7894842169256939
151.0 1.3762467287890385
151.5 0.4278545299460009
152.0 1.212679066213406
152.5 1.028473680263057
153.0 2.0357815225999083
153.5 0.5119771180356952
154.0 0.6817264121552233
154.5 1.0861887897555245
155.0 1.5055363386627119
155.5 1.024211610608339
156.0 1.3030468034133955
156.5 1.0071317073160566
157.0 1.076190901295572
157.5 0.7911366805667597
158.0 0.8247173711987614
158.5 0.9396931092150294
159.0 1.9018615619045587
159.5 0.7921213817511106
160.0 0.7359173794273064
160.5 1.3800284203419237
161.0 1.0335806918898351
161.5 1.3402725928849168
162.0 0.793690963001718
162.5 0.6201162962641682
163.0 0.9134755888509067
163.5 1.2788977041516747
164.0 2.1882889490874406
164.5 1.2437991248229716
165.0 1.464032719489378
165.5 0.8292964776516132
166.0 1.0067251228325895
166.5 0.7610171487191926
167.0 1.2443822586591295
167.5 0.947114563226393
168.0 1.0242299151036773
168.5 0.6893838992489103
169.0 1.0350044946414374
169.5 1.4920185243899544
170.0 0.7305971130094748
170.5 1.031772687762367
171.0 0.5843822641791485
171.5 0.9618980735619798
172.0 2.1234910085079703
172.5 1.3367609430680363
173.0 1.739181491193741
173.5 1.2969034616276447
174.0 1.304300809862227
174.5 0.7908152515298779
175.0 0.7156488202549891
175.5 0.6664580877277326
176.0 0.7365432489490779
176.5 0.8754017928344309
177.0 1.0091906283944008
177.5 1.178404970579859
178.0 1.37699088922197
178.5 0.5966233683861157
179.0 2.4783462305011033
179.5 1.4883161683438133
180.0 1.3354140293692742
180.5 1.191967650693128
181.0 1.7235219937992623
181.5 1.3895205362749627
182.0 2.0528735533057714
182.5 0.6873232577982985
183.0 1.1046010354022746
183.5 0.9783407126279036
184.0 0.9188309672812427
184.5 1.29323600993159
185.0 1.0458461361075804
185.5 0.9003157220886481
186.0 0.6113284283589813
186.5 0.7911534384493704
187.0 1.9021174158495802
187.5 0.5731118578253547
188.0 1.2941668433399822
188.5 1.0463721654270213
189.0 0.6731977094231709
189.5 0.32423303071247295
190.0 0.9636748739584888
190.5 1.8091390814651538
191.0 0.9798571576022901
191.5 0.21762177052590126
192.0 1.390036635443954
192.5 1.0494225943261541
193.0 1.1825319574823587
193.5 0.8401989757773156
194.0 2.0289973920329185
194.5 2.3619341601027757
195.0 1.2311610276859108
195.5 1.3326804645819865
196.0 1.3485638610532267
196.5 1.183528236223231
197.0 1.2043312075023216
197.5 0.832090263233215
198.0 0.8327693123289628
198.5 0.7063209416220484
199.0 0.9696319141725709
199.5 0.5757941330998978
200.0 0.8344458343626413
200.5 1.4552256064116875
201.0 1.7998056341021729
201.5 1.4599423598177403
202.0 0.7313550300439289
202.5 1.1298880413155197
203.0 2.0265220729445113
203.5 0.7016750520554085
204.0 0.9767638951817355
204.5 1.2905352893649797
205.0 0.8747510919149255
205.5 1.2878838401568247
206.0 0.5795045159496748
206.5 0.8246729400019917
207.0 1.6678632773368745
207.5 1.275328105738665
208.0 0.8287169719307488
208.5 0.28982897538391006
209.0 1.676756891757274
209.5 1.9077562994820179
210.0 0.9377751423052756
210.5 1.045895780564959
211.0 1.2205861008747658
211.5 0.8576416456983171
212.0 2.0145120469133104
212.5 0.976673099471574
213.0 1.20501195169047
213.5 1.9307479411805968
214.0 1.6513978499841837
214.5 0.5453183095059402
215.0 1.231504506683333
215.5 2.4841339224483154
216.0 1.2942152583931614
216.5 1.865514772195496
217.0 0.8827817169109301
217.5 0.833651562120853
218.0 1.3304334335709744
218.5 1.1969456675753642
219.0 0.6363556669546703
219.5 1.4337329424755512
220.0 0.7598078091596882
220.5 0.8268701757295054
221.0 0.5255094365644467
221.5 1.693389421660573
222.0 1.0128017114219467
222.5 1.0195239306512571
223.0 0.9133199582366117
223.5 1.1823281303736115
224.0 0.6939586391885721
224.5 1.3005219140459485
225.0 0.7350338090923187
225.5 1.113665595925791
226.0 1.2846701674176346
226.5 1.7176772992278166
227.0 1.091018369204018
227.5 1.0660384234369362
228.0 0.9394953192551914
228.5 0.5756579349414674
229.0 2.1468827292511836
229.5 1.5425358386996906
230.0 0.5964830464671043
230.5 0.9178859318426431
231.0 0.9647982326528362
231.5 1.5854154707969101
232.0 0.3632473943316701
232.5 0.2
233.0 0.9464686772370043
233.5 1.672220436739335
234.0 0.9827667646457345
234.5 1.7178732498387466
235.0 1.4103015034510813
235.5 0.6599133807321073
236.0 0.9750061173951168
236.5 0.6916973095515457
237.0 0.8040794608210213
237.5 1.3384629517340418
238.0 0.8999087389753034
238.5 1.6170816477523826
239.0 0.821510203943896
239.5 1.406236286330445
240.0 0.638957539313053
240.5 1.334010018106334
241.0 2.145324369424258
241.5 0.9992765483791971
242.0 1.8663886793700022
242.5 1.012217248569038
243.0 1.9679839380626487
243.5 1.1510552303710404
244.0 1.3983863364949467
244.5 1.412846460118736
245.0 1.206574480643289
245.5 0.9696848046904878
246.0 0.9956088300625077
246.5 0.5437770392005103
247.0 1.7060798105335566
247.5 0.6276576489388441
248.0 0.8505661729032419
248.5 0.5718943356257411
249.0 1.030770367165317
249.5 1.0206444466907545
250.0 1.4117318403443124
250.5 2.211949553639151
251.0 1.6017958893229103
251.5 2.094447174222341
252.0 0.41401957984882254
252.5 1.3563156821638376
253.0 0.9715636385169806
253.5 0.8592058175352254
254.0 0.8521040346423661
254.5 0.83352535806802
255.0 0.6786603005852895
255.5 0.6911530170572923
256.0 0.4432914743741897
256.5 0.9751412184647241
257.0 1.2455920155491267
257.5 1.04572851107371
258.0 1.121977598037348
258.5 0.5013315566009577
259.0 1.34000004520284
259.5 0.4634953879638513
260.0 0.6494323291132119
260.5 0.7759221658118619
261.0 0.6901078626894888
261.5 1.0414870979803668
262.0 1.8266332594426111
262.5 0.8089452073907946
263.0 0.8562706939990614
263.5 0.9239863857518811
264.0 1.4653275534001517
264.5 0.9198703379985698
265.0 0.5257460139004284
265.5 1.4000012462603688
266.0 0.7862131915182298
266.5 0.6350474207417668
267.0 0.7556588795135188
267.5 0.5450238542817999
268.0 1.8129100090773211
268.5 0.8738927876421773
269.0 1.3554941174804764
269.5 0.8868178899345727
270.0 0.8332094494279545
270.5 1.137571979282988
271.0 0.909625271570249
271.5 0.7593048387121091
272.0 1.0446983788364954
272.5 0.8159992938908529
273.0 0.800043107183773
273.5 1.0436660381760103
274.0 1.2976573291540838
274.5 0.8978699634175347
275.0 1.2555921353199706
275.5 0.7648582938241701
276.0 0.8878042726190447
276.5 1.1897785647100705
277.0 0.5740232075515739
277.5 0.8287170102852786
278.0 0.5780131493053741
278.5 0.9514443835263009
279.0 1.0466828322442974
279.5 0.6899189269220146
280.0 1.4258360378654056
280.5 1.4164016686239091
281.0 0.9682040697830228
281.5 0.8569555934202966
282.0 1.012419682040271
282.5 1.4845572457831033
283.0 1.4714426164765908
283.5 1.3202239580747606
284.0 1.7501466774090102
284.5 1.4005284044370767
285.0 0.6190295161661714
285.5 1.1454561947425153
286.0 1.3760538994420939
286.5 1.4471659622324096
287.0 1.3449954822289782
287.5 1.2501545067089617
288.0 1.54779067493212
288.5 1.7515137460746102
289.0 2.29817002750802
289.5 1.4971613419407954
290.0 1.4883572302378387
290.5 0.8569044663778438
291.0 0.5573203974710741
291.5 0.8023555961844695
292.0 0.7041155674363784
292.5 1.509908221341231
293.0 0.9570419175490763
293.5 0.7108655437689719
294.0 0.6049754857060391
294.5 1.2724747479793397
295.0 0.7035341741032095
295.5 1.0261050064166692
296.0 1.7560299083460684
296.5 0.9204233270263764
297.0 1.3833766080702425
297.5 0.8237324036279083
298.0 0.9091899837111167
298.5 0.703084643924601
299.0 1.4080767785474018
299.5 1.0218300045093152
300.0 0.9404055060239593
300.5 0.5738500063348765
301.0 1.6214197154196253
301.5 2.1864687900635493
302.0 1.0564398584350478
302.5 1.1245108170586184
303.0 1.3457090129736295
303.5 0.9844903998562198
304.0 0.8388778542327249
304.5 1.4916196533996313
305.0 0.8392760528707005
305.5 0.8982915625653654
306.0 1.1741052776736876
306.5 0.8135868616059156
307.0 1.0673941793396056
307.5 1.3220802317699607
308.0 0.531051751675419
308.5 1.2391912674230379
309.0 1.1711632752357355
309.5 0.9619470432338713
310.0 0.5284068951464833
310.5 1.6341513821457059
311.0 1.1230487024648892
311.5 0.33732734618754273
312.0 2.4268355637311467
312.5 1.038164085251855
313.0 1.583091254713986
313.5 0.9141493317612837
314.0 0.6137696327586233
314.5 0.7260596651168117
315.0 0.7548426184134416
315.5 0.44802577566176494
316.0 1.374682312541352
316.5 0.7887664213753101
317.0 1.2986114484519427
317.5 1.7109482808492587
318.0 1.428991541642855
318.5 0.7567482549286579
319.0 0.9572987019172894
319.5 1.108907458637165
320.0 1.2513503278146034
320.5 1.4020463369174718
321.0 0.8051433257590996
321.5 1.3840894897941136
322.0 1.5838214603236969
322.5 0.5611325659350122
323.0 1.9778184701171155
323.5 0.8813284222697255
324.0 1.441663073959103
324.5 1.5485087621281826
325.0 0.7253986383169757
325.5 0.6409492892274231
326.0 0.7429820655406285
326.5 0.7858072603393269
327.0 0.7468032733125134
327.5 0.7675643752016772
328.0 1.14900371072864
328.5 0.4826018884381029
329.0 1.0073742617609718
329.5 1.131061066714834
330.0 0.7892037759902746
330.5 1.4539042880109116
331.0 1.6583779911762533
331.5 0.9104985386402664
332.0 0.9665369473175702
332.5 1.0420444292374915
333.0 0.8069016526695869
333.5 0.8014621583965089
334.0 1.2111407875781117
334.5 1.8163194891224783
335.0 1.4478130455023113
335.5 0.8464105593262876
336.0 1.896727885918895
336.5 1.2582618168255066
337.0 1.4388896063199943
337.5 0.6728039935262992
338.0 0.9139668331361107
338.5 1.4279892447341411
339.0 1.2755731907777652
339.5 0.8705101207436047
340.0 1.7032941610539911
340.5 1.5553411328086164
341.0 0.504039831239581
341.5 0.9766439983237323
342.0 1.2335609338485185
342.5 0.7140151559060945
343.0 0.7525395773385584
343.5 1.1550536714164255
344.0 1.242618034111274
344.5 1.1202475043584887
345.0 1.0638780885373957
345.5 1.4122922250869023
346.0 0.8298530393491572
346.5 0.748489157635313
347.0 0.7397761321220214
347.5 1.7810463486616177
348.0 0.4920590212352195
348.5 1.324683722277083
349.0 0.7659696664776425
349.5 1.4955967104605863
350.0 1.7828288319777936
350.5 1.8127317246436325
351.0 0.9295712979282883
351.5 1.206604348547819
352.0 1.1078489394042907
352.5 1.1457432292578384
353.0 0.8405555232460351
353.5 0.8782898094945011
354.0 0.8173993006138782
354.5 0.9550295570954771
355.0 0.9762129390456775
355.5 0.7223935146891904
356.0 1.0734699424110319
356.5 1.774724658247707
357.0 0.8376526588074475
357.5 0.4621971003839771
358.0 0.9844134647790668
358.5 1.6308313269638692
359.0 1.1774325808144273
359.5 0.7565336231337844
360.0 1.1412516027199777
360.5 1.267489094583674
361.0 1.1967707582205793
361.5 0.9738131478682936
362.0 0.8773570243543365
362.5 0.7343674789675616
363.0 1.0998738921784321
363.5 0.9812540489414954
364.0 1.0999656945222631
364.5 0.9218014905806848
365.0 0.9797916991934061
365.5 2.097767789383514
366.0 0.6362238877555599
366.5 1.723898127398229
367.0 1.6631317454383414
367.5 1.0886258685450425
368.0 0.7442749592722664
368.5 0.9347059723004725
369.0 1.2092428730069766
369.5 0.5241255883269246
370.0 2.2819278007499593
370.5 0.8372536051515274
371.0 0.5857853521060883
371.5 1.5979595082424902
372.0 1.6137920938996246
372.5 1.5018756799050146
373.0 1.1085356001640063
373.5 1.1991352546801797
374.0 1.5382617502799825
374.5 1.1995620943014114
375.0 0.8473554218056327
375.5 1.3639389474131411
376.0 0.49527935606848783
376.5 1.6406974772048506
377.0 1.8006042654600318
377.5 1.0565539836882982
378.0 1.4543062985950186
378.5 1.8264948465245483
379.0 0.6519050806777649
379.5 0.7308480436185469
380.0 0.6993292362315381
380.5 1.222524983299437
381.0 1.6952022847113417
381.5 1.7568615719540026
382.0 1.2100688360841207
382.5 0.46901933316452965
383.0 0.7238635678200824
383.5 0.6549778577793917
384.0 0.6933425924191301
384.5 0.5496606631464023
385.0 0.5393820415034523
385.5 1.609044422698711
386.0 0.7126029723007679
386.5 0.6769898367726018
387.0 0.5115734364594308
387.5 1.1912959387430937
388.0 1.2292466993050155
388.5 0.7643411981770085
389.0 0.6597005218580536
389.5 0.945241510378459
390.0 1.2704404038933723
390.5 2.1239993978592846
391.0 0.9958054269550489
391.5 1.3810304447960053
392.0 1.2507542498087274
392.5 1.6667472175213205
393.0 1.2053732794565775
393.5 0.9238818620039315
394.0 0.6584166492829484
394.5 0.8174052926247486
395.0 0.8881857194818861
395.5 0.8546111425589915
396.0 1.702878230827314
396.5 1.0821192632098968
397.0 1.4274437270260982
397.5 1.224591964631657
398.0 1.5690742667432096
398.5 0.6279937294111245
399.0 1.4935706068961192
399.5 0.6887534287673858
400.0 1.9886899771160431
400.5 1.1833483176294086
401.0 1.110800950798721
401.5 0.525979808735889
402.0 1.7435653000101934
402.5 0.8609132471638972
403.0 1.3337923077648641
403.5 0.9883020714304802
404.0 0.8765313252042655
404.5 1.457804063093472
405.0 0.7358952697270139
405.5 1.1417807924989358
406.0 0.9139470466024782
406.5 0.29881306801243446
407.0 1.2415788460295247
407.5 1.958474707137698
408.0 2.4092071855793966
408.5 0.4283402788694821
409.0 1.7728743130790638
409.5 1.429972481606466
410.0 0.5679140484185166
410.5 0.8652924086288419
411.0 1.3392465442408494
411.5 0.9641098831632102
412.0 0.6992172804006245
412.5 0.9149918888780222
413.0 0.5511261166833232
413.5 1.7260453225184202
414.0 0.977739830124849
414.5 1.3146276717677723
415.0 1.0185163895446343
415.5 1.448445547960847
416.0 1.312786788204612
416.5 0.5152360062880612
417.0 1.1149963876390838
417.5 0.8065573570768848
418.0 0.8810629504347682
418.5 0.9370701685973597
419.0 1.49289242791465
419.5 2.1766229838782207
420.0 1.1977994499001337
420.5 1.4129834749193206
421.0 1.2190826536928894
421.5 0.7816563522052334
422.0 0.882631526196968
422.5 0.8508237863942736
423.0 0.5998114157735892
423.5 0.7045965538234109
424.0 0.754226836243813
424.5 0.7349069755823441
425.0 1.9189925563978383
425.5 1.5731285406260707
426.0 0.339247583003831
426.5 0.2
427.0 3.1114901508786126
427.5 1.217202024061786
428.0 1.4338258433103075
428.5 1.2753216277729589
429.0 1.239720133647015
429.5 1.0034382848476942
430.0 1.0494088139836728
430.5 0.6805945730354683
431.0 0.7298430047765645
431.5 0.7791005712056133
432.0 1.2056917713137487
432.5 1.3349743664666338
433.0 0.7058685978839803
433.5 0.7551697941140396
434.0 0.777202133476709
434.5 1.1016479833352821
435.0 1.0076007150951543
435.5 1.3988128788156606
436.0 0.7225042769997306
436.5 0.8404591048179602
437.0 1.9458968160342502
437.5 1.748782587254803
438.0 1.4919014106201494
438.5 0.8260701076114799
439.0 0.7462362518826493
439.5 1.0496471415860271
440.0 0.5681270940502263
440.5 0.8396078877379596
441.0 1.2700409605069682
441.5 0.6845683181202271
442.0 0.8971612722782175
442.5 1.040276391806011
443.0 1.4096856177769612
443.5 0.8080909353581391
444.0 1.1415749782529687
444.5 1.5852999132934782
445.0 0.575461660372815
445.5 1.1721293636442138
446.0 1.2465051456428313
446.5 1.0507063781608577
447.0 0.9334601225327395
447.5 0.34829726793681065
448.0 1.574299325412439
448.5 0.8641600637944011
449.0 1.7319491501765458
449.5 0.7963440856852047
450.0 0.5559770050710144
450.5 0.5812315202873524
451.0 1.2981016808374597
451.5 1.137655752638333
452.0 0.8588762363537844
452.5 1.487693718862904
453.0 1.1913671379770399
453.5 1.850538349944904
454.0 2.0606820410072006
454.5 1.6463927902899607
455.0 0.5416281163642577
455.5 0.2
456.0 1.3212423653977186
456.5 1.1484309232489884
457.0 1.4225580618177256
457.5 1.147875258784272
458.0 0.5291261891465643
458.5 1.4129772013849282
459.0 0.8326032474000054
459.5 0.6291316140331422
460.0 1.5951592420608325
460.5 0.8887413880174104
461.0 1.3324371845506273
461.5 1.538815071372031
462.0 1.146442514288145
462.5 1.4475565241453672
463.0 0.8723090397646971
463.5 0.5202161242109626
464.0 0.7211780734676279
464.5 0.9304140012946485
465.0 0.9910143268441931
465.5 1.0084737858811008
466.0 1.6148452945506413
466.5 1.3321537543278563
467.0 1.7281979599264758
467.5 0.7701089661431575
468.0 0.6873355633430883
468.5 2.4284562400966667
469.0 1.1388842215656645
469.5 0.2511300361190132
470.0 0.7107688110997037
470.5 1.6575035934827915
471.0 1.214133258960141
471.5 1.2649115014048449
472.0 0.6326992696749851
472.5 1.876846956037112
473.0 0.9816042543382375
473.5 1.2405472903148431
474.0 1.4923642072604686
474.5 0.6051615766711681
475.0 0.6284506181944274
475.5 0.7467559151045752
476.0 2.656884286765194
476.5 1.604497623573626
477.0 0.8948634703090275
477.5 0.6020147793639036
478.0 1.7562473245526673
478.5 1.0158153199115545
479.0 1.3493393528718904
479.5 1.0611192837869865
480.0 1.6472253618163952
480.5 1.3795166129508154
481.0 0.7143219128075253
481.5 0.808597274901378
482.0 0.7938929229279117
482.5 1.36549265627155
483.0 0.8311922396531579
483.5 1.3773517477515165
484.0 0.8197008794511043
484.5 0.9649875619371338
485.0 1.3747665659303174
485.5 0.7409510034480522
486.0 0.9749433212853429
486.5 1.137347641283483
487.0 0.6522917082827584
487.5 1.0363832277517175
488.0 1.5573759140818426
488.5 1.072276126184903
489.0 1.2836053850469655
489.5 0.9216813671642328
490.0 1.1018927931276046
490.5 0.6801614725573355
491.0 1.1026378476425127
491.5 1.3420906461389313
492.0 0.5360898053619171
492.5 0.9303913459950659
493.0 1.314645507175661
493.5 0.7426620147036669
494.0 0.5305402056823912
494.5 0.7474862362819219
495.0 0.7834003629187644
495.5 1.1079450084820133
496.0 0.7202383399279086
496.5 0.7330413529991344
497.0 1.6656091671357465
497.5 0.9067713977632088
498.0 1.3895468371630826
498.5 0.8664040203283617
499.0 1.2441882900525214
499.5 0.8344735570746562
500.0 0.5763388167158426
500.5 1.5448623998748716
501.0 1.4435172580969393
501.5 0.9963120001059986
502.0 0.6862933786257501
502.5 1.0659662191399581
503.0 0.8098743467503149
503.5 0.9713294993638586
504.0 1.0818546949673322
504.5 0.8295446566573719
505.0 1.1515074320521657
505.5 0.4446647915544924
506.0 0.804973896667253
506.5 1.1079264781523888
507.0 0.7488683438798713
507.5 0.9731123092801413
508.0 1.679289271980947
508.5 0.7032782893767069
509.0 0.6353398273618523
509.5 0.6621525420690864
510.0 1.0990388106528
510.5 1.0367746069692885
511.0 1.156012089732847
511.5 0.7292679751362068
512.0 0.8951119146990387
512.5 0.6088171693775021
513.0 1.7446809118575415
513.5 1.416507491890052
514.0 1.281006795074293
514.5 1.1418758709974202
515.0 0.7337300500477419
515.5 0.6075291105594636
516.0 0.6723914249007474
516.5 1.89657098311557
517.0 0.9444869417417114
517.5 0.660515053643459
518.0 0.9162816196252699
518.5 1.197682037297531
519.0 1.2817847284371189
519.5 0.7327602255316982
520.0 0.34324370164287843
520.5 1.3933284849349628
521.0 0.48344079167655063
521.5 0.5268553937139362
522.0 1.4889167482119772
522.5 1.1830940069326625
523.0 1.6954906623305392
523.5 0.95711634156631
524.0 1.4834928169770554
524.5 0.2
525.0 1.9034285209078048
525.5 1.233973779459185
526.0 0.5559178282771462
526.5 1.205771742615943
527.0 0.6850561141773429
527.5 1.2573860976868898
528.0 0.8760624937866367
528.5 0.9789114658798213
529.0 1.686271685982304
529.5 0.7176752685732346
530.0 1.0804351997573254
530.5 0.5327422002033149
531.0 1.4229461673220611
531.5 1.3834190785311873
532.0 0.7964485363907396
532.5 1.3405444358344494
533.0 0.47973922743457564
533.5 1.3482205450423328
534.0 1.3074266721234125
534.5 0.7920653913778566
535.0 1.1743039455703754
535.5 0.9452434394849087
536.0 1.9365048208661433
536.5 1.5638074182531088
537.0 1.056084474302082
537.5 0.8188297491983317
538.0 1.0473342830732195
538.5 0.8812295797368673
539.0 0.7451844612560878
539.5 0.6456093580935627
540.0 0.6472233850314001
540.5 2.2976431979174614
541.0 1.4985494088612512
541.5 0.2
542.0 1.702246359502042
542.5 0.9376149530288027
543.0 0.8782377271133224
543.5 0.9004174189837951
544.0 0.9544571079797342
544.5 0.6705734707946585
545.0 1.1321222378214646
545.5 0.7176479295820235
546.0 1.1150284620978579
546.5 1.182887325838689
547.0 0.8626850708923728
547.5 0.5720807783773456
548.0 1.3156593595150896
548.5 1.5095134319808423
549.0 1.3413367254288977
549.5 1.365513551018271
550.0 1.8215095871097193
550.5 1.1517747392683542
551.0 0.6764611591346048
551.5 1.5441148670710172
552.0 1.0738409380548775
552.5 1.4421236668549955
553.0 0.8337681964878096
553.5 1.6407947068956086
554.0 1.4607338615614047
554.5 1.1827405655075842
555.0 1.2096902596774273
555.5 0.8360689456087681
556.0 0.4298788399608884
556.5 0.9493609532945873
557.0 0.4829399689269962
557.5 1.0495186889910626
558.0 0.8969166988133166
558.5 1.0374574023333019
559.0 1.7819800403340862
559.5 1.382703850180931
560.0 0.7584307399221111
560.5 1.1512772814834098
561.0 0.6053270488487446
561.5 0.8483281396622839
562.0 0.7748547469067318
562.5 1.1536553492973318
563.0 1.1343041479602394
563.5 0.6377945487371524
564.0 0.8582980338487334
564.5 1.1342637976234071
565.0 1.1704961360846062
565.5 0.6931086941444966
566.0 1.145223175871847
566.5 1.6082749830005039
567.0 1.2323153624522052
567.5 0.8448732381661068
568.0 0.9623398787735108
568.5 0.9582029089630795
569.0 1.0784314236570396
569.5 1.6209601080801077
570.0 0.5686015090278578
570.5 0.7969138512398257
571.0 2.077994651168189
571.5 0.42588228729124833
572.0 2.090473031739112
572.5 2.040385509483623
573.0 1.6384578051281125
573.5 0.5536076783705106
574.0 1.4928672316211
574.5 1.081370447142585
575.0 1.2456833300536856
575.5 0.9042012508773163
576.0 1.1345346862527008
576.5 1.3755138662742687
577.0 1.2025659204846781
577.5 1.8337359580831074
578.0 0.49168638265168374
578.5 1.3695170642424017
579.0 1.6466951681520845
579.5 1.158682925511748
580.0 0.9025435516463254
580.5 1.7259058394089943
581.0 0.48421220432439593
581.5 0.5582436823403507
582.0 1.6720990319782718
582.5 0.5291248181501834
583.0 0.7493088571433392
583.5 1.3865297718080418
584.0 1.1559896283899889
584.5 1.2915121106985028
585.0 1.7849395525667768
585.5 1.8191581205766285
586.0 1.1659704913416609
586.5 1.0926373891585328
587.0 1.095739287033841
587.5 1.0467000928357015
588.0 0.8882448644573467
588.5 0.728318730349869
589.0 1.0035255351536312
589.5 0.9995350436549211
590.0 1.1486445063673654
590.5 0.7359696388423531
591.0 0.5941790330905751
591.5 1.5764576472525924
592.0 0.6817084682128168
592.5 1.1253382612692462
593.0 0.8021602879814087
593.5 1.7092007331512407
594.0 1.264484124384031
594.5 0.7763412948080055
595.0 0.9243185048366636
595.5 1.2563734181181472
596.0 0.9471312280013089
596.5 0.4814629856726038
597.0 0.9012497568001492
597.5 0.5667656035089912
598.0 1.2155836938697149
598.5 1.08420256693246
599.0 0.2744812477455414
599.5 1.5495068505706104
600.0 0.9307069998260851
600.5 0.8146378147631619
601.0 1.6793566063023964
601.5 0.9223299894024897
602.0 1.1124154587892587
602.5 1.530502608739453
603.0 0.5603589551281944
603.5 1.6442885929141202
604.0 0.8378955112112316
604.5 0.9717565501202063
605.0 0.8859684189233643
605.5 2.2933232417561777
606.0 1.5161556461451675
606.5 0.6018224249687406
607.0 0.8198797363742651
607.5 0.7007845700773268
608.0 0.5839126896575019
608.5 0.619133499496235
609.0 0.22622207268970107
609.5 0.8177581206950881
610.0 0.7713276312225288
610.5 1.5237306051602046
611.0 0.850133538818962
611.5 0.8642581708718766
612.0 0.6945739938222851
612.5 0.958764958109692
613.0 0.7622761008005121
613.5 1.2984965673770037
614.0 1.1497714475181091
614.5 1.3070542177647528
615.0 0.5328089637685836
615.5 1.5711852402210877
616.0 1.0936633065530246
616.5 1.784651175633472
617.0 0.6481812630622235
617.5 1.5529871419667916
618.0 1.3419734395318383
618.5 0.8365592461394664
619.0 1.0360022488898228
619.5 0.255662385420947
620.0 0.9053687960375922
620.5 0.5882938077940476
621.0 2.4248845252851043
621.5 1.2663019219217797
622.0 0.8272905871202917
622.5 1.243429496859307
623.0 1.3663886101673821
623.5 1.6443977001180132
624.0 1.3480832422038156
624.5 1.194463525324046
625.0 0.9220320079871627
625.5 0.8802005651240485
626.0 0.7082797889655148
626.5 1.1548007240543214
627.0 1.486841179641443
627.5 1.7762119173237658
628.0 1.5409547798014724
628.5 0.7420577258178187
629.0 0.7659102921940755
629.5 1.3050671765320752
630.0 1.566587404469867
630.5 1.4454196823378571
631.0 1.264210950252241
631.5 0.9675946884859363
632.0 1.4649058838038251
632.5 0.4471960728984678
633.0 1.2265497575452873
633.5 0.7554188909028312
634.0 0.6283318282865145
634.5 0.8550741882475821
635.0 1.5915489094840343
635.5 1.6215668574732953
636.0 1.0139406607189518
636.5 0.6983611672568201
637.0 0.7883726619919871
637.5 0.7957121517648715
638.0 1.0774654458149162
638.5 0.5868289603487858
639.0 1.110809284342875
639.5 0.6146234116458124
640.0 1.5310658516415372
640.5 1.0307314982877296
641.0 0.6855569981441038
641.5 0.9168168194346299
642.0 2.0108071399608347
642.5 1.3289131682439377
643.0 1.3065283109813857
643.5 2.1708829723038123
644.0 1.083391746640772
644.5 0.7949833985096411
645.0 0.8892006475446648
645.5 1.6351585028427222
646.0 1.4579145966206244
646.5 1.5553255383484994
647.0 1.2330178152273525
647.5 1.1947559022824004
648.0 0.5851858263963161
648.5 0.6963175050447072
649.0 1.1827935750570098
649.5 0.821274410781967
650.0 0.7102333162399341
650.5 0.8627251356049404
651.0 1.0945383638995092
651.5 0.6016645626856254
652.0 1.0035409456855058
652.5 1.4228010134078395
653.0 1.4271942097270203
653.5 1.002936960085278
654.0 0.8710941550673654
654.5 0.9483871645047488
655.0 1.1118692269918606
655.5 1.5023557317920864
656.0 0.8058114966049416
656.5 1.0047720781417804
657.0 0.840708549066999
657.5 1.2457383442611452
658.0 0.9163510254070877
658.5 0.5124440666326655
659.0 1.2220002710327678
659.5 0.8107287570326418
660.0 0.9065186740536655
660.5 1.3762492106107431
661.0 0.6204452754347425
661.5 0.9687877386035482
662.0 0.9462605394202187
662.5 1.1969403309849458
663.0 0.58654621534013
663.5 1.4179326254462894
664.0 0.9997155144391101
664.5 0.7139083303484468
665.0 1.531164165993149
665.5 1.3014205308016535
666.0 0.9276885826168668
666.5 0.894896657135336
667.0 0.6506065281898572
667.5 1.2272206991875625
668.0 0.7810148385660158
668.5 0.90075704210106
669.0 1.4321005941893314
669.5 0.5888679049410617
670.0 1.3506023748077387
670.5 1.356942907778925
671.0 1.0207922906132418
671.5 1.413239542918891
672.0 1.4058236410516325
672.5 1.4813435257275525
673.0 0.6863490095172249
673.5 0.6643924913628686
674.0 1.0304665273302605
674.5 0.8150776549104114
675.0 0.8244341346006858
675.5 1.9393666409672037
676.0 0.9751112691370327
676.5 1.5571325460325705
677.0 1.0694693353410962
677.5 0.2533938545504748
678.0 1.0334265695153368
678.5 1.489365947150295
679.0 0.5683194367888877
679.5 0.7942915343943099
680.0 1.13667863862586
680.5 0.6734599871852879
681.0 2.174394657972048
681.5 1.7507814923369818
682.0 1.520268575994284
682.5 1.5367712613921476
683.0 0.6776126834914935
683.5 1.6474041264841988
684.0 1.1504167941220036
684.5 1.2074322735871412
685.0 0.9973973808798251
685.5 0.7962404406858337
686.0 1.087091539907365
686.5 0.7027392769733305
687.0 1.6266044767693553
687.5 1.7700118953454878
688.0 1.7629855953689915
688.5 1.5274899866746616
689.0 1.7480389174880786
689.5 1.1606261333448136
690.0 0.546987887548716
690.5 1.406682225794246
691.0 1.0466568740839368
691.5 0.8196906518328861
692.0 1.1491264121747715
692.5 0.2
693.0 0.5805708405966881
693.5 0.9832513350508917
694.0 0.8248621589332383
694.5 2.3135703316652947
695.0 0.7433004038116595
695.5 0.6799600065391476
696.0 1.1997504285174823
696.5 0.9919449563869172
697.0 2.1388949946110656
697.5 0.8414093868566761
698.0 1.0408983161944276
698.5 0.8873711904090607
699.0 0.2535494695298043
699.5 0.935117798887849
700.0 0.8308780634193369
700.5 0.21104488765805118
701.0 1.1347516148920893
701.5 0.9080944499035944
702.0 1.9457602869874815
702.5 1.6807056021389528
703.0 2.3745655612568752
703.5 0.6839188857619123
704.0 0.6309533739126393
704.5 1.6790930969498223
705.0 1.0330428404011085
705.5 1.4265533613934334
706.0 0.6886019429531195
706.5 1.2259266537574196
707.0 1.319110164801103
707.5 1.1290747571477346
708.0 1.9320268569005183
708.5 0.9645515760067302
709.0 0.9310766275787783
709.5 0.856314204034208
710.0 1.9720098497154885
710.5 0.8904907866977814
711.0 1.1362761736509446
711.5 1.335123571233817
712.0 1.1051938123167315
712.5 0.8230770457384858
713.0 1.1044424564872135
713.5 0.5680899084213027
714.0 1.016852959975446
714.5 0.5043565912078432
715.0 0.9807650601389839
715.5 0.9585606037444095
716.0 0.8303020154606058
716.5 0.9771466762213818
717.0 1.4415925785459325
717.5 1.17234328505356
718.0 2.6941307877121137
718.5 0.5459780070051649
719.0 0.8849510180871585
719.5 0.7765224827030781
720.0 0.5638232772823557
720.5 0.8926932705822832
721.0 0.5306620926664424
721.5 1.2050742528552782
722.0 1.1504718220127708
722.5 1.1037057041494496
723.0 0.9500134390796138
723.5 0.5723725716281913
724.0 1.357221386781955
724.5 0.22781306884147384
725.0 1.083404414548741
725.5 0.5850419548491671
726.0 0.8448362719060427
726.5 1.2566221876189312
727.0 0.9302329281363804
727.5 0.8270630443935405
728.0 0.5956372553258072
728.5 0.7553461058007449
729.0 0.9674683617850879
729.5 0.7784914366175653
730.0 1.5642289346962
730.5 0.7325066933629031
731.0 1.2806963507099245
731.5 1.5222102355429148
732.0 0.6299100531073708
732.5 1.2992801101525657
733.0 1.115766822250775
733.5 1.294979711093446
734.0 2.011801832778418
734.5 1.2231694300141807
735.0 1.082232172412657
735.5 0.7097012189899999
736.0 2.141698451556327
736.5 1.1310968358720568
737.0 1.1717026970508235
737.5 1.2675169946809803
738.0 0.8319856888796193
738.5 0.6902510008160205
739.0 1.1246288019085178
739.5 0.8245486020200319
740.0 1.2252364333443864
740.5 2.0182631533975353
741.0 0.8031690270112697
741.5 0.6831355518130504
742.0 1.2341934067443217
742.5 0.29121057423640595
743.0 1.7762117681246858
743.5 0.8158667710688718
744.0 0.7595083748734839
744.5 0.8803133353070054
745.0 1.0788994224678692
745.5 0.5603247406133158
746.0 1.7760222552133842
746.5 1.8408496191017014
747.0 0.8690054303126395
747.5 0.6222568772575418
748.0 1.5131621729156395
748.5 1.798400013186909
749.0 1.0808556880183164
749.5 1.958119207506394
750.0 1.1432139056324668
750.5 1.3437925632887766
751.0 0.605931954519037
751.5 0.7065400757645528
752.0 1.0855384668855177
752.5 1.2741046108680618
753.0 2.368986506143517
753.5 0.3254118599560929
754.0 0.4767987728829672
754.5 1.2174357533143327
755.0 0.9879388689262811
755.5 2.052060674949585
756.0 0.9503486493887736
756.5 1.5491579008263432
757.0 3.1495497908386927
757.5 1.710319766868147
758.0 0.27713702836862364
758.5 1.4969222653247787
759.0 2.0455643558425374
759.5 1.9904250025340073
760.0 0.5991946926958729
760.5 0.7153870466622547
761.0 1.4389055350282374
761.5 1.0243787381365836
762.0 1.6223766600397698
762.5 0.5019735948328247
763.0 1.1255380145903755
763.5 0.8907438815131734
764.0 0.8074081679113907
764.5 1.0984710474011972
765.0 0.8095652423965496
765.5 0.7541229730112037
766.0 1.7311581988134916
766.5 1.581710505543448
767.0 0.7057358798447095
767.5 0.7529275416847832
768.0 0.8736067612698561
768.5 0.8021359612798797
769.0 0.67678022674975
769.5 1.1510489904461847
770.0 1.2289659698925806
770.5 1.171934944216644
771.0 1.4396086246089563
771.5 0.8377920313384826
772.0 0.9775713253805542
772.5 0.6455832978963032
773.0 0.9009622225429115
773.5 0.8425672334994159
774.0 1.4880370999278831
774.5 0.7343153903665811
775.0 1.1886735718102135
775.5 2.692631405489791
776.0 1.2556344760802118
776.5 1.1114578242105588
777.0 1.4085402039561745
777.5 0.9730283707355443
778.0 0.7780197632735208
778.5 1.0040866596594051
779.0 1.098303058543515
779.5 0.6318285226013141
780.0 0.6035392458940978
780.5 1.4727964080457245
781.0 1.0319950914841687
781.5 1.5402577115496945
782.0 1.0067995970281456
782.5 0.7892722162328858
783.0 1.2172267675198165
783.5 1.2443801314801362
784.0 0.9089992130289735
784.5 0.6067839649237298
785.0 0.910773997725832
785.5 0.6988247783098065
786.0 0.7783520004978495
786.5 1.561317691834176
787.0 1.405880469093314
787.5 1.3941177032989962
788.0 2.0952139783887267
788.5 0.9396326827253976
789.0 1.1310838559658358
789.5 1.1827115276025104
790.0 0.6822264463262395
790.5 2.258722433795218
791.0 0.7610105783138565
791.5 1.1612194037119339
792.0 0.725481192174107
792.5 0.9929151412946289
793.0 0.3943323950014296
793.5 0.46930357774709397
794.0 0.7597713748700476
794.5 0.5303337239458699
795.0 0.9151071555223051
795.5 0.9279359821370013
796.0 0.858191181489083
796.5 1.1322426940220123
797.0 1.4511273918882484
797.5 1.9258669216659896
798.0 0.752796304685597
798.5 1.0356366282871619
799.0 1.26838739593939
799.5 1.3037585496816742
800.0 0.5081588503198304
800.5 1.0452986209331774
801.0 1.4773321052846717
801.5 1.6943474458356231
802.0 0.9496086994976701
802.5 1.675997253653003
803.0 1.2307148458224024
803.5 0.6952037067452227
804.0 1.030007206338256
804.5 1.9901996217268632
805.0 0.9927443670436592
805.5 0.9353661027748985
806.0 0.8039140052720375
806.5 1.3972072137338762
807.0 1.3096700457930894
807.5 1.3547108459940902
808.0 1.075669652877276
808.5 1.074219894484688
809.0 0.7341176276760231
809.5 0.9505765293289365
810.0 0.7569376734054674
810.5 0.4962290086986841
811.0 1.1768663925554217
811.5 0.8379941438549139
812.0 0.6597305549370108
812.5 1.264823147225064
813.0 1.2073720398144667
813.5 1.274025210017053
814.0 1.8544085741856935
814.5 1.276788248390515
815.0 0.8226054861750497
815.5 0.45368856960291104
816.0 1.2168177712376917
816.5 0.8169633644863723
817.0 1.0478858959588468
817.5 0.9707258007849793
818.0 0.641280447301446
818.5 1.369980669848053
819.0 1.0221590253958712
819.5 2.8203477278376883
820.0 1.00652083718757
820.5 0.96416763537836
821.0 1.2380842177051465
821.5 1.4912677293804557
822.0 1.060808903361898
822.5 0.7095052828340673
823.0 1.3299883623325353
823.5 0.7524933873494348
824.0 1.536257004236973
824.5 0.5561421052227202
825.0 0.6569551347994996
825.5 0.8645634934044533
826.0 1.107031262596724
826.5 0.8687534752558608
827.0 1.2794365541904726
827.5 0.5329182596422373
828.0 1.4236613009789472
828.5 0.9243187616748919
829.0 1.2229354952999387
829.5 0.9270908083509488
830.0 1.0245453258809454
830.5 1.6967078299077023
831.0 1.7986174222530997
831.5 0.7060875074123156
832.0 0.9858283612791637
832.5 1.3971170928291188
833.0 1.2197793524009974
833.5 0.70555610525102
834.0 0.9286374549391987
834.5 1.534892900980762
835.0 2.6996656041978584
835.5 0.6853288488234432
836.0 0.9590243808257559
836.5 0.9065323888308974
837.0 0.9238249821900824
837.5 1.3978131694929457
838.0 2.154877543777272
838.5 0.6969086532067527
839.0 1.6645725829487996
839.5 1.822345813903917
840.0 1.247152448878896
840.5 0.6770416258629248
841.0 1.1158632713278456
841.5 0.2535525606280804
842.0 1.3375088705370686
842.5 0.9616846567340815
843.0 1.4660170890975972
843.5 1.0004179089732794
844.0 1.5238988098513935
844.5 0.7168447039355264
845.0 1.0839068141507084
845.5 0.8663379632616246
846.0 0.5395733770048448
846.5 1.050012076951542
847.0 0.9589056653220904
847.5 1.7484832017666476
848.0 0.811926136195358
848.5 1.3993218993588152
849.0 1.0226501788727205
849.5 0.8323300194449499
850.0 0.7973932359877902
850.5 1.4531619483874285
851.0 0.9787343972078437
851.5 0.6319728358049208
852.0 0.9676595593030257
852.5 2.0078355940276635
853.0 0.9100403702013369
853.5 0.6850758681597424
854.0 1.395450566431106
854.5 0.6851631114827892
855.0 0.7884357738249539
855.5 1.2169188835668323
856.0 1.157593707095302
856.5 1.287406207780718
857.0 0.9496898118689107
857.5 0.9722029036944067
858.0 1.488802620051136
858.5 1.4338829980042769
859.0 1.908219395172694
859.5 1.2673960969188103
860.0 2.0521974313722575
860.5 1.128674624608116
861.0 1.2975200344549476
861.5 1.4647718386098703
862.0 1.5202454833110899
862.5 0.6260218284604224
863.0 0.7791835127679775
863.5 1.5882015113690213
864.0 0.9326746942094926
864.5 0.6573700253472645
865.0 1.3548197182028465
865.5 1.8784084505017984
866.0 1.5557779388136799
866.5 0.827172714375253
867.0 0.9444957406815757
867.5 1.092603512511468
868.0 1.4897923437707217
868.5 0.7158380080489117
869.0 1.241531811137104
869.5 0.4850145621528504
870.0 0.40586371292322143
870.5 0.8936747837240784
871.0 0.6984297132751254
871.5 0.68673318802647
872.0 0.9221890741914909
872.5 1.11552411323198
873.0 0.6520314167784791
873.5 0.6682503414555068
874.0 0.8723911250234057
874.5 0.7653889737382076
875.0 0.7152655832851929
875.5 1.950971877926442
876.0 2.1961699229153733
876.5 0.6270498026512911
877.0 1.353722989016168
877.5 0.8128180195058836
878.0 0.695823597026497
878.5 1.1940675992822074
879.0 0.8687692902032298
879.5 0.8189302736552673
880.0 1.1282581641054696
880.5 1.1316328248535548
881.0 1.2587311166893191
881.5 0.5953749234367822
882.0 0.9189226753830665
882.5 0.8841515033733038
883.0 1.1674453458883876
883.5 1.1805816900659503
884.0 1.1176985135059456
884.5 0.9665988220100452
885.0 1.8479205947667743
885.5 1.2369838076092403
886.0 1.0824316434678067
886.5 1.6625638305788697
887.0 1.1725488387072516
887.5 1.3533255151498955
888.0 1.2797918294591357
888.5 0.9411344855416306
889.0 1.0788626076118433
889.5 0.6782358455752837
890.0 1.1288213340913495
890.5 1.2840308465725687
891.0 1.2585146667574851
891.5 0.5489159776295617
892.0 1.3551301659859827
892.5 1.7436148693688116
893.0 2.46882559892592
893.5 0.7204428318377591
894.0 0.6276454737110861
894.5 0.5631532013938474
895.0 1.1789700584870233
895.5 0.8766665275477923
896.0 0.7289277922480382
896.5 1.1601194269700148
897.0 1.0680074761660587
897.5 0.7910575127576472
898.0 0.6728470910548028
898.5 2.029250624357836
899.0 1.0049483576992377
899.5 1.0665720549582483
900.0 1.5068140654666855
900.5 1.2646503609388264
901.0 0.8607892727833841
901.5 1.4156374587779232
902.0 1.622020583211694
902.5 0.8999077748313116
903.0 1.1641947761280376
903.5 1.5873256730845173
904.0 1.198713558713588
904.5 1.0513309223069003
905.0 0.6556962237677595
905.5 1.143208860156823
906.0 0.8267580619541189
906.5 0.6981882316136458
907.0 0.8512791779798272
907.5 0.2
908.0 0.8668363858209389
908.5 0.9618665418352399
909.0 1.2180358493795658
909.5 0.4332270162569071
910.0 1.5731073036316543
910.5 0.9917042331762529
911.0 0.8608732059692292
911.5 0.8740903104863234
912.0 1.5564347979203397
912.5 0.8098227719388498
913.0 1.1292254904603305
913.5 1.1472499427948941
914.0 0.6590384405842299
914.5 1.6057656319735367
915.0 1.9487221603735831
915.5 1.394980520705863
916.0 1.0852121013976692
916.5 0.9255295585327181
917.0 0.9345864083823023
917.5 0.6883450829849305
918.0 2.1629925804705366
918.5 1.5067518828574928
919.0 1.053854182434569
919.5 0.9839527968081128
920.0 1.0805435073534633
920.5 1.0036692885049519
921.0 0.5476721183405566
921.5 1.1473840781272389
922.0 0.33945158097485945
922.5 1.2500705220879245
923.0 0.8293036346803913
923.5 1.0570144218169908
924.0 1.6038714354801318
924.5 1.0298646199217794
925.0 1.3983190751605288
925.5 0.914874921000451
926.0 1.4564543386221085
926.5 0.8062608835691079
927.0 0.8144855657376113
927.5 1.641120066310883
928.0 1.05770466968639
928.5 0.746288771194679
929.0 1.108926882209563
929.5 1.1834780717498452
930.0 0.6078347722468351
930.5 0.4333888921959669
931.0 0.7088667448470021
931.5 1.1685027573581763
932.0 1.14182145267011
932.5 1.0588536523107797
933.0 0.7253150874166905
933.5 1.1747856863768118
934.0 1.557662116209307
934.5 0.9385983307511355
935.0 1.4134380982089143
935.5 0.999911292264832
936.0 0.6786057703638322
936.5 0.8802995396644895
937.0 1.1878323964069968
937.5 0.8117350814990231
938.0 1.1141625650761893
938.5 0.9251068653119778
939.0 1.464622302678973
939.5 1.7302728214949936
940.0 1.4080135809770145
940.5 0.653344250490591
941.0 1.096376206035055
941.5 1.163976186419268
942.0 1.2757259214153982
942.5 1.360769519035523
943.0 2.8858392551695458
943.5 1.8385215426188317
944.0 0.9056078177568776
944.5 1.469296457189937
945.0 1.1474437066612628
945.5 0.8635079680019762
946.0 1.6998776604105978
946.5 1.450777450017152
947.0 1.143167281934993
947.5 1.2838115448387648
948.0 0.8081607441574934
948.5 1.2301346773037785
949.0 1.0545762600873916
949.5 0.905519380349629
950.0 0.741708589051336
950.5 0.9856426229883484
951.0 1.549948603141884
951.5 1.1847823811008102
952.0 1.236711093654018
952.5 1.1476835530127478
953.0 0.9588535534431484
953.5 1.2546251262245633
954.0 1.101019064232791
954.5 0.8734174458708928
955.0 0.3169504643940001
955.5 0.928296877583355
956.0 0.6434131544459314
956.5 1.2036117360914718
957.0 0.6452417810353521
957.5 1.7180487380960274
958.0 0.6005393209106761
958.5 1.3774738055424471
959.0 1.2801754941579826
959.5 1.519630448802678
960.0 0.9472639904452733
960.5 0.911165178594648
961.0 0.70319470560556
961.5 1.9344215547153927
962.0 1.3242520955473722
962.5 1.848050908179951
963.0 1.363840930731232
963.5 1.702581591733575
964.0 1.338453032292902
964.5 1.0820011010672004
965.0 0.7792790632520799
965.5 0.5886043900270541
966.0 0.6647964035371512
966.5 1.2457418014352304
967.0 0.7793877197481671
967.5 2.0091803207569106
968.0 1.0078741719878048
968.5 1.185883547500274
969.0 0.8357469800849081
969.5 0.7044790541338088
970.0 1.3609306274122577
970.5 0.8020859304310415
971.0 0.8777936351959754
971.5 0.8088908461677828
972.0 2.14984047613362
972.5 1.2523242487865511
973.0 1.61759446830985
973.5 1.21726070901428
974.0 1.3440344832058562
974.5 1.2247114042111489
975.0 0.21202003556047905
975.5 1.1859491584701805
976.0 0.44750052184794087
976.5 1.010150135540913
977.0 1.3424173633065217
977.5 0.837249368391229
978.0 0.8375428242461873
978.5 1.7658920306936055
979.0 1.0030196482577713
979.5 0.5170662791024517
980.0 1.1534106225056258
980.5 0.9514305996341863
981.0 1.8426710514706817
981.5 0.5080900403903318
982.0 0.5380864707245687
982.5 0.6543321212885506
983.0 1.0978496924756518
983.5 1.4410167874250903
984.0 0.7960391494741439
984.5 1.538407055092288
985.0 0.896928809983769
985.5 1.146653152421842
986.0 1.4037712083907836
986.5 1.911848124973043
987.0 1.6955801003181503
987.5 0.5653163168010055
988.0 1.0973136874316225
988.5 0.8728827510264403
989.0 1.5062939057636933
989.5 0.8526253590349154
990.0 0.5362821444334489
990.5 0.79147677929522
991.0 0.6080842425408927
991.5 1.254430782972333
992.0 1.0480144579513107
992.5 0.7679217005397632
993.0 0.5980034654542363
993.5 1.335989193367543
994.0 0.5291885708399842
994.5 1.4727722711052191
995.0 2.0726202600153054
995.5 1.5080758641516803
996.0 1.327153167666859
996.5 1.099441186517257
997.0 1.9145575205535004
997.5 0.7539317244480406
998.0 1.3214603611215443
998.5 0.895566091779751
999.0 1.1701049273060358
999.5 1.0253135647810145
1000.0 1.3437969450364946
1000.5 1.8102172966071013
1001.0 1.0067264409995014
1001.5 0.7870616302305284
1002.0 1.4416251369379014
1002.5 0.7389318748921725
1003.0 0.8642887801704154
1003.5 1.6034788323734133
1004.0 1.2929586973322382
1004.5 1.067997026862303
1005.0 0.8889368902148276
1005.5 0.4689466991362554
1006.0 0.7987183883456088
1006.5 1.882806338856926
1007.0 0.4896116819321349
1007.5 0.47096967743387275
1008.0 1.2118531728299093
1008.5 1.9764802349092494
1009.0 0.7895351973414582
1009.5 0.4302041548353994
1010.0 0.269638149891509
1010.5 1.008413466940074
1011.0 1.2489215995396026
1011.5 0.9078905683505538
1012.0 1.9156893406382833
1012.5 1.647682288266205
1013.0 0.897076487923149
1013.5 2.030528623229748
1014.0 0.8757368517643549
1014.5 0.6018102369415953
1015.0 0.7509400172355276
1015.5 0.915924189658651
1016.0 0.8430364358361595
1016.5 0.5349924327030244
1017.0 1.0425778578014713
1017.5 0.5047978681849441
1018.0 1.5173948172738476
1018.5 1.60876374323575
1019.0 0.7813738273584072
1019.5 0.7839980801095752
1020.0 0.8068789801475441
1020.5 1.0333538247419058
1021.0 1.2613690819473107
1021.5 1.897056621521945
1022.0 0.596320434166077
1022.5 1.0823507952491713
1023.0 1.7551174162937766
1023.5 0.5284183694567886
1024.0 1.4584068426375145
1024.5 1.97851108274967
1025.0 0.7425913128810914
1025.5 0.8469066443783517
1026.0 2.13386383126766
1026.5 0.721001625932443
1027.0 0.8356850949814232
1027.5 1.1580497005484278
1028.0 1.055475769037218
1028.5 1.0913194393059709
1029.0 1.228879044549021
1029.5 0.7061843804932999
1030.0 0.9722745454137438
1030.5 0.6164068097472438
1031.0 1.4074416314838372
1031.5 0.9462208786579898
1032.0 0.8930632013558886
1032.5 1.0198081736684208
1033.0 1.3702199932605517
1033.5 1.1031045647068443
1034.0 1.3800740629398045
1034.5 0.5941769268021864
1035.0 1.1232533564813811
1035.5 0.9212835842518381
1036.0 1.1126987577900245
1036.5 0.6419668435869854
1037.0 0.6547975570599255
1037.5 2.332573079189788
1038.0 0.9289097418117802
1038.5 1.2113819405518995
1039.0 0.916056458710411
1039.5 0.9089743171759415
1040.0 0.5331895030119389
1040.5 0.7035575228854205
1041.0 0.36645796518482676
1041.5 0.5806190092051483
1042.0 0.833565099234258
1042.5 0.7083786388724167
1043.0 1.3094793857763372
1043.5 1.3091163811251205
1044.0 2.2431386412158703
1044.5 0.5712158046186252
1045.0 1.3173237357315422
1045.5 0.7738064661315663
1046.0 0.7671587948020258
1046.5 0.7472023226118529
1047.0 0.8307848907121962
1047.5 1.6780905409321702
1048.0 1.7594981535227237
1048.5 1.598615631649142
1049.0 1.2923933578795532
1049.5 0.877830022254679
1050.0 0.5790630057140791
1050.5 1.2531598143723142
1051.0 1.847257562704149
1051.5 1.026208452677191
1052.0 1.7127330882690417
1052.5 1.1078757277440245
1053.0 1.1042784684035725
1053.5 0.7340547782141518
1054.0 1.1901421391104092
1054.5 0.8551180704626618
1055.0 1.561198993304507
1055.5 1.6462465884213526
1056.0 0.9662350565880434
1056.5 0.6306711854727429
1057.0 1.081437909050434
1057.5 0.907319089287221
1058.0 2.1585777107002126
1058.5 1.2610887073168984
1059.0 0.8803868424567025
1059.5 1.5718806535582799
1060.0 0.5756901309313531
1060.5 1.2245575245777993
1061.0 0.6125561703026894
1061.5 0.5975163006037719
1062.0 0.8957964620338681
1062.5 1.2830452822877274
1063.0 1.3161372921559358
1063.5 1.1159882051360683
1064.0 0.9316844427048698
1064.5 0.6418322863576533
1065.0 0.7850578679584524
1065.5 1.0717484794883325
1066.0 1.9801248439927701
1066.5 0.9634386286677145
1067.0 0.7421092551933366
1067.5 1.3757553761506878
1068.0 0.8958007365350156
1068.5 0.6058592794037274
1069.0 1.0223908246740088
1069.5 1.2661341113606273
1070.0 0.3350253667626102
1070.5 1.4208774407180962
1071.0 1.3400308970534356
1071.5 0.7872286106814814
1072.0 0.5281742725667873
1072.5 1.4568260192560398
1073.0 0.6709406530243668
1073.5 0.8768798451894763
1074.0 0.6669062078570596
1074.5 1.4503077214775322
1075.0 2.227627109342602
1075.5 1.1948476537429993
1076.0 1.0215710838046963
1076.5 1.3565008272619876
1077.0 0.5800372024069903
1077.5 1.003246281056183
1078.0 0.7057499554543656
1078.5 0.9997169648646633
1079.0 0.7535153224485962
1079.5 0.741085938352298
1080.0 0.7482758012394692
1080.5 0.7915173041549464
1081.0 0.6248625013822874
1081.5 0.8624025603008805
1082.0 0.987779210144355
1082.5 0.8572098258594563
1083.0 1.654416915035886
1083.5 1.661503363107525
1084.0 1.3120186124870068
1084.5 0.9208824413771677
1085.0 0.8595313267083444
1085.5 0.9181515460014513
1086.0 0.8169190790366148
1086.5 1.7191261571401697
1087.0 0.8746968224902396
1087.5 1.6957149945532286
1088.0 1.1374730634708734
1088.5 0.5902821681472934
1089.0 1.4150800185765455
1089.5 1.2464495730373448
1090.0 1.5404689968937233
1090.5 0.3271830017817178
1091.0 1.0684334448736845
1091.5 0.6616630738791984
1092.0 0.8590216461998988
1092.5 1.6013342473276415
1093.0 0.49279647520282854
1093.5 1.5396586010773752
1094.0 0.5931240726759961
1094.5 0.6355707770661237
1095.0 0.5657693152764748
1095.5 1.1408005182189547
1096.0 0.9655140430034364
1096.5 1.7854733030817902
1097.0 1.1138525888300228
1097.5 0.5307414377981168
1098.0 1.7914933531103086
1098.5 1.733785611558869
1099.0 0.6654072391138807
1099.5 1.1545518265330776
1100.0 2.536628401853404
1100.5 0.5429813412860565
1101.0 1.1993090921776475
1101.5 1.5744432095828604
1102.0 1.3313714470491953
1102.5 0.9242287272996135
1103.0 0.9917333734245797
1103.5 1.871460114683473
1104.0 1.4280658600114688
1104.5 0.8567348324026447
1105.0 0.8092805627887789
1105.5 2.612972225658884
1106.0 0.823169636802414
1106.5 0.7951993517056771
1107.0 0.6506779810422543
1107.5 1.6745082689315003
1108.0 1.2418136354383045
1108.5 1.155565624279081
1109.0 0.7093096412840689
1109.5 1.16736394252546
1110.0 0.9170369062010935
1110.5 1.1688294555140402
1111.0 0.813972375841218
1111.5 0.8170664319200883
1112.0 2.358789054024563
1112.5 0.5989398712511786
1113.0 0.9345857810626128
1113.5 0.8707094933389605
1114.0 0.5415207545337631
1114.5 0.5756499800327287
1115.0 0.6808917332686533
1115.5 1.6526426777264032
1116.0 1.1338960173691244
1116.5 1.6802889541915316
1117.0 0.8000573397266616
1117.5 1.3245822934890765
1118.0 1.2106277909480734
1118.5 0.8319918616030251
1119.0 1.1076155176400924
1119.5 0.9529639938483416
1120.0 1.0132340597195315
1120.5 1.4138933248577272
1121.0 0.5578401921448534
1121.5 1.348171389235462
1122.0 0.4443492975472307
1122.5 1.4269315416450135
1123.0 1.3246465326178423
1123.5 0.8424817790086108
1124.0 0.9877089886274681
1124.5 1.4249570091897572
1125.0 1.3589034552884982
1125.5 0.5467140162257815
1126.0 0.6691265932612769
1126.5 0.5346378911659535
1127.0 0.7217044739375591
1127.5 1.0193647566452468
1128.0 0.9844109921172949
1128.5 0.8205392149688586
1129.0 1.3962193001071164
1129.5 1.3842526542599316
1130.0 0.9004703644241685
1130.5 1.3465479229915114
1131.0 1.6437451932749134
1131.5 0.7510840596003812
1132.0 1.268124363274699
1132.5 0.855799985986686
1133.0 0.8944686947762519
1133.5 1.396054859723273
1134.0 1.0561808855070507
1134.5 0.720186462029127
1135.0 0.7804408183590317
1135.5 1.4274156379341658
1136.0 1.1336234176010827
1136.5 1.09541799674012
1137.0 0.7662242927125715
1137.5 1.1581867360101297
1138.0 1.2899307564515827
1138.5 1.112119167195963
1139.0 1.2938167737291681
1139.5 1.0745226850500647
1140.0 1.2897893731798673
1140.5 1.1394833943761302
1141.0 1.3109303340730278
1141.5 2.299646685642932
1142.0 0.5402266622577707
1142.5 0.5864266967054712
1143.0 1.6312213424438946
1143.5 1.0840674080862294
1144.0 1.2661484544505115
1144.5 1.0297560142381488
1145.0 1.0491157800566457
1145.5 1.519987052360586
1146.0 1.0476556302163484
1146.5 0.6303627498928428
1147.0 0.43387047857626715
1147.5 0.41789245569686706
1148.0 0.9781767771283774
1148.5 1.283256083952716
1149.0 0.6840071549451586
1149.5 0.8227279260213207
1150.0 1.0759627016738094
1150.5 1.6080780641326324
1151.0 0.5389065561160435
1151.5 1.4040246302482688
1152.0 0.7607812406772858
1152.5 1.4053258535137783
1153.0 0.6842605857313159
1153.5 0.5618013930453629
1154.0 1.717473253341981
1154.5 2.177120001089084
1155.0 0.8910556341080518
1155.5 0.9096902294212434
1156.0 0.9035385992661404
1156.5 1.3939713860641696
1157.0 1.7227080960595362
1157.5 1.087348110397187
1158.0 0.8641086324574119
1158.5 0.7554711212946439
1159.0 1.1649713553006238
1159.5 0.6117767581380033
1160.0 0.5723822924480716
1160.5 1.2243834171235195
1161.0 1.275269236214327
1161.5 0.8710107359973893
1162.0 1.7882134218016108
1162.5 0.6863711843949301
1163.0 1.0805558465739704
1163.5 1.377827037866075
1164.0 1.0011126374146193
1164.5 1.0052864094272826
1165.0 0.945953582199559
1165.5 1.4953363961380475
1166.0 1.5000532868368093
1166.5 1.951398454110952
1167.0 0.7511263598513471
1167.5 0.878901173696333
1168.0 1.344013944084886
1168.5 1.5085482081544126
1169.0 1.3130024803706317
1169.5 0.7937677044941107
1170.0 0.6489086423201575
1170.5 1.3674305804087425
1171.0 0.6041284204592187
1171.5 0.5141064975917227
1172.0 1.951975614547988
1172.5 0.901935004543539
1173.0 0.7750588472147386
1173.5 0.9568427100128132
1174.0 0.6765996505119805
1174.5 0.843769729551429
1175.0 1.331139295684821
1175.5 1.0831941870977624
1176.0 0.6246048145653887
1176.5 1.170255004928384
1177.0 0.715171232426844
1177.5 1.560631485991275
1178.0 0.9648548575521352
1178.5 0.6632605281743541
1179.0 0.8162804609295229
1179.5 1.8260076570271875
1180.0 0.9857686413422861
1180.5 1.3697734334191956
1181.0 0.7099120971529822
1181.5 0.955818474005129
1182.0 0.645855944771425
1182.5 1.334552353249163
1183.0 0.8096723196389499
1183.5 1.4392267092185995
1184.0 1.325764557292862
1184.5 1.2263632733965528
1185.0 1.0400776601366868
1185.5 0.9829896033047518
1186.0 0.7078841528308946
1186.5 1.0416104093293588
1187.0 1.2340802692666544
1187.5 1.0026839012206687
1188.0 2.4931170769528492
1188.5 1.8243748446504244
1189.0 0.7376438388133146
1189.5 0.44219858400668866
1190.0 1.5624256058723445
1190.5 1.5606221852154962
1191.0 0.8026535678460911
1191.5 0.509220389389073
1192.0 0.5750218610904922
1192.5 1.4661417159685848
1193.0 1.0392467910603345
1193.5 1.7374021467880467
1194.0 0.5736187967693991
1194.5 0.7812371463152414
1195.0 0.597328343665405
1195.5 1.026292537554718
1196.0 0.7033052597144993
1196.5 0.6993095565153393
1197.0 1.4826695061802124
1197.5 0.5440330173052839
1198.0 1.7595783799293803
1198.5 1.089789655400031
1199.0 0.787890477536039
1199.5 0.81069461082643
1200.0 1.3706759529840529
1200.5 1.4012384444433315
1201.0 0.44576708481170535
1201.5 1.126746868811502
1202.0 1.1565045764048136
1202.5 1.3562373083053894
1203.0 1.9190394443625618
1203.5 0.7399297177979841
1204.0 1.3560200313901822
1204.5 0.7243615561908909
1205.0 2.3520385476456207
1205.5 1.4570734447486808
1206.0 0.6641799243580506
1206.5 1.217476487367259
1207.0 0.7018366930362467
1207.5 1.3402828144604473
1208.0 1.1817720052645078
1208.5 1.8165448516978895
1209.0 1.0301747136678883
1209.5 1.2651107125660885
1210.0 1.2627772782088753
1210.5 1.1453335739523558
1211.0 2.7096174638283745
1211.5 0.9518279826304092
1212.0 1.553325257303138
1212.5 1.1092582478483555
1213.0 0.7516552902979858
1213.5 0.6418631586448253
1214.0 1.0515002489574001
1214.5 0.991620023969562
1215.0 2.2441672602624254
1215.5 1.2318296881770565
1216.0 1.3752582226693124
1216.5 1.9773917899427125
1217.0 0.7550459012436209
1217.5 1.1605925954711709
1218.0 0.8502114838327717
1218.5 0.8943300958680374
1219.0 0.7744427835107093
1219.5 0.9659721487548742
1220.0 1.031456520595964
1220.5 1.1163091960460845
1221.0 1.3701565088761174
1221.5 1.8894539884906076
1222.0 1.4666821151363174
1222.5 1.0371628828980124
1223.0 1.4686140827875764
1223.5 0.828543856735859
1224.0 0.9429082572230499
1224.5 1.39734270219521
1225.0 1.0930475501750787
1225.5 1.3377724026888986
1226.0 0.8739919268972506
1226.5 0.6982465519871087
1227.0 0.9063841266472517
1227.5 0.9142147440915145
1228.0 0.6719756719479342
1228.5 1.6842313723527362
1229.0 2.1076133142041757
1229.5 1.452119974423104
1230.0 1.144039508240357
1230.5 0.7564738200478869
1231.0 1.1983084382317888
1231.5 1.2780155450292414
1232.0 1.3537140880894918
1232.5 0.8789951936005902
1233.0 1.334342363155732
1233.5 1.0295634726636254
1234.0 0.562442031013245
1234.5 1.8295281756759856
1235.0 1.143947440817828
1235.5 0.966114365027815
1236.0 0.9635512528789401
1236.5 0.8393377259724994
1237.0 1.0476933738541394
1237.5 1.5226724075620752
1238.0 0.9969203137008553
1238.5 1.5442241295240287
1239.0 1.4960696848032282
1239.5 1.1174602353989782
1240.0 0.7404320790174542
1240.5 0.7268922340472339
1241.0 0.7797983565111053
1241.5 0.5911224135135644
1242.0 0.9647258872493307
1242.5 0.8961215234087258
1243.0 0.9483576629166073
1243.5 1.5873131368543243
1244.0 1.2887115866009808
1244.5 0.8767886261595541
1245.0 1.6238074579473019
1245.5 0.4633517985336925
1246.0 0.7673644472000807
1246.5 0.9092964174091251
1247.0 1.0798075658425248
1247.5 1.2775851873396336
1248.0 0.7480061916045802
1248.5 1.2374247883197989
1249.0 1.3312727374722573
1249.5 1.6530137090242198
1250.0 0.8872096450050808
1250.5 1.2803421893118823
1251.0 0.9395395998946705
1251.5 1.477289520258142
1252.0 0.7855596176886743
1252.5 1.4228226280981788
1253.0 1.714302220067369
1253.5 1.2303362413971124
1254.0 1.0005503243328226
1254.5 1.268144141269885
1255.0 1.7582296173055707
1255.5 1.5822358137949122
1256.0 0.9409863935901652
1256.5 0.3646225154102263
1257.0 1.5451469217059657
1257.5 1.6319454932714992
1258.0 1.1634852075813438
1258.5 0.8861654106575322
1259.0 1.4217936698444924
1259.5 1.1388181811150335
1260.0 1.1244172296123465
1260.5 0.9447464270029129
1261.0 0.6976748444364098
1261.5 1.3373919240079906
1262.0 1.1019893382336192
1262.5 1.1537352737255835
1263.0 0.9900311522363592
1263.5 0.6841642897036309
1264.0 0.6671372372795827
1264.5 0.835113504293914
1265.0 0.6289084626627436
1265.5 1.3503230846206027
1266.0 1.4564114601459992
1266.5 0.807159209603924
1267.0 0.8815305001761413
1267.5 3.188975278312559
1268.0 1.398591535976892
1268.5 0.6892226648597981
1269.0 0.6848329411451644
1269.5 1.5305025034764208
1270.0 0.6010493334224787
1270.5 0.8810112736790638
1271.0 0.6396373534990156
1271.5 1.365045734230677
1272.0 0.7247896704608621
1272.5 1.417833043781538
1273.0 1.5627965540891526
1273.5 1.4328926638054589
1274.0 1.1244782004142362
1274.5 1.3883040732999385
1275.0 1.0112255795973366
1275.5 0.606212439173362
1276.0 2.064204447725667
1276.5 0.8034265729257044
1277.0 2.036859012396219
1277.5 0.7822470389123739
1278.0 1.3900380529422034
1278.5 1.3426729612738135
1279.0 1.6172388606689752
1279.5 1.6502014153209195
1280.0 1.101664972952307
1280.5 1.1817375745430514
1281.0 0.7932023144360671
1281.5 1.0792726507079144
1282.0 0.916322486388174
1282.5 2.7806630012805815
1283.0 1.2142428221066175
1283.5 1.053216554798966
1284.0 0.9875797596380647
1284.5 1.7878919865259526
1285.0 0.8886256396450003
1285.5 1.6221527393703938
1286.0 0.7013180249282842
1286.5 0.9355934985388991
1287.0 0.71801589490138
1287.5 1.3563584635947705
1288.0 1.2659952014372475
1288.5 1.0690248478852304
1289.0 1.225804187241165
1289.5 0.7130366331087529
1290.0 0.6335570038734687
1290.5 1.2991361767895662
1291.0 0.36707969801385404
1291.5 0.6641825971281968
1292.0 1.211798974899851
1292.5 0.6664595566717102
1293.0 1.1596909375882964
1293.5 0.7318683420523725
1294.0 1.125314242220041
1294.5 1.1940145560009185
1295.0 2.6785711117925937
1295.5 1.0847816975953026
1296.0 0.7741686634447704
1296.5 0.2
1297.0 1.6254553037699035
1297.5 0.6739009775518439
1298.0 0.9486750108193773
1298.5 0.679712547276129
1299.0 1.397293741640163
1299.5 1.8910477871730411
1300.0 1.5715138964412017
1300.5 2.4135353635866394
1301.0 1.537748067369046
1301.5 1.3463029052709277
1302.0 0.8756986736088892
1302.5 1.0931448529622385
1303.0 1.0042121864848088
1303.5 0.5182869423632406
1304.0 1.8950181935196304
1304.5 1.0466396632524897
1305.0 1.458537620133039
1305.5 0.7900504895955278
1306.0 1.356876550920542
1306.5 1.0789546165270907
1307.0 0.9833790371782212
1307.5 1.394709582079096
1308.0 1.2392601495299753
1308.5 1.7693162284346602
1309.0 1.4582559199124938
1309.5 0.7431451766341909
1310.0 1.015656616636555
1310.5 1.8184806914471805
1311.0 0.7331044277866048
1311.5 0.9415772302542498
1312.0 0.9306447108621623
1312.5 0.9865715420779764
1313.0 0.4919925024518778
1313.5 1.3830623037310836
1314.0 0.9264300271128187
1314.5 0.4313868018944812
1315.0 1.7948561388915194
1315.5 0.8934886637185993
1316.0 1.0956720284653543
1316.5 1.1362212445121669
1317.0 1.1737002572047004
1317.5 0.7817659844679767
1318.0 0.738644573416408
1318.5 0.7375999549658325
1319.0 0.7020364539787469
1319.5 0.6144654813393203
1320.0 1.4095097850490355
1320.5 1.8377929545605771
1321.0 1.5392277776300103
1321.5 1.1043601590337553
1322.0 1.4987274561571247
1322.5 0.7781330987783687
1323.0 1.8823922539577902
1323.5 1.898732354183391
1324.0 1.194528887571098
1324.5 0.39618307119398377
1325.0 0.8269709856679361
1325.5 0.2213262573053666
1326.0 1.5615525888171289
1326.5 0.8907557792627825
1327.0 1.617162957091355
1327.5 1.688652287559992
1328.0 1.0487833026195457
1328.5 0.9256393980376456
1329.0 0.5823592600045083
1329.5 1.43696022633556
1330.0 1.5756294150286925
1330.5 1.2713344076011144
1331.0 1.0635610490833278
1331.5 0.6582324088649163
1332.0 1.2371172753993223
1332.5 1.7648585201119804
1333.0 0.7142215024074485
1333.5 1.043115990777959
1334.0 1.2923199808006103
1334.5 1.4878637712914857
1335.0 0.6629196063090861
1335.5 0.9163350747875503
1336.0 1.015019664442841
1336.5 0.7646367517509995
1337.0 1.2183552987038586
1337.5 1.3471721094789801
1338.0 0.896330020186896
1338.5 1.0715811605128902
1339.0 1.391957071308172
1339.5 2.458923635780552
1340.0 0.6619294453599918
1340.5 0.7688281175185351
1341.0 1.3496260701233596
1341.5 1.2929590819306682
1342.0 0.7552358303082582
1342.5 0.7901509575878165
1343.0 1.1557899324717908
1343.5 0.8192675177285184
1344.0 0.7082876045131412
1344.5 1.5943793399883945
1345.0 1.3358335451679997
1345.5 1.7170329523406453
1346.0 0.8641876740868257
1346.5 1.2787219071006002
1347.0 0.8813607287511662
1347.5 0.8964001016067444
1348.0 1.5885383882893849
1348.5 0.8153925980026575
1349.0 0.7704023846555136
1349.5 0.4680612297291625
1350.0 0.6684180212195487
1350.5 0.7835936865575379
1351.0 1.5834838584641193
1351.5 0.6677027418374124
1352.0 1.1456372740923952
1352.5 0.6774339776547382
1353.0 2.594243930684059
1353.5 2.1277709497598565
1354.0 1.2829269489679591
1354.5 1.1072133675796725
1355.0 1.2584606403595366
1355.5 1.3186016453468514
1356.0 0.9840750076471483
1356.5 0.6810529654403866
1357.0 1.259849246323581
1357.5 0.715572985265711
1358.0 1.0896979995698701
1358.5 1.0672855814805366
1359.0 0.7850089745581674
1359.5 0.4284162626014323
1360.0 1.0437018766008532
1360.5 0.2558483156508602
1361.0 0.9729767471431658
1361.5 1.36875627280432
1362.0 1.6982449997694111
1362.5 1.3037607698974643
1363.0 0.9601452081266086
1363.5 0.7293085747516692
1364.0 0.6954254238131575
1364.5 0.37016438786704076
1365.0 0.5730203605295254
1365.5 1.703758413040695
1366.0 0.6981052373381829
1366.5 1.6063122835645527
1367.0 0.696797216841323
1367.5 0.5524528222914522
1368.0 1.176251720120804
1368.5 1.3318122382991282
1369.0 1.1527527267325088
1369.5 1.2699075380451372
1370.0 0.881175202774265
1370.5 0.793093178932424
1371.0 0.8182130390648137
1371.5 0.9829150669273407
1372.0 0.9100798740952969
1372.5 0.9595954062728368
1373.0 1.3356593235131178
1373.5 0.6161574067528686
1374.0 0.819701788790418
1374.5 0.8463700695025158
1375.0 0.7574221752776384
1375.5 1.851622787697134
1376.0 1.1238458744553876
1376.5 0.6953886142162571
1377.0 0.9306283341300325
1377.5 0.8169303154796432
1378.0 0.8616562390506981
1378.5 0.7951081352268178
1379.0 2.1125700755035433
1379.5 1.535848342246338
1380.0 0.8920216233286049
1380.5 0.8742912795329558
1381.0 0.5765313983648763
1381.5 1.135224789395743
1382.0 0.9336397742860567
1382.5 2.4720539765436147
1383.0 0.8966503151718667
1383.5 1.011174332816939
1384.0 0.8604035742610243
1384.5 0.5452954415303581
1385.0 1.6028135695644123
1385.5 0.4863245837585643
1386.0 1.9367208724061171
1386.5 2.721882611935533
1387.0 1.1121704998985653
1387.5 1.2271646244951946
1388.0 1.6034205239153998
1388.5 0.46983900543904533
1389.0 0.9013930269199733
1389.5 1.549315291057204
1390.0 0.9448393992189177
1390.5 0.7245877002765793
1391.0 1.3314845879880077
1391.5 1.3719821382768493
1392.0 0.8754868813491353
1392.5 0.7847243413853718
1393.0 0.5726656209017669
1393.5 0.6779225740900447
1394.0 1.1163165985176917
1394.5 0.47240316555097317
1395.0 0.5605407236878734
1395.5 2.0815755796110413
1396.0 0.8348841389912116
1396.5 0.8361545369936734
1397.0 0.9401366321423617
1397.5 2.0149980132397234
1398.0 1.536285021700184
1398.5 1.503691123072993
1399.0 1.2698250597409897
1399.5 1.5702828965998998
1400.0 1.688546211656916
1400.5 1.1021924769871443
1401.0 2.0162109258936374
1401.5 1.1949767570408096
1402.0 0.9149251670384849
1402.5 1.6652791694856863
1403.0 1.354163257358771
1403.5 0.5332099826738148
1404.0 1.2742386093760323
1404.5 0.6320349812609003
1405.0 0.46463706037624597
1405.5 0.8928557547517322
1406.0 1.0659814759546704
1406.5 0.7701820977171103
1407.0 0.7246370574437139
1407.5 1.3855639394093666
1408.0 0.8871213427094706
1408.5 1.43740760137507
1409.0 1.1724906329006612
1409.5 0.7146237579928507
1410.0 1.199836991673326
1410.5 1.2773745827271368
1411.0 0.2
1411.5 0.8040431349119386
1412.0 0.7178538014926968
1412.5 1.1654572968174417
1413.0 1.0199823102902135
1413.5 0.9363673673320622
1414.0 2.818358386275792
1414.5 1.3694627235942691
1415.0 0.6981166415392432
1415.5 1.1558052971324133
1416.0 0.7299991491289739
1416.5 0.8942295669696305
1417.0 0.8214332868860086
1417.5 1.1874137546091403
1418.0 0.6599736039501555
1418.5 0.702483919798232
1419.0 0.6902608453526047
1419.5 0.983905675768495
1420.0 1.5263998400097822
1420.5 0.5345987253642159
1421.0 1.4507580368540167
1421.5 0.7164144739259135
1422.0 0.8510796295947964
1422.5 0.9085677519094657
1423.0 2.136160764958003
1423.5 1.0205141129210573
1424.0 0.36596350062413885
1424.5 1.7523911169254107
1425.0 0.5630559874982716
1425.5 0.6703472038777596
1426.0 0.23312649380228323
1426.5 1.3229423587123927
1427.0 2.1616207806096996
1427.5 0.5421938881898402
1428.0 1.9393136978824583
1428.5 0.935510106035123
1429.0 1.1236353005259434
1429.5 0.9505884992715832
1430.0 1.3506879376011265
1430.5 1.9023781786386746
1431.0 0.2
1431.5 0.9677087274935239
1432.0 0.7773377671522178
1432.5 0.9416850747259877
1433.0 0.8775238093863036
1433.5 0.552281644499393
1434.0 0.8498938271629634
1434.5 1.260665090689601
1435.0 0.2487438304646144
1435.5 0.7665928230832213
1436.0 1.0019520645457785
1436.5 1.0872850180009297
1437.0 0.598077068675152
1437.5 0.7049942450269846
1438.0 0.7542761201294185
1438.5 0.6505808678581861
1439.0 1.171609825611726
1439.5 1.1840484259166386
