0 1.6511789730340198
0.5 1.0166727685672634
1.0 2.918968873329868
1.5 0.5397647896825158
2.0 1.4655520442480952
2.5 1.6010714608046257
3.0 0.7753900731728822
3.5 1.7226644544674794
4.0 1.9114393563074834
4.5 1.540096216817728
5.0 0.6576014963778047
5.5 0.8480741131239147
6.0 0.8068489840186592
6.5 1.0296641608360984
7.0 0.38259301025862835
7.5 0.9576799599121575
8.0 1.6095769395763682
8.5 0.8013860856914312
9.0 1.5445276233408203
9.5 0.971234819947967
10.0 0.7170575111962465
10.5 0.5036513343419804
11.0 1.7130921002647894
11.5 0.8836375665697274
12.0 0.8258724079059063
12.5 0.8425168559892677
13.0 0.8498266914766339
13.5 1.1549909943510115
14.0 2.0502252559567484
14.5 0.47813635570498314
15.0 0.8879598215129414
15.5 1.2087046586621255
16.0 1.0968710303687517
16.5 0.6660456964806288
17.0 0.8695958892058864
17.5 1.436231384183547
18.0 1.1095160251524625
18.5 0.9135476001966358
19.0 1.8354490873926461
19.5 1.7194341713248373
20.0 0.6798356686481162
20.5 1.0089040343200117
21.0 0.7019965072537331
21.5 0.44710334663900986
22.0 1.0004622384463722
22.5 0.3535782258500637
23.0 2.1754047556822433
23.5 1.204502956608101
24.0 1.1829707661373328
24.5 1.3154073460730942
25.0 0.9159353535022254
25.5 0.9634749839998236
26.0 0.9833330533962157
26.5 0.8650103387665193
27.0 0.7564915832781671
27.5 0.9765663099333798
28.0 1.3928106542302139
28.5 1.267427368528625
29.0 0.7851942989603071
29.5 0.7447263853140524
30.0 0.8393427879437291
30.5 0.718446221254158
31.0 0.7842721234968959
31.5 0.7573846040597796
32.0 1.8627419745028337
32.5 1.4755032606645262
33.0 1.773294958036554
33.5 1.390403782263414
34.0 1.007461605178085
34.5 1.2260466890460302
35.0 0.6539241521233881
35.5 1.451828667686514
36.0 1.0729130174196075
36.5 0.5637955974612111
37.0 1.0994127627010006
37.5 1.278839492033213
38.0 0.38014370130974173
38.5 2.3408040902160945
39.0 1.0995104655704246
39.5 0.9680301846906356
40.0 1.9913607685972814
40.5 1.2668543417054383
41.0 1.1477086224500983
41.5 1.5898433252726174
42.0 0.7818874442302773
42.5 1.2465329043202327
43.0 1.401429505182213
43.5 1.5779246469979253
44.0 1.0236230766865972
44.5 0.20235836588190959
45.0 1.1903354929422076
45.5 0.5116327161386267
46.0 1.2259367701211301
46.5 1.0637725818659158
47.0 1.035925597930705
47.5 0.8893039764690438
48.0 1.3718132915764665
48.5 1.3160640939798212
49.0 1.4336430407386391
49.5 1.2928628743730364
50.0 1.3334471455285741
50.5 2.361910865366168
51.0 0.8986099649812175
51.5 0.6586736389549028
52.0 1.1366706948057463
52.5 0.5518549823671479
53.0 1.0601556687722298
53.5 1.8072019184985284
54.0 0.7709411350103659
54.5 2.1398039535156403
55.0 1.328646344962877
55.5 1.4332562847952102
56.0 1.3144532484357279
56.5 0.9511189740338281
57.0 1.4152533771663327
57.5 0.2
58.0 1.0353270820175475
58.5 1.6116384817588967
59.0 0.7408470130389193
59.5 1.8908724535339494
60.0 0.6723053948252127
60.5 0.9385097747120201
61.0 1.4475409770781522
61.5 1.728586713882575
62.0 1.1840182195107953
62.5 1.2653693650838516
63.0 1.3244277834383937
63.5 1.7981815005495996
64.0 0.751202917023082
64.5 0.2
65.0 1.3420063899655963
65.5 1.096778540184646
66.0 1.0232819473362156
66.5 1.0293735730882476
67.0 2.3098799313186293
67.5 1.4611716868590718
68.0 0.7008912563407677
68.5 0.5611358825598707
69.0 0.7976627755795191
69.5 1.4003787190535397
70.0 1.580119548406437
70.5 1.0163232934500688
71.0 0.5224957522405755
71.5 1.3609516785798177
72.0 1.793215293696007
72.5 0.9026227982517013
73.0 0.5715745327174749
73.5 2.191978449315319
74.0 0.5831970174759628
74.5 1.0568493322867276
75.0 2.010559938064177
75.5 0.3969153554251114
76.0 1.1856877901349225
76.5 1.5828363112151114
77.0 0.7016891589084885
77.5 0.6478806639330932
78.0 0.6092396894204738
78.5 1.0258626187822497
79.0 0.44578240134895236
79.5 1.3807625179678404
80.0 0.7144016247711695
80.5 1.1215629893795411
81.0 1.099477125106154
81.5 1.0684045774173836
82.0 0.7288337215702168
82.5 1.0350174224161774
83.0 0.9747506711868386
83.5 0.2
84.0 1.312069284985502
84.5 0.780830044918214
85.0 0.6973643314968706
85.5 1.0876869706011143
86.0 1.3031561006829753
86.5 1.051691757241051
87.0 1.0634291217660052
87.5 0.9992736733617156
88.0 1.7152093860483602
88.5 1.0184474355408852
89.0 1.9627908475996196
89.5 1.2174288779083136
90.0 1.1980084346859388
90.5 0.5978087698052326
91.0 1.1061205272495425
91.5 0.6056606853008272
92.0 0.756739705056717
92.5 1.425145499881666
93.0 0.676475317922983
93.5 0.7582511359872173
94.0 0.8000872176658727
94.5 1.274499073344482
95.0 1.149627995336464
95.5 1.250375960615668
96.0 0.8429268427054997
96.5 1.0684346229127006
97.0 0.9266445017365266
97.5 0.7850448394530987
98.0 1.186227674472599
98.5 1.4677828976041314
99.0 0.5150718276071078
99.5 1.0798168209737047
100.0 0.9872427201498197
100.5 0.6963520658541378
101.0 0.8852834110372849
101.5 1.2011147341517048
102.0 0.8728330500468413
102.5 1.183884901111563
103.0 1.3950944304952275
103.5 1.3023858877511671
104.0 0.7420058692809763
104.5 0.6386693527497823
105.0 0.9581478034444761
105.5 1.2001745264745787
106.0 0.7248469720838506
106.5 0.9602571116480115
107.0 1.1609542509230244
107.5 1.333019077906605
108.0 0.9061062187999475
108.5 2.2825801778358366
109.0 1.2054881609065433
109.5 1.0350709382896193
110.0 1.9146093483330011
110.5 0.7697857997474862
111.0 0.8183247772805764
111.5 0.8966256654339964
112.0 1.2486487040300385
112.5 1.5378019248981762
113.0 1.0623446876596307
113.5 0.5675184899567913
114.0 1.2362458264505314
114.5 1.7857757456028007
115.0 0.8366185908216504
115.5 0.6449661530635002
116.0 1.1227219759567582
116.5 0.9081341726198011
117.0 1.6565710047159212
117.5 2.0496265639105364
118.0 1.9003180733086054
118.5 1.2092979161290156
119.0 1.0124593555184362
119.5 0.7829522080129869
120.0 0.6152626861352135
120.5 0.8280741871688964
121.0 0.3354444420807277
121.5 1.6513069274297547
122.0 1.3222083099074453
122.5 0.8081906781053864
123.0 0.647970363570936
123.5 1.4467294619996847
124.0 1.1878748763136062
124.5 1.1265022158537377
125.0 1.0823861036893967
125.5 1.305508836129227
126.0 0.9461234207318869
126.5 1.1635251231162447
127.0 1.3093708941652877
127.5 1.1618709252916266
128.0 0.9668315141212745
128.5 1.484433951503993
129.0 1.2463394478698686
129.5 0.7086257765429815
130.0 0.6311325232210837
130.5 1.8930110757919012
131.0 1.0081705737195221
131.5 1.4842332865385515
132.0 1.190897853920029
132.5 0.8729134681379374
133.0 1.3179508226506618
133.5 2.428039059781712
134.0 1.8470696537863214
134.5 1.1829157726274826
135.0 0.8912218126263309
135.5 1.277024201141424
136.0 0.7499551793119112
136.5 0.7406177125749982
137.0 1.4164112577653787
137.5 0.6161357513327628
138.0 0.8928065140952564
138.5 1.8035022499955593
139.0 0.940300695866972
139.5 0.7800646313290838
140.0 0.8802502841905981
140.5 0.4058127595242833
141.0 0.7148653155588612
141.5 1.38062157016041
142.0 1.8576753824825196
142.5 1.2667697122073083
143.0 1.3084974521470376
143.5 1.049135041875894
144.0 1.059925469309566
144.5 0.9776499888361321
145.0 0.8102703902110906
145.5 1.3234449701313487
146.0 0.79705678128583
146.5 0.9725749262112686
147.0 0.5380167384886101
147.5 0.8572725359780864
148.0 0.6562269149079423
148.5 1.3012688693355612
149.0 1.2607880531227502
149.5 1.4454191741576272
150.0 0.9582360073988445
150.5 0.9412579785566124
151.0 1.2300057769680341
151.5 0.88032417020324
152.0 0.964348270349958
152.5 0.7486780716569226
153.0 0.6643306819553344
153.5 1.0101653353260343
154.0 1.0316335050583092
154.5 1.7882845146064845
155.0 1.1383746518867124
155.5 1.2799770310268752
156.0 1.3212026546353726
156.5 0.8357768540791515
157.0 1.4051731592303232
157.5 0.7942107481690078
158.0 0.8195174542015154
158.5 0.9638251674814522
159.0 1.2601650867737397
159.5 1.959361527756843
160.0 1.3998406157794372
160.5 1.37105853346615
161.0 0.2546495667144481
161.5 1.6789755029664897
162.0 0.9980880455539648
162.5 0.8299559322267804
163.0 0.9221865934992999
163.5 2.1881453113944263
164.0 1.0641319606450712
164.5 1.5866137880395037
165.0 0.7126060294884495
165.5 1.1933894399960125
166.0 1.9738116747350758
166.5 0.9297460521961951
167.0 0.7850373960855835
167.5 1.9688259990976729
168.0 1.1803688343534848
168.5 0.9200471711018918
169.0 0.9652053792616089
169.5 1.493848136052931
170.0 0.31335305875287556
170.5 0.6928606036972966
171.0 0.6518199613038167
171.5 1.2404942058325172
172.0 1.2254498661563
172.5 1.6484933966186959
173.0 0.7039521483163595
173.5 1.7339861279509656
174.0 1.0882484823448155
174.5 1.0340300515177006
175.0 0.8080063029499072
175.5 1.8225376629482524
176.0 0.5301936191955261
176.5 0.9390697069529548
177.0 0.6201963347477994
177.5 1.1775573323578041
178.0 1.9789233086159213
178.5 0.8620913441486369
179.0 1.7854411763621085
179.5 0.9951908916399628
180.0 1.877114571123271
180.5 1.0530456267570276
181.0 1.0428186371966703
181.5 1.0070955284184608
182.0 0.8033749324390194
182.5 0.7485823985610394
183.0 1.7764206319272993
183.5 0.9498896721409651
184.0 0.7586903341313458
184.5 1.2828059396479767
185.0 0.7542875898746839
185.5 2.2807616320410027
186.0 1.0010654840777553
186.5 1.1612829247749126
187.0 0.9584095810252186
187.5 1.031544821631986
188.0 1.378648962435586
188.5 0.6226153270399876
189.0 0.7717900876190424
189.5 0.590556608026794
190.0 1.1580939791899318
190.5 0.5237394528659728
191.0 1.4509434121938751
191.5 0.589349833246566
192.0 1.2048468778611383
192.5 1.3812604412613347
193.0 0.9264336546636569
193.5 0.8615926407892609
194.0 0.9967788338112262
194.5 1.0891680843119071
195.0 0.9586560512011331
195.5 1.627223071315283
196.0 2.1827339763352933
196.5 0.7851733568042145
197.0 0.8158981382219985
197.5 1.4930505769331106
198.0 0.7013656916364936
198.5 2.058899224431138
199.0 1.9090103037302808
199.5 1.3101848287417792
200.0 1.9335895051882848
200.5 0.4665291986200639
201.0 1.0052189862228122
201.5 0.47018159067384896
202.0 0.6507721666380009
202.5 1.1584473674935463
203.0 0.9379600955481686
203.5 0.9104883781999629
204.0 1.1866847235663496
204.5 0.6828631762305738
205.0 1.2300677446880808
205.5 1.1754393753719552
206.0 1.5353827411976875
206.5 0.7403610660158859
207.0 0.7547209525517509
207.5 1.3411592871053108
208.0 1.1801130842655592
208.5 1.4727153275326161
209.0 0.4510562377196184
209.5 0.5070930603088186
210.0 1.9670771905716888
210.5 1.5862828746146205
211.0 1.0798617519744822
211.5 0.7726421277427526
212.0 0.9623600955393057
212.5 1.4026096489518998
213.0 1.1802292806011547
213.5 1.3300206414498639
214.0 1.3372447031537418
214.5 1.6909467080632958
215.0 1.0740010527478634
215.5 0.844861957567058
216.0 0.6870138895551685
216.5 0.8253594928771744
217.0 0.6095072921999981
217.5 1.3711944302232513
218.0 0.5877644419627832
218.5 0.703130617360318
219.0 1.3758143263222866
219.5 2.77057749022384
220.0 1.2776249460299947
220.5 1.4043217555071028
221.0 1.2910862967054562
221.5 1.3597968904429447
222.0 0.42077066722126655
222.5 1.9295232668290072
223.0 1.9285607401178448
223.5 0.929059260778644
224.0 1.1712116066886866
224.5 1.357015614977517
225.0 0.8213015026800905
225.5 1.7373780260531768
226.0 0.9288952048646043
226.5 1.434124324392536
227.0 2.423307768392788
227.5 2.1374933799033826
228.0 1.382673115027746
228.5 1.4272862429873925
229.0 1.053493260390236
229.5 1.0240830338554818
230.0 0.6359545874869061
230.5 1.5074307430528107
231.0 1.1261227599267205
231.5 1.2177096165222812
232.0 0.2
232.5 0.7584024447592645
233.0 1.518266429305139
233.5 0.8571190423839568
234.0 0.8205399693746813
234.5 1.053635134279434
235.0 1.0128176381216396
235.5 1.6735382714743778
236.0 0.8000796156866307
236.5 2.627907451850464
237.0 0.33025138807048526
237.5 0.8417732634152717
238.0 0.7504541494448663
238.5 0.9288368329295054
239.0 0.9959872107052077
239.5 0.922439100492126
240.0 0.8376737299653649
240.5 1.5818838349365074
241.0 0.5068777248238345
241.5 1.1824803046108883
242.0 0.5451493480361329
242.5 1.2676743239785364
243.0 0.7381627824776036
243.5 0.8206498469913955
244.0 0.9479446371430915
244.5 0.8079272162923528
245.0 0.7429344785374766
245.5 1.0304532783306468
246.0 0.621900871127297
246.5 1.2758654397414766
247.0 0.9565960550775107
247.5 0.8905927010054535
248.0 1.330722296228004
248.5 0.831097750969781
249.0 0.637037157669742
249.5 0.4619922385495498
250.0 1.210412479294306
250.5 0.820796212470855
251.0 0.6902357782206254
251.5 0.8320029609334727
252.0 1.3901696650544804
252.5 1.0733532935403933
253.0 1.107001814180637
253.5 0.8981500138217586
254.0 1.5599698014124037
254.5 2.063461216158203
255.0 1.384171425559483
255.5 1.0574406899839752
256.0 1.4577928780871583
256.5 0.9637894591292612
257.0 0.2
257.5 1.1265134042331832
258.0 1.5033307005372099
258.5 0.5331583618193296
259.0 0.469467603882919
259.5 0.6567489347201159
260.0 0.6831584202588308
260.5 1.2155533467410775
261.0 0.3825193839037353
261.5 0.7810537890204097
262.0 0.46664867624702705
262.5 1.0695141677555262
263.0 1.0789451753471753
263.5 1.4420006148251951
264.0 0.8906890078342513
264.5 0.7140470353797819
265.0 1.5144946246676545
265.5 1.003424998990592
266.0 0.6085197567548656
266.5 1.1157772074062953
267.0 1.1148163317789206
267.5 0.8568066689109665
268.0 1.8046006478629626
268.5 0.8433308792629338
269.0 0.7568028262411125
269.5 0.9645888593230639
270.0 0.5967208680963171
270.5 0.8410578408344899
271.0 1.509433823119723
271.5 0.6453359007143177
272.0 1.2264613856027664
272.5 1.0980884519335334
273.0 1.4098154095624196
273.5 2.6499569802898266
274.0 0.6925872655826457
274.5 0.9750806085089097
275.0 0.9860041699696356
275.5 1.7145208752264627
276.0 1.873942030890761
276.5 1.0332177082446248
277.0 1.3167309969327494
277.5 2.168035537774992
278.0 1.927746896768039
278.5 1.0936042889876278
279.0 0.8859133215557834
279.5 1.4740506709479395
280.0 0.7402014848842737
280.5 0.8640669702908217
281.0 0.785709967628559
281.5 1.0262471401439588
282.0 0.8118559086014516
282.5 0.8436896447014531
283.0 1.4846100082974765
283.5 0.8519561515638006
284.0 1.6981254909897079
284.5 1.60784492732486
285.0 1.3607495147946183
285.5 1.298558286292494
286.0 1.1680727963632727
286.5 1.1843782812935044
287.0 0.9799612042007975
287.5 0.47101134335498074
288.0 0.9097235865358237
288.5 1.5796000010028568
289.0 0.6719260274667475
289.5 0.3074790766383647
290.0 0.7648359893893303
290.5 1.5935724414688077
291.0 0.7949933464808072
291.5 0.6853318664937162
292.0 0.9701010903244152
292.5 2.047601682893803
293.0 0.7702670623109416
293.5 1.609937569582851
294.0 0.8348162114398368
294.5 0.8680410519989123
295.0 0.7578213676673435
295.5 0.42674734420853255
296.0 1.1904537655364498
296.5 1.3089734354423777
297.0 2.3385840004499787
297.5 1.4456304898350156
298.0 1.4985782936544219
298.5 2.0232335528337995
299.0 0.6207210180310812
299.5 1.0378759714645345
300.0 1.8032216167035746
300.5 1.0564028819497988
301.0 1.7967792961605291
301.5 1.3600458153875097
302.0 2.1844118351117894
302.5 1.109337511297075
303.0 1.1957395393128887
303.5 1.1370457743746751
304.0 0.9651395945625929
304.5 0.825575478961218
305.0 0.8600470906440414
305.5 0.951976648594858
306.0 0.7254805582936525
306.5 1.369235303956488
307.0 0.9218408650330614
307.5 1.2233498286820963
308.0 1.1396417864307686
308.5 2.0649913060688827
309.0 0.9542604674675739
309.5 0.9660164439538859
310.0 0.35320745737707215
310.5 0.6262082359694916
311.0 1.1556876410612107
311.5 1.0461615778769087
312.0 1.0760368269312641
312.5 0.8916345905263607
313.0 1.6657576364886038
313.5 0.9292324426322713
314.0 1.1343123535956372
314.5 1.2466021885961132
315.0 1.256537977146508
315.5 0.8843304077345685
316.0 1.5317855886942602
316.5 1.249889302319541
317.0 1.8870879570641623
317.5 1.9776764865551937
318.0 0.9268443579814907
318.5 1.1851885685719612
319.0 1.0251657606981048
319.5 1.3063230584791965
320.0 1.3972595456636825
320.5 1.7954023792508398
321.0 0.45561653647271183
321.5 1.2640498954264663
322.0 0.49638738382289205
322.5 0.9756352238362946
323.0 0.7492867383982169
323.5 1.9339318139108985
324.0 1.9770128465360126
324.5 0.7211254327849399
325.0 0.5971798569554083
325.5 0.856183854390963
326.0 0.7012441231112089
326.5 1.0401591873765648
327.0 1.0831678067247705
327.5 0.7551115392444507
328.0 0.8400848758739623
328.5 0.7337709184772832
329.0 1.0831951778035616
329.5 0.8796553153446383
330.0 0.2
330.5 0.7338086313557604
331.0 0.9511282077743595
331.5 0.7070644067830387
332.0 0.7961313589752481
332.5 0.6274477564613066
333.0 0.9596397649613814
333.5 0.7873820670076241
334.0 1.0202760692798576
334.5 1.11139228430793
335.0 0.7894855572322549
335.5 1.2960043653515312
336.0 0.4546650590409878
336.5 1.0622717742048287
337.0 0.7543445559036464
337.5 0.9699042062017363
338.0 1.6816882343154653
338.5 0.8053354546921414
339.0 0.6888379938775869
339.5 0.7462726012872973
340.0 0.6176522367539905
340.5 0.738467780490853
341.0 0.931560970717071
341.5 0.6486957744268196
342.0 1.2473868531987038
342.5 0.9114189145742377
343.0 0.8704497332478454
343.5 0.7484081944699941
344.0 0.8118992039737583
344.5 0.9026175449595133
345.0 0.698863438444177
345.5 1.0316400885934507
346.0 1.7795546248135128
346.5 0.7444824283795264
347.0 1.0384232259600001
347.5 1.1333045782960407
348.0 0.6920132233931364
348.5 1.7438713401665398
349.0 1.3945893805407212
349.5 0.4981600734209448
350.0 0.5504204092794696
350.5 1.4169112907815986
351.0 1.8832344226722957
351.5 1.9627947897876523
352.0 1.1811524975857841
352.5 1.0065702440315052
353.0 1.2363062365692674
353.5 0.6554266773047454
354.0 1.7373699348904528
354.5 0.8428961038430659
355.0 1.897494805857037
355.5 1.4335063746806849
356.0 1.3907634119007732
356.5 0.9600633274484243
357.0 0.6993218240620052
357.5 1.2612800564175481
358.0 1.1337314848814943
358.5 1.0108669122082894
359.0 0.8734712685244717
359.5 2.087672761582639
360.0 1.372469543582489
360.5 1.628451179544828
361.0 0.6973429223544793
361.5 0.8899011335980833
362.0 0.6146466405464386
362.5 1.2570128325309151
363.0 0.7299068017011354
363.5 1.361036691870205
364.0 0.9551615135217
364.5 1.1924438397535966
365.0 1.2033386107894544
365.5 1.547868809691137
366.0 1.0885243945007788
366.5 0.5433747709305092
367.0 1.8289082245614736
367.5 1.038288717991491
368.0 0.918454033117
368.5 0.8523580055606057
369.0 0.8069223218070813
369.5 0.7175226851305019
370.0 1.8376336870205314
370.5 0.7779238353491825
371.0 0.8401522867744748
371.5 1.149397190171689
372.0 1.476448428691579
372.5 0.6089627145229195
373.0 0.4114694653444484
373.5 1.0550556651197653
374.0 1.3670108114245205
374.5 0.8225485286965609
375.0 0.27497715076046786
375.5 0.9590723048119583
376.0 1.7434099839646389
376.5 0.8801185612470511
377.0 0.5746891642495395
377.5 1.8147290725852687
378.0 1.5067049229352079
378.5 0.8752157751846041
379.0 0.6814725996917244
379.5 1.2301740456659869
380.0 1.6230197255860392
380.5 1.4924395513728328
381.0 0.7593933343001882
381.5 0.8759583307049119
382.0 0.7674894955234255
382.5 0.624508097087198
383.0 1.4545024088067942
383.5 1.1715425084193398
384.0 0.8798153450445672
384.5 1.709307081186652
385.0 1.6150258443792627
385.5 0.7895757639330578
386.0 1.3528109004786526
386.5 1.0563710496182197
387.0 0.7094136683537792
387.5 0.805263941118262
388.0 0.989880676803768
388.5 0.6903012576365819
389.0 1.6335820691849268
389.5 0.4935865199424459
390.0 1.012168960759536
390.5 1.4759138287892544
391.0 0.857828780348056
391.5 1.4851416302823017
392.0 0.5980275968221266
392.5 0.9998312760636878
393.0 1.3024797612083643
393.5 1.1525473846868612
394.0 1.5341213845257429
394.5 1.1292889860177753
395.0 0.9200071097021076
395.5 0.8204383663638144
396.0 1.086689572639442
396.5 1.0587895909365495
397.0 1.0197737346051816
397.5 1.3978397172067043
398.0 1.7059676723882289
398.5 1.1132171337256873
399.0 0.8191554035855955
399.5 1.3239228676972696
400.0 1.0975864726676612
400.5 1.0212329968886598
401.0 0.6001395939688325
401.5 1.1167214309768547
402.0 0.8476522366535213
402.5 0.6620825656910869
403.0 0.8681599817503072
403.5 1.300212455605868
404.0 1.9416196819304636
404.5 0.8401578527814706
405.0 1.320974719074839
405.5 1.3980888958567506
406.0 0.4824629273894398
406.5 1.0156319288568212
407.0 0.6157740249913829
407.5 0.6886741514938162
408.0 0.6074694956583699
408.5 0.7434261663478376
409.0 1.642387485414417
409.5 1.0323010357295634
410.0 0.6262316768198195
410.5 1.5007227291301635
411.0 0.9367492420204377
411.5 1.0175294933370544
412.0 1.0677720143938016
412.5 1.158668646079948
413.0 0.9263063634711277
413.5 1.5904538544385907
414.0 0.3498968436637018
414.5 0.6519520814556348
415.0 1.4389820675569056
415.5 0.9344175540899116
416.0 0.8035115074680459
416.5 1.629552874369816
417.0 1.6463305313098746
417.5 1.4229105181272432
418.0 0.6737015345573145
418.5 1.5394575859218502
419.0 1.633904121118023
419.5 0.33462749758134447
420.0 0.5911266145713703
420.5 0.7582963133386149
421.0 1.0681173640767765
421.5 0.7694467149387085
422.0 1.2962590382016084
422.5 0.8463223668080451
423.0 1.934758338681036
423.5 1.136441263890384
424.0 1.4790531647277463
424.5 2.1217368454923773
425.0 1.2087640342788326
425.5 0.7378483840184438
426.0 1.2596503690084742
426.5 0.9673063632367905
427.0 0.6222284665372155
427.5 0.8563365844128219
428.0 1.5918476619855106
428.5 1.2174563616248193
429.0 1.1716992018179864
429.5 1.6405742535394525
430.0 2.2887064072728815
430.5 1.3563647839666002
431.0 1.3326358426105136
431.5 1.155309207668161
432.0 1.0075229649517337
432.5 0.9031953035517577
433.0 0.7184808931208763
433.5 0.6936433077143584
434.0 0.8523696738342161
434.5 0.623007363251413
435.0 0.600560815312106
435.5 1.0465223563358674
436.0 1.67735719858933
436.5 0.7959318475928432
437.0 1.024162532339174
437.5 0.7097849264753059
438.0 1.5374722722485223
438.5 1.1606840662682987
439.0 0.8607644182560898
439.5 0.7823463901947527
440.0 0.8184908883521291
440.5 1.3475661095928997
441.0 1.6134222415589659
441.5 1.0782353505033362
442.0 0.8018215654796905
442.5 1.1138402365746451
443.0 0.7867005365644979
443.5 1.5928628506559233
444.0 1.6060730036442745
444.5 1.453921097405276
445.0 1.1028877410294624
445.5 0.9885616920280955
446.0 0.9954412566625273
446.5 0.6292817197476086
447.0 0.46969847643466456
447.5 1.029355181392488
448.0 0.5590965824053802
448.5 0.730339831071265
449.0 0.679477519914353
449.5 0.6055072174316729
450.0 1.0401888189732915
450.5 0.6556703932227871
451.0 0.9436975006196354
451.5 1.522511585198051
452.0 0.8100884431153812
452.5 1.4882237631805768
453.0 1.4846111924622396
453.5 1.1747512426428632
454.0 1.7399169552622031
454.5 1.6114165202964776
455.0 1.551885519975828
455.5 0.9084117953900794
456.0 1.3352408408368277
456.5 1.3176826066688982
457.0 0.2802528027785957
457.5 0.9469530010271392
458.0 0.6564821130215794
458.5 1.5399660507361292
459.0 0.8827831980786982
459.5 0.7965774834960967
460.0 1.5878040930788129
460.5 2.1580605720495916
461.0 1.1177698543308652
461.5 0.8985561528532802
462.0 0.9371704999392176
462.5 0.963400494055617
463.0 1.8163969705746283
463.5 1.8308365005916167
464.0 0.9854982971724747
464.5 0.6918203522846929
465.0 1.3630498355713367
465.5 0.9912211253731018
466.0 1.410872512453113
466.5 0.6721265650438785
467.0 1.4639822528098447
467.5 1.0126747513587109
468.0 1.1935901271159004
468.5 1.1284749295272638
469.0 0.9719686169981554
469.5 1.096695509065008
470.0 1.388462370610978
470.5 1.5407611539567014
471.0 2.200757250104004
471.5 0.8014963647649032
472.0 0.7638263618805479
472.5 1.3081418347771674
473.0 1.1994978252298507
473.5 1.3026791173292969
474.0 1.0120167817012065
474.5 2.0123237798892495
475.0 1.5797950015350204
475.5 0.8382010047689699
476.0 0.6762481411499859
476.5 0.9504877944889081
477.0 1.099130706663972
477.5 1.0187008951322933
478.0 0.9959552392056532
478.5 0.7405465817374245
479.0 1.3305738411011485
479.5 1.466442792033499
480.0 0.8364770984844838
480.5 0.7956441416655076
481.0 1.0339478254569414
481.5 0.940296776672237
482.0 0.6557610986234221
482.5 1.8185554422992498
483.0 0.7750137144946339
483.5 0.8977450687268675
484.0 1.1340694606324957
484.5 0.5579384836735954
485.0 1.0470158817494073
485.5 0.6860038464577198
486.0 0.4471365910349168
486.5 0.6125450426246605
487.0 1.6421363469882402
487.5 0.7720836126053099
488.0 0.7780369377598644
488.5 0.9418262056251869
489.0 0.6469131717653884
489.5 1.303787027473427
490.0 1.0284887180409203
490.5 1.1111034273517986
491.0 2.1072640748975537
491.5 1.2373192548646794
492.0 0.9728419656359308
492.5 1.3998408959480217
493.0 0.7698504498211582
493.5 1.7841381257435043
494.0 1.2685133310212442
494.5 0.31177100737349117
495.0 1.4940368497292833
495.5 0.622139804079227
496.0 0.2
496.5 1.0485138492273116
497.0 1.0976319815027307
497.5 0.867593789896401
498.0 1.2000561420376417
498.5 1.2702123502891975
499.0 0.6399066531331308
499.5 1.498765021034969
500.0 1.1265521194744288
500.5 2.350869472525793
501.0 1.0304624390436854
501.5 0.7330626508598117
502.0 2.057603037780363
502.5 1.1175610631615358
503.0 0.42443903189000914
503.5 0.5860187619379361
504.0 1.4687218147620347
504.5 1.1441551353659731
505.0 1.5781474076091266
505.5 1.4926996550883085
506.0 0.7962898482828762
506.5 0.8296820506677429
507.0 0.538015758391468
507.5 0.6396604667173339
508.0 1.461667423282776
508.5 0.6170889586902717
509.0 0.6686833086176167
509.5 1.1262599262155932
510.0 1.923200566053624
510.5 1.0812321013048356
511.0 0.7138052695598407
511.5 1.1630489136616022
512.0 0.9025643908948826
512.5 0.7478795859988555
513.0 1.065923018324948
513.5 1.3750444629463328
514.0 0.4102039427022973
514.5 0.4393312255029452
515.0 1.4833388999092976
515.5 0.9400351158900757
516.0 0.2
516.5 1.273230253815202
517.0 0.45285236324453326
517.5 0.8413629916853507
518.0 0.8873633187518547
518.5 1.8335653960765184
519.0 1.9048706401656808
519.5 0.22171418052501535
520.0 0.6943013198345853
520.5 2.4155519002284076
521.0 1.3708412539133856
521.5 0.8111750269045197
522.0 1.0501480515203172
522.5 0.9381842493711318
523.0 1.2297444308452157
523.5 0.7437799942840312
524.0 1.5145564106323466
524.5 0.352157199355994
525.0 0.8451482132841674
525.5 1.094983889786129
526.0 0.43831727587040975
526.5 0.8554225414879622
527.0 0.9492253515520004
527.5 0.7716666505472208
528.0 1.372359066203933
528.5 0.6397640592280331
529.0 1.083377894813796
529.5 1.2891107101237438
530.0 1.2685620225249679
530.5 0.7784208854369375
531.0 0.7254176930133991
531.5 1.386277483268889
532.0 0.945898516439968
532.5 1.293272358452302
533.0 0.6164660880316188
533.5 0.5223237270469612
534.0 1.609624280388965
534.5 0.954073358500078
535.0 0.9960198750625905
535.5 1.6686626869107424
536.0 1.1963942176861975
536.5 1.322881078305889
537.0 0.5950012682934918
537.5 0.4566735897831652
538.0 0.7859898595893393
538.5 1.6590616844319959
539.0 0.7038862032145794
539.5 1.905105088971236
540.0 0.9609215106280351
540.5 0.8764583448673349
541.0 0.5167860947280393
541.5 1.0197010644068238
542.0 0.7479373651171355
542.5 0.5992925393252994
543.0 1.0003352687008933
543.5 1.1029373105428295
544.0 0.26076199663455535
544.5 0.838174642338422
545.0 0.49824442850383344
545.5 0.6739087133660369
546.0 0.6518929158608355
546.5 1.7555270071537086
547.0 0.722022272110314
547.5 0.9110495213419556
548.0 0.572107850119375
548.5 2.467097770278062
549.0 0.6237560489973266
549.5 0.9418640666777363
550.0 1.07213219462081
550.5 0.9933650180193665
551.0 2.197114123159528
551.5 1.2301566031215263
552.0 0.8071270980890974
552.5 1.4280750856226088
553.0 0.9036637352083764
553.5 0.8824734089221129
554.0 1.5029686844587964
554.5 0.7675693363527363
555.0 0.5906714666959021
555.5 1.773239729223103
556.0 0.6948266796784786
556.5 0.8723412146488985
557.0 0.8609018698003175
557.5 0.6852839618449147
558.0 0.7981578941663812
558.5 0.8733100370523761
559.0 1.2820308080954705
559.5 2.064173959548893
560.0 0.9668839345111622
560.5 0.9261979352854417
561.0 1.3312290752946991
561.5 0.7084737493823365
562.0 0.8026112286174838
562.5 0.8834941881727356
563.0 1.0805064334660917
563.5 1.4054522519555923
564.0 0.8596130808512699
564.5 0.6793965607553629
565.0 0.6222925409504199
565.5 0.573954251496708
566.0 0.6158796828549948
566.5 0.8459658794714218
567.0 0.7411662702945769
567.5 0.8615922458218503
568.0 0.8970311681789434
568.5 0.6856016347442431
569.0 0.41849059326610205
569.5 1.5135017749901523
570.0 1.7925872220720631
570.5 0.5906703618730097
571.0 0.9308157238327204
571.5 0.829541497150889
572.0 1.2119780098689723
572.5 0.5916424431085593
573.0 0.6068587147568698
573.5 1.1005349822386683
574.0 1.5121966984034219
574.5 2.232566428597175
575.0 0.8921858189625786
575.5 1.767959461404398
576.0 1.5751992509833672
576.5 1.0537142857194546
577.0 0.7992300534046466
577.5 1.1669194318712879
578.0 0.7975161890836407
578.5 0.9850151696823677
579.0 1.3334504867080188
579.5 0.8655069120829446
580.0 0.5854477331200729
580.5 0.5605167465334959
581.0 1.3477164109534217
581.5 1.2490756666329486
582.0 0.9915119372996535
582.5 0.7600285459181658
583.0 1.235843036516148
583.5 0.6507471792115633
584.0 1.013780625758106
584.5 1.2394649781517701
585.0 1.1386370957061345
585.5 0.9156584804044245
586.0 1.7499154010480136
586.5 1.8991799466409929
587.0 1.7091713097731074
587.5 1.4503508639860727
588.0 1.037970176030714
588.5 0.9275095729455102
589.0 0.5821549832087822
589.5 0.6777232934990935
590.0 1.4838749644415754
590.5 0.6680448025456067
591.0 0.7096100068303075
591.5 0.8267157006945371
592.0 1.0941639891457318
592.5 2.1178381123793057
593.0 1.165790694452392
593.5 0.8603858404117883
594.0 0.920690096114292
594.5 1.042953616716698
595.0 1.2023077634149812
595.5 0.9119831178160345
596.0 0.8289700177537079
596.5 1.4711352575131036
597.0 1.162009472185971
597.5 0.7954829764781732
598.0 1.3134073535914044
598.5 0.6991400537962065
599.0 1.14236026527165
599.5 0.7308620158763375
600.0 0.9072179399642852
600.5 1.0338736643792878
601.0 0.9473675712490199
601.5 1.1807744704642973
602.0 1.1256761560962443
602.5 1.7913758295490894
603.0 1.571248017451444
603.5 1.3425115057760122
604.0 1.3160912415707677
604.5 1.5171853048766044
605.0 1.0304136583081045
605.5 0.5562143192850969
606.0 1.6881287429268597
606.5 1.649767140238615
607.0 1.0780530560195705
607.5 1.4056862180775567
608.0 0.7742248654315107
608.5 1.105167681284173
609.0 1.0939457892430908
609.5 0.9376061219935976
610.0 0.6556428319293333
610.5 0.8578114147317777
611.0 1.5134785724927375
611.5 0.8231704160341151
612.0 0.3935328864378516
612.5 1.2144629646175475
613.0 0.9837486323257241
613.5 1.040378742363348
614.0 1.0604859433161458
614.5 1.4313448378715146
615.0 1.1355147530303287
615.5 1.0527686250501593
616.0 1.0468624241544937
616.5 1.1997278108538891
617.0 0.5239806770522687
617.5 1.7778219806612867
618.0 0.8538643844879565
618.5 1.5373391486847394
619.0 1.1018768665485887
619.5 2.351986299095374
620.0 1.3155964296873635
620.5 1.12528603055
621.0 1.332421046377087
621.5 0.913669067568091
622.0 0.9682101385510039
622.5 0.6101049542884198
623.0 0.7878675670598276
623.5 1.1792153932909728
624.0 0.527041194304303
624.5 2.1238950846687215
625.0 1.299173049906966
625.5 1.1294498966400297
626.0 1.6707989208295597
626.5 0.3682121002785588
627.0 0.3281865736553286
627.5 1.2866784132565694
628.0 0.6734319018695049
628.5 0.7572381730586651
629.0 1.3574868544249155
629.5 0.8714585926245153
630.0 0.8425647009803341
630.5 1.2375423878227085
631.0 1.5810124998198563
631.5 0.8955396216467464
632.0 0.6727343219841075
632.5 0.979012997537672
633.0 0.8023052325977302
633.5 1.2229703785521733
634.0 1.1603771192259977
634.5 0.7609059533305962
635.0 0.5620510909945224
635.5 0.5146415764011909
636.0 0.9676889796873342
636.5 0.9542022599353162
637.0 1.9143094232766036
637.5 1.7532108336102807
638.0 0.7038666245395236
638.5 0.7182972311365936
639.0 0.7810354577024977
639.5 0.4635558456736621
640.0 1.2266650850528384
640.5 1.659796473537309
641.0 1.116154203291396
641.5 1.479139269317897
642.0 0.8226176371794274
642.5 0.9241298029227721
643.0 0.8749980838886225
643.5 0.5876025322190734
644.0 1.2556694193121096
644.5 1.3417677237992924
645.0 0.6942614210801867
645.5 0.6023512157474945
646.0 1.0314625232379175
646.5 1.1852275816138895
647.0 1.1180054274600093
647.5 0.3001752012380265
648.0 0.8852126794413713
648.5 0.547257640411251
649.0 1.8564834455416328
649.5 0.460322950660288
650.0 0.8707659742374763
650.5 0.5554117624091446
651.0 1.1527259815542379
651.5 1.1940141250708034
652.0 1.336954062256732
652.5 1.5300621432359365
653.0 1.0767073693460258
653.5 0.47657761023092626
654.0 1.613220111955485
654.5 0.8004565713637193
655.0 0.5199001140023759
655.5 0.9428893510846401
656.0 0.7622337860893029
656.5 0.7059994071927393
657.0 1.3672820475288454
657.5 0.6030763296617622
658.0 0.9153215464679598
658.5 1.070177638193067
659.0 1.6438293737090557
659.5 0.5308149837136497
660.0 0.7022116992177185
660.5 0.4496946409793089
661.0 1.0771452267891761
661.5 1.0252677737863465
662.0 0.926540915744201
662.5 0.7364828748231005
663.0 0.7267437040527946
663.5 0.7334690759981909
664.0 1.0732744797641338
664.5 1.4992577044845774
665.0 1.0010219555488784
665.5 0.8063257520381936
666.0 0.7401779833206678
666.5 0.7311819322992125
667.0 0.8913692905186834
667.5 1.8349118186465456
668.0 0.8344898595154187
668.5 1.2094702895782126
669.0 1.0749108538112238
669.5 0.5047174328150894
670.0 0.8228513696862182
670.5 1.4884371961413239
671.0 1.0704800127911114
671.5 1.3783086873247266
672.0 0.8058229633450006
672.5 0.9463788902406165
673.0 0.4699123587055446
673.5 1.3645079407733092
674.0 0.847198421266121
674.5 0.5264844771367393
675.0 1.110435267237602
675.5 0.5780724282543117
676.0 1.6574064697609758
676.5 3.369562514659796
677.0 0.729954126406629
677.5 1.263961989269546
678.0 0.6943337190623364
678.5 0.8317247883932734
679.0 0.8951233339710722
679.5 0.807718538682836
680.0 0.9128569651173858
680.5 0.7755366662258318
681.0 1.8217338115712012
681.5 1.17171752674615
682.0 0.7535149405791541
682.5 1.0945375656487741
683.0 1.589847292124422
683.5 1.3025396116126413
684.0 0.6286996626662839
684.5 0.8492281233309424
685.0 1.0187700711927405
685.5 1.2393086406070264
686.0 1.0332310904530735
686.5 1.4600218383395598
687.0 1.0379436205329946
687.5 0.5702209777312257
688.0 1.3119299254114218
688.5 1.7029531073410316
689.0 1.614756111128028
689.5 0.9628049509917189
690.0 0.9591617084760191
690.5 1.3989446580454432
691.0 1.598684984151857
691.5 1.0767868011263015
692.0 0.763718288350442
692.5 1.3405569577230785
693.0 0.33672961703903825
693.5 0.7234676833521345
694.0 1.5919169527878432
694.5 1.452989789524309
695.0 0.684479575601988
695.5 1.5490640987611877
696.0 1.3294931541414408
696.5 0.6378857799781554
697.0 1.1826342425343885
697.5 0.907154934029117
698.0 0.8124595699142094
698.5 0.9502321979150227
699.0 1.0677195401969466
699.5 0.8098412565493918
700.0 1.0200600199860652
700.5 0.768565058593593
701.0 0.7544962811103935
701.5 1.328995324210457
702.0 0.6981246928983385
702.5 0.9798452958770985
703.0 1.377639072370871
703.5 1.652256856595617
704.0 0.6501839794678388
704.5 0.7297696723658736
705.0 0.5691808337720565
705.5 1.2148859985927978
706.0 0.8278535420975073
706.5 1.0524618097611342
707.0 1.4896346478223665
707.5 0.6337835315215058
708.0 0.9201532390605951
708.5 1.1346128119045285
709.0 1.489285018981123
709.5 1.2984888295311698
710.0 0.8653328844910613
710.5 0.7213360223303468
711.0 0.6735986670358283
711.5 1.0717700799957328
712.0 0.8035290372505524
712.5 1.4741759721784637
713.0 1.2859300260257889
713.5 1.3127070370558689
714.0 0.759750271359261
714.5 1.270333739681386
715.0 0.8622647078177071
715.5 0.8726351709712696
716.0 0.6414759028920344
716.5 0.8174006415893919
717.0 2.547964944906612
717.5 1.3239061257277398
718.0 0.725109938234836
718.5 0.6888943325912342
719.0 0.3946007680631938
719.5 0.2
720.0 1.3724686733184333
720.5 0.8010387366734335
721.0 1.0546343355743368
721.5 0.5773522011259037
722.0 1.176237490810018
722.5 1.3821763807212681
723.0 1.7572250214348972
723.5 2.560687885995544
724.0 1.3354965131677554
724.5 1.0652467143526863
725.0 0.844945976960906
725.5 1.371105710579162
726.0 1.0215033266309619
726.5 1.617515212050681
727.0 0.6229049284361792
727.5 1.8759080496005547
728.0 0.9824724444356383
728.5 1.6520859778728978
729.0 1.1297019529937626
729.5 0.9043056662742952
730.0 1.1901384179003585
730.5 0.9636039929032634
731.0 1.2837095638954352
731.5 0.6848028374247452
732.0 1.1864589211859364
732.5 1.1746317910982622
733.0 1.4496570129476076
733.5 1.046444582592121
734.0 0.8447162000375508
734.5 1.3265143180319157
735.0 1.825811702817986
735.5 0.8881935177760174
736.0 1.3584658809983885
736.5 0.47326069627972056
737.0 1.0846596301313869
737.5 1.353786035010022
738.0 1.2840115227710134
738.5 0.8643676592279992
739.0 0.7237981357812602
739.5 0.937635940620438
740.0 1.2006657630391238
740.5 2.195954884692859
741.0 1.5491711665886263
741.5 1.3046689676383898
742.0 2.2684274891018346
742.5 1.7423394761622757
743.0 1.313472125427714
743.5 1.0141976933471057
744.0 1.2629864399486253
744.5 1.407933315784445
745.0 1.0722258558489786
745.5 1.4415945663807277
746.0 1.0985822155810836
746.5 0.24041397975494472
747.0 1.495065639927391
747.5 1.2373946775778903
748.0 0.9621055531212122
748.5 0.8566083282718302
749.0 0.4190946474779967
749.5 0.8192074852151463
750.0 2.3699149713239382
750.5 1.0632309889134153
751.0 1.0128083570215305
751.5 1.5087465876581092
752.0 1.0233256530439363
752.5 1.64235167709682
753.0 1.179725696144459
753.5 0.9861640287971163
754.0 1.9654014115733376
754.5 0.8683235919260321
755.0 0.8922905545093974
755.5 1.0662685739649733
756.0 1.588837408368909
756.5 1.6750107634019
757.0 1.5093570834569052
757.5 0.9141535730344379
758.0 0.5385845418348624
758.5 0.9329733599979462
759.0 1.1519600490153215
759.5 0.7538054209525153
760.0 0.803679609008388
760.5 0.6853529462351109
761.0 1.082621924831982
761.5 2.867666554154046
762.0 0.9969647530065189
762.5 1.4215484220958245
763.0 1.081848553681724
763.5 0.7718655402199878
764.0 1.329218791574106
764.5 0.9581500568656638
765.0 0.4516313761002118
765.5 1.6524616077063667
766.0 1.0278226203627259
766.5 0.5005394394522329
767.0 0.5604011098507272
767.5 2.09000548152212
768.0 2.06087310742515
768.5 1.0598333991017959
769.0 0.775203688471533
769.5 0.5569429684579648
770.0 0.9971300424943804
770.5 0.7955400425257696
771.0 1.605744072990584
771.5 2.1276046851569497
772.0 1.802910669202657
772.5 0.5163252026411369
773.0 0.9818510707544376
773.5 1.0967125219120035
774.0 0.2
774.5 0.584557193480206
775.0 0.6127690687375202
775.5 1.4705251103869825
776.0 1.1742935506500458
776.5 1.1643668865105608
777.0 0.9426627386596341
777.5 0.7701903999185875
778.0 0.9507574515455313
778.5 1.4386079048680602
779.0 0.6630094395759671
779.5 1.211117917171157
780.0 0.5840802590487133
780.5 0.977735701660124
781.0 0.7819065175135735
781.5 1.17677942814325
782.0 0.9555865465849984
782.5 0.915556884696948
783.0 1.7122772282029421
783.5 1.4255287015140263
784.0 1.146118359593287
784.5 1.9024001850401098
785.0 1.363939434721556
785.5 0.2
786.0 0.9636390150703845
786.5 1.1123208115018952
787.0 1.1170012925195478
787.5 0.7688356765247932
788.0 1.5022213977317114
788.5 0.8857672317569383
789.0 0.588617883830638
789.5 1.082416443305784
790.0 1.1098645100276787
790.5 1.292241925990685
791.0 1.6916958182226396
791.5 2.1004317299818216
792.0 1.9401003025195172
792.5 1.422602669817131
793.0 1.7790601854435397
793.5 1.3023174293739028
794.0 0.8691770200942976
794.5 1.183494791521839
795.0 0.6069419380221855
795.5 1.0326294658557982
796.0 0.6541315203296632
796.5 1.011125646444823
797.0 1.5134652785883982
797.5 0.5072085766493954
798.0 0.9045061444173793
798.5 0.702784519580929
799.0 0.768767245321914
799.5 0.6951196025531639
800.0 0.7466290573116088
800.5 1.766034241584134
801.0 1.0378445902222593
801.5 0.661995452739034
802.0 1.153380844925241
802.5 0.7808558254657122
803.0 1.1732323526812756
803.5 1.1444358729765554
804.0 2.61239438781165
804.5 1.6340811749772697
805.0 2.425356574932132
805.5 1.3709768174937964
806.0 1.3742853736121905
806.5 1.0871840936284831
807.0 1.0219019316041955
807.5 0.6798068791156584
808.0 0.5460225775965655
808.5 1.2500637465484061
809.0 0.8304285321282762
809.5 0.6082072926270792
810.0 1.0724687426190616
810.5 0.6980737311876566
811.0 1.1557294926886188
811.5 0.22633267021120568
812.0 1.5095081775791246
812.5 1.7468351974658334
813.0 1.1545255256938542
813.5 0.7258045060024961
814.0 0.8393934719825369
814.5 0.6903946228850654
815.0 0.8346025429111485
815.5 0.7173927640929298
816.0 1.0049024952782788
816.5 0.9591432737265901
817.0 0.5744399876028803
817.5 0.5833467400312149
818.0 0.7905404103223397
818.5 1.665479569992361
819.0 0.9249822895331108
819.5 1.1212874164740487
820.0 0.9748921413398899
820.5 0.7209635655260971
821.0 1.8020650074635274
821.5 1.0056417938268754
822.0 1.1850522976295408
822.5 1.4734687644880045
823.0 0.9594000082798437
823.5 2.5429878630163985
824.0 0.6851712303774875
824.5 0.9445562652576867
825.0 0.9737280454702608
825.5 0.7095558031485201
826.0 1.0324669371764754
826.5 1.1046207806478656
827.0 0.7107631221027892
827.5 0.6800081298056101
828.0 1.064124188796325
828.5 1.5921813418583575
829.0 1.3160019054734946
829.5 1.6846108926573908
830.0 0.5494844085651109
830.5 0.9947310261817046
831.0 1.6587209177419142
831.5 0.3541253915320937
832.0 0.5882689558756098
832.5 0.6324038236454259
833.0 0.5888339316912096
833.5 0.892602158673379
834.0 1.0164750065008246
834.5 0.975958686641925
835.0 0.6739722793971925
835.5 0.43029316001949064
836.0 1.3173631704977586
836.5 1.1457451548801068
837.0 1.7683144387948027
837.5 0.9098976596369495
838.0 1.4007614590967514
838.5 0.8017412072913198
839.0 0.8717175639312048
839.5 0.8956906689081915
840.0 1.6231674762513228
840.5 0.7734460667932623
841.0 1.891153604605089
841.5 0.772635501442519
842.0 1.7951816033380803
842.5 1.040311538101592
843.0 1.6420733443965414
843.5 1.2633660845523664
844.0 0.7866882926300326
844.5 1.4017696562875948
845.0 0.8390062682732754
845.5 0.8479385111853938
846.0 1.142857597767962
846.5 0.7401475519339911
847.0 1.63438057985492
847.5 0.7208591032862558
848.0 0.7965233620035563
848.5 0.9132353184653739
849.0 1.3141697588014236
849.5 1.086818259266441
850.0 1.3221759931587784
850.5 1.4068630571562069
851.0 0.457568617716732
851.5 0.7565976890556809
852.0 0.6993664879810322
852.5 1.2807297916657792
853.0 1.6094431842846864
853.5 0.38278682326295355
854.0 1.343532689239332
854.5 1.3487463697297095
855.0 0.9567465842202647
855.5 1.7205162808078596
856.0 1.0704439796391338
856.5 0.3550821783907773
857.0 1.1914373036082753
857.5 0.8648361346330748
858.0 0.2
858.5 0.6581106368126732
859.0 0.9088853951277244
859.5 1.7888061020063082
860.0 1.0253579798187447
860.5 0.7213401589872852
861.0 0.7537526811415969
861.5 1.1643905370772585
862.0 0.8879990745412426
862.5 0.9830530181592714
863.0 0.5319358105352407
863.5 0.8739361001324333
864.0 1.0603520042000236
864.5 0.8408899105159304
865.0 1.179320288881089
865.5 1.858769400504992
866.0 1.2290150024646596
866.5 0.8740815770344847
867.0 1.1134333416942965
867.5 0.3192723056499614
868.0 2.3921109065472175
868.5 1.2243601809155304
869.0 0.9301891845197054
869.5 1.180181942921835
870.0 0.6724965375930431
870.5 0.9626727948972675
871.0 0.7499769083459646
871.5 1.2530172001305808
872.0 1.967643455442333
872.5 1.1252109877815586
873.0 0.44834759445418915
873.5 0.7676849870166542
874.0 0.7190052315251636
874.5 1.0455983250392624
875.0 1.3824809290755664
875.5 0.5551332942906495
876.0 0.7694069651469029
876.5 1.4276271132726586
877.0 1.1208713565545436
877.5 0.7621127937574095
878.0 0.2882269691485576
878.5 0.8160466012526257
879.0 1.061492344442779
879.5 1.3394281492351823
880.0 1.8950954206640445
880.5 0.7891667837670775
881.0 0.781255974305521
881.5 0.9646776397426722
882.0 1.0227734082954554
882.5 2.184685731037583
883.0 0.443268955382906
883.5 1.283625121036276
884.0 1.330303518187092
884.5 0.7291843900159295
885.0 0.8995751203365019
885.5 1.354832582523593
886.0 0.755317934347062
886.5 0.640265636125543
887.0 0.8573924533917794
887.5 0.5634501571224029
888.0 1.7008363829985462
888.5 1.2427790378446812
889.0 1.2369245761449226
889.5 1.3578835521450923
890.0 1.367275332105535
890.5 1.183840182314086
891.0 1.2838081813128799
891.5 1.6507580236945116
892.0 0.9167733393710609
892.5 0.8638012306854793
893.0 1.8617118959627774
893.5 0.814784352521176
894.0 2.085338022790329
894.5 0.29765900312872273
895.0 0.46736780777056686
895.5 0.6534756814863247
896.0 0.7456698058523584
896.5 1.3058986902250984
897.0 1.6735002926561424
897.5 1.7871346412193034
898.0 1.3642336130899655
898.5 1.0919835151873674
899.0 1.6746067811272123
899.5 1.3855690715457452
900.0 1.0601360944620322
900.5 0.7206880039529091
901.0 0.856285589790065
901.5 0.5695811459426585
902.0 0.800107963498638
902.5 1.876259303912224
903.0 1.6310966235262296
903.5 1.3364181033964382
904.0 1.2989719966452866
904.5 0.9418048220589337
905.0 1.157586965753311
905.5 0.5048604556533366
906.0 1.5075469587363934
906.5 1.115311425372734
907.0 0.7424505708869826
907.5 2.1575863219555105
908.0 0.26661151174783543
908.5 1.087903167990542
909.0 0.8820400972902833
909.5 0.9581050372591036
910.0 1.7851162793188464
910.5 0.2
911.0 0.6962293871353236
911.5 1.1338994186907814
912.0 0.7386293236822055
912.5 1.167104052175957
913.0 1.3086461324603402
913.5 0.7398883658581998
914.0 1.090189349901641
914.5 0.944198515384373
915.0 0.7245356149081121
915.5 1.9313380576611312
916.0 0.8333009843229644
916.5 1.3350228661516361
917.0 0.946763305654964
917.5 1.3032384126485583
918.0 1.2839495732943944
918.5 1.0866162831304824
919.0 0.2978789716213799
919.5 1.5971213870070975
920.0 1.8250403600147296
920.5 0.9641104596661116
921.0 2.248573235898058
921.5 0.6715825985603642
922.0 0.8397522528317085
922.5 1.2666531857755774
923.0 0.9881122417795638
923.5 0.7776775953239121
924.0 0.9834247255972914
924.5 0.8932821293420338
925.0 1.8164565562818304
925.5 0.9306900441546851
926.0 0.425177395312196
926.5 0.8838374853114996
927.0 0.6427414490701489
927.5 2.342754515304507
928.0 1.8511962585044004
928.5 1.6865353586805694
929.0 1.1699107147509422
929.5 0.8896356308356068
930.0 1.7998860560166854
930.5 1.4016409461512924
931.0 0.6222683927887925
931.5 1.6713147120450034
932.0 1.3298931545063983
932.5 1.0983517148139281
933.0 1.5290263541619764
933.5 1.3727949391497098
934.0 1.7172928183134593
934.5 1.0078756396653286
935.0 1.761453794443401
935.5 0.9798490883911377
936.0 0.608576878821268
936.5 1.3313849490951246
937.0 0.6392767984368342
937.5 0.8597432745987154
938.0 1.2430593134774843
938.5 1.0041239077789537
939.0 1.0829613265198397
939.5 1.0326837569400071
940.0 1.22515460728144
940.5 1.6156677849103431
941.0 1.815846731224346
941.5 1.1608875471794864
942.0 0.8408143544326003
942.5 0.876471805698315
943.0 0.7983460618152376
943.5 0.2
944.0 1.6455025077823744
944.5 1.4399227732772417
945.0 0.8647793406456565
945.5 1.500362604962385
946.0 1.2275736405297666
946.5 1.487149541883833
947.0 0.6959089378193888
947.5 0.7452179128949599
948.0 0.6545578010482382
948.5 1.5944544297059708
949.0 0.618816980159252
949.5 1.3555145870179972
950.0 0.6630641685106828
950.5 0.9213944178640121
951.0 0.8293117327655659
951.5 1.2256783133870586
952.0 1.8525872670926322
952.5 0.37617619060867835
953.0 0.5766168883474057
953.5 1.0690923044603553
954.0 2.0067308560560253
954.5 0.802775215491222
955.0 1.4829217088187607
955.5 0.8542253747813537
956.0 0.5896930545835555
956.5 1.4066366420649752
957.0 1.3418670992718524
957.5 0.8004518590408943
958.0 0.5065983330918824
958.5 2.4448647007513493
959.0 1.4009523302610332
959.5 0.8775748447892766
960.0 0.6663377683244417
960.5 0.7632947298921022
961.0 1.3206487882596034
961.5 1.1901467515287005
962.0 0.5265908906037721
962.5 0.5053898899945894
963.0 0.8321718680734477
963.5 1.185983392374841
964.0 0.9875512279175458
964.5 1.363847688666132
965.0 1.5288962666315031
965.5 1.7807323730337208
966.0 1.7011042779586245
966.5 0.5141004009431596
967.0 0.6531851683438564
967.5 0.7296356317983099
968.0 0.5414267055438864
968.5 1.44795762443602
969.0 0.918919458808849
969.5 0.7982045921436003
970.0 1.227913624535996
970.5 1.2975243379775931
971.0 0.5133536563944566
971.5 0.7359781341743084
972.0 0.8446262147769543
972.5 0.864016976154504
973.0 0.893800922090813
973.5 1.3352114387769287
974.0 1.1333689867971668
974.5 0.7065638273578723
975.0 1.9684900900177653
975.5 2.342054172518389
976.0 1.0820927862611087
976.5 1.4541752823066467
977.0 1.9373130108811878
977.5 0.9618876605823841
978.0 0.8667034326994714
978.5 1.478031682517275
979.0 0.8277048059964094
979.5 0.643535876053891
980.0 0.7175134209563709
980.5 1.1050939478507402
981.0 0.8143324873161921
981.5 0.6795034145584413
982.0 0.6745811524102499
982.5 0.48463301192132396
983.0 0.8123036557660821
983.5 0.8085131256307598
984.0 0.9537910771384082
984.5 0.7731434818749172
985.0 0.8822045372689769
985.5 1.190621968069662
986.0 1.2632351908523156
986.5 0.9652795289472171
987.0 1.1667374857089983
987.5 1.2167052824789955
988.0 0.6447679674648046
988.5 1.6341494873415845
989.0 0.6513412542810392
989.5 1.16046590314917
990.0 0.5749641275127881
990.5 0.5995015752547541
991.0 1.7111056435349004
991.5 1.231348009501588
992.0 0.8681497561312268
992.5 0.7392082439422203
993.0 0.7881022112037108
993.5 0.8851636197066364
994.0 0.6253547996038504
994.5 1.5231780447773968
995.0 1.089917658270974
995.5 1.0774664362314246
996.0 1.0716745612807788
996.5 1.3403749229873283
997.0 1.0692096365504604
997.5 0.6379876067056733
998.0 0.8070472601767653
998.5 0.8625410880517266
999.0 0.6769185311666877
999.5 0.2356270244010265
1000.0 0.7503374180467632
1000.5 0.7597566198187067
1001.0 1.509617311490056
1001.5 0.6376440306096933
1002.0 1.2484632503280055
1002.5 1.344569825198373
1003.0 1.4544043877790118
1003.5 1.0225121753564006
1004.0 0.6381442268205427
1004.5 0.7466827716950359
1005.0 1.1550171038347674
1005.5 1.367658983563465
1006.0 1.446423015098222
1006.5 1.6723786524563136
1007.0 0.6057665635810383
1007.5 2.0095673127623526
1008.0 1.0438375615320679
1008.5 1.5073524790000952
1009.0 1.0732238386388233
1009.5 2.9030520843166863
1010.0 0.8301530017852606
1010.5 0.4080328735337882
1011.0 0.9051783422111732
1011.5 1.2290523304591827
1012.0 1.576503521015653
1012.5 0.811848063042049
1013.0 1.3452935230386218
1013.5 0.7096328258577723
1014.0 0.5525803274265833
1014.5 0.9474479568794071
1015.0 1.5944891898741091
1015.5 0.9342117239347083
1016.0 2.1780670232788433
1016.5 2.117743030604858
1017.0 0.8973984792407381
1017.5 0.39616427271841936
1018.0 0.6918408250428416
1018.5 1.523584098146274
1019.0 1.433791913753575
1019.5 1.308207296334453
1020.0 0.9000927965286252
1020.5 0.6291832710971723
1021.0 1.2490210371378216
1021.5 1.7858266934995806
1022.0 0.8798564868700547
1022.5 1.5143649490826008
1023.0 1.0985120886238138
1023.5 2.0934279202074615
1024.0 0.7247054924897387
1024.5 0.9914806501548286
1025.0 1.4178696718271016
1025.5 1.6472946257762104
1026.0 1.1112413466265423
1026.5 0.6803261227742485
1027.0 1.0769973842455949
1027.5 1.4809565479959386
1028.0 1.0518504308062528
1028.5 0.5445691006592044
1029.0 0.7354935515994383
1029.5 1.133343684992701
1030.0 1.4041395367989105
1030.5 1.2111451340352988
1031.0 0.696780408045977
1031.5 0.423585339833905
1032.0 0.46973799483134093
1032.5 0.8479348429282711
1033.0 1.221031195606906
1033.5 0.8635692473523661
1034.0 1.141013294159898
1034.5 0.4657978970825368
1035.0 1.2295609149556095
1035.5 0.6063033841444397
1036.0 2.0453202169655844
1036.5 0.9144003573677459
1037.0 0.8812142645657599
1037.5 0.9198971432412923
1038.0 1.1106474224048184
1038.5 2.2297057617817737
1039.0 1.186264259984402
1039.5 1.2408916315994096
1040.0 1.3848497548617371
1040.5 1.0609668400430914
1041.0 0.844831716549038
1041.5 0.7853525406097037
1042.0 1.471460000955408
1042.5 1.4255702995018202
1043.0 0.9786772070302445
1043.5 0.7947560527359807
1044.0 0.2155671640090988
1044.5 1.2818264326353288
1045.0 1.28427171764979
1045.5 1.2012873609631258
1046.0 1.3974419821666701
1046.5 1.2253755676004032
1047.0 0.9141346346673678
1047.5 1.1019578122118916
1048.0 0.9734015325543637
1048.5 0.8713216118262996
1049.0 0.7376557221757882
1049.5 1.6872688130002231
1050.0 0.8075344330814126
1050.5 1.1431433191055436
1051.0 1.9612480376040082
1051.5 1.2521447939524943
1052.0 1.083176245512301
1052.5 0.9279890898149283
1053.0 1.1373683476795973
1053.5 1.6531557259019292
1054.0 1.0118640662013185
1054.5 0.888081174563631
1055.0 0.6866882772745334
1055.5 0.7095738145216183
1056.0 0.5858578626635783
1056.5 1.0903310205169305
1057.0 1.5250263345713326
1057.5 1.4935309683056799
1058.0 1.3939301662622388
1058.5 0.9554267161701412
1059.0 1.4452097917390416
1059.5 0.97763182537094
1060.0 0.628612632653971
1060.5 1.0772139515377763
1061.0 0.7719355824606269
1061.5 1.3762452953615698
1062.0 0.5503945763238183
1062.5 0.8722659084682279
1063.0 1.39855469933417
1063.5 0.8181124023726736
1064.0 0.8511945226986359
1064.5 0.8634188849940272
1065.0 0.4420328757756701
1065.5 0.9292282871590185
1066.0 1.5080935467937768
1066.5 1.1010077669795861
1067.0 0.4497715679687797
1067.5 1.1550618148553902
1068.0 1.3660726714431144
1068.5 0.7894987992491869
1069.0 1.377617734243069
1069.5 2.5027203665518165
1070.0 1.2430459017837094
1070.5 1.1004162326915239
1071.0 1.4352070694949064
1071.5 1.2889177036914645
1072.0 0.5807525078738838
1072.5 0.7361698602714115
1073.0 1.2500256274085126
1073.5 0.7933273752388619
1074.0 0.7757825850044198
1074.5 2.134044413979433
1075.0 0.6623105229598045
1075.5 0.8152433325077508
1076.0 0.8978275499741677
1076.5 0.9462155946324708
1077.0 1.8992916777584874
1077.5 1.7134264996972264
1078.0 1.776882240900723
1078.5 1.2917050386696056
1079.0 2.20356591602921
1079.5 0.869560275045711
1080.0 1.183173129576668
1080.5 0.23770767783037017
1081.0 0.5137945670824652
1081.5 1.0796786902469484
1082.0 0.7053636475185858
1082.5 0.697287930304294
1083.0 1.3952457870415698
1083.5 0.9613926063201153
1084.0 1.146336227810648
1084.5 1.692119561395706
1085.0 0.3821705435865488
1085.5 1.5844671501020955
1086.0 0.5663921607491866
1086.5 1.4355899073583196
1087.0 1.8288291063630648
1087.5 0.8202688852926356
1088.0 1.1097087515454223
1088.5 0.7660828755859015
1089.0 1.0349962396365766
1089.5 0.8826762847589511
1090.0 1.2331464635183338
1090.5 1.9601202805246913
1091.0 0.725955516317087
1091.5 0.832947710758549
1092.0 0.7911692232622367
1092.5 1.424974186275777
1093.0 1.5828558399713886
1093.5 1.0899502563631973
1094.0 0.9131872405764829
1094.5 1.333060715958902
1095.0 1.1221362222423976
1095.5 0.7787882419366061
1096.0 1.405125453007023
1096.5 1.0667595342809861
1097.0 1.5085378166636647
1097.5 0.9278771989987569
1098.0 1.5485808343575287
1098.5 0.9424784240444952
1099.0 0.8696556860792861
1099.5 0.7001996539840274
1100.0 0.9727798455411092
1100.5 1.138392066767779
1101.0 0.7827551169555699
1101.5 0.7304013850859312
1102.0 0.4381321430727407
1102.5 0.9544504856833427
1103.0 0.7609636558356121
1103.5 1.4653603121965828
1104.0 0.9351620692216616
1104.5 1.3314273273177513
1105.0 1.3530791565767026
1105.5 0.9948103169162096
1106.0 0.7727294067405522
1106.5 1.383313119739544
1107.0 1.2680481808250723
1107.5 0.8491639296788074
1108.0 1.7402892601883795
1108.5 2.0267860864616996
1109.0 0.7025818235807811
1109.5 1.4304475755245887
1110.0 0.3773506953522734
1110.5 0.9023743787985299
1111.0 1.082102600584691
1111.5 1.2680728264365952
1112.0 1.0231545586952904
1112.5 0.7868640829687765
1113.0 1.3670892470735545
1113.5 1.7128356832903557
1114.0 0.9293401056397765
1114.5 1.3095548882530748
1115.0 0.548182901384607
1115.5 1.2874390522210628
1116.0 1.4166743898571752
1116.5 0.5983958157876581
1117.0 1.5626906263884934
1117.5 1.6566818182319287
1118.0 0.6996197662126291
1118.5 1.169324422585308
1119.0 1.9995110075151152
1119.5 1.3205144112390412
1120.0 0.6191539490569915
1120.5 1.2602580833304153
1121.0 1.1605025764362398
1121.5 0.697921984057459
1122.0 1.0064398192680952
1122.5 1.6134236280606962
1123.0 0.9171638619215465
1123.5 1.0106727003545941
1124.0 1.5704786812738312
1124.5 0.8848347321228143
1125.0 0.9860189666214874
1125.5 0.8696016727327416
1126.0 1.6836774847458091
1126.5 1.2821602856423278
1127.0 1.0485350342205806
1127.5 1.7840853515019999
1128.0 1.1222901337336522
1128.5 0.8168692799255477
1129.0 0.8526363982785574
1129.5 1.0485164097406408
1130.0 1.5049894411772533
1130.5 1.1350162441505585
1131.0 2.9339312900206442
1131.5 0.7263987336484374
1132.0 0.6007935805143669
1132.5 0.7725636188651952
1133.0 0.9004344051514168
1133.5 1.2151606945918034
1134.0 1.7843935795291244
1134.5 0.6308167427636566
1135.0 0.4705956925961174
1135.5 0.6228765884062751
1136.0 1.6455515513909593
1136.5 1.7039102811867057
1137.0 0.6904090823528799
1137.5 1.1125303968493512
1138.0 1.2474711775935832
1138.5 1.0855575779750246
1139.0 1.098303232424245
1139.5 2.3607361141014582
1140.0 1.2786258886340465
1140.5 2.248875843648911
1141.0 1.2463888267532344
1141.5 1.2524985799060846
1142.0 1.2376531756553808
1142.5 2.1219547675293566
1143.0 1.2342088859188112
1143.5 0.8821481327361533
1144.0 0.925173340500892
1144.5 1.2210087763024822
1145.0 1.7142657490355424
1145.5 1.1768555135458063
1146.0 0.7655670350957233
1146.5 0.8359567725750972
1147.0 0.8400201664439779
1147.5 1.8461067346256541
1148.0 1.3277129035964017
1148.5 0.9719592607653889
1149.0 1.3520808995908218
1149.5 0.9147741736125442
1150.0 0.9854159033986665
1150.5 1.6767614506894148
1151.0 2.4227572006002505
1151.5 1.3384155104452855
1152.0 1.1303495742868073
1152.5 0.8986828413381218
1153.0 1.295108233333526
1153.5 1.9496524727205438
1154.0 0.8225153769488702
1154.5 0.8335815321670971
1155.0 0.7140970965156992
1155.5 0.8320833079353314
1156.0 0.874475397333786
1156.5 0.939729676919629
1157.0 0.9464974349817061
1157.5 0.8347691647398398
1158.0 1.973184881408772
1158.5 0.2
1159.0 1.193944544562874
1159.5 1.5604978038833734
1160.0 1.6041523395446444
1160.5 2.4817509891110143
1161.0 1.1972500107268818
1161.5 0.7640546004503146
1162.0 0.6084282142044026
1162.5 0.8068346324154299
1163.0 1.706627623174127
1163.5 0.7312633220844645
1164.0 1.008909539088822
1164.5 1.8268990102769012
1165.0 0.8636645178082165
1165.5 1.3361793799837214
1166.0 1.23619622988584
1166.5 0.8011684258483578
1167.0 0.7018814907418998
1167.5 1.0741366659320248
1168.0 0.7811114068014541
1168.5 0.5788726929503627
1169.0 0.9151647621107877
1169.5 0.6442119933574904
1170.0 0.719491657155508
1170.5 0.6148116743189006
1171.0 1.202972515880561
1171.5 1.0347475799277193
1172.0 0.8627453879329486
1172.5 0.39026268982159545
1173.0 0.8560408199745959
1173.5 0.6765281101935046
1174.0 0.35812070479003577
1174.5 2.247210250100515
1175.0 1.7311724553245713
1175.5 0.8899306698030758
1176.0 1.1854906059820234
1176.5 1.5928410309127794
1177.0 0.9507930633590495
1177.5 0.8513727871030087
1178.0 1.2624848126347308
1178.5 0.9331678859613048
1179.0 0.9360682865302101
1179.5 0.977207053921954
1180.0 1.5427752212696046
1180.5 1.113490497881912
1181.0 0.8140426616560941
1181.5 1.2100808321854941
1182.0 0.9826376649070114
1182.5 1.1285833143394708
1183.0 1.1066987666855774
1183.5 0.8565372844315867
1184.0 0.7167500039005796
1184.5 1.3690962526102188
1185.0 1.2455228309618118
1185.5 2.6376619849799985
1186.0 1.7383625840403487
1186.5 1.2237828919984672
1187.0 0.6203688226971369
1187.5 1.4734971416371683
1188.0 0.7561796142445236
1188.5 0.8814810308033794
1189.0 0.6456277066745046
1189.5 0.9659186154993842
1190.0 0.9248949000237273
1190.5 1.50092581299791
1191.0 1.3860468842103955
1191.5 1.5866810744380082
1192.0 1.3765272278657756
1192.5 0.6822204918491033
1193.0 1.0614354101010022
1193.5 0.5639719715444901
1194.0 1.2426955056608415
1194.5 0.792487062753356
1195.0 1.1662238365932773
1195.5 0.7071270437697583
1196.0 1.521008916588256
1196.5 0.9647990420327468
1197.0 1.3128950053718116
1197.5 0.8346945294265493
1198.0 1.071693805488776
1198.5 0.6988800899804501
1199.0 0.9907336961719397
1199.5 0.7051012480780903
1200.0 1.115406779577647
1200.5 0.7361912499571875
1201.0 0.6828098545482949
1201.5 0.9077067816415065
1202.0 1.1174585038992346
1202.5 0.9311086758172811
1203.0 1.6569719165439774
1203.5 0.5700679467211247
1204.0 1.7518731235358485
1204.5 0.864591677039537
1205.0 1.4944051181687414
1205.5 0.22347020312091181
1206.0 2.6390452953476564
1206.5 0.7231605571291749
1207.0 1.6942198789074534
1207.5 1.5923938375841733
1208.0 1.3650272566959056
1208.5 1.462260749693471
1209.0 0.8551187773617602
1209.5 2.0991841071524227
1210.0 1.8504284748229773
1210.5 1.3661082191623404
1211.0 1.5966307456132385
1211.5 1.3615299907053269
1212.0 0.6821746807823137
1212.5 1.223341113707682
1213.0 0.8183377508557157
1213.5 0.4390656666085999
1214.0 1.3586385398553036
1214.5 0.596964049914394
1215.0 1.0527489321877028
1215.5 0.9693494553208586
1216.0 0.852195863531098
1216.5 1.3379557983900099
1217.0 1.0641471906307156
1217.5 0.9387823789337391
1218.0 1.6060255733557363
1218.5 0.5044794544274106
1219.0 1.33882167612204
1219.5 1.5539738892413553
1220.0 0.7628328707113479
1220.5 0.8253329311294935
1221.0 0.857165330747897
1221.5 1.194381418049294
1222.0 0.6058619899434816
1222.5 0.9432457579074736
1223.0 2.0934765809305445
1223.5 2.118078836580575
1224.0 1.100536713622485
1224.5 0.9359142330627606
1225.0 1.4521342964240036
1225.5 0.8787683607262806
1226.0 1.8621205751329013
1226.5 0.6929152950491038
1227.0 0.39026388290399194
1227.5 0.9576473832342506
1228.0 1.1962471702532784
1228.5 1.285005361756916
1229.0 0.7304256833229081
1229.5 1.539869033420456
1230.0 0.6110393131506342
1230.5 1.2797379294373712
1231.0 1.6631738696144234
1231.5 1.3443114233007152
1232.0 0.8494192569966579
1232.5 1.395365693879518
1233.0 1.569358531777544
1233.5 0.989217172153836
1234.0 1.261549956038989
1234.5 1.5249119822945874
1235.0 1.6697627950589076
1235.5 0.784987752259112
1236.0 1.2314705934814167
1236.5 1.8872545359243404
1237.0 0.8620832297439484
1237.5 0.8443375710795957
1238.0 1.2696270289084735
1238.5 0.64378360672943
1239.0 1.3841844278474027
1239.5 1.4908132069473856
1240.0 0.41979284069476497
1240.5 0.8501950889339862
1241.0 1.3169103187818323
1241.5 1.760334441807783
1242.0 0.6262671918505169
1242.5 1.6464521275763868
1243.0 1.0891748899185574
1243.5 0.701029644963713
1244.0 0.930705372567405
1244.5 1.1386132662555637
1245.0 1.680783676553144
1245.5 1.2927723200454349
1246.0 0.8824985092914621
1246.5 1.1775776375045892
1247.0 1.9448466872959118
1247.5 1.271505220157639
1248.0 1.4668760738217796
1248.5 0.5339692290075748
1249.0 1.644197771636631
1249.5 1.521521905612999
1250.0 1.3057478643491054
1250.5 0.8342077281726592
1251.0 1.6428348383995002
1251.5 0.7512675606808602
1252.0 1.5298162692649477
1252.5 0.9088747072890335
1253.0 1.2504437799921924
1253.5 1.0499168486407415
1254.0 1.0598151511963947
1254.5 0.7302490974590357
1255.0 1.0479398095741268
1255.5 0.7761576511035062
1256.0 0.9314993371958247
1256.5 0.9394828791824503
1257.0 1.5808143828803258
1257.5 0.9792936272425106
1258.0 1.071983697731789
1258.5 0.614229942131027
1259.0 0.7254213411823873
1259.5 1.2721065021660185
1260.0 0.4710903460686554
1260.5 0.5069254905538699
1261.0 0.9917644164872128
1261.5 0.4205981047885128
1262.0 1.203058511129533
1262.5 1.0932323439586697
1263.0 1.4245190095570177
1263.5 1.7451549351582964
1264.0 0.9963961077594081
1264.5 0.45977938524336737
1265.0 0.6833548340128779
1265.5 1.1349113670933273
1266.0 0.7036665452764171
1266.5 1.364619371680451
1267.0 0.7474917717323766
1267.5 0.8311811278853225
1268.0 0.7013719744427735
1268.5 0.3787400084413236
1269.0 0.9147838752341692
1269.5 0.9514532292530907
1270.0 1.3500078527927852
1270.5 0.6910573333107874
1271.0 0.9592718005652857
1271.5 0.9447994872362766
1272.0 1.1225472978597326
1272.5 0.8606467417349559
1273.0 0.8919791197555544
1273.5 0.9478662926184553
1274.0 1.1893076199482624
1274.5 0.878049693565552
1275.0 1.3410054763434476
1275.5 1.0953138610417619
1276.0 0.9744013791857058
1276.5 1.0092005121537952
1277.0 2.570119665724211
1277.5 1.2311192605366186
1278.0 0.847282577915428
1278.5 0.9950118127973446
1279.0 0.7894159126654299
1279.5 0.547229018465768
1280.0 1.0877384558402792
1280.5 2.016517300382814
1281.0 0.9640323396758472
1281.5 1.1626794191956908
1282.0 0.7113449306723862
1282.5 0.9547911134319256
1283.0 0.7759868857559187
1283.5 0.8284371425819739
1284.0 0.7424871425467436
1284.5 0.6859993448781376
1285.0 1.045385043529023
1285.5 1.320024808827438
1286.0 0.7245605116526541
1286.5 1.146404740229476
1287.0 1.237492827379181
1287.5 1.249807541592834
1288.0 0.35472534498400804
1288.5 1.603820530455712
1289.0 1.0602006328317757
1289.5 0.7573482550170554
1290.0 1.279740923531119
1290.5 1.2600560480372216
1291.0 0.8287216515438753
1291.5 1.6154672227150924
1292.0 1.432754531391733
1292.5 0.7652273914398577
1293.0 0.501808084045119
1293.5 0.791667222485962
1294.0 0.7448261240416949
1294.5 1.0124190833422992
1295.0 1.1464751424715973
1295.5 1.528172682670081
1296.0 0.762104419318865
1296.5 0.7878896760071213
1297.0 0.8499412669188147
1297.5 1.0051529742152379
1298.0 1.2611113923534423
1298.5 1.4258459018053387
1299.0 2.048660677659682
1299.5 0.6820014198920537
1300.0 0.4142296193689458
1300.5 0.7533052082372278
1301.0 2.0147518669060482
1301.5 0.5952010943684519
1302.0 1.300625483517562
1302.5 0.9951216275845056
1303.0 0.4624822062731358
1303.5 0.7002340054564511
1304.0 0.8007582601620733
1304.5 1.1592280397439059
1305.0 1.0448638514078548
1305.5 0.6138122837875277
1306.0 1.232518491307963
1306.5 1.3890644986489173
1307.0 1.629853678330571
1307.5 0.8008713735683934
1308.0 1.8079780671420687
1308.5 0.9475507304008319
1309.0 1.3132471856716048
1309.5 0.6798930387908084
1310.0 1.2316966693297764
1310.5 1.3207126536535703
1311.0 1.174065409108124
1311.5 1.453416739375924
1312.0 0.47187784730109683
1312.5 1.2782178201749863
1313.0 0.6647711056118341
1313.5 1.6777794514242395
1314.0 2.5454762300992435
1314.5 0.6384922362264869
1315.0 0.8579663051941968
1315.5 0.45328660547751576
1316.0 0.7409616152786707
1316.5 1.3156511131161066
1317.0 1.6286056229883392
1317.5 0.8990646122143153
1318.0 0.8533588497052322
1318.5 0.6743742096619088
1319.0 0.5879335961143903
1319.5 1.176315344750357
1320.0 1.2531279219435656
1320.5 0.7888835969645542
1321.0 1.336327152062584
1321.5 1.1234375751536283
1322.0 1.0948715441630599
1322.5 0.9692060939090108
1323.0 0.7714411644039043
1323.5 0.7553484503539613
1324.0 1.2013373466508088
1324.5 0.9253463283735552
1325.0 0.7858195723719688
1325.5 0.5442186466266452
1326.0 0.48957032138866663
1326.5 0.8907509461936896
1327.0 1.1346610298576723
1327.5 2.134986217690392
1328.0 0.7654759727027883
1328.5 0.9313485569532259
1329.0 0.4296880474069489
1329.5 0.8789187092774404
1330.0 1.168224586410898
1330.5 0.9258611512213881
1331.0 2.228055542231461
1331.5 0.5619317168255702
1332.0 1.2528368835787034
1332.5 2.263252900415181
1333.0 1.4259507816069084
1333.5 0.32392002321889857
1334.0 0.5373901434579614
1334.5 1.394564170407807
1335.0 0.29353469429793266
1335.5 0.8696616851548246
1336.0 1.258756210585886
1336.5 0.8430457848003201
1337.0 0.4396927315966011
1337.5 0.47501071314392884
1338.0 0.878088243574614
1338.5 0.7370637725001982
1339.0 1.768346557035275
1339.5 0.34889658949496377
1340.0 1.4169548449735472
1340.5 1.3076496195668732
1341.0 1.2876409318517963
1341.5 1.1473187599723156
1342.0 0.9043436398689002
1342.5 1.4291134386598725
1343.0 0.7743397905798277
1343.5 0.8273000366452802
1344.0 0.5204788455851954
1344.5 0.7353180386081547
1345.0 0.9112306814126123
1345.5 0.7334435591160595
1346.0 0.6504859740433417
1346.5 0.8085294040084046
1347.0 0.7107814561906678
1347.5 0.7971424653788116
1348.0 0.8199276658827741
1348.5 1.1017354011125413
1349.0 1.137654503222336
1349.5 0.9865495953784651
1350.0 0.5238120071320345
1350.5 0.8633869894143303
1351.0 0.5163426898753094
1351.5 0.9957229557564741
1352.0 1.0611120890339554
1352.5 1.1206164109903132
1353.0 1.8143392670799674
1353.5 0.9683189640942795
1354.0 0.879183184733084
1354.5 0.7613172224065327
1355.0 0.9272055236926944
1355.5 1.3921063500223303
1356.0 1.0808069510247902
1356.5 1.1903841452991477
1357.0 0.8408502994682485
1357.5 0.6110398206975454
1358.0 1.6064479410009809
1358.5 1.5302849358824333
1359.0 0.9370834004735027
1359.5 0.3431269505584792
1360.0 0.8942346124888769
1360.5 1.4805083234626366
1361.0 1.0586747880989473
1361.5 1.056411309556765
1362.0 1.1045831950660485
1362.5 0.5346276160643174
1363.0 0.9857215706787161
1363.5 0.6924989669587511
1364.0 0.894612068937766
1364.5 0.4732066654708843
1365.0 1.5055861508329773
1365.5 1.9582488790280332
1366.0 1.1668992626432568
1366.5 1.4028575495397813
1367.0 0.9078665096034039
1367.5 1.039118525916171
1368.0 0.45923244722494994
1368.5 1.2079739717870532
1369.0 1.2728659639078197
1369.5 0.668841522996997
1370.0 1.0495983990770918
1370.5 2.257026900634094
1371.0 1.3027696256847119
1371.5 1.5129412538152351
1372.0 0.8699230107071461
1372.5 0.7529824516953595
1373.0 0.5738476712320749
1373.5 0.7559119322527766
1374.0 1.7833853428734148
1374.5 0.8195001896830558
1375.0 1.1090383469933265
1375.5 0.6154651076983886
1376.0 1.0221246353868503
1376.5 1.4465127069980523
1377.0 1.2469281101476666
1377.5 0.8157898514153121
1378.0 0.5937430571307237
1378.5 2.114252985006185
1379.0 1.17344802849469
1379.5 0.7104201143762336
1380.0 1.522710500004245
1380.5 1.0389359505746336
1381.0 1.6352073127669835
1381.5 0.6801972611008877
1382.0 1.2170145916857666
1382.5 0.4531881988134424
1383.0 0.880594535828677
1383.5 1.2937052405381295
1384.0 0.9922052350301449
1384.5 1.4196338661155092
1385.0 1.0969691056617494
1385.5 1.0443679753603319
1386.0 1.6429362781272965
1386.5 1.7065216629493705
1387.0 1.3583018186770026
1387.5 1.0697188679389935
1388.0 0.9227602623452629
1388.5 1.9097339609952448
1389.0 1.8263378987903813
1389.5 1.4796686999844582
1390.0 1.1082170945859662
1390.5 2.127288978607548
1391.0 0.8252538147576047
1391.5 0.5993010278738314
1392.0 0.9184890959794787
1392.5 1.1409331074837483
1393.0 1.862398792308393
1393.5 1.1857212503114742
1394.0 1.8089886444779792
1394.5 1.2325997304523812
1395.0 1.652359769879831
1395.5 1.6118361071396043
1396.0 1.4556684962378768
1396.5 1.1274470288169494
1397.0 0.9607979512435362
1397.5 1.0374275011273149
1398.0 1.1605830217855828
1398.5 1.2627905677114244
1399.0 0.5078109444533156
1399.5 0.5671550673011695
1400.0 1.187680072749954
1400.5 0.961593279052499
1401.0 1.8540896257863504
1401.5 0.6712153615529362
1402.0 0.9396651844124964
1402.5 0.2
1403.0 1.0763420727321167
1403.5 1.115403233384784
1404.0 1.1020399350731442
1404.5 0.6576935942785271
1405.0 1.2444413079888523
1405.5 0.9192222763680915
1406.0 0.4503001141291221
1406.5 1.835499931836067
1407.0 1.5571393703222594
1407.5 0.8335860176377186
1408.0 1.1381386598209606
1408.5 0.7846080433983948
1409.0 1.0146846110128556
1409.5 0.7738302532081951
1410.0 1.460522749333985
1410.5 0.8719501366759426
1411.0 0.9873041450277147
1411.5 0.5162372249972285
1412.0 0.9920394303798219
1412.5 0.7859323011166828
1413.0 1.2004224221351842
1413.5 2.6733000567742335
1414.0 2.3884669588416165
1414.5 1.0717786054290042
1415.0 1.2451279023188584
1415.5 0.7406614959838996
1416.0 1.1583251674408772
1416.5 1.09302530088228
1417.0 0.9677532639843458
1417.5 1.0430645409763806
1418.0 1.2836340715682875
1418.5 0.7057157468653883
1419.0 0.9304917616074977
1419.5 0.9020039065933778
1420.0 1.2008304313811018
1420.5 0.5189683431909113
1421.0 0.8737038653521312
1421.5 1.1242388809983457
1422.0 0.7724737652781148
1422.5 0.8974812899675584
1423.0 1.0056869695845634
1423.5 0.6210961705571755
1424.0 1.9927464251989564
1424.5 1.1901477780072882
1425.0 1.14225968651132
1425.5 1.4048659091385307
1426.0 0.30808927861261487
1426.5 0.5887324582766984
1427.0 1.033865887417922
1427.5 0.6678022983372218
1428.0 1.3878253185910692
1428.5 1.0775032703747573
1429.0 0.8483471981009616
1429.5 1.1972584094349772
1430.0 0.7619191308740589
1430.5 1.258994823055338
1431.0 1.190809909028505
1431.5 0.4661267235165433
1432.0 1.4301959041897263
1432.5 1.2077828920251394
1433.0 0.39934778488224065
1433.5 1.1719320795146793
1434.0 1.6371691568728532
1434.5 1.6028683589029593
1435.0 0.7403719434574514
1435.5 0.6671646042458933
1436.0 0.9537059283697342
1436.5 1.443062252497291
1437.0 0.663003642637136
1437.5 1.3471978586149398
1438.0 1.611240382301224
1438.5 0.8722978099348451
1439.0 0.9062284164141513
1439.5 0.8866600172115654
