0 0.778414802356155
0.5 1.5892907913652177
1.0 1.6917696703003684
1.5 1.3432674985323556
2.0 0.2
2.5 1.2787947393245478
3.0 0.8479709000692014
3.5 1.9099516844485285
4.0 0.805107774269042
4.5 0.5929025535033576
5.0 0.5069992593731025
5.5 1.2509139530142175
6.0 0.9009623302339844
6.5 0.7043346339813377
7.0 0.7320445130620135
7.5 0.5928279492961022
8.0 0.4950330423412035
8.5 1.0114061689106657
9.0 0.9047675322399953
9.5 0.2
10.0 1.5423602612666303
10.5 0.9806229835670464
11.0 1.576352367203473
11.5 1.3265852978981205
12.0 1.5699922462444345
12.5 1.2166002455379503
13.0 0.47687432896384696
13.5 0.8950112446200563
14.0 1.866408633012748
14.5 0.748415031443036
15.0 0.7995138196340339
15.5 0.8430616016735322
16.0 1.4811325269539775
16.5 0.7895807366950536
17.0 1.1379383736080413
17.5 1.5335591804195992
18.0 0.585040739360885
18.5 1.1698831043313607
19.0 0.8605143654076606
19.5 0.9459230526717932
20.0 1.4578409466027886
20.5 1.0468501555880974
21.0 0.8062619423672337
21.5 1.1445902264635863
22.0 0.7150765152700898
22.5 1.084136113817081
23.0 0.8214629889214863
23.5 1.8369089331026256
24.0 0.6604619360264603
24.5 1.2632938894830088
25.0 0.6693245065848816
25.5 0.7103728015616014
26.0 1.2621687140640547
26.5 0.8244452801870634
27.0 1.1698133340048407
27.5 0.9181752081973794
28.0 0.5542222832117748
28.5 0.541965819058704
29.0 0.6308842538159234
29.5 0.5513873416706918
30.0 0.5730768085111926
30.5 0.936185159562394
31.0 1.8705639675047592
31.5 0.6600640192592322
32.0 0.5131229397567267
32.5 1.0569659819550192
33.0 0.23440755799957436
33.5 0.4342162037161603
34.0 0.946679534854904
34.5 1.251798507145718
35.0 0.7451992230159072
35.5 0.7920089203707472
36.0 1.1396517313215377
36.5 0.9222149930832888
37.0 0.9453268648531855
37.5 1.4667883137323767
38.0 0.7000101882387045
38.5 1.4275518085230372
39.0 1.5599723424835705
39.5 0.8872985629178428
40.0 0.8602533686448223
40.5 1.2574469510295776
41.0 0.8320660151034946
41.5 1.7397385628601594
42.0 1.6795993834936906
42.5 1.5522996684788337
43.0 1.6763924077180203
43.5 0.6588430127839513
44.0 1.0611027158199267
44.5 0.5944546475740031
45.0 1.1712495391343856
45.5 0.91295312802305
46.0 1.842538661713495
46.5 0.9717929144096666
47.0 0.7259427937081144
47.5 0.8365143763604677
48.0 1.2204910296643203
48.5 0.27940448123648365
49.0 1.1633318698110002
49.5 0.8256309161642355
50.0 1.3873576067978606
50.5 0.9501940529132236
51.0 1.539761362519808
51.5 0.7010850327254484
52.0 0.8533545537963146
52.5 1.9934378209447374
53.0 1.340783680312354
53.5 1.1821814035133733
54.0 0.7781261801502327
54.5 1.1102412441848497
55.0 0.38661448586993896
55.5 0.5180079480736876
56.0 1.8631720556495388
56.5 2.080935721604277
57.0 1.5606660524150833
57.5 0.6885336841004921
58.0 0.9667701565340419
58.5 1.0103320623406293
59.0 1.5410802148464593
59.5 0.474089464166654
60.0 0.8419745071406515
60.5 0.900510253591805
61.0 1.5856050213930888
61.5 0.8365098992272624
62.0 1.3984125715801108
62.5 0.8680510165339632
63.0 0.7611151700559875
63.5 1.2068374558039117
64.0 0.849256647430404
64.5 0.9894863275389079
65.0 2.3359921328183804
65.5 1.2948943678591665
66.0 1.4184488901380279
66.5 0.8568202598490587
67.0 0.9310641527565524
67.5 0.5843028300727289
68.0 0.7605228922578948
68.5 1.0045567444424748
69.0 1.3662337739313577
69.5 0.9300062671735358
70.0 0.8111002782466141
70.5 1.1469413337717567
71.0 0.8990536288209112
71.5 0.9323654534403369
72.0 1.0236573394537989
72.5 1.4154023481166706
73.0 2.018868031428981
73.5 1.0447526858592517
74.0 1.0468871920421956
74.5 1.1683484498835046
75.0 0.8344961023961831
75.5 1.6616262504720232
76.0 1.0291288767852023
76.5 1.0863505129632651
77.0 1.1693489544466034
77.5 1.0408717988475376
78.0 1.3862487095372942
78.5 0.6375943048225197
79.0 0.4774693179219164
79.5 1.3620418595673733
80.0 0.754615516315229
80.5 0.4282272433432922
81.0 2.021086427593407
81.5 0.872719251366272
82.0 1.1266506777796814
82.5 1.6515364657129061
83.0 0.9503251326895723
83.5 0.6728000887482344
84.0 0.7509177406052614
84.5 0.46406763161397496
85.0 0.9623327913877295
85.5 0.58274400632058
86.0 0.87910656437445
86.5 0.7376733034387029
87.0 1.440091213155049
87.5 1.139825747282502
88.0 0.8053956615188635
88.5 0.7489176722476856
89.0 0.8376443330257426
89.5 1.111990371405846
90.0 0.6669760509887966
90.5 1.4994329521808372
91.0 0.8342893508920153
91.5 1.1146086523189567
92.0 1.6511538039551774
92.5 0.566324777700676
93.0 0.5712420154434837
93.5 1.061190067411366
94.0 1.7495935095812851
94.5 0.6995532825194762
95.0 1.7140160708103005
95.5 1.6222128802195255
96.0 1.2308445696867947
96.5 1.3819285110078148
97.0 0.6186250150306164
97.5 2.189256938306299
98.0 1.1637875585901623
98.5 1.1301280936239682
99.0 0.6690616358896654
99.5 0.3411101676694518
100.0 1.0686531277064615
100.5 0.7817213225130437
101.0 1.902179158660278
101.5 1.0154576201177674
102.0 1.1095913031287565
102.5 1.9838134766750506
103.0 0.5945366724317893
103.5 1.6890321485308042
104.0 1.7653031523853893
104.5 1.2464833366828032
105.0 1.7497960704535553
105.5 2.356730592792105
106.0 0.5206642954933716
106.5 0.9923556995884464
107.0 0.7713103002134567
107.5 1.065173754463063
108.0 2.1574499295050535
108.5 0.8696550736518527
109.0 1.0489589849360033
109.5 0.9322604465002687
110.0 0.7288999926772883
110.5 0.7939360447332546
111.0 1.1795608368739843
111.5 1.3046611408054156
112.0 2.082545126760849
112.5 1.1273718983766283
113.0 1.0437586909755918
113.5 1.117138039687419
114.0 0.379060994248899
114.5 0.8746153480629011
115.0 0.712409597047545
115.5 0.7560210872933413
116.0 2.1383091999412693
116.5 1.2726367797915226
117.0 1.0216838331153015
117.5 0.44126232454854314
118.0 1.0061049132647915
118.5 1.111264987792965
119.0 1.7227005736627883
119.5 0.9997042653284872
120.0 0.716023055380935
120.5 0.2
121.0 1.194259042728111
121.5 1.4506854973255734
122.0 0.5350650912392805
122.5 1.6299970593299669
123.0 0.960187603884636
123.5 0.9256173433823311
124.0 1.2724633044568983
124.5 1.335726939565516
125.0 0.9757231524101317
125.5 1.46496342539172
126.0 0.6445524504703277
126.5 2.090043654944424
127.0 1.2909838848634418
127.5 1.8010689728105218
128.0 1.1191001615210432
128.5 1.5375770531670723
129.0 1.0537067174327535
129.5 0.7294831261283621
130.0 1.2621518814393977
130.5 0.2
131.0 0.9908460222505114
131.5 0.3975574275211482
132.0 0.7731262347763671
132.5 0.7975904604468234
133.0 2.0450358348137123
133.5 1.1928381859098172
134.0 0.623182469167813
134.5 1.201222201317261
135.0 1.6374306128761322
135.5 0.9881047184386191
136.0 0.8964069484912096
136.5 0.5265338200565375
137.0 2.196071073268823
137.5 0.5855462860168001
138.0 1.5469271941686131
138.5 0.6475821521755771
139.0 0.2
139.5 0.8374835301686758
140.0 2.354189550603235
140.5 0.6795384003072191
141.0 0.6162961776340597
141.5 0.8633789296398817
142.0 1.2728825927113667
142.5 0.8767283871884215
143.0 1.3517120625269856
143.5 0.6746170079797258
144.0 0.9298200549278894
144.5 0.8434859072458822
145.0 0.5984310664529537
145.5 1.4211251278850807
146.0 0.8986659595763404
146.5 0.915409053776058
147.0 0.9667089691058258
147.5 0.8406280269230528
148.0 2.7260131833685235
148.5 0.9366366911213178
149.0 1.0574445638695928
149.5 1.1033650494526308
150.0 1.0236098983357138
150.5 1.1417803167928777
151.0 0.7109336248491097
151.5 0.9716697811441133
152.0 1.3796380686946734
152.5 1.2792474113662975
153.0 0.9634999073659606
153.5 0.7159008944207967
154.0 1.914405333253513
154.5 0.6118813917990513
155.0 1.0486143671223587
155.5 1.6376149651880445
156.0 1.1552760461192548
156.5 0.6525010225232769
157.0 0.5168589658167413
157.5 1.0958492011306138
158.0 2.717911803764924
158.5 1.491401925908481
159.0 0.5833275055872305
159.5 0.9424119500396251
160.0 1.8049293953257552
160.5 0.7421322238261198
161.0 0.8477863709036677
161.5 1.9096028831758782
162.0 1.1294931538199884
162.5 0.5343130656132922
163.0 1.1981259522625525
163.5 2.090089107328133
164.0 2.1233041473725742
164.5 1.1736228457117566
165.0 1.4400634483634631
165.5 0.9897749219006936
166.0 0.6439070757683205
166.5 1.0247661527712442
167.0 0.43210461912130893
167.5 1.2785818896204124
168.0 1.4257071485792068
168.5 2.8638699406723136
169.0 0.35979544273898
169.5 0.2843633796982967
170.0 1.9058154596007584
170.5 0.7993363878244291
171.0 1.8529845632416464
171.5 0.7492672400764264
172.0 1.5906309998902666
172.5 1.0622524894690677
173.0 0.5956623904783338
173.5 0.2
174.0 1.0155417784536003
174.5 1.9208994324752933
175.0 1.3384466570705484
175.5 1.4877862906570969
176.0 1.1160314368830255
176.5 1.9549516449849678
177.0 0.704616046843588
177.5 1.5123105357571451
178.0 0.8146119357386223
178.5 2.285798385639539
179.0 0.558983256401323
179.5 0.43039689189996677
180.0 0.9453668492609042
180.5 1.528933600183692
181.0 1.081641991699499
181.5 0.9199297516892009
182.0 0.5863492058150425
182.5 0.8490575127473916
183.0 0.4038600246992915
183.5 2.3579317549742216
184.0 0.8966711465884718
184.5 1.2862676249782679
185.0 0.9874102458670679
185.5 0.6460043653612821
186.0 0.6195345080447081
186.5 0.7484675951389097
187.0 0.8389432991984966
187.5 2.0670704239055335
188.0 2.2573218700812947
188.5 0.66310916461659
189.0 0.7226905190046629
189.5 0.6681223135396273
190.0 1.1348893479856157
190.5 1.8195134534449222
191.0 0.9574142219039727
191.5 1.2349093069999468
192.0 0.7377577106729313
192.5 1.1930598685386324
193.0 0.825097903204398
193.5 1.6252607201780402
194.0 1.594416623043251
194.5 0.46121008739000025
195.0 1.4651298639744492
195.5 1.250011362131431
196.0 0.9023144056300483
196.5 0.6403772716783132
197.0 0.8938693337679103
197.5 1.6837283800972496
198.0 1.1439004105328028
198.5 0.9117467930583164
199.0 1.0806445862491396
199.5 0.43672145915375915
200.0 0.8413531188516206
200.5 0.6384417031503531
201.0 0.8153703312497473
201.5 0.7649409806030935
202.0 1.8935207177415538
202.5 0.7803105232887498
203.0 1.3015958042506957
203.5 0.9722921122333288
204.0 0.8773398347112411
204.5 0.9785234395469605
205.0 0.9306581076646463
205.5 1.0141796263440543
206.0 1.2610113191190573
206.5 1.0730362624251284
207.0 1.1164875382681947
207.5 1.4664402749038437
208.0 0.6360839990469986
208.5 1.118418808832132
209.0 0.8888968817244677
209.5 0.38460604632807993
210.0 0.9437430250028718
210.5 1.178834020830581
211.0 1.1533394576930074
211.5 0.8215609456867078
212.0 1.4677016591690664
212.5 1.3665151173376666
213.0 0.7163269064076405
213.5 0.636721605319608
214.0 1.2516635342486553
214.5 1.1669782535605224
215.0 1.4306517273412411
215.5 1.8411365671417461
216.0 1.5125139381733548
216.5 1.0606268679968478
217.0 1.3903352372031672
217.5 1.429266820566017
218.0 1.289919549349793
218.5 0.7230060175903199
219.0 0.7169074408102944
219.5 1.322428931112153
220.0 1.1249542915729231
220.5 0.7821865333832756
221.0 0.9158496122339819
221.5 0.7286040782648953
222.0 0.6793981178073516
222.5 1.1539042928692398
223.0 0.5437150455984683
223.5 1.0674855848275144
224.0 0.571706708358193
224.5 2.017124173418442
225.0 0.6371545454422902
225.5 0.7757691876547523
226.0 1.0260869847345837
226.5 1.0672809069351108
227.0 0.854298559829852
227.5 1.6144261887090225
228.0 0.8386034517798555
228.5 1.367574905306122
229.0 0.5778744321952433
229.5 2.3333132915025283
230.0 1.147931924771708
230.5 1.1224547271881082
231.0 1.2021283704176475
231.5 1.1466678379112194
232.0 1.0924012116277506
232.5 0.4901460937962172
233.0 0.7875097918257108
233.5 0.6510086712555395
234.0 1.252439001064495
234.5 1.1450809260072825
235.0 0.7461912662145491
235.5 1.0241556793873072
236.0 1.2367487745864802
236.5 1.875631008642324
237.0 1.5055069143460624
237.5 0.913253804437248
238.0 0.9197778372997645
238.5 0.8238875570544253
239.0 1.5076383490400744
239.5 0.8197454912558331
240.0 0.9587661578135882
240.5 1.8263437410657595
241.0 1.0443555489270586
241.5 0.7254051097148284
242.0 0.46175231080056456
242.5 1.3389148996053715
243.0 0.5251390615873903
243.5 1.270995779121113
244.0 1.0710183838709022
244.5 1.6689082490403875
245.0 1.8096583027020572
245.5 0.8088157834983609
246.0 0.6337243966866185
246.5 1.1071341483869355
247.0 0.797727270072369
247.5 1.1537579885994287
248.0 0.7107427287354707
248.5 1.5859224981469107
249.0 1.1357014432719943
249.5 0.3446425178173038
250.0 0.7596069804460752
250.5 0.6156143885482994
251.0 0.8557958755966872
251.5 0.5701196947035593
252.0 1.1674109662914014
252.5 1.3992305423480365
253.0 0.9443839243354808
253.5 0.8193394933188469
254.0 0.47231325205926844
254.5 1.0961372897201405
255.0 0.6858460524314579
255.5 0.8285569939825379
256.0 0.870516879306432
256.5 0.8175022230476716
257.0 1.351715027560716
257.5 0.8703356616159285
258.0 0.33903685300780234
258.5 1.0638345371608482
259.0 1.3167455243698722
259.5 0.7358879957309812
260.0 0.9548569861886289
260.5 1.3098918583321701
261.0 0.7228813898025728
261.5 1.3680932823622651
262.0 0.7103449616493975
262.5 0.6318702349694786
263.0 1.5268565064925679
263.5 1.031433527947439
264.0 1.1268662856398073
264.5 1.369791029098749
265.0 1.8645688717044906
265.5 0.2
266.0 1.4409440472964659
266.5 1.9815821315852102
267.0 0.9923012904578496
267.5 0.8468019752591985
268.0 1.0687284368217205
268.5 0.741437297035054
269.0 0.9381794748416845
269.5 1.6413145511733525
270.0 1.2699901259832425
270.5 1.0420719826770837
271.0 1.668239107277739
271.5 0.7795238901511978
272.0 0.7158986827928462
272.5 1.3360954912099832
273.0 0.9463365125187595
273.5 0.7443716247780057
274.0 0.4245988131094628
274.5 0.8335215017395567
275.0 1.4868281105247387
275.5 2.1919868510527
276.0 1.6473582767965684
276.5 1.2505305365252914
277.0 1.2570374600203673
277.5 1.1168872967770287
278.0 1.5216923845151473
278.5 1.1291232402705986
279.0 1.1261241506952266
279.5 1.6789617185643158
280.0 0.8115344210916602
280.5 0.5526029409693779
281.0 0.7425486785506683
281.5 1.2501350065414656
282.0 1.613585535858288
282.5 0.9176062000370964
283.0 0.7232241251599487
283.5 1.9003036855896547
284.0 1.3915740062999307
284.5 0.7318971648994377
285.0 0.8895725089856124
285.5 0.9794261674188154
286.0 1.1319628647364068
286.5 1.0456036578332553
287.0 1.4252508399955204
287.5 1.026079592131566
288.0 1.6168529902044098
288.5 0.6383873205489634
289.0 0.763713812476172
289.5 0.9843483536353417
290.0 0.8415713323537326
290.5 0.683678086361524
291.0 1.3649416370129719
291.5 1.7835403018949456
292.0 1.0990510805741265
292.5 0.7713209232834606
293.0 0.9790084443639202
293.5 0.7281710911215862
294.0 0.8333944259984551
294.5 0.8340718698537185
295.0 1.7953563614230004
295.5 0.450945125543745
296.0 1.1976790913748503
296.5 0.8030979782934416
297.0 0.932029987362117
297.5 0.6797835770775318
298.0 1.062875719558333
298.5 0.6172183316371043
299.0 1.173571137924028
299.5 0.2
300.0 0.5407675467323438
300.5 0.651929529846
301.0 1.2817926061832727
301.5 0.9578935196292218
302.0 0.930538660978154
302.5 0.8571719709009671
303.0 1.2500249998977155
303.5 0.6139207765146328
304.0 0.710988660251167
304.5 1.1249628804739107
305.0 0.32933496129837897
305.5 1.7308760046097813
306.0 1.6884379187888794
306.5 0.8198655302321403
307.0 0.735573651319519
307.5 0.7264630337711171
308.0 0.6019946268861344
308.5 0.9065353113092756
309.0 0.770602108947773
309.5 0.5198439703407103
310.0 1.1035554184161624
310.5 1.1157200096892155
311.0 0.7744247091036605
311.5 0.712034035060034
312.0 1.6089680203757402
312.5 0.9845705321531528
313.0 1.7493510205685379
313.5 0.6493920396972881
314.0 1.3389178267322046
314.5 1.6054018076700025
315.0 1.292584081528287
315.5 1.4240530731920178
316.0 0.8141836076672277
316.5 0.8964492683469729
317.0 0.8479195996421449
317.5 1.3862492372082837
318.0 1.8773494457754902
318.5 1.1348525860312952
319.0 1.3498572285784514
319.5 1.1290951889778604
320.0 0.7230770873580283
320.5 0.8982329985323709
321.0 0.7252933000446551
321.5 0.7153377265217551
322.0 1.7303636850997477
322.5 0.6346886285305694
323.0 1.196271018331338
323.5 2.082177691852949
324.0 2.37635303190792
324.5 0.8466895240533714
325.0 0.6729388966176406
325.5 0.9019444560554366
326.0 1.1075115900855985
326.5 0.6785003323586909
327.0 1.802555765193245
327.5 0.7700240241768668
328.0 1.4774665400901092
328.5 1.0608816064335933
329.0 1.2559482263108013
329.5 0.6718701168474166
330.0 0.463533570523045
330.5 0.7920910385300208
331.0 1.0359974237311087
331.5 1.1485455400503488
332.0 0.9504890502616923
332.5 0.9052115257150425
333.0 0.8646488486110326
333.5 1.279450883989501
334.0 1.0025933760145103
334.5 0.5561023101482018
335.0 1.4016091746936545
335.5 0.2
336.0 0.662351101693359
336.5 0.46184809020698325
337.0 0.9140619958323872
337.5 0.9412611429242497
338.0 0.9130947421249871
338.5 1.0796071279865942
339.0 1.4626871120521732
339.5 0.863948437481699
340.0 1.2714622717567212
340.5 1.1054628288059758
341.0 1.0510625510372271
341.5 1.0689364247779976
342.0 0.8697776194757385
342.5 1.486928114362931
343.0 1.6663446557905988
343.5 0.9258622176567493
344.0 1.2823123188689336
344.5 1.0126963837929346
345.0 1.6191213272028906
345.5 0.8641423951835485
346.0 0.8080857233961695
346.5 1.499423596416802
347.0 1.255523111657301
347.5 1.9570647299709483
348.0 1.0336340334721577
348.5 1.289128578477345
349.0 1.1380353949276252
349.5 1.5124906085408307
350.0 0.8460454788935374
350.5 0.604998025671015
351.0 1.0804976671646909
351.5 0.5979436263444611
352.0 1.0514839070731927
352.5 1.0487359933024838
353.0 0.7724231162939709
353.5 0.9827545816480634
354.0 0.9453880414582365
354.5 1.533708700720716
355.0 0.9506668469119379
355.5 1.0825609602467208
356.0 0.8621609899631774
356.5 0.7174211477107675
357.0 0.9249296446809201
357.5 1.3172520642279901
358.0 1.7577642356683594
358.5 0.5419014909302269
359.0 0.9071310851007461
359.5 0.9547934852249274
360.0 0.8317887010975157
360.5 1.229450047026035
361.0 0.5435506925206649
361.5 0.9544209218210662
362.0 1.7870781891312326
362.5 0.3623958006091212
363.0 2.0939281480073264
363.5 1.0511086525157536
364.0 0.9984341377165722
364.5 1.3423078289994987
365.0 1.1875585525669998
365.5 1.3754992258128147
366.0 1.1008644654938822
366.5 1.2919144150483097
367.0 0.7215480349721657
367.5 1.8183775666804012
368.0 1.9914153724267343
368.5 0.9149821775485245
369.0 1.8627554769795007
369.5 0.6850147320633302
370.0 1.8921341748914915
370.5 0.9357224339786847
371.0 1.2879452422980595
371.5 1.1910696958709104
372.0 1.5317170238285014
372.5 0.937436734825539
373.0 1.3668688087683647
373.5 1.4901936817117036
374.0 0.6026454990056727
374.5 1.4999592012148772
375.0 0.5280637921919301
375.5 1.4659304916585696
376.0 0.6222796724675276
376.5 0.9137789571510953
377.0 0.9374056838782858
377.5 1.0910374052321115
378.0 0.9545284880480667
378.5 0.9023594845645315
379.0 0.8948585691144582
379.5 0.24862602221215502
380.0 1.4193341546990916
380.5 0.785514948471769
381.0 0.664204889902536
381.5 0.807643507606087
382.0 1.1185518332257933
382.5 1.7533017166919627
383.0 1.5013594497380314
383.5 0.7516363978664489
384.0 1.5402843325394766
384.5 0.6560349641939823
385.0 2.2838605344940555
385.5 0.2691351225377723
386.0 1.8177141597355602
386.5 0.5309367029994161
387.0 1.1279363279532977
387.5 1.5169882546955857
388.0 1.171030889094343
388.5 1.4084535373466616
389.0 2.2048947746339778
389.5 0.8615706746410843
390.0 1.214510048144556
390.5 1.1036965389177016
391.0 2.1255660874890534
391.5 1.512172406668475
392.0 1.638254955220523
392.5 1.5140105787609306
393.0 1.0841833268788408
393.5 1.354521390769878
394.0 1.710342999261083
394.5 0.8984200932437643
395.0 0.7080370254022171
395.5 0.7582634701978581
396.0 0.8917128926219737
396.5 1.0507135311155
397.0 0.7162419926475043
397.5 1.2627381198649716
398.0 2.186365501607768
398.5 1.2599634739868772
399.0 1.2407305871759122
399.5 1.7970952098133415
400.0 0.53068900340156
400.5 1.1075978177771828
401.0 0.5208667635291906
401.5 0.8603981290311771
402.0 1.1811493458396856
402.5 0.9100174841975444
403.0 0.8802641986199549
403.5 1.1881750173274226
404.0 0.9978134468165545
404.5 1.4123374171397818
405.0 1.7106707597144917
405.5 1.355039965446502
406.0 1.6758405816537225
406.5 2.209485306966252
407.0 0.6198556137997491
407.5 2.0519869435337155
408.0 0.8253617694696833
408.5 0.9562417058126469
409.0 1.0802454024817392
409.5 1.7445989375568984
410.0 1.7828915634282518
410.5 0.851620531553831
411.0 0.49765496526363406
411.5 1.2574484913202542
412.0 1.4790730661779388
412.5 0.844445691276722
413.0 1.0791557247915895
413.5 0.9034080321470115
414.0 0.9651989680014843
414.5 0.8288097631452793
415.0 0.9678396659131265
415.5 0.9136979338507643
416.0 0.9934563865011583
416.5 0.8083329843144085
417.0 0.6331519663738682
417.5 1.867731035222195
418.0 0.9182239754324042
418.5 1.1050666912587688
419.0 0.7086117750189598
419.5 0.7520033755584683
420.0 1.1626558751956022
420.5 1.8250155374782187
421.0 1.5148797851790432
421.5 0.7129861696854337
422.0 0.9329735535032595
422.5 1.5259738649516499
423.0 0.7108465275326014
423.5 0.6564124285019404
424.0 1.2653337241403242
424.5 2.3478864026638533
425.0 0.7707598567666929
425.5 0.813002000922205
426.0 0.8658115355122553
426.5 1.5337775574306476
427.0 1.7647125213963115
427.5 0.6539771693604108
428.0 1.600746798309535
428.5 1.0900852991671124
429.0 1.1082721448226887
429.5 0.8635938132586327
430.0 0.819431192176981
430.5 0.4110725881211221
431.0 0.405745260825582
431.5 0.9983962381745788
432.0 0.9677166055593818
432.5 0.6724378406465955
433.0 1.7864364786044007
433.5 0.5202961637309792
434.0 0.7163641422272204
434.5 1.7359303767199683
435.0 1.2355782102337103
435.5 1.1415993047157114
436.0 0.9591947601662107
436.5 2.8184355213241385
437.0 0.9877455248718421
437.5 1.2448989410933942
438.0 1.3713179408925633
438.5 1.010132957477373
439.0 1.502010496834405
439.5 0.7973855554394407
440.0 1.3519417734868397
440.5 0.8393661255086899
441.0 1.2203688668643684
441.5 0.8430001670480973
442.0 1.1648640675623096
442.5 1.5442483117761658
443.0 0.9189514780103174
443.5 0.8741016473649208
444.0 0.7579844920570242
444.5 1.520182120216023
445.0 1.4783709574605388
445.5 2.381996434539605
446.0 1.3131753081403987
446.5 1.2286259208692072
447.0 1.1195108967660434
447.5 1.0463155410199596
448.0 0.8295537962539321
448.5 0.502611708945064
449.0 1.2285663907929498
449.5 1.2333179382557007
450.0 1.2065356772839972
450.5 1.3057665962342828
451.0 0.7193291417243223
451.5 1.1967059294458486
452.0 1.362745702230748
452.5 0.9993500004513256
453.0 1.4813451000388569
453.5 0.597060595918898
454.0 0.5246584651712611
454.5 1.6535857524100166
455.0 1.1401932707946303
455.5 1.3965032781663673
456.0 0.9600111687743897
456.5 1.276505193382266
457.0 0.8351002526570678
457.5 1.1312917310734751
458.0 1.0494123710621612
458.5 1.8244167438122565
459.0 0.6254778217121241
459.5 1.1182775583682838
460.0 1.235060383012779
460.5 1.0176151536274392
461.0 1.1342018149925297
461.5 1.1604215546915884
462.0 0.7763484252387233
462.5 1.0522114977873167
463.0 0.8383398178908842
463.5 0.6795248962076039
464.0 1.135095415115432
464.5 0.9036370455424252
465.0 0.6949270539375623
465.5 0.853727406607006
466.0 0.3419522957089545
466.5 2.1818364450253362
467.0 0.7951338148647598
467.5 1.0931106237277801
468.0 0.6079602869562355
468.5 0.7745310753278835
469.0 0.6130307087376594
469.5 1.6469700846649893
470.0 0.9592494146510302
470.5 1.4399235078783148
471.0 1.1746578019385419
471.5 1.5858003882385092
472.0 1.147050055544852
472.5 1.2528178492129274
473.0 0.8417889187751088
473.5 0.8573983562584304
474.0 0.8685197718625355
474.5 1.1584546306187105
475.0 0.8836309368090733
475.5 1.3906188044625711
476.0 1.8509098133119337
476.5 0.8614903084864316
477.0 0.7349862479127258
477.5 0.5375396829140326
478.0 1.0325204252801727
478.5 1.2356242394907668
479.0 0.8503787261517914
479.5 0.5211161423572338
480.0 0.954047319309357
480.5 0.8078103622683045
481.0 1.0087202459577977
481.5 1.1878565922069824
482.0 0.8532854086884536
482.5 1.4776708146222937
483.0 0.5942559028096538
483.5 1.4683305511953486
484.0 0.8475958839395508
484.5 0.6660040320047769
485.0 1.2121962789527299
485.5 1.1833838041175877
486.0 1.0249581076501473
486.5 0.8423917888816252
487.0 1.4254695549636627
487.5 0.8208671509230759
488.0 1.1392954170849645
488.5 1.3419132986209994
489.0 1.4109358465065949
489.5 0.9845438010386474
490.0 0.8134689855331458
490.5 1.7190659240716286
491.0 1.532856918644105
491.5 1.0300754863115782
492.0 1.251114146495161
492.5 1.569061667387015
493.0 1.1429099076366274
493.5 0.655234147032993
494.0 1.7191268989198931
494.5 2.126896128318204
495.0 1.5374350544230482
495.5 1.5822134272087545
496.0 0.7307831662912243
496.5 0.7910050760446374
497.0 0.7130537802805609
497.5 0.7255679605263385
498.0 0.8962939393890579
498.5 1.182147073070822
499.0 0.9767329580143381
499.5 0.6454025954294322
500.0 2.4264272271018745
500.5 1.1079689373978385
501.0 0.6209870114328102
501.5 2.036826883779251
502.0 0.7916893935502668
502.5 0.8765601166187549
503.0 1.9046692603641637
503.5 2.4440393930052284
504.0 1.5585548471893347
504.5 0.8509003901927547
505.0 1.5724065614959999
505.5 1.2441616169886704
506.0 0.8719369612694388
506.5 0.9344952086054932
507.0 1.403623959262447
507.5 1.7222664618258339
508.0 0.9898360771244852
508.5 0.8054779110786251
509.0 0.5828902926492867
509.5 0.923946143299107
510.0 0.9738935426741374
510.5 1.2116526786682358
511.0 1.088446512009824
511.5 1.0410711153071168
512.0 1.577776877515514
512.5 2.028023740647293
513.0 1.2186173629831125
513.5 1.589673283448212
514.0 1.2812228935329537
514.5 1.0053161056224587
515.0 0.6357122769151617
515.5 0.56673912828713
516.0 0.8631684859309805
516.5 0.7922752215416717
517.0 1.1772078138723516
517.5 1.992829080648097
518.0 1.2808071201965578
518.5 1.0648645279348017
519.0 0.831969045261469
519.5 0.9053305807588431
520.0 0.9364345418589466
520.5 1.1632706543836897
521.0 0.5822415938956749
521.5 0.7267538421526937
522.0 0.33815580309862003
522.5 1.275366286480685
523.0 0.720067264155442
523.5 0.68619746413749
524.0 2.44251143760962
524.5 1.5205679202346432
525.0 0.632254524007785
525.5 0.8913263740623828
526.0 0.706494588859765
526.5 2.197527354613089
527.0 0.8932708839071131
527.5 1.0555775336883704
528.0 0.8485684196412722
528.5 0.5263414630113987
529.0 1.778672122238138
529.5 1.0156526748973154
530.0 1.2421033665841241
530.5 0.7536384697522682
531.0 1.0539558879108952
531.5 1.0823024074518737
532.0 1.300630003155945
532.5 0.4613395537125544
533.0 1.5286503156602784
533.5 1.317018858850406
534.0 0.9627263315231929
534.5 1.8092360434703356
535.0 0.9071233265732552
535.5 0.8215820282649549
536.0 0.6480721368318112
536.5 0.48472886667036813
537.0 1.248214204104935
537.5 1.2992904281444808
538.0 0.7296938445896032
538.5 1.0230553870063812
539.0 1.3731347111983436
539.5 0.6829420451234267
540.0 1.0963810299884218
540.5 1.100277817720921
541.0 1.7125735496032588
541.5 0.7710724520199067
542.0 0.7273327422096951
542.5 1.6737254554482417
543.0 0.6456080866469995
543.5 1.3554640797083877
544.0 0.9867489944929231
544.5 0.6482737065626156
545.0 1.3171261661310805
545.5 1.0108092852741604
546.0 0.8293424664513013
546.5 1.1185539041874413
547.0 1.9981813524325969
547.5 0.8960815375058755
548.0 1.1410528105442148
548.5 0.7514828291480187
549.0 0.6947963522984817
549.5 0.9985268765356385
550.0 0.8325124861025143
550.5 0.8829746173376584
551.0 1.3822878889978856
551.5 0.7390638986114126
552.0 0.8515235083657466
552.5 0.8013843080313723
553.0 0.7492983817228474
553.5 0.7475121846320989
554.0 0.6997949255190061
554.5 1.0883305839482118
555.0 1.2166540644540609
555.5 0.9491018389434579
556.0 1.0377032713845278
556.5 0.7185984060077086
557.0 1.1366456472248527
557.5 0.8177915535107916
558.0 0.87844331240138
558.5 0.9094257024654993
559.0 1.3620097406159875
559.5 1.3828150859147412
560.0 1.293661629150051
560.5 0.9896782027818629
561.0 1.3133820143935886
561.5 0.8596790527119416
562.0 0.5428219068893374
562.5 0.8278409385012906
563.0 1.5065580437618094
563.5 2.633426454724829
564.0 1.345974143431378
564.5 0.995680790426288
565.0 0.4642280159710668
565.5 0.552323852730435
566.0 0.8556471317645089
566.5 1.093091855923507
567.0 0.7556543537782477
567.5 0.4061513105419458
568.0 1.2005842623142504
568.5 2.516563344558865
569.0 1.806118256524516
569.5 1.8338701655009015
570.0 0.2
570.5 0.6986917205951861
571.0 0.7882375153655498
571.5 0.5260428945882104
572.0 0.8420136693634817
572.5 1.7861864691951972
573.0 0.49401511704342066
573.5 0.5921496273988507
574.0 1.1210396937487892
574.5 1.5344328521970154
575.0 1.3388307355804339
575.5 1.9849392968958055
576.0 1.9536050197927577
576.5 0.6994952012094686
577.0 1.19473525948393
577.5 1.3958225011511176
578.0 1.0905677791816641
578.5 1.541738970095723
579.0 1.558714071275545
579.5 0.7872486343541525
580.0 2.497469618491947
580.5 1.712659455549307
581.0 1.6467288777486049
581.5 0.8958370957001165
582.0 0.7790084489616136
582.5 0.6456550427775206
583.0 1.043337935801832
583.5 1.4347901047602276
584.0 0.8760812154825282
584.5 0.9355652499371165
585.0 0.8355901300428865
585.5 0.6764845095798344
586.0 1.3822299582808875
586.5 0.6852247032538556
587.0 1.0101438187511145
587.5 0.9556290248465524
588.0 0.7703291033041748
588.5 1.3455995053952359
589.0 0.2
589.5 0.8502516260306263
590.0 0.6709740402239099
590.5 0.9320423309595258
591.0 0.8011057683586735
591.5 1.0679834146410578
592.0 1.6767466539792286
592.5 1.1421348623270406
593.0 1.7779683095027237
593.5 1.6601362564997877
594.0 2.1103902853809444
594.5 0.2990698950631779
595.0 0.9729480373845601
595.5 0.9453378577198035
596.0 1.7460807076528142
596.5 0.5178447894179431
597.0 0.6659844605215999
597.5 0.9097496070166621
598.0 1.617517363741429
598.5 0.7522638914421689
599.0 2.156426704693552
599.5 1.0314839815324317
600.0 0.7348321005839867
600.5 1.567596809900116
601.0 1.656854987808703
601.5 1.3026862205589258
602.0 1.2247202179722623
602.5 1.50207794317513
603.0 1.1918567498517563
603.5 2.059782492946664
604.0 0.20087626400497655
604.5 0.5643693262832179
605.0 1.2562391784952462
605.5 1.4945638715465415
606.0 0.6343460625121498
606.5 0.8196974256150923
607.0 0.3831004455060224
607.5 0.6665962481086221
608.0 1.2113938718468849
608.5 0.7781419294407756
609.0 2.4536928870142463
609.5 0.8818850988042423
610.0 0.6850197759924588
610.5 1.3406975250044044
611.0 0.6060925511222939
611.5 0.9805195833841808
612.0 1.178467430345727
612.5 1.573141697113186
613.0 0.5578083148406079
613.5 1.0159491382352503
614.0 0.8600235169702802
614.5 1.6984620432594015
615.0 1.3780730567697534
615.5 0.7074622868067013
616.0 1.3497150555428648
616.5 1.1011343691421358
617.0 1.0358423525275113
617.5 0.8519883039257286
618.0 1.009813502306193
618.5 1.6943366119026164
619.0 1.4546613740730363
619.5 0.8060375325387961
620.0 1.1283743410270062
620.5 0.9091245827373118
621.0 1.372008693544383
621.5 1.1947648234108192
622.0 1.3073817926160547
622.5 2.292244723166267
623.0 0.7525184863774563
623.5 1.319337380040777
624.0 1.0402010354167575
624.5 1.0965253300768696
625.0 2.2971220630922646
625.5 1.6930054745598153
626.0 0.9447939640730441
626.5 1.4571381477730716
627.0 0.8469664271023483
627.5 1.6503492842186878
628.0 1.0123428331416555
628.5 1.205425585464614
629.0 1.0639079164052458
629.5 1.1903486519489188
630.0 1.0986341126577943
630.5 1.9783243375003758
631.0 0.9657342171971985
631.5 0.8297588029255961
632.0 0.41053567300505267
632.5 0.9318985307414027
633.0 1.5068401395142288
633.5 0.8837204120478512
634.0 1.495438533312925
634.5 1.010537205650237
635.0 0.4993930400796071
635.5 1.0726147810543056
636.0 0.9570330845387053
636.5 1.1371700518137304
637.0 1.1005679561148616
637.5 1.1902956801162208
638.0 1.257509054451306
638.5 1.1310891912512155
639.0 1.4005621784559605
639.5 1.4433936393849787
640.0 1.332567209249039
640.5 1.1965668079910485
641.0 1.3138318004751053
641.5 1.3033101709482278
642.0 0.20599879051821834
642.5 1.8331118057595757
643.0 1.001314052780404
643.5 0.9127449634415197
644.0 0.8956978828244053
644.5 1.665466123083105
645.0 0.8263829061130297
645.5 0.6548750157581127
646.0 1.0459218398204666
646.5 1.4545701017272994
647.0 0.28431842264391904
647.5 1.2439965632096355
648.0 1.3249132516695132
648.5 1.9186011752139358
649.0 1.8026660472603164
649.5 1.0098059031172315
650.0 0.6620060697468324
650.5 1.4067469970239328
651.0 0.5502910343968461
651.5 1.1650071446342858
652.0 0.8356451687917952
652.5 1.182610187150601
653.0 1.1930439948416083
653.5 0.7338346955319457
654.0 1.3200681996371344
654.5 1.011824997285529
655.0 1.0085508488545547
655.5 1.3914193379177684
656.0 1.1263402170155754
656.5 0.73408981932434
657.0 0.9515106326118429
657.5 0.9430266391289132
658.0 0.8939470013601238
658.5 0.7355261766214565
659.0 1.6183803800402692
659.5 1.0882471089240149
660.0 1.1044876441419207
660.5 1.3633328635402255
661.0 1.5434862557334297
661.5 1.6404443988803932
662.0 0.89606069027294
662.5 1.101120356041768
663.0 0.6125320275792929
663.5 1.7222850277337542
664.0 1.8461403493845268
664.5 0.8850006332680209
665.0 2.268508086474928
665.5 1.164355195336762
666.0 0.8590749125074464
666.5 0.7344198808086024
667.0 1.0856680815123383
667.5 2.121910168952502
668.0 0.8601164674890831
668.5 1.3463940654863353
669.0 1.3021126154296718
669.5 0.7931035362098877
670.0 0.7241788217895304
670.5 1.1687047568354592
671.0 0.9822321647405754
671.5 0.6426756689121267
672.0 1.1884058674762366
672.5 0.9872658859672094
673.0 1.8055892065889472
673.5 1.210626045110249
674.0 0.36471558859951836
674.5 1.5932709478991467
675.0 0.5860424033144267
675.5 1.2736372090064572
676.0 1.7301881246274449
676.5 0.9747219493735779
677.0 0.7780339219282006
677.5 0.6963434927680006
678.0 0.999955459139906
678.5 0.7965537123782866
679.0 1.5753608309520075
679.5 0.773009337396418
680.0 0.9506509071875398
680.5 0.8160081379126181
681.0 1.5981083640146736
681.5 1.0749615422229162
682.0 0.9035442881550599
682.5 1.3434904963257108
683.0 1.3951270952379278
683.5 1.8396217730331625
684.0 1.0585534981215377
684.5 0.5777848127799654
685.0 0.7636848866899743
685.5 0.8363446328099566
686.0 1.1167606461690638
686.5 0.9532835556973962
687.0 1.3704637360702054
687.5 0.705113904220218
688.0 0.589238766104726
688.5 0.3650849603239008
689.0 0.9164953256819326
689.5 1.0559066034223779
690.0 0.993492526415811
690.5 0.7782366939693162
691.0 1.326458782822222
691.5 0.8118860705181988
692.0 1.0025339991762707
692.5 1.70261721449133
693.0 1.2032765482289294
693.5 1.9331085965843515
694.0 1.1697300496660126
694.5 0.877756564169965
695.0 1.1192435348524992
695.5 0.8226564701194714
696.0 0.8925779564162473
696.5 2.530960425883317
697.0 0.4903385521031287
697.5 0.8995186100636148
698.0 0.9041850122259023
698.5 0.8562942223221264
699.0 2.3763727275700552
699.5 1.298462233180887
700.0 1.172028201768705
700.5 0.5813028159646383
701.0 1.253446449566578
701.5 0.9910586628268689
702.0 1.515985088694387
702.5 1.0543277171626853
703.0 1.5104932968297362
703.5 1.262987627680525
704.0 0.9745817672766671
704.5 1.05548601994312
705.0 0.8719089752087972
705.5 1.090281158277405
706.0 0.6339834639947481
706.5 1.0117286999732016
707.0 0.7836065792426838
707.5 0.5683924330871173
708.0 1.5684668031886366
708.5 0.7195671511501669
709.0 1.1756876880244023
709.5 1.577955173708694
710.0 1.3182817990575606
710.5 0.8401258086836683
711.0 0.6578965143626733
711.5 0.7105176222074325
712.0 1.0529621980488852
712.5 0.5251235852549999
713.0 1.116819774817355
713.5 0.35735623213887635
714.0 1.4956478177852246
714.5 0.8582963415872142
715.0 1.1573389579263522
715.5 0.8375530507114921
716.0 1.2457331873067712
716.5 1.1755119512864414
717.0 1.0617967246032383
717.5 0.5842092571393578
718.0 1.3719585536484913
718.5 1.3880779389356126
719.0 0.8801606623466522
719.5 1.082129731362226
720.0 0.6691011362657969
720.5 0.49726429765931424
721.0 1.0299408103173624
721.5 1.218981036710098
722.0 0.8347845082576375
722.5 0.9353200926612615
723.0 0.7226447822599877
723.5 1.8444817888124865
724.0 0.8521027329365989
724.5 0.8339221915766559
725.0 1.3546629278095952
725.5 0.7934892230746564
726.0 1.3182081982911333
726.5 0.897377462311028
727.0 1.0841217106796148
727.5 0.9955333849558847
728.0 0.6516092010718169
728.5 1.8612355454086147
729.0 1.9373077653119104
729.5 2.1689159790301424
730.0 2.279277777237837
730.5 0.8264028100528957
731.0 0.8714129268122313
731.5 1.8370396196723764
732.0 0.9627813559553042
732.5 0.7810571637371355
733.0 0.8844627571614011
733.5 0.6045341282189379
734.0 0.43803442872816445
734.5 0.7474400454375031
735.0 0.9457659175039694
735.5 2.044957460244225
736.0 1.1203027792315692
736.5 0.9820184411469342
737.0 1.7384204940249806
737.5 1.5503019277359629
738.0 0.6441012643250583
738.5 0.5599081350796559
739.0 0.6379803992397746
739.5 1.3817279216653877
740.0 0.43746715138867776
740.5 0.9942658220783236
741.0 1.197992943049292
741.5 1.237499244593193
742.0 0.8767466615670028
742.5 1.3200866051127411
743.0 0.9832228240599157
743.5 1.9347621291953012
744.0 0.9376784469989887
744.5 1.1278013306248114
745.0 1.5201589803800315
745.5 1.2781342246401306
746.0 1.0332083583487106
746.5 1.5323996887299396
747.0 0.9092917419601435
747.5 1.0108997199834335
748.0 1.0264489486584176
748.5 0.9797562181289254
749.0 0.7811346507649255
749.5 1.4753682977609905
750.0 1.0739271990647752
750.5 0.9117523229499935
751.0 1.0495451100703883
751.5 1.056472267627329
752.0 1.136623445145239
752.5 0.7827654095797856
753.0 1.238807419009072
753.5 1.3605897170773167
754.0 0.8794555576820051
754.5 0.789632182515793
755.0 0.55904545903869
755.5 1.0619271222518551
756.0 0.8884500537173736
756.5 1.09065499205864
757.0 1.4406721531692717
757.5 1.4114360476856898
758.0 1.0623738872172621
758.5 0.2632338863951289
759.0 1.0813015331252087
759.5 0.5339305606636593
760.0 0.6757398401848714
760.5 0.5665321061063717
761.0 0.9988180293543524
761.5 1.0969867752789284
762.0 1.4322096793840564
762.5 0.7284322184865766
763.0 0.9831463899346891
763.5 1.4555424304243672
764.0 1.2421913528852617
764.5 0.9211349816236458
765.0 0.6372909938660147
765.5 0.89443694580737
766.0 0.9046327438019415
766.5 0.7211406635945856
767.0 1.1195271214994462
767.5 1.0652083280000435
768.0 1.2879505696510942
768.5 1.1903000089183546
769.0 1.1744587976073608
769.5 0.5639267941655746
770.0 0.9275159449647652
770.5 0.8298863921552087
771.0 1.364344178202424
771.5 1.2826543436876663
772.0 1.2142144282150311
772.5 1.0299033478589348
773.0 1.0191845509044641
773.5 1.902745498576583
774.0 0.7283924601257592
774.5 3.12096865312264
775.0 0.81267208816741
775.5 1.0202077332016182
776.0 0.704880636847637
776.5 0.6945805007314405
777.0 1.1556776769638866
777.5 1.2065211702658352
778.0 0.8857192301399706
778.5 0.7855895237797129
779.0 1.620443650555813
779.5 0.8601738613897058
780.0 1.4507419371640629
780.5 0.866913293284848
781.0 0.7108236836512081
781.5 0.9903106667290136
782.0 0.6665423808635389
782.5 0.2758326629069576
783.0 1.7118731716838225
783.5 0.8230947654033942
784.0 2.0513570593266923
784.5 1.2021561832010077
785.0 1.3062018545054692
785.5 1.5310033162143595
786.0 1.3990556876700544
786.5 0.6904432676431034
787.0 1.5659098047258246
787.5 0.7513593617839881
788.0 0.9514914591926795
788.5 1.0951262579693868
789.0 1.5623562768262595
789.5 0.6550235189289173
790.0 0.6239179609595472
790.5 1.509677362748453
791.0 0.31566809437609833
791.5 1.2185399625734048
792.0 1.1573307344566568
792.5 1.665443756240353
793.0 0.4540129709041699
793.5 0.8425168042724303
794.0 1.4448306893793366
794.5 1.6631166860544195
795.0 1.1298048418421265
795.5 1.9902800909156344
796.0 0.9574256547994677
796.5 0.9957022991835067
797.0 1.1758991331445303
797.5 0.47834839809319274
798.0 1.0030643671963635
798.5 2.0851883362385424
799.0 1.2885810815145966
799.5 2.239636457263272
800.0 1.9597396197321402
800.5 1.0918476329744613
801.0 1.6860798928831808
801.5 1.1896296598844618
802.0 1.7849137249977567
802.5 0.9466484115269949
803.0 0.9134369608738064
803.5 1.8163026988831898
804.0 1.1598397317378848
804.5 1.2010061973812187
805.0 1.178404993955502
805.5 1.7569504914661125
806.0 0.9255841711513677
806.5 0.9081536937697381
807.0 1.7936987716024657
807.5 1.5372521080872565
808.0 0.2030230978158163
808.5 2.395478523851394
809.0 0.5957085349040223
809.5 0.9887271877974623
810.0 0.740303095556186
810.5 0.7682108239199978
811.0 0.2516610939863225
811.5 1.1304489951316503
812.0 0.7524225761721415
812.5 1.0896999341466684
813.0 0.8571807629601245
813.5 0.6262941810137828
814.0 1.3565986109027652
814.5 1.8660394054828662
815.0 0.6887031022204129
815.5 0.5689608108936346
816.0 2.169347203862884
816.5 0.8059539547988166
817.0 1.4870278356606788
817.5 1.6143391674281706
818.0 1.1163553976479652
818.5 1.0821193799943452
819.0 1.3652149445482995
819.5 0.8627417548714518
820.0 1.6950631173818227
820.5 0.8098359077415014
821.0 0.6305327809591659
821.5 1.559832016142883
822.0 0.7854020953507377
822.5 1.776545220426585
823.0 1.5524573587392345
823.5 1.5944114270712233
824.0 0.8448407953198435
824.5 1.4606796621752105
825.0 1.5682323921291932
825.5 0.6543471385120188
826.0 0.7540346314803259
826.5 1.7742542690958025
827.0 1.0254684485712386
827.5 0.6855174451272821
828.0 1.3949642468138403
828.5 1.9565687864452324
829.0 1.1828929163423911
829.5 0.3747240191319397
830.0 0.9162880249496577
830.5 0.5680881183540117
831.0 0.8204773827269681
831.5 1.6065511998085613
832.0 2.379408732415933
832.5 1.4137368148365925
833.0 0.924345368530118
833.5 0.6293706827352186
834.0 1.142032074859171
834.5 1.5394825934850287
835.0 1.1071743297715848
835.5 0.9576551071686943
836.0 0.9477419892747687
836.5 1.2299594060089882
837.0 0.5390797954294022
837.5 1.2413233485795163
838.0 1.0378737768723294
838.5 0.9883996503167833
839.0 1.1068645783552964
839.5 1.9259073639345603
840.0 1.3547167231852715
840.5 0.45801314587932507
841.0 0.6937344465442993
841.5 1.0730919693209164
842.0 1.0494388315706857
842.5 0.5762193380587612
843.0 1.2186904956989575
843.5 0.9025078851819878
844.0 0.9112116799146504
844.5 1.4864395488771476
845.0 0.9950351919551816
845.5 0.7258063671700239
846.0 0.9859967791631645
846.5 0.39591654246663555
847.0 1.6294704651058296
847.5 1.516039722821568
848.0 1.3722637029687035
848.5 2.2488424935545015
849.0 0.36765631131067655
849.5 1.3148245332355197
850.0 1.5146625575066457
850.5 0.4712721372265575
851.0 0.37859662309485403
851.5 0.9593257473348504
852.0 0.6274271348036061
852.5 2.0962047005975935
853.0 0.8845041422338458
853.5 0.725234440931255
854.0 0.6820241881773548
854.5 0.6820704384366132
855.0 0.7181554316002294
855.5 0.572755697580591
856.0 0.7637418199553666
856.5 1.7043648941718803
857.0 1.4679368629685938
857.5 0.6190016678442322
858.0 0.44587120996143403
858.5 1.0299715765288764
859.0 1.0862829174446866
859.5 0.7395596123665767
860.0 1.231990642728259
860.5 0.6948768191983318
861.0 0.8217593855338978
861.5 1.1634530437373098
862.0 1.402488625032909
862.5 1.7993459887286354
863.0 1.0097620125454403
863.5 0.666605059854562
864.0 0.44789783648222037
864.5 0.9637779455264449
865.0 0.47536400845754334
865.5 1.8434741568857747
866.0 0.9713359115786182
866.5 0.9331147319844278
867.0 0.7286711051967194
867.5 1.0783235819744874
868.0 0.7091632934882144
868.5 1.067038507942043
869.0 1.4993345402178688
869.5 1.0151187799696233
870.0 1.4088995646637414
870.5 1.1397525622662352
871.0 0.7232288628428258
871.5 1.5618909761387396
872.0 1.2384020094252097
872.5 0.7190873409935443
873.0 0.9709766125817136
873.5 1.0608900937414742
874.0 1.1683213779715196
874.5 0.9540919904627382
875.0 1.103676949419859
875.5 0.9292449735589174
876.0 0.7394633660564992
876.5 1.2335463567270142
877.0 0.6885176584534489
877.5 0.876372385772793
878.0 1.2959616060021284
878.5 0.894149576546774
879.0 0.2515613555759286
879.5 1.2049530872797427
880.0 0.3844380239229418
880.5 1.0831214976894628
881.0 1.0359397554350123
881.5 1.007518269679006
882.0 0.7848875089557935
882.5 0.9409191891149379
883.0 0.7197862147069504
883.5 1.1891134245337907
884.0 0.7393563969042531
884.5 0.620893986790733
885.0 0.6775290214773222
885.5 1.7939315033792376
886.0 1.7181415705734708
886.5 1.0649501746903445
887.0 0.8962035947279248
887.5 1.0197837394032878
888.0 1.439765491515449
888.5 1.4768802797977811
889.0 0.8752597619067285
889.5 1.551059238799537
890.0 1.3487632957420066
890.5 1.1363731099283652
891.0 2.0521491749909155
891.5 0.7368822411942456
892.0 1.0498657665649578
892.5 1.1460910729312754
893.0 1.9663300090013887
893.5 1.078436665953485
894.0 0.5264265523982867
894.5 1.4397717877917129
895.0 1.442298997045893
895.5 0.8350539159977264
896.0 0.786719217437026
896.5 0.7772327008621656
897.0 0.5598470879773324
897.5 0.7707763247806839
898.0 1.0459845744841831
898.5 0.9259091808457773
899.0 0.3687352668334145
899.5 0.9921172691832858
900.0 1.1553496051502896
900.5 1.4592114146760602
901.0 1.2094884260758967
901.5 0.4595293055009423
902.0 2.208799799422878
902.5 1.1144401927189713
903.0 0.7735916745246966
903.5 1.0862289406079253
904.0 0.9567525845533591
904.5 1.4734218141229962
905.0 0.972863169274937
905.5 1.3443409545124032
906.0 1.3675394429549774
906.5 1.1333324021942177
907.0 0.9844564859725077
907.5 2.140895968431396
908.0 1.743727968610364
908.5 0.6822034063734936
909.0 1.6373846792338533
909.5 1.2955388413702247
910.0 1.3228523051256638
910.5 1.8268504852250609
911.0 0.8145575936571545
911.5 1.0805556262335743
912.0 2.573257222675742
912.5 1.0567734756613187
913.0 1.022496592836513
913.5 0.515598153644078
914.0 0.7941700796419113
914.5 1.3852376616740343
915.0 1.5608970451890656
915.5 1.259707598065089
916.0 0.46931186329623353
916.5 1.1878713327339354
917.0 1.0723255854859763
917.5 1.252056307888989
918.0 0.7563310205545313
918.5 0.9147155307664006
919.0 0.8424427840354854
919.5 0.8809213570311163
920.0 1.1354390362791422
920.5 2.297874227249506
921.0 0.8336220951352727
921.5 0.9393465057352655
922.0 1.571543811401256
922.5 1.27062417563193
923.0 0.9542279367737783
923.5 0.8034905647611446
924.0 0.4380286690007359
924.5 0.6124495558003622
925.0 0.8407532453813875
925.5 0.5911817724125281
926.0 1.136365611137807
926.5 1.319242524737096
927.0 1.6296792679503305
927.5 0.8098893893306713
928.0 0.7492916882968674
928.5 0.9221364944177064
929.0 1.697569701616669
929.5 0.9150391983511104
930.0 0.7358005789577782
930.5 0.7255322882551747
931.0 0.9512720394136236
931.5 1.0901875942645134
932.0 1.1328871749097893
932.5 1.5191466294183869
933.0 0.7532524109149914
933.5 0.8509115609858071
934.0 0.8574559131600462
934.5 1.4332508463927995
935.0 1.5959844932775764
935.5 0.8483382391969062
936.0 1.5242763097108152
936.5 1.0253565614177238
937.0 1.3887668796011559
937.5 1.4985301210378013
938.0 0.8065164493541623
938.5 1.0562871914448735
939.0 0.7727737922944473
939.5 1.2783833149309098
940.0 1.3465804347277839
940.5 1.8779150598941348
941.0 0.9498938608515677
941.5 0.696019870105836
942.0 0.8617635614356172
942.5 0.8243625593710011
943.0 1.87666536405562
943.5 0.9391346405386838
944.0 1.3934492287182603
944.5 1.094601851880431
945.0 1.0851642410542386
945.5 1.1993400323330796
946.0 0.9204458915909095
946.5 1.1621137100870262
947.0 1.564430647789642
947.5 0.674508814569092
948.0 0.9550591015592768
948.5 0.7459936914803457
949.0 1.3324072251902495
949.5 1.5362464728005507
950.0 0.6592663217017667
950.5 0.3702182582001907
951.0 1.4175720492914
951.5 1.132694659162436
952.0 1.1502531835074232
952.5 0.833937511583303
953.0 1.5672511181312538
953.5 0.8634152263382866
954.0 0.9463699067748854
954.5 0.7853904254187987
955.0 1.0614773883081932
955.5 1.0054476968438257
956.0 0.9754742200210165
956.5 0.6075397364094332
957.0 0.6551672475716857
957.5 1.7771593645365638
958.0 1.6092524570765612
958.5 0.8023129450754327
959.0 0.6915837366678135
959.5 0.7694750615427173
960.0 1.4949872189524527
960.5 1.6430789952045397
961.0 1.047306126523863
961.5 1.1956613935623768
962.0 1.6112372226398295
962.5 0.5944685956461002
963.0 1.9739209140627507
963.5 1.8536576401860128
964.0 0.8291653977984439
964.5 0.48978567401243467
965.0 1.1024243687063324
965.5 0.7769856360081209
966.0 1.7483182093667553
966.5 1.0291755575509631
967.0 0.948006403199317
967.5 0.6654539363886287
968.0 1.413308025949757
968.5 1.1067498001463663
969.0 1.045328063021392
969.5 1.0483509445006793
970.0 1.4769234211248157
970.5 1.8243950440364232
971.0 1.5317916836178773
971.5 1.446430024855454
972.0 0.8512531540301937
972.5 0.8548178588039654
973.0 0.8587606638105327
973.5 0.7576933775675733
974.0 0.6742700700961465
974.5 1.3935758208064337
975.0 1.1504939090658826
975.5 1.1201067795949777
976.0 1.1277339436647154
976.5 1.2499939418672201
977.0 0.9725837015218373
977.5 0.7255004588089637
978.0 1.1065556604891322
978.5 0.9218060506501587
979.0 1.258101944940989
979.5 1.1924190990756232
980.0 0.5445778495624467
980.5 0.5503037786683839
981.0 0.8311079502952985
981.5 0.7380836039042689
982.0 1.124761198568253
982.5 0.7858621847532721
983.0 0.2637891359186281
983.5 1.1422529032146986
984.0 0.984971779718148
984.5 1.2034676217595923
985.0 1.1526800944712072
985.5 1.3881691348487148
986.0 1.485044444177598
986.5 0.878226904357196
987.0 1.3078850323381603
987.5 1.7575719292540242
988.0 0.7676906153383172
988.5 1.3012353111868349
989.0 0.9238558502457161
989.5 0.45319024004509423
990.0 0.6426856011640332
990.5 0.9298728519367745
991.0 0.8162758825638062
991.5 1.5338986542348803
992.0 1.3441006432756208
992.5 1.156431765495558
993.0 0.975628167248159
993.5 0.8559443756498959
994.0 1.9755153848284746
994.5 0.781073309757151
995.0 1.88794050090905
995.5 1.7922223783331868
996.0 0.6143284540369927
996.5 1.5049184787830239
997.0 0.8220591134453151
997.5 0.7549510558513159
998.0 0.5929786029860253
998.5 1.2403896735071007
999.0 1.2482076456593765
999.5 0.8734553999597954
1000.0 1.3303749481086469
1000.5 0.7573296879265385
1001.0 0.6530046667342633
1001.5 0.3643144066996368
1002.0 1.530764161264135
1002.5 0.6360978914877368
1003.0 0.7954155479027933
1003.5 0.7681636825381837
1004.0 0.9284062067550825
1004.5 1.0186514313317594
1005.0 0.2
1005.5 1.1970773536447186
1006.0 0.9645359252062513
1006.5 1.268984697418429
1007.0 0.7837103719158353
1007.5 2.249713078815878
1008.0 0.3967745043443549
1008.5 0.5716506938861918
1009.0 0.7956505632974407
1009.5 1.1752804734283013
1010.0 0.5177271528266914
1010.5 0.8188941393175758
1011.0 0.2
1011.5 0.7347971803577193
1012.0 1.1687862583150666
1012.5 1.0212617285076875
1013.0 1.3395352192774805
1013.5 1.531187669016298
1014.0 0.7538490948730219
1014.5 0.7855151665463227
1015.0 1.0595623017779023
1015.5 0.5379372291198344
1016.0 0.7554099710224582
1016.5 0.63748495251384
1017.0 0.678928763296756
1017.5 1.4070597532563847
1018.0 0.8946029339306651
1018.5 0.6770840431579536
1019.0 1.394854764863214
1019.5 1.2524023365689265
1020.0 1.2059365437318355
1020.5 0.8679352322521928
1021.0 2.152340483688391
1021.5 1.1440981742498566
1022.0 1.0806388955045223
1022.5 0.46875990293629455
1023.0 2.0118047534769152
1023.5 1.181502674094771
1024.0 1.0531383269289332
1024.5 1.2126625145083967
1025.0 1.4423715705556794
1025.5 1.383242901106067
1026.0 1.45285922642218
1026.5 0.9557066474111584
1027.0 1.6043067397838338
1027.5 0.6097594325855515
1028.0 1.2420719282622277
1028.5 0.670676082163495
1029.0 0.6961456654896929
1029.5 1.869754149878442
1030.0 1.1987291934180186
1030.5 0.7309969173206275
1031.0 1.581679219877627
1031.5 0.8170579662012922
1032.0 1.2719675130453718
1032.5 1.7405257252292805
1033.0 0.912548911719161
1033.5 1.6215315486219832
1034.0 0.7487745325831088
1034.5 0.546125587784298
1035.0 1.6672314754925273
1035.5 1.74781684012247
1036.0 1.6775776101488056
1036.5 0.2
1037.0 0.7914056098857154
1037.5 1.6602731954286511
1038.0 0.8365405754132511
1038.5 0.6314273610186256
1039.0 1.4131998416774914
1039.5 1.2145379607648148
1040.0 0.8100781480156994
1040.5 2.160087188035627
1041.0 1.231114806891729
1041.5 1.1246023607538749
1042.0 1.4983180413955506
1042.5 1.2234236438654782
1043.0 1.8595988687603455
1043.5 1.0044600275970064
1044.0 1.8516605406953346
1044.5 1.3839696551409966
1045.0 1.1960411777197815
1045.5 1.261028749751648
1046.0 1.0221855130075121
1046.5 1.5699884905363721
1047.0 0.8601954674933683
1047.5 1.474117098325996
1048.0 1.134922199103976
1048.5 0.9703089989583995
1049.0 1.1980859231737517
1049.5 1.4677624607162472
1050.0 1.845238277348972
1050.5 1.4010935403315068
1051.0 1.5370004238026937
1051.5 0.6397410392249503
1052.0 1.967880534386617
1052.5 2.861558744362836
1053.0 0.847112757390631
1053.5 1.5578683217398455
1054.0 1.3750027748531255
1054.5 0.8479428345628455
1055.0 1.2061604831865296
1055.5 0.7387017853678564
1056.0 1.3323764470656083
1056.5 1.0211542672280298
1057.0 2.2702412884299754
1057.5 0.8833836703923381
1058.0 0.8418285169134169
1058.5 0.8731820791315588
1059.0 1.1848988328626529
1059.5 1.83570473087882
1060.0 0.992490250338772
1060.5 1.0498164646345383
1061.0 1.0080588010443305
1061.5 0.8846985009515635
1062.0 0.7845113042112387
1062.5 1.3474433017806984
1063.0 1.0028470438350827
1063.5 0.6409690759491409
1064.0 0.38083773129439635
1064.5 0.5987393952943725
1065.0 1.4569102748675236
1065.5 0.5555635966529718
1066.0 0.8968367588329784
1066.5 1.0731909550612024
1067.0 1.7320892983867202
1067.5 1.7240646491648637
1068.0 0.7090643531615912
1068.5 0.8149050766116541
1069.0 0.9493456919478978
1069.5 0.8784218753163922
1070.0 1.2298511970154367
1070.5 1.3001220566679201
1071.0 1.1570443355712996
1071.5 1.187348854375983
1072.0 1.515008458510239
1072.5 1.3249658398979152
1073.0 0.9049010782161473
1073.5 1.2506151610319973
1074.0 1.3514504340764233
1074.5 1.260995285770222
1075.0 0.7795179238189507
1075.5 0.34441377647553406
1076.0 0.5759134125446594
1076.5 1.4298372517452047
1077.0 0.580510931947731
1077.5 0.9925085011344226
1078.0 1.3300797705752914
1078.5 0.5182570590650462
1079.0 0.9855248319977306
1079.5 1.2635780498481748
1080.0 0.9953008986462901
1080.5 1.2185786243617165
1081.0 1.0296068906108167
1081.5 0.4587384040135913
1082.0 0.80143080084602
1082.5 2.136638724914418
1083.0 0.8981333653959176
1083.5 1.125137911437657
1084.0 1.7111573317435123
1084.5 0.5923030231670348
1085.0 1.0754287523729253
1085.5 0.6679961288936815
1086.0 0.8796177801002676
1086.5 0.3037847707473553
1087.0 0.991814894015136
1087.5 2.440079009671546
1088.0 0.628912079824824
1088.5 1.6614953310072067
1089.0 0.4833119842563923
1089.5 1.6620661850892686
1090.0 0.6714140557434226
1090.5 1.3847818873216686
1091.0 1.9300401646347736
1091.5 0.6081889241690841
1092.0 1.3294496715564814
1092.5 0.872825691056816
1093.0 0.7165807770463124
1093.5 0.9199975708500862
1094.0 1.3739827751339564
1094.5 1.2099743578285096
1095.0 0.5619443140641903
1095.5 0.8174169973263938
1096.0 0.37870054634716666
1096.5 2.4324852246792643
1097.0 0.7632628811573021
1097.5 1.0458359402223487
1098.0 1.179312881202419
1098.5 0.5362888212598338
1099.0 1.1848566809078975
1099.5 0.7823887131140446
1100.0 0.7388883103154382
1100.5 0.9804991801030425
1101.0 1.3298977234776705
1101.5 0.6864808637379716
1102.0 0.8395694300929004
1102.5 1.1458874025858306
1103.0 2.4130504494265637
1103.5 1.3076721122690027
1104.0 1.2953972757173051
1104.5 0.946362112704954
1105.0 1.163270379610169
1105.5 0.8178248247318465
1106.0 1.9495155046145283
1106.5 0.46329358483139826
1107.0 2.098120896467698
1107.5 0.6199048179449768
1108.0 0.733586469940501
1108.5 0.6229017509202346
1109.0 1.3145499059953003
1109.5 1.2213917931117357
1110.0 0.906168157986338
1110.5 1.0064253356626656
1111.0 0.9520771918373568
1111.5 1.2578059713430427
1112.0 1.254630702465543
1112.5 1.9583777422329125
1113.0 1.723654970353287
1113.5 0.7986267802080407
1114.0 2.767471434238268
1114.5 1.3167830380590078
1115.0 0.8429536886297258
1115.5 0.6919154613125454
1116.0 1.1186361563776566
1116.5 0.8024293122839125
1117.0 1.4246436072963933
1117.5 1.4760204499565808
1118.0 1.2814764252609283
1118.5 0.2512569867613016
1119.0 1.0476360591617584
1119.5 0.6523866868165773
1120.0 1.241880972808602
1120.5 1.6798427841509596
1121.0 1.2206616434914472
1121.5 0.2
1122.0 0.9942599585601827
1122.5 0.9627619260374045
1123.0 0.6258586411144705
1123.5 0.619979972893244
1124.0 0.942635525266195
1124.5 1.564926770173632
1125.0 0.876324609602441
1125.5 0.5032816362312846
1126.0 1.4784542474615707
1126.5 1.1123535068540031
1127.0 0.8765873376648444
1127.5 1.214819772365346
1128.0 1.0045888621337127
1128.5 1.5755094009939543
1129.0 1.2991745054116746
1129.5 1.2144869121689803
1130.0 1.0063217612116568
1130.5 0.9783680247186841
1131.0 0.514935041248515
1131.5 1.023051289129547
1132.0 1.0435259427842885
1132.5 1.454415676775366
1133.0 1.571503473634525
1133.5 0.6904272936906688
1134.0 1.1895552059149153
1134.5 0.6741994858333642
1135.0 0.45321805446602825
1135.5 2.2794716174822405
1136.0 1.1177483596299365
1136.5 0.8897372507911026
1137.0 0.7991145516558441
1137.5 0.6922563495853827
1138.0 0.7629943803620574
1138.5 0.642765830193396
1139.0 0.9205150098375015
1139.5 1.179944161949333
1140.0 0.5330124019672575
1140.5 1.2024575042639274
1141.0 0.6770109914317588
1141.5 1.3037692560026906
1142.0 0.9072091429414424
1142.5 1.6791345021837794
1143.0 0.9752155267235085
1143.5 0.6411317775732
1144.0 0.9486273401633079
1144.5 0.839854778779302
1145.0 0.9255431022909548
1145.5 1.1056795630688867
1146.0 2.365107408979841
1146.5 1.3518340589420932
1147.0 1.7316873891586548
1147.5 0.2
1148.0 1.4749455700012772
1148.5 1.0481765104376648
1149.0 1.5648247675955063
1149.5 0.5615929051239796
1150.0 1.5000136062611418
1150.5 0.6734830524448121
1151.0 1.4435611174170386
1151.5 1.353380860484843
1152.0 1.5185779728107014
1152.5 1.2152529410034196
1153.0 1.3272381862457285
1153.5 0.8479847556761548
1154.0 0.6141661509741259
1154.5 2.101703514569509
1155.0 0.5272760709951304
1155.5 0.6943271283307954
1156.0 1.1269701371528091
1156.5 1.2953567856103718
1157.0 0.5852203243534788
1157.5 0.5403579560871801
1158.0 1.3113082951791113
1158.5 1.0615128614385592
1159.0 1.7774772827738974
1159.5 1.3237453412012261
1160.0 0.5734145078178186
1160.5 0.8681257730744147
1161.0 1.7310073523324938
1161.5 1.8476389237798898
1162.0 0.9684870360843211
1162.5 0.8626849632924882
1163.0 1.2363489860507753
1163.5 0.963250243778256
1164.0 0.8364834732268213
1164.5 2.0676906147735727
1165.0 2.0375109473462736
1165.5 0.9382844744953664
1166.0 0.6619354403187239
1166.5 1.8671726127076085
1167.0 0.864168968914691
1167.5 1.642942457213267
1168.0 1.353133279618937
1168.5 1.8583160157905598
1169.0 0.9744353476122645
1169.5 0.9379489298572982
1170.0 1.4064574953760582
1170.5 1.492438402241342
1171.0 1.6875641039958078
1171.5 1.2340954868986802
1172.0 2.4556206721981066
1172.5 1.4287958167320738
1173.0 1.1284164638702232
1173.5 0.6220707836655396
1174.0 1.4635803685543831
1174.5 1.2633930771239044
1175.0 1.36298296870494
1175.5 1.0505537110293526
1176.0 1.0240433607211477
1176.5 1.826081334840528
1177.0 1.477747310997366
1177.5 0.2
1178.0 0.9468720687002004
1178.5 1.7461432275648883
1179.0 0.8539422000808174
1179.5 0.6565280231474255
1180.0 1.14126822831006
1180.5 0.6864068396290126
1181.0 0.969908479428038
1181.5 1.2289018733959878
1182.0 0.40603795837051226
1182.5 1.0904772813289547
1183.0 0.6491150859297292
1183.5 1.7787068124836505
1184.0 1.0699779244363556
1184.5 1.66253578986022
1185.0 0.770566539499987
1185.5 1.1998152999171614
1186.0 0.6501497501789901
1186.5 1.0759048249063072
1187.0 0.21146502460552985
1187.5 0.8060246352257101
1188.0 0.537162699295466
1188.5 0.7322778848591254
1189.0 0.737618171740235
1189.5 0.3146529274555434
1190.0 0.5939703494894306
1190.5 0.995539447760133
1191.0 0.9884309330337651
1191.5 0.5406749715588981
1192.0 1.1880057866313216
1192.5 0.8243570276133623
1193.0 1.012282468448846
1193.5 1.3162348178413383
1194.0 1.3794317302275232
1194.5 0.7693245993997508
1195.0 0.6941720157514596
1195.5 1.4279695721626458
1196.0 1.7960729048850288
1196.5 0.7396962499510648
1197.0 1.5268975529345048
1197.5 0.7188474373736493
1198.0 0.5831036426721792
1198.5 1.9895223898214365
1199.0 0.7681802706066476
1199.5 1.0008758986821138
1200.0 1.5572565148674582
1200.5 1.895757895493698
1201.0 2.485463154967615
1201.5 0.8278775082848828
1202.0 1.8074796870925462
1202.5 0.650968763880156
1203.0 1.8591704989939766
1203.5 1.3116349045457998
1204.0 1.1803193486505261
1204.5 1.0520774999670321
1205.0 1.080266394760424
1205.5 1.7473666540711732
1206.0 0.8396373859621908
1206.5 1.1582582210348087
1207.0 1.1742044620021037
1207.5 1.2290079672094023
1208.0 0.939753801039434
1208.5 0.7099232508384445
1209.0 1.0215728488407625
1209.5 1.2466491550530647
1210.0 1.134503437086192
1210.5 2.218753771562816
1211.0 0.8329380741923629
1211.5 0.5451480815969727
1212.0 2.7812077965668407
1212.5 1.017161320971729
1213.0 1.1737277723958366
1213.5 1.482278486184073
1214.0 0.2537631784385052
1214.5 1.2072718283507085
1215.0 0.5959689382337587
1215.5 1.456556034306412
1216.0 1.9405518016290138
1216.5 0.9439001883357605
1217.0 0.6310187267982401
1217.5 0.881937103011722
1218.0 2.207501061330839
1218.5 0.6441218921626681
1219.0 1.032134685153359
1219.5 0.48191642141351576
1220.0 0.635012598268847
1220.5 0.8274672357474036
1221.0 1.0010313658940093
1221.5 0.9154743935000471
1222.0 0.2
1222.5 0.7756571624256352
1223.0 1.6774339344697413
1223.5 1.7875179441209963
1224.0 0.8111581273672098
1224.5 1.1088044639216146
1225.0 1.2774344205731656
1225.5 1.868894726684979
1226.0 1.1224657234268485
1226.5 0.598598107546626
1227.0 1.3808847678917995
1227.5 1.0217945093916811
1228.0 0.9296531648017938
1228.5 0.7629494406611979
1229.0 0.9413455063394256
1229.5 1.0294140268628895
1230.0 1.0023735560586022
1230.5 1.3867944338140308
1231.0 1.2390207150758188
1231.5 0.8682143154814066
1232.0 1.5654927246634456
1232.5 0.6683313955264522
1233.0 2.046052143260936
1233.5 0.7073326397676847
1234.0 1.0543680533039756
1234.5 2.2307134398551836
1235.0 1.6977556084964687
1235.5 0.8210996241768639
1236.0 1.8769442207968725
1236.5 1.008870373728908
1237.0 1.1433466586662653
1237.5 1.3137225660737168
1238.0 1.137522133217457
1238.5 0.7469671371172129
1239.0 2.140610037323635
1239.5 1.0820796941475606
1240.0 0.6482888244553806
1240.5 1.0646113381808031
1241.0 0.6237953879879687
1241.5 0.8164567118375514
1242.0 1.5486565392451987
1242.5 0.7838185953891526
1243.0 0.994737201440727
1243.5 0.9459821422420152
1244.0 0.5288438116354539
1244.5 1.7500347506376168
1245.0 1.1363103984739127
1245.5 2.1172553527896927
1246.0 0.8164428941727786
1246.5 1.9461982703853313
1247.0 1.0439660428976028
1247.5 1.589811516695641
1248.0 0.7535395062949162
1248.5 0.8837650061738256
1249.0 3.0278445202088964
1249.5 1.5061854342074275
1250.0 0.8065685538275438
1250.5 0.7094401025392021
1251.0 1.0021474561895403
1251.5 1.283498419672894
1252.0 1.8018482718184217
1252.5 0.9249644359431877
1253.0 1.1739156940656188
1253.5 0.8159056253501789
1254.0 0.8204791583400262
1254.5 0.691615797679326
1255.0 1.2175499992825574
1255.5 0.9179211954790711
1256.0 0.9564530330538087
1256.5 1.1045741945449181
1257.0 1.3598173491629282
1257.5 0.8047316836520615
1258.0 0.461851867855837
1258.5 0.6043579719835489
1259.0 1.3533679201376143
1259.5 1.3977978411746665
1260.0 1.1318006317961125
1260.5 1.0045807214574092
1261.0 0.9995091102935316
1261.5 1.5570247758611186
1262.0 0.8974971398859668
1262.5 0.8480254287833537
1263.0 1.3556630646347703
1263.5 0.6532328980121045
1264.0 1.3180574122974273
1264.5 0.8357641077582403
1265.0 0.8389843211336221
1265.5 1.7301944965405094
1266.0 1.0773939505935548
1266.5 1.2383238382087907
1267.0 0.2
1267.5 0.8517094503353861
1268.0 0.2
1268.5 2.4696889050115427
1269.0 1.2001264489790597
1269.5 0.3586572771034825
1270.0 1.036749046366824
1270.5 1.2432474058537075
1271.0 0.8336040047265949
1271.5 0.8409950033690021
1272.0 0.9124057852685892
1272.5 1.7694354023438312
1273.0 1.4112373772522253
1273.5 0.7086972725777976
1274.0 1.1268558075764823
1274.5 0.7048549665144725
1275.0 2.0571396758471265
1275.5 0.2
1276.0 0.39814712266344937
1276.5 1.3000259143220603
1277.0 0.22109176932941121
1277.5 0.9935334005939165
1278.0 0.5409679649766477
1278.5 0.794308335947695
1279.0 0.4332339396163831
1279.5 0.6900330074387484
1280.0 1.2539367028524508
1280.5 0.49273666483348516
1281.0 1.2919518400763852
1281.5 0.9309525179962188
1282.0 1.560887632394556
1282.5 0.7649412889649524
1283.0 1.8290178056382367
1283.5 1.0820653199044037
1284.0 0.7879446201267724
1284.5 0.8054619987168674
1285.0 0.8397399880432768
1285.5 1.2668437114908793
1286.0 1.8682154367445512
1286.5 1.4570673250270252
1287.0 1.5790471824585302
1287.5 1.1979926216587926
1288.0 1.1886584494025096
1288.5 0.7335493777308926
1289.0 0.3879055012858502
1289.5 0.6827309617375161
1290.0 0.918055530823085
1290.5 1.108093026245681
1291.0 1.5524978859556209
1291.5 1.1239729122405997
1292.0 1.9153781037968671
1292.5 0.5576731184680637
1293.0 1.6111523110649033
1293.5 0.8256127007515126
1294.0 1.8835718661578817
1294.5 0.890894662955461
1295.0 1.6887049857344758
1295.5 0.6983478442439854
1296.0 1.0380000736798864
1296.5 1.1646839937767715
1297.0 0.9553274613233
1297.5 1.3782356815066596
1298.0 0.4738452123231387
1298.5 1.9527016218908588
1299.0 1.8252282342728625
1299.5 0.9733591534518167
1300.0 1.5401271959071656
1300.5 0.9658470102936669
1301.0 1.043200344163897
1301.5 1.0651580304731496
1302.0 0.7779202475737371
1302.5 0.6943163668141297
1303.0 1.130442978276791
1303.5 0.9390580581590302
1304.0 1.1133639879244557
1304.5 1.0395360470936952
1305.0 1.226422849209071
1305.5 0.8208035090437336
1306.0 0.5167314534989667
1306.5 1.770384951443765
1307.0 0.9338228614361699
1307.5 0.7716699611785949
1308.0 1.1734397555770126
1308.5 1.07442402487219
1309.0 1.5317651285151799
1309.5 0.9135200943812791
1310.0 0.7848272270767844
1310.5 0.7915090436765766
1311.0 0.6741248752598239
1311.5 0.5673510833512421
1312.0 0.8823955758149342
1312.5 1.0617802360420023
1313.0 1.2419983132778905
1313.5 0.7586456874869654
1314.0 1.90986326666483
1314.5 1.9652988978399575
1315.0 0.8522648603157741
1315.5 1.152758888458202
1316.0 1.0960809334253558
1316.5 1.4627943896888607
1317.0 1.495165275891765
1317.5 0.7964489275669149
1318.0 1.930438249651607
1318.5 1.5531813477314267
1319.0 1.0782055693695538
1319.5 0.7474370807988817
1320.0 1.62515206778036
1320.5 0.6311841178305229
1321.0 0.7096757605476864
1321.5 0.7257461065764312
1322.0 0.7752714706362993
1322.5 0.8576915449083993
1323.0 1.2672364415439643
1323.5 0.9028049391189595
1324.0 0.6670426063250185
1324.5 1.786178278741799
1325.0 0.5620054992446241
1325.5 0.913458218021322
1326.0 0.6166425673868047
1326.5 2.0639530302905635
1327.0 1.7479165782678654
1327.5 0.906206298254326
1328.0 0.64486005042959
1328.5 1.225626784313592
1329.0 1.0916316287746577
1329.5 0.9425047154586982
1330.0 2.195062801683819
1330.5 1.19923348536141
1331.0 1.3773496981177213
1331.5 0.8652068722259687
1332.0 0.7996280239513718
1332.5 2.05305306000344
1333.0 1.2820920508313145
1333.5 1.408007147619239
1334.0 1.2973324470073413
1334.5 0.285174693151374
1335.0 1.0581417072140282
1335.5 1.0309485321141743
1336.0 1.0974017997810064
1336.5 1.0233728387402499
1337.0 0.7536533599849591
1337.5 1.122483551106493
1338.0 1.1583115794775525
1338.5 0.4074173725079883
1339.0 0.9296593570347709
1339.5 0.7838109375100408
1340.0 0.975283572235639
1340.5 1.26752119245262
1341.0 1.157444989651666
1341.5 0.4643796710941157
1342.0 1.200773717839165
1342.5 0.6511291337403822
1343.0 1.5196702267432327
1343.5 1.4899820040776017
1344.0 0.9060469055267488
1344.5 1.5023157643597178
1345.0 1.4534036755812105
1345.5 0.9263529649087878
1346.0 1.2605845769458355
1346.5 1.4823439943711993
1347.0 0.9495502050613245
1347.5 1.0456411393254357
1348.0 0.9913198704181461
1348.5 2.1463754857561037
1349.0 1.046439093788079
1349.5 0.6715143536169401
1350.0 0.556301094874877
1350.5 2.211125350665555
1351.0 0.6362622249882417
1351.5 1.1431620255359123
1352.0 1.7246076915071593
1352.5 1.4463397193346275
1353.0 1.7319723788184433
1353.5 1.2091088597588981
1354.0 1.092588454277111
1354.5 1.0779710753843115
1355.0 1.970384240863516
1355.5 0.8992257767179752
1356.0 0.7450772043065501
1356.5 1.8283923660810073
1357.0 0.714584584505674
1357.5 0.37455505003570355
1358.0 0.4766435352100937
1358.5 1.279579334572471
1359.0 0.8568413473747307
1359.5 0.5913004521702995
1360.0 1.337827531194204
1360.5 0.8466463295880069
1361.0 0.8072878073910946
1361.5 1.934764981284797
1362.0 0.8924076314689862
1362.5 0.9388470668686215
1363.0 1.6879153474774595
1363.5 1.1436570877332324
1364.0 1.3015750568129087
1364.5 0.8032199865844365
1365.0 1.4326521283564464
1365.5 1.9478843670037964
1366.0 1.1146132275375682
1366.5 0.958379849171525
1367.0 1.0309338589649297
1367.5 2.071910613658006
1368.0 0.9056467463530864
1368.5 1.6665115970328355
1369.0 0.9806051250622099
1369.5 0.7433526586287897
1370.0 1.5719280148090635
1370.5 1.2330324824798249
1371.0 1.0996279197422485
1371.5 1.0616211482749505
1372.0 1.7483849925489579
1372.5 0.6833888219661611
1373.0 2.083170153330536
1373.5 1.559018818596713
1374.0 1.1820501110021997
1374.5 0.9964969144029429
1375.0 0.557472655872602
1375.5 1.5435464947114839
1376.0 0.8351360613369562
1376.5 0.8462252988012123
1377.0 1.4523047156732622
1377.5 1.4495181521595057
1378.0 1.3895815918467571
1378.5 0.6959454480104701
1379.0 0.7857393957666301
1379.5 0.8704567033039476
1380.0 1.6069564937835639
1380.5 1.2540163825457524
1381.0 0.7517402107628404
1381.5 0.9003197884014074
1382.0 1.0950407650113316
1382.5 0.8002024607298054
1383.0 0.6967006433345353
1383.5 0.7224959818783525
1384.0 1.1712679857049368
1384.5 1.6481692514357178
1385.0 1.4751599736656642
1385.5 1.4016939529120762
1386.0 1.5161518599835975
1386.5 1.1300216624829063
1387.0 0.5378187532979948
1387.5 1.3814553719040807
1388.0 0.6345913867520012
1388.5 0.8569039202151274
1389.0 0.2
1389.5 1.5741914597424183
1390.0 1.2650934376429457
1390.5 0.4991634258635236
1391.0 1.6694390777728745
1391.5 0.7012671454999094
1392.0 0.6486441910475991
1392.5 1.1127668860196713
1393.0 1.4857603084914899
1393.5 1.4515777216477754
1394.0 1.5733302721867972
1394.5 1.0308459400055345
1395.0 1.0685666614082616
1395.5 1.2501729464901912
1396.0 2.122402081366947
1396.5 0.8134533048009047
1397.0 0.6957825088711916
1397.5 0.647718431477881
1398.0 0.7767395619324334
1398.5 1.374320098565566
1399.0 1.4117252203675332
1399.5 1.0191992973238106
1400.0 0.8920829778931926
1400.5 0.7059787829716977
1401.0 0.6240758822746815
1401.5 0.6027375802298561
1402.0 0.784953367960245
1402.5 0.9603595934442966
1403.0 1.3477987875374962
1403.5 1.1783919327989745
1404.0 0.9633082578901647
1404.5 0.9479650367074924
1405.0 0.2
1405.5 0.5958304811285504
1406.0 0.5497865889376733
1406.5 1.3644424695970976
1407.0 0.4768228559615608
1407.5 0.9330760549174606
1408.0 0.8395700072728036
1408.5 1.213295631977152
1409.0 1.1855345999926712
1409.5 0.9864610850299962
1410.0 1.5059842457993151
1410.5 0.8736315562247188
1411.0 1.5881613033002437
1411.5 0.7056317835964989
1412.0 0.980339617696405
1412.5 0.6405313220376119
1413.0 1.325346102362156
1413.5 1.9893286525096223
1414.0 0.6112081197466646
1414.5 0.6778036202992702
1415.0 1.274597811960658
1415.5 0.9255921303100323
1416.0 0.54621230745214
1416.5 0.9346712093528828
1417.0 1.3617527085333072
1417.5 1.1638449245463538
1418.0 0.8901807743540198
1418.5 1.109318664294837
1419.0 0.5393696178461256
1419.5 0.6732160808676633
1420.0 1.9924405075412273
1420.5 1.6001096278544344
1421.0 0.8870771498811534
1421.5 1.142110181787403
1422.0 1.0452391026191448
1422.5 1.3481797069382506
1423.0 0.80464949158861
1423.5 1.5343772519438905
1424.0 0.6562813664807339
1424.5 0.7946903543206898
1425.0 1.0313122750604629
1425.5 0.4995041846100332
1426.0 1.1289993004058445
1426.5 0.5866663770458145
1427.0 0.7897027270221173
1427.5 1.0585694374432888
1428.0 0.8982810509897445
1428.5 1.4264215995447496
1429.0 1.0501679866311748
1429.5 1.1193779444068073
1430.0 1.899161391498514
1430.5 1.9393686512505801
1431.0 1.8039067516810092
1431.5 1.0058762853764043
1432.0 1.1997969366171979
1432.5 0.6751680710072848
1433.0 1.440136979949896
1433.5 0.6712276130155487
1434.0 0.6357703591900896
1434.5 1.0923040435332088
1435.0 0.9286652140630005
1435.5 0.7142935567374109
1436.0 0.5555264786142153
1436.5 1.3759337932721607
1437.0 1.507794413163051
1437.5 1.014725007145933
1438.0 1.0588198153567463
1438.5 1.9071841180404288
1439.0 0.6539309787097398
1439.5 1.3559699740743008
