0 0.801966514240785
0.5 1.626057755847211
1.0 1.619787926275392
1.5 1.0062552037740233
2.0 1.425411490632643
2.5 1.1449749786448067
3.0 1.2699892869989333
3.5 1.0989703363269359
4.0 0.778068304116817
4.5 1.3715114182924792
5.0 0.8898454160777269
5.5 1.382530467631512
6.0 0.9389290030397603
6.5 1.2883793019342666
7.0 0.7734435688003183
7.5 0.4990039809629768
8.0 1.0135319727283012
8.5 0.880331243073528
9.0 1.0699239817070716
9.5 1.80486654926531
10.0 1.2837735738671188
10.5 1.123755043055842
11.0 1.4400096686132327
11.5 0.9497833912273361
12.0 0.840873065503672
12.5 0.8209855642950409
13.0 0.7788691261184234
13.5 1.6373635908347812
14.0 1.039997222480606
14.5 0.43896266048241583
15.0 1.0673881582752809
15.5 0.6563519023005849
16.0 0.8692382805987833
16.5 0.677142215177189
17.0 0.9336955228588277
17.5 0.6000776618579283
18.0 0.5302646943482752
18.5 1.056870962362108
19.0 0.7258972436752712
19.5 0.7252515633513406
20.0 1.2801955322756018
20.5 0.6747422306892608
21.0 1.1204100520982145
21.5 0.4608650883926445
22.0 0.6255955782451936
22.5 0.41475719461659233
23.0 1.3095484911494766
23.5 0.7894193496982449
24.0 1.0345420613584722
24.5 1.701376973434577
25.0 0.8743584772832887
25.5 0.9950289255741396
26.0 1.227742865089504
26.5 0.900100417310786
27.0 1.962430708641652
27.5 0.8542355120367868
28.0 0.7092432886591142
28.5 0.8180807581424194
29.0 1.7811791126039156
29.5 0.5758852131345901
30.0 1.1825525441296347
30.5 1.1008149914594272
31.0 0.9016266343964983
31.5 1.7211495375187158
32.0 0.9129943227026514
32.5 1.5097928277364323
33.0 1.316834377818715
33.5 1.1959608459984006
34.0 1.0655315047589309
34.5 1.493973079565001
35.0 0.6290174196083402
35.5 0.8543518970252596
36.0 0.8859197629229358
36.5 1.3093901720396597
37.0 0.9416710011205589
37.5 1.7961433961262299
38.0 1.3897167814915699
38.5 0.8916766060864783
39.0 1.2856164154593825
39.5 1.8427735200859128
40.0 1.0316058420615126
40.5 1.7040403264099988
41.0 1.2118080601363546
41.5 1.2161058804439782
42.0 1.0912579012847199
42.5 0.585446442410376
43.0 1.6735940555961815
43.5 0.6969171090432862
44.0 0.9414472371223999
44.5 1.7037613303115275
45.0 1.431473074253963
45.5 1.678316963972839
46.0 0.7176243356881961
46.5 1.0908068707686391
47.0 1.2503127486907548
47.5 1.8533722697749861
48.0 0.45734532700550706
48.5 0.81250911782992
49.0 0.7049335142346718
49.5 0.9704120391070572
50.0 1.477844798760004
50.5 0.7744362368770006
51.0 0.9567717246479412
51.5 1.0266452979107572
52.0 0.6060546587711065
52.5 0.6342628299056451
53.0 0.6410841369765092
53.5 1.0604376031922358
54.0 1.5058535160285182
54.5 0.9888283527273845
55.0 2.230251126374283
55.5 2.0989287744099943
56.0 0.5841858978633925
56.5 0.6101728207450389
57.0 1.60576931104513
57.5 1.1500015884442032
58.0 1.6729181662135082
58.5 0.916077377032199
59.0 0.6944377938376616
59.5 0.7650604641384218
60.0 0.2942195504927678
60.5 1.4673025246764988
61.0 1.3021118158464717
61.5 0.9188078383608398
62.0 1.668675315075289
62.5 1.0067795118036813
63.0 0.8233234750730896
63.5 1.1358252038735344
64.0 1.005505923563161
64.5 1.6314822616901559
65.0 0.5047420814399721
65.5 0.7606708167221454
66.0 0.7508220745662869
66.5 1.9359595827128462
67.0 0.9786239585481409
67.5 0.8478555699686896
68.0 1.0528267085058989
68.5 0.9936829294477802
69.0 0.850721838705992
69.5 1.0059566891398677
70.0 0.7970758550149962
70.5 1.5851848863856928
71.0 0.9230936706480786
71.5 0.9640314998190602
72.0 0.8320612108011163
72.5 1.9078593030903743
73.0 1.1235743391074338
73.5 0.8175157590647247
74.0 1.1986843997955123
74.5 1.9163711203810039
75.0 2.6474137128576105
75.5 1.6047286675605898
76.0 0.7456911324115505
76.5 1.0872654664652144
77.0 1.164005827543074
77.5 0.797010958770421
78.0 0.665534730682543
78.5 0.987204052861375
79.0 1.5583065202630635
79.5 1.6584618791449623
80.0 0.7690028049891152
80.5 0.9368484461009985
81.0 1.498741321110239
81.5 0.767404575316138
82.0 1.0661166542415625
82.5 1.4974998637440557
83.0 1.709305245648347
83.5 0.8501053527817423
84.0 1.2508481117082197
84.5 0.2788225471576925
85.0 0.8996156129833184
85.5 0.758079265813554
86.0 1.051572787050389
86.5 1.7012235315665167
87.0 1.0781682625237126
87.5 1.345803446843666
88.0 1.5610655152416273
88.5 0.7143961608211513
89.0 0.5980179044942409
89.5 1.2164512557954303
90.0 0.5876651270444584
90.5 0.6749358657372001
91.0 0.9879615068979288
91.5 0.5761773512024201
92.0 0.5484742593705616
92.5 1.273881901307272
93.0 0.5612657706787645
93.5 0.8789873894417067
94.0 0.8014657711630655
94.5 2.267497953200214
95.0 2.048733423071925
95.5 1.7420165232259608
96.0 1.0523374825905925
96.5 0.7643005772140363
97.0 1.9356968866916886
97.5 1.4817625450931082
98.0 0.8847513342992772
98.5 1.3701529861485628
99.0 1.309253168316984
99.5 1.4315487425745448
100.0 0.7380426391840705
100.5 1.1719704071073698
101.0 0.9973101420829262
101.5 1.6302174014763802
102.0 0.5340392008589815
102.5 0.7074622162645712
103.0 1.5105129274313693
103.5 1.2996390609366464
104.0 1.515221040790044
104.5 1.09871722729326
105.0 1.4767442032312337
105.5 1.213440048374281
106.0 1.8887098436737415
106.5 1.2687374078849212
107.0 1.416016348838435
107.5 0.781049488169837
108.0 0.9600886373353799
108.5 0.6003040540126745
109.0 1.688486330149938
109.5 0.7358012764744142
110.0 1.5627230587909877
110.5 0.9554513842110215
111.0 1.1174064485182653
111.5 0.7374420937270807
112.0 1.6146113967508526
112.5 1.4605433577551792
113.0 0.8384909890977866
113.5 0.7474403859253136
114.0 1.3416333618449754
114.5 1.6896916905205042
115.0 0.8279587695945656
115.5 1.2007250341369289
116.0 0.7898887864119669
116.5 0.8156404363198639
117.0 1.2143839600279756
117.5 0.9544553250726358
118.0 1.1435254255097596
118.5 1.1863999285260896
119.0 0.5454788032380988
119.5 0.829366988328485
120.0 2.2807668090271105
120.5 0.953680643910984
121.0 0.7357498491747945
121.5 0.7772782132472569
122.0 1.576909793588814
122.5 0.6495690800376577
123.0 0.557209413877205
123.5 0.8338437507066918
124.0 0.9214482763212564
124.5 2.1232453610405497
125.0 1.1092505196468256
125.5 0.7520537519912656
126.0 0.5546267488578468
126.5 0.6299497179884213
127.0 2.216090191129661
127.5 1.5548275550994113
128.0 2.179201767445271
128.5 0.9708851977051001
129.0 1.0201071981411964
129.5 1.0836046390953955
130.0 1.054405555657758
130.5 1.3790999058920983
131.0 0.6440726860356942
131.5 1.3416258111478732
132.0 2.004424774590385
132.5 1.2836196406271618
133.0 0.8779443202003137
133.5 1.3120714394682473
134.0 2.241193584361203
134.5 0.6972221676968645
135.0 0.5279048223433496
135.5 0.8058506061691495
136.0 0.9008899245571942
136.5 0.4243312624174855
137.0 1.4111949978264162
137.5 0.27326987244820466
138.0 1.2328514105590929
138.5 1.4928975507392097
139.0 0.5376934838452078
139.5 1.8314985578610234
140.0 1.2671641477560918
140.5 0.7595726904979054
141.0 0.8353387015925706
141.5 1.5331611169723103
142.0 1.064598560394197
142.5 1.1874192385115054
143.0 0.4205846202241996
143.5 0.6150466174809781
144.0 1.9481850759076431
144.5 1.5670816897902478
145.0 1.4273880589304735
145.5 0.857650134014859
146.0 0.7640470847654397
146.5 0.7474521116537877
147.0 1.005556310745654
147.5 2.004166580234575
148.0 0.756329812726793
148.5 1.3575466998721142
149.0 1.3968334685796908
149.5 0.9373800354160587
150.0 0.44040755032899054
150.5 0.6351630636369077
151.0 0.8441869759655447
151.5 0.5368525206887895
152.0 1.5455267404987023
152.5 0.7080246745363226
153.0 0.9526372053404086
153.5 1.1940801525239715
154.0 1.107399321636504
154.5 0.4243851710444597
155.0 1.8738020249130476
155.5 1.5062958888915783
156.0 1.5719938029234473
156.5 1.0586512044872805
157.0 1.185619476631056
157.5 0.8945885972884602
158.0 0.8710578320861777
158.5 1.5316387345774058
159.0 1.1069957680909392
159.5 0.9477942927150529
160.0 0.6876657486706711
160.5 1.9399175310184633
161.0 0.8305290824400906
161.5 1.7088212423211648
162.0 0.5822808611263655
162.5 1.2520043318526204
163.0 0.5785848994417647
163.5 0.5976507983612355
164.0 0.8577493710964681
164.5 1.1753445751296074
165.0 1.1814618523227503
165.5 0.7007269986835762
166.0 1.0395617771222048
166.5 0.8997984859201567
167.0 1.3379494691141725
167.5 0.5546609137961229
168.0 0.28999805640431137
168.5 1.3766728701738962
169.0 1.0861746474078005
169.5 0.8224691146717685
170.0 0.8202985880844784
170.5 1.045608861921523
171.0 1.1578326434840496
171.5 1.2633904160736957
172.0 0.8448858203114984
172.5 0.6098444303615513
173.0 1.3669069928073612
173.5 0.9873131828731307
174.0 0.6144890604122216
174.5 0.958269444802675
175.0 1.0467503050828797
175.5 1.5806018904357213
176.0 0.7868541130615787
176.5 1.588052987797047
177.0 1.1151002878916467
177.5 1.541900422908923
178.0 1.5426849959156779
178.5 0.6132007457075759
179.0 1.8356961496416697
179.5 0.9790896893897996
180.0 1.0761662033647943
180.5 1.0194725214416844
181.0 0.8430734883982538
181.5 1.4861378633446511
182.0 1.6009447773405676
182.5 1.1121278279066016
183.0 0.9977856998298533
183.5 0.8304571944245336
184.0 1.0151478129611426
184.5 1.1081019523649707
185.0 1.5235423638563041
185.5 1.2887332800105005
186.0 1.5357970785901238
186.5 0.5784959714338032
187.0 1.0088616497235172
187.5 1.1097239061179227
188.0 0.7284070445111421
188.5 1.0117230003796194
189.0 1.6844377287977452
189.5 0.24778867492077122
190.0 0.6862181273304917
190.5 0.7620499698555443
191.0 0.7825479973795146
191.5 1.472279313521101
192.0 0.9610434370257119
192.5 0.6878022489865152
193.0 1.4289146255892582
193.5 0.5794573526684572
194.0 0.9006860144292244
194.5 0.7856683046669626
195.0 0.7517039066045877
195.5 1.649952558705436
196.0 1.2338852023323088
196.5 1.9996107584451421
197.0 0.917575104117972
197.5 1.8695655039239871
198.0 0.9225661732363901
198.5 1.0945579222301995
199.0 1.6186136775122622
199.5 0.9014670332682224
200.0 0.7541557448656814
200.5 1.0011413549298245
201.0 1.9335593188596818
201.5 1.1831718247925378
202.0 0.6425894439696245
202.5 1.814959056788246
203.0 1.1752525972304018
203.5 2.0581673170679133
204.0 1.8672042542001486
204.5 0.3638348510699466
205.0 2.153809061582248
205.5 1.5969299192702997
206.0 1.0354153784578288
206.5 0.2
207.0 0.8026336880492815
207.5 1.2727767104761254
208.0 1.1415682549963968
208.5 1.4326426053487595
209.0 1.418009532630205
209.5 0.7062553078230747
210.0 0.79400043784967
210.5 2.7428324926751353
211.0 1.7410912041581033
211.5 1.506720142272036
212.0 1.6328913681641857
212.5 0.9764643420145381
213.0 0.8057935210809717
213.5 0.7730831549598318
214.0 1.175758784794063
214.5 0.9701384327460736
215.0 1.066721657297874
215.5 1.2991838565148892
216.0 0.8605496644991641
216.5 0.9603281659909069
217.0 1.3365653374607218
217.5 1.3955525435694214
218.0 0.9201977438490274
218.5 1.5928332250577846
219.0 0.521261439201907
219.5 1.0710786442489706
220.0 1.1378567578752312
220.5 2.609607150479861
221.0 0.5930627750076068
221.5 0.5555080032742994
222.0 0.9098320430227809
222.5 0.8982536785630585
223.0 0.8914083857296473
223.5 0.4294686500455892
224.0 2.2284657714645126
224.5 1.6449825788021226
225.0 1.6331687126254932
225.5 0.9378750028112447
226.0 1.640807068757602
226.5 0.9846504717275542
227.0 0.7617813911477551
227.5 1.9656784490734234
228.0 1.0219381060478767
228.5 1.0731718637061824
229.0 1.4671299492307817
229.5 1.8819562646635917
230.0 1.2154388155420512
230.5 0.7304259632798786
231.0 1.6764447778113114
231.5 0.8101446954417242
232.0 0.7018340435395267
232.5 0.9278573090761626
233.0 0.8327366760203511
233.5 0.6981819376111158
234.0 0.9836877257407607
234.5 0.6841139977917294
235.0 1.4310535779561193
235.5 1.9725613043496526
236.0 0.2
236.5 0.9977071010349583
237.0 0.8660466189478397
237.5 1.1047155222137715
238.0 1.5613277766312432
238.5 1.516913680336113
239.0 0.7816596766437607
239.5 1.2126937553764918
240.0 1.3500850313475659
240.5 1.0469375298114991
241.0 1.1969460184559526
241.5 0.8440842940955247
242.0 1.7246747693601159
242.5 1.397984148180227
243.0 1.8117717800961408
243.5 0.44104311928577244
244.0 1.6954352652129496
244.5 0.9651806441572417
245.0 0.7123677741766086
245.5 0.8520221872491647
246.0 1.0088073036858978
246.5 0.9227938134173284
247.0 0.9356426582334532
247.5 0.6290368009631451
248.0 1.2296241851646204
248.5 0.8022292992073004
249.0 1.8170677936602901
249.5 1.4192406359029308
250.0 0.7048159356163468
250.5 0.5639993812622968
251.0 0.4097855906722366
251.5 0.7915600303271991
252.0 1.3837217029966076
252.5 0.8389951331452171
253.0 1.1749135163270745
253.5 1.2259229739647548
254.0 0.9597859642963475
254.5 0.865573179011749
255.0 1.2133537818367581
255.5 1.5211224169580542
256.0 1.1799661459992832
256.5 1.66734499349765
257.0 1.3271963704318748
257.5 1.4324488294013373
258.0 1.968784480669065
258.5 1.2557589635927102
259.0 0.9549123584777199
259.5 1.0011752925278372
260.0 1.5125583640855482
260.5 1.6123522114366777
261.0 0.8231935049580079
261.5 0.8027970070653204
262.0 0.8684608965565379
262.5 2.362641057040391
263.0 1.1615495392427588
263.5 0.9205154410973564
264.0 1.395438550948933
264.5 1.1830241712226708
265.0 1.652685103719663
265.5 1.761221424808987
266.0 1.593497749264794
266.5 0.9325178486589306
267.0 0.9897276036187745
267.5 1.475934334618974
268.0 0.8275185799259677
268.5 0.971232640490965
269.0 0.7100170291630736
269.5 1.0393987102224498
270.0 1.9828660503149385
270.5 1.2065686505801614
271.0 0.8913640647842579
271.5 1.5742161993339248
272.0 1.4669216021687155
272.5 1.2119090076546795
273.0 1.0440328133075427
273.5 1.0856743394336248
274.0 1.1640486978096993
274.5 1.2991034206212517
275.0 1.3161315419923811
275.5 1.5231615943837276
276.0 1.2625485608216014
276.5 0.9084861665255938
277.0 0.7980223051569347
277.5 1.2461835288637355
278.0 1.2377221495196176
278.5 1.117901823809469
279.0 0.39270012732408177
279.5 0.7504843790069992
280.0 0.6444719780593114
280.5 0.5061420209325654
281.0 1.0060741952410643
281.5 1.1602095854966679
282.0 0.851072205441805
282.5 0.9754949824808727
283.0 1.3978779242992103
283.5 0.21078144207754979
284.0 1.4316407432971838
284.5 1.1709809370693587
285.0 0.8927475769847503
285.5 1.1011034633342478
286.0 0.739138238475794
286.5 0.5434790710943324
287.0 0.6567163092626153
287.5 2.045472301475277
288.0 0.6544307713975198
288.5 1.0358120068988224
289.0 0.9048629631692918
289.5 1.0357815240507802
290.0 1.4553118722343243
290.5 1.6688370412131817
291.0 0.8715363266473832
291.5 1.125266769969878
292.0 1.347178402606149
292.5 0.8013121162589262
293.0 1.043277564221586
293.5 0.5252320709255817
294.0 0.8433524990926806
294.5 1.408424797017561
295.0 1.0418851540410707
295.5 0.9187057464413593
296.0 1.1022507852484336
296.5 1.5777575968503608
297.0 2.68913199875417
297.5 1.7212088227219597
298.0 1.0669220720012733
298.5 0.7156533660767048
299.0 1.4830531177766944
299.5 1.7318209405793383
300.0 1.128603133362151
300.5 1.6918223253256608
301.0 1.2433436545054006
301.5 0.8481413878071258
302.0 0.9600517929524666
302.5 0.7750730363650049
303.0 1.0311687161658427
303.5 0.4762904920625648
304.0 1.7089597317470904
304.5 1.9240147261711078
305.0 0.968772906269072
305.5 2.1063359862353765
306.0 1.5120592801338866
306.5 0.8805744286768075
307.0 0.859018977735255
307.5 1.0107991598260961
308.0 0.7919852768158864
308.5 1.0001371186972636
309.0 1.5432403874818788
309.5 1.4716898748901213
310.0 2.2504985363015284
310.5 1.2214433002167673
311.0 0.6506069654168228
311.5 2.240771395460543
312.0 0.9259671424332955
312.5 1.0538731531663987
313.0 0.6514358370019042
313.5 0.8993742202431658
314.0 0.9110565013191725
314.5 0.9947533861015021
315.0 0.7088185185761187
315.5 1.327571280905658
316.0 0.7799528940711418
316.5 0.8491074673526702
317.0 0.5700317852535988
317.5 0.9978070552876608
318.0 1.4827181890240433
318.5 0.8794740517774011
319.0 0.9874635486685103
319.5 1.3664556818307778
320.0 1.13338292199967
320.5 0.9680357378047382
321.0 1.1694572275867834
321.5 1.727411821908715
322.0 0.6658190080030615
322.5 1.6873621465835247
323.0 0.8677847607853673
323.5 1.098665773223728
324.0 0.9052971906701817
324.5 0.6922390714988567
325.0 1.1909574058228787
325.5 0.9654595477106032
326.0 0.8121436271823184
326.5 0.7434670921547637
327.0 1.3623812145589582
327.5 1.4550248717444458
328.0 0.7394564885700889
328.5 1.113438645839059
329.0 1.0794879915882316
329.5 1.5781910644797295
330.0 1.3364964139997833
330.5 1.1952656197424765
331.0 1.9325242801388052
331.5 1.407636226884732
332.0 1.4804444907486376
332.5 0.3956049101819285
333.0 0.9540847349059325
333.5 0.76754437788376
334.0 0.9162271349125448
334.5 1.0296643617466745
335.0 2.0855508103168416
335.5 1.5481483385998027
336.0 1.2108875038027578
336.5 1.8488072497171157
337.0 0.901590071078862
337.5 0.719978717709864
338.0 0.891273198777212
338.5 2.0384402137187703
339.0 1.6332984259147143
339.5 1.5254614144400453
340.0 1.0038039238947214
340.5 0.9811746398600666
341.0 1.2427206226292986
341.5 0.8838749421512619
342.0 0.6302908754407188
342.5 1.1202630629389452
343.0 0.818743128779216
343.5 1.8117821838597954
344.0 0.8273720454144
344.5 1.062894502803958
345.0 0.8132816248341395
345.5 1.271770681884997
346.0 1.5743364132477855
346.5 1.3934566672708015
347.0 0.9662037946773325
347.5 1.353080287647356
348.0 0.875394669511729
348.5 1.3807217509383474
349.0 1.4347078306737144
349.5 0.9817441218935734
350.0 2.1136786125721043
350.5 0.8896590093237154
351.0 0.7271311380820508
351.5 1.7777168483110093
352.0 2.1888772949334308
352.5 1.6910304833739602
353.0 1.57569985176981
353.5 1.0158507394363472
354.0 0.8085400124692466
354.5 0.806462215013292
355.0 2.319839644021985
355.5 0.7085917047342576
356.0 0.3610138673040102
356.5 0.6455895564807741
357.0 0.6616400191422521
357.5 0.7466709148298301
358.0 1.8143005875607867
358.5 1.6880302733208943
359.0 0.7465109870728797
359.5 2.2512879017112253
360.0 1.6024322823348207
360.5 0.9452272407030321
361.0 0.7651002992926961
361.5 2.1777604382509024
362.0 1.3137916647450907
362.5 1.5697871988725294
363.0 0.7976444391456143
363.5 0.2
364.0 1.2075222433318284
364.5 1.0048459874493778
365.0 1.1794617261287366
365.5 1.2390461414699665
366.0 0.896577262016744
366.5 0.3128752684356486
367.0 0.986606530741516
367.5 1.3772387181725965
368.0 0.28578609477663697
368.5 0.8275443159821173
369.0 0.5955868517480267
369.5 1.0926037590731668
370.0 1.3470294079028189
370.5 1.2100254687714425
371.0 1.1793357757506955
371.5 0.9213392217760813
372.0 1.1815762578086515
372.5 0.5598283266954044
373.0 1.0690911428923786
373.5 1.1217147879634048
374.0 0.5240506722667079
374.5 1.0548242710819005
375.0 1.3869157733389783
375.5 1.670470439488622
376.0 0.9051362173910017
376.5 0.9011300658484396
377.0 0.9825813639159755
377.5 1.2602725013616438
378.0 0.6298223764422715
378.5 0.9173353464564413
379.0 1.9694944711162106
379.5 1.7432041659888402
380.0 1.068647288384504
380.5 0.7302549594554251
381.0 1.0152213664240841
381.5 1.770520255223711
382.0 1.0432640402207127
382.5 0.9594266230254953
383.0 0.6200390731659977
383.5 1.3572349050746602
384.0 0.7281645243926695
384.5 1.0860698275686111
385.0 0.7844634209128865
385.5 0.34819752536430615
386.0 1.022344092128023
386.5 0.849863180902021
387.0 0.7049434524417195
387.5 1.3928476715911777
388.0 0.5858313565651233
388.5 2.0378234868615634
389.0 2.1486497403479228
389.5 1.8462682915158428
390.0 1.3097682726246023
390.5 1.0619543205502744
391.0 0.6848084485590146
391.5 1.1524201147254585
392.0 1.3614481882091587
392.5 0.7041427282876652
393.0 1.189013094313668
393.5 1.1755641110154138
394.0 1.8879529312714611
394.5 1.528608299591117
395.0 0.5257729278205133
395.5 0.9510866697427678
396.0 1.1144869875699293
396.5 1.37790488874509
397.0 0.6130818743379216
397.5 1.1211943523133054
398.0 1.1604876643326683
398.5 1.388053401804
399.0 0.7558211630682476
399.5 1.2236658077662728
400.0 1.4873787081136847
400.5 1.37564366629494
401.0 0.7512587341361372
401.5 1.3336713819638257
402.0 1.5973336657835149
402.5 0.8349605098429358
403.0 1.0159612675936018
403.5 1.0940458280696643
404.0 1.8968645012603391
404.5 0.9560431787181904
405.0 1.0904031920921782
405.5 1.9950019735970141
406.0 1.401166603845516
406.5 1.7308955372220027
407.0 0.9477947760352032
407.5 1.5441950087525855
408.0 0.8185323075670763
408.5 1.6805466502464999
409.0 0.6104184186074959
409.5 0.7399664524084493
410.0 0.801977874524938
410.5 2.1741390925941504
411.0 1.8316249710781976
411.5 0.9081732987898209
412.0 0.5955159743354626
412.5 0.6342545842201132
413.0 0.6675702764703977
413.5 1.043611032297028
414.0 1.2086564895707042
414.5 1.6979608481057444
415.0 1.0765138783441415
415.5 0.49000785006382624
416.0 1.6913998327505426
416.5 0.8627649175999772
417.0 1.1324612868105501
417.5 0.3449834516116903
418.0 0.8109172384844543
418.5 1.017062896533261
419.0 1.1676708332460126
419.5 1.0493592302127888
420.0 1.0404984192837503
420.5 0.2
421.0 1.560140733573335
421.5 0.6501105407597234
422.0 1.7264671750643443
422.5 2.2532262307368587
423.0 1.2295392150405295
423.5 0.8549333669705999
424.0 0.4838616625464809
424.5 1.6436928125553225
425.0 1.3819643898764706
425.5 1.9651165218727018
426.0 1.0829625254435167
426.5 1.172388250212034
427.0 1.717093576053786
427.5 1.1926782168872128
428.0 0.8912007460573781
428.5 1.5220351378880164
429.0 2.5640798521663104
429.5 0.4860782297074121
430.0 0.7454647537032442
430.5 1.6602389850602042
431.0 2.0536432431228335
431.5 0.8999323283576238
432.0 0.7673069513984867
432.5 1.1735960215872256
433.0 0.6855151211657295
433.5 1.3597427462272003
434.0 1.7767138109207095
434.5 1.0020826388372817
435.0 0.4733036520224452
435.5 1.0541238475246035
436.0 0.8782721863537735
436.5 1.3173234700550596
437.0 2.3155972289196773
437.5 1.0256348843770415
438.0 1.0841220710444173
438.5 1.1685530363473948
439.0 1.8074848087133097
439.5 0.886945509508959
440.0 1.7035063637648693
440.5 1.2086153187131101
441.0 1.6094194245955404
441.5 0.9488069183696068
442.0 1.343820894591016
442.5 2.0453374957369017
443.0 1.038118362866184
443.5 0.7967129190006004
444.0 1.2270662395987033
444.5 2.7044681676431246
445.0 1.3823137625309432
445.5 0.8580041321013677
446.0 1.8023881267914172
446.5 1.6189883024895089
447.0 2.0849543579652376
447.5 0.7420522544050777
448.0 2.6303306683398042
448.5 0.46532549337057694
449.0 1.8621173495124097
449.5 1.5383655288290288
450.0 1.2976318176390498
450.5 1.586925471434089
451.0 1.9066793799864121
451.5 1.0709914310051478
452.0 1.1050515263041312
452.5 1.2077119991896343
453.0 0.5703246428526102
453.5 1.7280630026818953
454.0 0.611825310573525
454.5 1.454093597576856
455.0 0.48850142137450375
455.5 1.1947844328724297
456.0 1.1501176677382317
456.5 1.7362447643213441
457.0 1.1488991665880015
457.5 0.7946700276164206
458.0 0.950713912356144
458.5 1.2212685239123937
459.0 2.251362271365875
459.5 1.6900178917545405
460.0 0.7558082751861587
460.5 1.0474201634367877
461.0 1.4910029879418285
461.5 1.0850407294090247
462.0 1.5990429473090195
462.5 1.4261201997496862
463.0 1.3509659089672645
463.5 1.052891685818259
464.0 1.3482300549291146
464.5 0.980914894287223
465.0 0.6744616695752325
465.5 0.4322153415454185
466.0 1.2119161794047733
466.5 1.568841303474961
467.0 1.9165796576894105
467.5 2.094525189271661
468.0 0.6661181460679522
468.5 0.8205639307069416
469.0 1.7033688275812586
469.5 0.8301965479490965
470.0 0.5942772472635758
470.5 0.3576224906516805
471.0 0.7676500828062423
471.5 0.5990883374277283
472.0 0.4463678129171864
472.5 0.2
473.0 1.0949131866109987
473.5 0.5715385960166626
474.0 0.6197178176454416
474.5 0.8204415530563156
475.0 1.0177294144321591
475.5 0.6842325800550149
476.0 2.1110106498884074
476.5 1.2696869506197457
477.0 0.5831554092383475
477.5 1.2884417648148447
478.0 1.2822097693569796
478.5 0.8647345997143798
479.0 0.6860677885498041
479.5 1.1743755862989733
480.0 2.0934791859032478
480.5 1.8934759713869107
481.0 0.6762413466739106
481.5 1.7165918506024451
482.0 1.2047153194677742
482.5 2.1790011898814883
483.0 1.1039371889818141
483.5 0.818361266900323
484.0 0.6998893090844401
484.5 1.3393970425568882
485.0 1.1129994977588757
485.5 0.5244642793591837
486.0 0.6274635048425725
486.5 0.6761270440524088
487.0 1.4516712624009358
487.5 1.3220340064515588
488.0 1.3703513872708546
488.5 1.0045135077393157
489.0 0.9997801088229421
489.5 0.5545601126752384
490.0 0.6666374486855215
490.5 1.370818207534096
491.0 0.8757955021078416
491.5 0.9962494851745927
492.0 1.6800407697814959
492.5 1.3714599928235074
493.0 1.1932116115123077
493.5 0.5290741387193019
494.0 0.6988081437751811
494.5 0.8245085619355677
495.0 1.3818450107318103
495.5 1.1388703536786944
496.0 2.062959234835003
496.5 0.8362501866378484
497.0 1.0659059557540658
497.5 0.9451441232398947
498.0 1.4011496137404165
498.5 1.6312826964798475
499.0 1.2571429970196073
499.5 0.7142219562510601
500.0 0.9221474600761255
500.5 1.1050748735174465
501.0 0.8359374233087433
501.5 0.6858143904083798
502.0 0.9024151564693641
502.5 1.3781873952292703
503.0 0.9408283791446066
503.5 1.6686211603803582
504.0 0.8577831263731828
504.5 1.9908294057371871
505.0 1.0803502148936166
505.5 0.6162089021943555
506.0 1.4960914114035877
506.5 0.699847622086714
507.0 0.8489414459831586
507.5 1.5107749077511694
508.0 1.5922623615862337
508.5 0.4177496020826884
509.0 0.6483710583259018
509.5 0.7052995991470397
510.0 1.3886677037648942
510.5 1.0241481065582887
511.0 1.4622554959993508
511.5 1.2205534504441695
512.0 1.8604621958056682
512.5 1.1190509408116285
513.0 0.8952976039099078
513.5 1.6493674363934283
514.0 1.4047022926312356
514.5 2.0280374348782795
515.0 1.1471910544574746
515.5 0.2
516.0 1.4283205068509939
516.5 0.8366613407854104
517.0 0.7447245305565369
517.5 0.7693570715090146
518.0 0.6522981045133076
518.5 2.118257376310576
519.0 2.509292366809575
519.5 0.91128531151837
520.0 2.21919501090947
520.5 0.7952567302188318
521.0 1.806510736760646
521.5 0.8211137104250825
522.0 1.0115593668528697
522.5 1.2272585476214877
523.0 1.5602420848252163
523.5 0.7113949185105993
524.0 1.3723871490291688
524.5 0.9818812209222323
525.0 0.858909008633566
525.5 1.2200066557291818
526.0 0.7418206741254898
526.5 1.1327688411611239
527.0 0.8919646785094071
527.5 0.7138847331072642
528.0 1.0819490059814243
528.5 1.4774303638499442
529.0 0.5870275017044801
529.5 1.202682939682631
530.0 2.05560142281751
530.5 1.1953612178313422
531.0 2.0134151457043843
531.5 0.5807327317956366
532.0 1.4336255421636754
532.5 1.042381001934823
533.0 0.7819141443085504
533.5 1.1376883541227982
534.0 0.8720272285157109
534.5 0.7841691223997949
535.0 0.5951211864718585
535.5 1.2671629265876374
536.0 0.9923044872560294
536.5 0.636079963950035
537.0 0.21104686407975753
537.5 0.9021954971673602
538.0 1.1077106374584296
538.5 1.1974458900413059
539.0 0.7995870551418551
539.5 1.5555634796956803
540.0 1.4092911585339558
540.5 0.7915989431792332
541.0 1.0380878831662321
541.5 2.44446104570628
542.0 0.7430013074982755
542.5 1.9196856251814551
543.0 0.8772510053117901
543.5 1.2689339799001134
544.0 0.7110070367885357
544.5 1.6147170054575835
545.0 1.413753568566474
545.5 1.6783292376846013
546.0 1.3157688634688234
546.5 0.7030989085599917
547.0 0.8814503604056501
547.5 0.5893803401843557
548.0 1.0817947815436264
548.5 1.0683301687110838
549.0 0.8147342942695945
549.5 0.6863770078414503
550.0 1.0530038423836618
550.5 1.3306240510882943
551.0 1.1895920538860325
551.5 0.9382591097696477
552.0 0.8749158576124738
552.5 0.8051083313162117
553.0 0.8845946463585967
553.5 0.5587529144670609
554.0 0.5796447623531578
554.5 1.5676901861051027
555.0 0.8332415618367885
555.5 0.9021423784299678
556.0 1.3634786381984254
556.5 1.0369183759475749
557.0 0.9606248641601974
557.5 0.8250587580048865
558.0 2.416342524073165
558.5 0.9112358987673317
559.0 1.2966294487662788
559.5 0.6992811816460012
560.0 1.0891074913819696
560.5 0.701611903171475
561.0 1.204434030880659
561.5 0.5416632858688163
562.0 1.408113228335213
562.5 1.7477194973052583
563.0 1.0672182613436225
563.5 0.6766064239055584
564.0 0.8339476241051073
564.5 0.28423302427653696
565.0 0.9291041203561609
565.5 0.7314794073115409
566.0 0.800555434984366
566.5 0.5037352221860238
567.0 1.5233259847406928
567.5 0.7599723281867183
568.0 1.840967918369032
568.5 1.0632450900517456
569.0 1.5250795301031999
569.5 2.1533221052844906
570.0 0.7882102732802374
570.5 0.9767473776273796
571.0 1.2412044435159109
571.5 1.2195251103031937
572.0 1.7680152566086609
572.5 1.5441684076497044
573.0 0.7753758871811198
573.5 1.7257494662162114
574.0 0.48933320381328516
574.5 0.40049034515873033
575.0 0.6651015534485186
575.5 0.6983028407668853
576.0 0.658998113390659
576.5 0.8042750746607712
577.0 0.9641826379604085
577.5 1.8849629354482071
578.0 0.5738092765463476
578.5 0.811227640219254
579.0 1.1986291932809932
579.5 0.8530308599922949
580.0 1.3665915534944948
580.5 0.8107798599972001
581.0 1.1261502460132127
581.5 0.5385857278445572
582.0 1.3554553186318685
582.5 0.6833223983042451
583.0 1.3448832466038567
583.5 0.9586126577516803
584.0 0.6460252597186352
584.5 1.3978086687098727
585.0 0.7747110028861028
585.5 0.7218055606078435
586.0 0.6009051772576461
586.5 0.710017012321803
587.0 1.093464099732167
587.5 0.7366026832804783
588.0 0.8464391905516169
588.5 1.4189228864171368
589.0 1.2659548825463713
589.5 0.9717100806930712
590.0 1.7012507173556897
590.5 1.5524872953587678
591.0 0.9368799715444753
591.5 1.009758897346408
592.0 0.6818350092918581
592.5 1.5246019860599023
593.0 0.9639516194785982
593.5 1.4112833199323231
594.0 1.4805425677107227
594.5 1.3263284037530594
595.0 1.1114703387019724
595.5 0.6190837025340605
596.0 1.133255293651331
596.5 0.9213299730396607
597.0 0.7049706720686799
597.5 0.5945372692732549
598.0 1.1636391023651809
598.5 1.9778065755162457
599.0 1.1097252628727325
599.5 0.33997391831532237
600.0 0.8969589523118846
600.5 0.8444645121640273
601.0 0.750966869824693
601.5 1.5172581374605563
602.0 0.2188215370666613
602.5 1.365088610050637
603.0 0.65771555999865
603.5 0.8540796251582317
604.0 1.3857611236003682
604.5 0.8050068721541441
605.0 1.0670880094444866
605.5 0.7693579688424523
606.0 1.0388715377427804
606.5 1.1436356191465415
607.0 0.6799589714310605
607.5 1.0523950493175445
608.0 0.8246358920142761
608.5 0.7918236728762738
609.0 1.1837258086962195
609.5 0.7847112299215917
610.0 0.7530614259161715
610.5 0.7663771488271252
611.0 1.2318094211786286
611.5 1.5363721042209477
612.0 0.42841228618418914
612.5 0.49535858936590116
613.0 0.9036922956911333
613.5 1.1486275371170347
614.0 1.2243593604320666
614.5 0.7924971625914994
615.0 0.5598210739372089
615.5 0.8641036895417051
616.0 0.5049134847573209
616.5 1.1490897118943835
617.0 1.8464149064481437
617.5 0.6157529538602284
618.0 0.6221307981066212
618.5 1.3625282710729967
619.0 2.2275816945876885
619.5 0.2836753012587971
620.0 0.9562272401724232
620.5 0.8165736978892866
621.0 0.6927896890479818
621.5 0.5680817704215835
622.0 1.7551336275437244
622.5 0.9792686756328259
623.0 0.8270761918892237
623.5 1.5641157151918683
624.0 1.214866462638371
624.5 1.1404988313848583
625.0 0.9680950430924118
625.5 0.2
626.0 0.968474840955063
626.5 0.8375547799749608
627.0 1.1965717257358484
627.5 1.272163966040106
628.0 0.7436801652665455
628.5 1.9387401973724818
629.0 0.8131849918786721
629.5 0.6339959076971585
630.0 0.5865818099938617
630.5 1.5046087209240546
631.0 1.0927347585159013
631.5 1.2284045249724111
632.0 1.106604306566594
632.5 1.579528329035468
633.0 1.0185828814047493
633.5 1.2307733213498404
634.0 1.1442417815114956
634.5 1.167732817672405
635.0 0.8837374620297411
635.5 1.3514745262221342
636.0 2.0027242862366292
636.5 1.8133017783746155
637.0 0.4858797358141737
637.5 0.41963207823831883
638.0 1.514685047598985
638.5 1.9464329897461166
639.0 1.3437327687078429
639.5 0.7395213723968972
640.0 0.7702439458789456
640.5 1.3863077135251451
641.0 0.868575478212735
641.5 1.0673587772305728
642.0 0.2
642.5 0.8118867772246743
643.0 1.4967439681460921
643.5 2.341682917523217
644.0 0.6124638955950739
644.5 1.1281338389960898
645.0 0.5037659593002286
645.5 0.8565247410412864
646.0 1.1879554261218912
646.5 0.7812807433335125
647.0 1.2927324449128172
647.5 0.7043388978382698
648.0 1.604297339927795
648.5 0.9250080154098643
649.0 0.9010636709026414
649.5 1.1865793009655499
650.0 1.5298836833842304
650.5 0.9421057002420521
651.0 1.2726006396413332
651.5 1.8167312071550734
652.0 0.2817942711132211
652.5 1.320535768210151
653.0 1.400902222587454
653.5 0.8248193097667649
654.0 1.2143009695724445
654.5 0.7704019242285579
655.0 1.2674005798872834
655.5 0.9222790979274806
656.0 1.4018213261901677
656.5 0.5572813775194759
657.0 0.9610408063695601
657.5 0.988042926911296
658.0 1.2699544894648085
658.5 1.4319761160703228
659.0 0.7993133814086615
659.5 1.074269626518108
660.0 1.2711024290634025
660.5 0.8929363348838983
661.0 1.058981696912653
661.5 0.6731588315011834
662.0 1.183684072222928
662.5 0.5898736084086353
663.0 1.2696533094751512
663.5 0.8383376094580586
664.0 0.2569499682231447
664.5 0.9493676562806863
665.0 0.8319999805203521
665.5 1.0923809715674744
666.0 1.7575315951770198
666.5 0.7028864787256619
667.0 1.2133982159957695
667.5 0.755172406904334
668.0 1.193817768943787
668.5 2.300781280250098
669.0 0.6209726867247949
669.5 1.3192819702167844
670.0 0.8505286289649057
670.5 0.9509195302632321
671.0 0.6636465128374636
671.5 0.8073802212123061
672.0 1.4124734548336995
672.5 0.6556398404270003
673.0 0.6681608384002398
673.5 0.7681997948489432
674.0 0.4888128191697586
674.5 1.2784483806870457
675.0 0.2
675.5 1.068593982528037
676.0 1.2615588268803373
676.5 0.7420674272425425
677.0 1.046936786724546
677.5 1.048583779034288
678.0 0.8772361938899755
678.5 1.7623152455520428
679.0 0.9666967676191679
679.5 0.7729091165110813
680.0 1.119068944451153
680.5 1.1421692298022168
681.0 0.9098842763515513
681.5 1.0408404968699767
682.0 1.3529026832128423
682.5 1.3028735742450617
683.0 1.0916458002887202
683.5 1.5804205456256937
684.0 1.4573743896784819
684.5 0.9251410920315674
685.0 1.0278622097826005
685.5 0.9228008320605563
686.0 1.5939926267726798
686.5 0.86496607088271
687.0 0.8644129899345865
687.5 1.0640850552786936
688.0 0.7071262134327241
688.5 0.5380829446747083
689.0 0.7150715749187643
689.5 0.6613054286042415
690.0 0.9888299132683978
690.5 2.0408552338514676
691.0 1.2160973791752325
691.5 0.7460685581832252
692.0 0.6841137374364961
692.5 1.4629235558537137
693.0 1.516764912465498
693.5 0.9679273353066888
694.0 0.9547639688254401
694.5 1.4288685145523663
695.0 0.5474890136593148
695.5 0.7836966404833152
696.0 0.4536248445138524
696.5 1.1517737292609127
697.0 0.7888527728979202
697.5 0.7105977145190214
698.0 0.3770564954945646
698.5 0.6070593494396438
699.0 1.1673272356645334
699.5 0.9590334035197523
700.0 0.5037048744348769
700.5 1.2286673867971794
701.0 0.2
701.5 1.135506970152202
702.0 0.9475608435978327
702.5 1.3549483496349066
703.0 0.7408866286966819
703.5 0.4778833224312934
704.0 1.2954364502573024
704.5 0.9224059371239188
705.0 1.2048304622372936
705.5 1.7280929039750976
706.0 0.569755843667012
706.5 1.0829565984475815
707.0 0.8077197822343398
707.5 0.9029450663595873
708.0 0.8621849936292678
708.5 0.4881311326302976
709.0 0.45540076680020103
709.5 0.44853115010065725
710.0 1.3225096919022397
710.5 0.6519825222332076
711.0 0.9780414532627879
711.5 1.0144444583427152
712.0 2.3729449801350384
712.5 1.4078971431323586
713.0 0.6556214984753654
713.5 1.6316895072522652
714.0 1.137944557299865
714.5 2.3153055329404646
715.0 0.8726482049526454
715.5 1.2579937129557062
716.0 1.1400361717103498
716.5 1.4551549915555322
717.0 1.5894038493736526
717.5 1.216604893268072
718.0 1.6465518308020366
718.5 1.9436795907597868
719.0 1.754273380507736
719.5 1.6078520483391026
720.0 1.63466774433181
720.5 2.236303079790825
721.0 1.8893798453171597
721.5 1.7128445478789607
722.0 1.117827804182101
722.5 1.1262062736774685
723.0 0.962863975989545
723.5 0.8981331695080972
724.0 0.7532772092446591
724.5 1.1653028343339331
725.0 1.4108756712290718
725.5 1.2929274312004613
726.0 1.1033487518942198
726.5 1.1388898122310247
727.0 0.9319435960151744
727.5 0.9795245864677659
728.0 0.9740521327297892
728.5 0.9552900876203556
729.0 1.0717989708732276
729.5 1.548641040422147
730.0 0.9178125667493588
730.5 1.7310856392757792
731.0 1.4565340921425767
731.5 0.5890590012869619
732.0 1.3281902922975428
732.5 0.30736257782434945
733.0 0.7194521897241123
733.5 0.8301775918612861
734.0 1.368817094208106
734.5 1.2449483649448527
735.0 0.6563000941070659
735.5 1.5576780650471491
736.0 0.28965566030591594
736.5 1.5426416109622316
737.0 1.2622699958430696
737.5 0.2926630465849308
738.0 1.2124059177551842
738.5 0.9327669454882384
739.0 1.1786726129031773
739.5 0.6539972660866007
740.0 0.49852731319585375
740.5 0.6624699478870673
741.0 1.19080198572986
741.5 0.6930897819550983
742.0 0.9255655863603189
742.5 1.7018207517905752
743.0 1.9918932994547978
743.5 1.0544629492703925
744.0 0.8821233545629021
744.5 1.3925823480818642
745.0 1.1047477470843567
745.5 0.9967599451609297
746.0 0.7402975915942547
746.5 1.0018485352003161
747.0 0.8738358943802363
747.5 1.3819948201715362
748.0 0.9328249519046761
748.5 1.6235024268527223
749.0 1.2615117164705292
749.5 1.0136006568208167
750.0 0.6392002157000223
750.5 0.9847704712998623
751.0 0.7096848976360042
751.5 0.6349790486198046
752.0 0.6358044113595853
752.5 1.8807939710981267
753.0 0.5170668577401759
753.5 0.8042105841573628
754.0 1.221076460957325
754.5 1.19684671420003
755.0 1.4542192096009983
755.5 0.7393830615278365
756.0 1.1564167501598306
756.5 1.4548595344724022
757.0 0.9321774271245039
757.5 1.1016842291243
758.0 0.8536860334050919
758.5 0.7971880884251147
759.0 0.4741909405661311
759.5 1.0671419889692584
760.0 1.5233714918835615
760.5 1.4291892179371186
761.0 0.5494916157603082
761.5 0.6055115954199974
762.0 0.5952944983815565
762.5 1.1403511957116064
763.0 0.9467211508456639
763.5 0.8258898919371287
764.0 1.2010334506512308
764.5 0.9515582430989709
765.0 0.8664221092760767
765.5 1.2781175886696405
766.0 0.9837015857476219
766.5 0.5453471635519409
767.0 1.048952791070259
767.5 0.6034125790499965
768.0 1.3424201625996814
768.5 1.1336557198183144
769.0 1.2904049495953231
769.5 0.8480313363948406
770.0 1.01578528726859
770.5 1.961982181609051
771.0 1.144813435107119
771.5 0.8144677555173734
772.0 0.8997115180724957
772.5 0.9505840714798941
773.0 0.8472328267394273
773.5 1.879821278753042
774.0 1.6299244522444694
774.5 1.7123007373293588
775.0 0.9628607800348723
775.5 1.6603724611113808
776.0 1.3690799621995078
776.5 1.0050973410174662
777.0 0.8996651321051194
777.5 1.958400990035526
778.0 1.246228583178706
778.5 1.1200789342975284
779.0 0.6209406036016769
779.5 0.6806089606251062
780.0 0.8858194695883268
780.5 1.0212528951466557
781.0 1.1148151847840022
781.5 0.8977910045317303
782.0 1.6969666766026315
782.5 1.1041407635423781
783.0 1.0133144466027713
783.5 0.5756292866971071
784.0 0.782243936481839
784.5 1.174320077068764
785.0 1.9761834692731233
785.5 1.7258320165708743
786.0 0.4312429366129184
786.5 0.9935902032419583
787.0 0.7768335908789439
787.5 0.888759501935316
788.0 0.8983676433254049
788.5 1.805094531123121
789.0 0.6828133899172553
789.5 1.5417414399378253
790.0 0.38429271336649395
790.5 0.9078388244265315
791.0 0.2897650362812692
791.5 0.2536738361148536
792.0 0.8580734133336052
792.5 1.2619068538532534
793.0 0.7359220073148549
793.5 0.6987209558918175
794.0 1.7689429546422892
794.5 1.3626741791212071
795.0 1.481004643601581
795.5 1.1509602195233428
796.0 0.7178730156758588
796.5 1.1501472769221182
797.0 0.7575799986484885
797.5 0.604926631538347
798.0 0.6950405796181653
798.5 1.5116368872138728
799.0 0.6910445505808877
799.5 0.4970636549139422
800.0 1.1401410131133531
800.5 0.9347168416900904
801.0 1.0136990060654958
801.5 0.8069982953946291
802.0 0.901406875383963
802.5 1.121667100231369
803.0 1.2625476931530843
803.5 1.03754855195893
804.0 1.073052885306299
804.5 0.8067222351780405
805.0 1.418685334652259
805.5 0.8502969683910511
806.0 1.3657102108276045
806.5 1.0834055811123866
807.0 0.6427673653635021
807.5 1.1876096191219347
808.0 1.880354513936826
808.5 1.439529329154619
809.0 0.4683738685104202
809.5 0.6606136103823035
810.0 1.3369468882356896
810.5 0.5033656628809735
811.0 1.3126964615316754
811.5 2.3505340673248267
812.0 1.0149552337875944
812.5 1.0894003732862099
813.0 0.6380700718311025
813.5 0.9588921110113627
814.0 1.7859789388366916
814.5 1.3053092769852166
815.0 0.7489208093125068
815.5 1.029145909392958
816.0 0.2
816.5 0.3608884511354008
817.0 0.6124582047080764
817.5 1.426198583883483
818.0 1.9355773280934168
818.5 1.82618732946638
819.0 0.4228069985986837
819.5 0.9931182028548593
820.0 1.4898990862094281
820.5 0.8018803149793343
821.0 0.7362807750767268
821.5 0.8377463089681811
822.0 1.2965266679676415
822.5 1.4517636360451551
823.0 0.8523983668049097
823.5 0.9324395896142297
824.0 0.8001210648459984
824.5 1.1314882502220018
825.0 0.975707768408336
825.5 2.0966075909294375
826.0 1.3365938909102182
826.5 1.2139327642232722
827.0 0.8376291328695769
827.5 1.4512181982472296
828.0 0.8637881782872892
828.5 0.8007208026586428
829.0 0.9417681040445924
829.5 1.233999092451564
830.0 1.2043726929109335
830.5 0.6748695037233636
831.0 0.8746163117675796
831.5 1.607924533835214
832.0 1.2430081781173354
832.5 0.9029078764441081
833.0 1.1946457363396774
833.5 1.2355029300387341
834.0 0.5294835089002392
834.5 0.7971498858917401
835.0 1.0685372480596937
835.5 0.6367847841540195
836.0 0.9615830959668796
836.5 1.4719546717961833
837.0 0.946374413790908
837.5 0.5627411218897741
838.0 0.9325050241951095
838.5 1.62036540423613
839.0 1.6221510219676154
839.5 1.621492376624757
840.0 0.894720216134822
840.5 0.40509670040102
841.0 1.501908905687975
841.5 0.8193638582254277
842.0 1.0738271050630783
842.5 0.8256974611041559
843.0 0.7577543318824386
843.5 0.8482826686472876
844.0 0.7385214107406257
844.5 0.8866136455346947
845.0 0.2946830678567417
845.5 1.3274808339174204
846.0 1.7549233170399385
846.5 0.8623052823508057
847.0 0.7000312832803806
847.5 1.0466980221711673
848.0 1.0923291187044681
848.5 1.4136178115978129
849.0 1.4134560215781773
849.5 1.016477376879592
850.0 1.803403345764515
850.5 0.9185830832173076
851.0 0.8667078110166477
851.5 0.6841391012520922
852.0 1.5883025202039356
852.5 0.9436366511442349
853.0 1.4681480590492781
853.5 1.933823361654851
854.0 1.444731300009415
854.5 1.7487459182859069
855.0 2.361558394892489
855.5 1.0340003260060322
856.0 1.1336168283763712
856.5 1.1054945551001365
857.0 0.756950367879376
857.5 0.5272481201714496
858.0 1.7512276494532304
858.5 1.3694636743014672
859.0 1.2913056447398876
859.5 0.8797268020356213
860.0 0.792696483316419
860.5 1.4205695075674059
861.0 1.0865918002731958
861.5 0.913618844799888
862.0 1.5376284005233005
862.5 1.1704622767760173
863.0 1.8148225854968802
863.5 1.032886110471145
864.0 0.8578143198318555
864.5 2.0647528540826983
865.0 0.629688835227092
865.5 1.8312626644062742
866.0 0.6316881787216668
866.5 1.0529993735982344
867.0 0.8381160986148023
867.5 2.071080915000148
868.0 1.2457874486766707
868.5 0.8106882655710237
869.0 0.8649569490794387
869.5 2.1032395896812046
870.0 1.1867878612347835
870.5 1.0638422140471044
871.0 0.6724497529026301
871.5 0.37823768738188934
872.0 0.3547152789923812
872.5 0.6038764351163273
873.0 2.0725899128804404
873.5 1.6617648357675636
874.0 2.1539303074042775
874.5 0.7773738919137043
875.0 2.4047036881412005
875.5 1.6897575795465096
876.0 1.30566240523232
876.5 1.2691614773643785
877.0 2.0496539389591417
877.5 0.2
878.0 0.7440395114258495
878.5 0.7727321346243888
879.0 2.100538109606409
879.5 0.40758928321809185
880.0 0.7447893725323815
880.5 1.8016717183481377
881.0 0.5037833495774349
881.5 0.7868520482868933
882.0 0.9249132745165416
882.5 0.6877531170810376
883.0 0.6217620314279555
883.5 1.295672000993577
884.0 0.6061126468829559
884.5 1.4802950514814337
885.0 0.47443475793852563
885.5 0.7023833450766637
886.0 1.4382710918853485
886.5 0.8495180853250512
887.0 0.98830355943202
887.5 0.34093712049460123
888.0 1.0874633576575203
888.5 1.5437907319703996
889.0 1.9490651425016325
889.5 1.5933085104056262
890.0 1.1585820125881605
890.5 1.7180910878498166
891.0 0.9898671654859812
891.5 1.0914865334826236
892.0 1.3769628368899691
892.5 0.6932610407839938
893.0 1.0755761513447835
893.5 0.5912835273849302
894.0 1.096044239387042
894.5 1.1648948876891563
895.0 1.7047005549616703
895.5 0.9333500273297146
896.0 2.3791414408441343
896.5 1.8245898755836605
897.0 0.6536807779213323
897.5 0.7845734110521158
898.0 0.8555921431146696
898.5 1.6760436552896991
899.0 0.730345291182007
899.5 1.0007401637580104
900.0 0.53275912321075
900.5 1.1487722838733436
901.0 1.030080781533053
901.5 1.252562604726476
902.0 1.023458770726804
902.5 0.6514458530579806
903.0 0.6531951030773303
903.5 1.0016081520273645
904.0 1.1271416641824954
904.5 0.6019064289980548
905.0 0.6791976416862265
905.5 0.6006086250061897
906.0 1.098886198695376
906.5 1.801890869643962
907.0 0.9825715067266854
907.5 1.0253748340885989
908.0 1.5454161985626955
908.5 0.6611295624749807
909.0 0.477744974142303
909.5 1.8378430173693425
910.0 0.5050454395933207
910.5 0.6556656868724724
911.0 1.318558735675787
911.5 1.2660105794498022
912.0 1.0600264101569041
912.5 0.7049589111923548
913.0 0.6408918381149852
913.5 1.7301710295747763
914.0 0.9014174116539684
914.5 1.9132022682272407
915.0 1.692102508416638
915.5 1.6705451210347961
916.0 0.8389201189983975
916.5 0.44997548392965336
917.0 0.4004156021775599
917.5 1.112278615764629
918.0 0.7291168510812497
918.5 1.5668275165667311
919.0 0.8437138099786552
919.5 0.9881843736611549
920.0 1.3896990914611984
920.5 1.2001359813584151
921.0 1.116466684117721
921.5 0.48286669975016716
922.0 1.6910028345775685
922.5 0.7937150717544816
923.0 0.8577576703769818
923.5 2.12209389348123
924.0 0.43494415082701177
924.5 1.227248542177667
925.0 1.245633830941948
925.5 0.622162176411448
926.0 0.9338772123736885
926.5 1.6584329235942612
927.0 2.17561522453353
927.5 0.7687931220232961
928.0 0.8535959824553516
928.5 1.3354536558459382
929.0 2.041613606584248
929.5 1.1804142787721075
930.0 0.6346710884951823
930.5 0.8522985648700109
931.0 0.7566450685951331
931.5 0.7676608364949189
932.0 2.018717885615074
932.5 0.9505740782684369
933.0 2.273509734247646
933.5 2.4250531018369283
934.0 1.1760960271890306
934.5 1.8080629195623676
935.0 0.9057459187135454
935.5 1.28583202543201
936.0 1.1083137300912387
936.5 1.4267735797203278
937.0 1.0693538382457635
937.5 1.6616820191997181
938.0 1.0665374596408999
938.5 1.4685189858743666
939.0 0.7063717682897162
939.5 1.0913916436566329
940.0 1.4469228100487888
940.5 0.669143869791739
941.0 0.5430753756977516
941.5 1.3729999850913304
942.0 1.0605813659162975
942.5 0.6423531824426034
943.0 1.5924829422211517
943.5 0.7581123561823875
944.0 1.1878586922085104
944.5 2.198288414508542
945.0 1.0693322099093236
945.5 1.0717714442187103
946.0 0.207120699104755
946.5 0.5509936820841219
947.0 0.7507654611972581
947.5 0.6874701271555907
948.0 1.7703951810439498
948.5 1.2347072694851007
949.0 1.517310367576223
949.5 0.479937681506002
950.0 0.7661772011172472
950.5 1.4287557502604271
951.0 0.9171506651090888
951.5 0.41808997748812426
952.0 0.9814485371623626
952.5 0.9246016024156759
953.0 1.3504789450383297
953.5 1.7145099428634158
954.0 0.6634399752727571
954.5 0.7869015169937481
955.0 0.6758960539992782
955.5 0.6006808157153642
956.0 0.6289438940064227
956.5 1.3788437380049927
957.0 1.1790102898578496
957.5 1.564782689850738
958.0 0.8495506636712485
958.5 1.3716078605444046
959.0 0.9803681186025415
959.5 1.082778794804928
960.0 0.861203087017278
960.5 1.46047661807732
961.0 0.5128399580863583
961.5 1.323552722687151
962.0 0.9374240404817671
962.5 1.0556272605463977
963.0 2.1562133755759785
963.5 1.5863184248868782
964.0 0.8080948459522448
964.5 0.5520184945519406
965.0 0.9588420846794701
965.5 2.419665517018896
966.0 0.8902544786165638
966.5 0.9207640368816175
967.0 0.8291299353700003
967.5 0.8605653086117224
968.0 1.374960264988694
968.5 1.3201696667784
969.0 1.170091460576863
969.5 0.742765451571325
970.0 1.1953695281930856
970.5 0.8444765902108866
971.0 1.278034520827814
971.5 0.4970061547795376
972.0 1.434014607242368
972.5 0.6302464816597346
973.0 1.4605250859809256
973.5 0.5313131018844762
974.0 0.8527529841046353
974.5 1.1712109336960363
975.0 0.564683851900032
975.5 0.803538713909095
976.0 0.8673475567209545
976.5 0.9215333814364648
977.0 1.3574717183687743
977.5 1.051574837207274
978.0 1.1213914661279354
978.5 1.0520269770374782
979.0 0.4922088785124058
979.5 1.4386284232326298
980.0 1.8064398436484734
980.5 0.9357493034545279
981.0 1.321904288705837
981.5 0.8933980285559966
982.0 0.500116802060618
982.5 0.719169707871999
983.0 1.936289453792428
983.5 1.1362874483884247
984.0 0.6492320419354576
984.5 0.8415362377306306
985.0 0.7530529192947624
985.5 1.8564922120289429
986.0 1.0663652456116308
986.5 2.0011739560160517
987.0 0.7396060696169047
987.5 1.584763756131443
988.0 0.917329240534412
988.5 0.7348447606386712
989.0 1.3085595598182258
989.5 1.2127718012214108
990.0 0.7543736024780217
990.5 1.1406183045763958
991.0 1.1038167806082089
991.5 1.6481473213847542
992.0 0.750192983089569
992.5 1.043723841060029
993.0 1.4214096436888024
993.5 2.2755164542136765
994.0 1.181170859832438
994.5 1.4244691572036383
995.0 0.7276248619867963
995.5 1.009310300270241
996.0 1.6067615037212255
996.5 1.6686345961903308
997.0 0.7341188279450519
997.5 0.5513246859968961
998.0 1.9761292792814569
998.5 0.5603179726593113
999.0 1.0518477761159284
999.5 0.9781259069033006
1000.0 1.2624317302365389
1000.5 1.7140527918271453
1001.0 0.8784836821613087
1001.5 0.760048179517075
1002.0 0.3463737954173765
1002.5 1.4880915148756166
1003.0 2.1476650517843736
1003.5 0.7903843349022183
1004.0 0.6082512222489743
1004.5 0.7286438508920283
1005.0 0.70682187556769
1005.5 0.9078253680405532
1006.0 1.024531791689645
1006.5 1.290666937725497
1007.0 1.4467941773384339
1007.5 0.8819642147372055
1008.0 0.6362063366090223
1008.5 0.6262051185376276
1009.0 1.8565359796330076
1009.5 1.3450963400862253
1010.0 1.1990004578371054
1010.5 1.5752135239275478
1011.0 1.2422084073804245
1011.5 1.080205516514487
1012.0 0.7963670705373262
1012.5 0.5352451778822414
1013.0 0.9134375437815212
1013.5 1.491522972126879
1014.0 0.7001432974287731
1014.5 1.304354417588486
1015.0 1.2394013007674163
1015.5 0.6874902158174161
1016.0 0.4082010304941259
1016.5 1.0246824579907838
1017.0 0.9265733883932696
1017.5 1.1770428765677208
1018.0 0.5637669147644091
1018.5 0.761678682066581
1019.0 0.901361351751687
1019.5 1.070944021468103
1020.0 1.195415002739429
1020.5 1.0531942670695356
1021.0 1.2580318302157272
1021.5 0.9059743637871996
1022.0 1.589187031422401
1022.5 2.194854569747706
1023.0 1.1107010984002788
1023.5 0.7662197730064686
1024.0 0.8457960322211231
1024.5 0.9099099387552165
1025.0 1.4241518431736067
1025.5 1.157724317116996
1026.0 0.5965796334748517
1026.5 0.45981113306243837
1027.0 1.1990220380044767
1027.5 1.2127597305796
1028.0 1.04622682438038
1028.5 1.0796615494921231
1029.0 0.9338208841117992
1029.5 1.658696524801952
1030.0 2.2618275268532635
1030.5 0.35993483234656076
1031.0 1.8003188884949555
1031.5 0.8417653829832554
1032.0 1.9026916976996753
1032.5 1.776803936269105
1033.0 3.3759726152791645
1033.5 0.34289562721770406
1034.0 0.8713258770144345
1034.5 2.5025547758955424
1035.0 0.9941497985409727
1035.5 0.9059674417699564
1036.0 0.8633395246356335
1036.5 0.45768426086058894
1037.0 0.7021184251185599
1037.5 0.7396605392171773
1038.0 1.5585092746985865
1038.5 1.197224686888117
1039.0 0.5532555682505204
1039.5 1.5805543796270078
1040.0 0.2
1040.5 0.9199494807906756
1041.0 1.3510763960532919
1041.5 1.4665077458385478
1042.0 1.2867204341766223
1042.5 1.056712110737927
1043.0 0.3588077770424044
1043.5 0.9023409334422905
1044.0 1.3375294591285671
1044.5 0.9217775924298801
1045.0 1.4962965938078634
1045.5 0.9954019819990735
1046.0 1.180381362532061
1046.5 1.5371967364930543
1047.0 0.5225119757185888
1047.5 0.6852110215816343
1048.0 1.9468943466636257
1048.5 1.5317382179888717
1049.0 0.5327465685502943
1049.5 0.6626714483063461
1050.0 1.6378707929630227
1050.5 0.9471844254802038
1051.0 0.6130446488903434
1051.5 2.0473164340140064
1052.0 1.060651275567453
1052.5 0.6225902974339339
1053.0 1.5296949020280444
1053.5 1.0754995781121433
1054.0 0.8095967569597333
1054.5 0.7997324076287964
1055.0 0.5720872972260203
1055.5 1.032714199585586
1056.0 1.2332372955258502
1056.5 0.9242373974628292
1057.0 0.9762708842751862
1057.5 1.5689310676262374
1058.0 1.4352055877579515
1058.5 0.6905869131170006
1059.0 1.281769548326123
1059.5 1.1060542572902134
1060.0 0.7471743573687954
1060.5 0.6675465294077177
1061.0 1.6014004813524987
1061.5 1.743128854849388
1062.0 1.01408110250081
1062.5 1.0524436986264967
1063.0 1.180932706000415
1063.5 0.9130396775481473
1064.0 1.1496176313032054
1064.5 0.804886683936261
1065.0 0.9825898796183091
1065.5 1.6952426101174067
1066.0 0.6042719599133091
1066.5 0.7585357679518168
1067.0 1.5304323351400246
1067.5 1.322096000866476
1068.0 0.8239687292239603
1068.5 1.1696240183671134
1069.0 1.5712088960709223
1069.5 0.532236578928954
1070.0 1.0284263001690948
1070.5 1.0092315240491314
1071.0 0.6831050027016604
1071.5 0.8161223096766244
1072.0 1.5515616232038165
1072.5 0.8852178718446482
1073.0 0.9784854046665459
1073.5 0.43789474681056684
1074.0 0.8990762860528113
1074.5 0.952184015360763
1075.0 0.6029972671336292
1075.5 0.8342541301857999
1076.0 0.6696190651673766
1076.5 0.9874221549230335
1077.0 0.9734578709059303
1077.5 1.822323083717791
1078.0 1.1150127056517538
1078.5 1.7519861335474771
1079.0 1.655705845171152
1079.5 0.6783392149789294
1080.0 1.679126666138297
1080.5 1.041695670502869
1081.0 2.2040649955175766
1081.5 0.7890443804713795
1082.0 1.7539729553636272
1082.5 1.224961618668418
1083.0 0.9644581961139072
1083.5 0.4462103916292328
1084.0 0.7375676385057763
1084.5 1.7036486363060621
1085.0 1.2783032998638508
1085.5 1.851374288826481
1086.0 1.388387417413858
1086.5 1.6432636685943316
1087.0 0.703911099675422
1087.5 1.6089092575027832
1088.0 1.3055375802475322
1088.5 1.4687045392958455
1089.0 1.784744972274063
1089.5 1.2770731223135106
1090.0 0.6463370702856498
1090.5 0.9227232920934128
1091.0 1.3612864005173633
1091.5 0.7251392763160557
1092.0 0.6027780167102526
1092.5 0.7680857027235622
1093.0 2.0084120526408586
1093.5 2.661474032790504
1094.0 1.0400259623246246
1094.5 0.44258577154762496
1095.0 1.6929428472082895
1095.5 0.546628098732137
1096.0 0.6488278729909693
1096.5 1.7545100289661657
1097.0 2.2417477002727844
1097.5 0.8316323430683616
1098.0 0.7804676046949868
1098.5 1.8838195090926149
1099.0 1.523388527925662
1099.5 2.252403848081114
1100.0 1.53972228985376
1100.5 1.0339615822675514
1101.0 1.905280401973516
1101.5 1.6113901317961092
1102.0 1.5334063948846992
1102.5 0.5230252667140551
1103.0 0.9043280850753543
1103.5 0.8225431500546909
1104.0 1.2476172544910162
1104.5 1.2002310151278843
1105.0 1.3053168829266821
1105.5 1.286696950513515
1106.0 1.367879130477981
1106.5 0.6130116060919364
1107.0 1.5246303240938974
1107.5 0.9520155424391104
1108.0 2.148719503494622
1108.5 0.7659223582258052
1109.0 0.6761995281986223
1109.5 0.7459953954614617
1110.0 1.8400223832025175
1110.5 0.9042893905166218
1111.0 0.43793457106075817
1111.5 1.035368161306318
1112.0 0.9356406590156963
1112.5 0.874383072571685
1113.0 1.0019073252066077
1113.5 0.5884367168934288
1114.0 1.223656159418467
1114.5 0.8788484889931708
1115.0 0.6053478914439234
1115.5 1.2212040251002128
1116.0 0.3333234233980671
1116.5 1.8695086269097982
1117.0 0.912245266585274
1117.5 1.8349560469617363
1118.0 1.8510671376557728
1118.5 2.2107068738849716
1119.0 1.4199670072163348
1119.5 0.916629645334172
1120.0 1.016030619939945
1120.5 1.5961842073971897
1121.0 0.5778694369853686
1121.5 2.017383290131295
1122.0 1.0392366380778832
1122.5 1.4264992287063363
1123.0 1.0082879405634704
1123.5 0.5795703844564802
1124.0 1.2912831305293795
1124.5 0.9480268646325376
1125.0 1.2241181002666024
1125.5 0.8364999680329872
1126.0 1.2134508905440164
1126.5 0.8703504213524688
1127.0 1.8465114717122386
1127.5 1.7099044564737846
1128.0 0.7389708584992273
1128.5 0.43552472840359635
1129.0 0.7945546775048578
1129.5 1.087773149233853
1130.0 0.9639508117149873
1130.5 1.3370270809213651
1131.0 0.5475264558579528
1131.5 1.23957748260221
1132.0 0.6789884387224165
1132.5 1.0408770132927039
1133.0 0.39503798598067247
1133.5 1.065759273421022
1134.0 0.7199122627219133
1134.5 0.9015524362128247
1135.0 0.7897790186000206
1135.5 0.623442611029876
1136.0 1.088187520655566
1136.5 1.0563722553839403
1137.0 1.164441351589569
1137.5 1.312393139627879
1138.0 1.4707316896232403
1138.5 0.6640348801421985
1139.0 0.8366370025445475
1139.5 1.4209050795460485
1140.0 0.9215875218545944
1140.5 1.6925636877487447
1141.0 0.9055804100593197
1141.5 1.2141814599627423
1142.0 1.3567421973932754
1142.5 1.5169805510158711
1143.0 0.7111268934818162
1143.5 0.8784867127467373
1144.0 0.6338525707863613
1144.5 1.5877091263287484
1145.0 0.5868001029642869
1145.5 1.3805993173117936
1146.0 1.1901559712148808
1146.5 1.1840353123281688
1147.0 1.3352564861787628
1147.5 1.347805052474234
1148.0 1.0167117343973087
1148.5 0.8648114737515779
1149.0 0.48458432479074387
1149.5 0.8231266692822099
1150.0 1.056431371102168
1150.5 2.027288937799909
1151.0 1.8492392229839043
1151.5 1.102224527811089
1152.0 1.8022391620746494
1152.5 1.3602072493119266
1153.0 0.6112909458994265
1153.5 1.8982585336384243
1154.0 0.8101139212892665
1154.5 0.8551403208096825
1155.0 0.47609514226903094
1155.5 0.8754166578137192
1156.0 1.0534928003280517
1156.5 0.7012463696718925
1157.0 0.6643102255707758
1157.5 2.080305573902862
1158.0 0.6360274564845918
1158.5 0.8891529210011808
1159.0 0.6862055912774376
1159.5 0.940746151218421
1160.0 1.6094857365541295
1160.5 1.0915088088034028
1161.0 0.5193549400261805
1161.5 1.3526759392226295
1162.0 0.85802956194725
1162.5 0.9184270875940002
1163.0 0.5889401950283404
1163.5 0.7687378145077659
1164.0 1.792286155923605
1164.5 1.0290253417383086
1165.0 1.2262232168615101
1165.5 1.4164733698200624
1166.0 1.5881677070910323
1166.5 1.0894803668237123
1167.0 1.7351987729605496
1167.5 1.0071120451069786
1168.0 1.172279499621835
1168.5 2.2229598236904633
1169.0 1.0931767690929115
1169.5 0.9583913669139685
1170.0 0.539322616619903
1170.5 0.5784366671486575
1171.0 0.6525944734128666
1171.5 0.9223476318492607
1172.0 1.600551738099905
1172.5 0.9219824224399926
1173.0 0.6286329859230304
1173.5 1.0637211414017729
1174.0 0.9743647276887701
1174.5 1.465106132278064
1175.0 1.1589001070330487
1175.5 1.0868704053499951
1176.0 1.0271370002361901
1176.5 1.4263381358411702
1177.0 0.8446539592033044
1177.5 0.9985592790888218
1178.0 1.176325493891284
1178.5 0.772062968172434
1179.0 0.47636069765568456
1179.5 2.4038473585086466
1180.0 0.7355158979626293
1180.5 0.8304756465360643
1181.0 2.027976296387955
1181.5 0.6462195028550963
1182.0 2.210447133558701
1182.5 0.7648032767641266
1183.0 1.823942183892071
1183.5 0.6515434650526912
1184.0 1.135242469625582
1184.5 0.5606460752005749
1185.0 0.7758100153386783
1185.5 1.6746027550494957
1186.0 0.8640813012637281
1186.5 1.0159978347656897
1187.0 1.110723620868315
1187.5 1.4351194720579814
1188.0 2.4596100116077073
1188.5 0.8928075984203099
1189.0 2.0522102822448502
1189.5 0.4769358092185939
1190.0 1.5049181116487291
1190.5 0.9992308659628606
1191.0 1.4681658499904962
1191.5 0.8820507272134237
1192.0 0.5972812863165027
1192.5 0.71687825358169
1193.0 0.5536987928576815
1193.5 0.5312922486874425
1194.0 1.5194647550168336
1194.5 0.7878297733236164
1195.0 1.6281342053197454
1195.5 1.017509991882644
1196.0 1.9660695683849145
1196.5 0.8838659736788774
1197.0 0.8051233526680776
1197.5 0.42866191461498704
1198.0 0.9044054168263438
1198.5 1.3237749292674907
1199.0 0.6040377230832884
1199.5 0.4760615552256808
1200.0 0.7668188329559035
1200.5 0.9887310312308554
1201.0 1.0740875536752825
1201.5 1.2647126046612622
1202.0 1.1013606409712267
1202.5 1.4071086779447728
1203.0 0.8708095960101152
1203.5 0.5776597486239698
1204.0 1.4122110901258815
1204.5 0.5753887013086091
1205.0 0.9429503839013063
1205.5 0.22317520691923115
1206.0 1.8461803396577081
1206.5 1.9508264639489628
1207.0 1.7176626672007067
1207.5 0.744732258889659
1208.0 0.8018590449849999
1208.5 1.4650738154013823
1209.0 2.186245878404227
1209.5 2.350489496778212
1210.0 1.0894354094750953
1210.5 0.2
1211.0 1.114543961335129
1211.5 1.1622989796578653
1212.0 1.5601492389184928
1212.5 0.6976207204967316
1213.0 0.7378102018545662
1213.5 0.5968922855539589
1214.0 0.7911898016639294
1214.5 2.048385313279269
1215.0 1.032514317250623
1215.5 0.9057408729705991
1216.0 1.4168970611282858
1216.5 0.8592966999092241
1217.0 0.9479064082147635
1217.5 1.9043624955105298
1218.0 0.7177540807663151
1218.5 2.178822869384981
1219.0 0.7528211557027542
1219.5 0.6687471840938273
1220.0 1.2650197383105508
1220.5 0.7693232638863712
1221.0 1.1603371610606965
1221.5 1.00149686861467
1222.0 0.809171607555349
1222.5 0.7668557374013155
1223.0 0.2401937277568681
1223.5 1.49534169558559
1224.0 1.1162163394967166
1224.5 0.9332264652836273
1225.0 1.5554975944790435
1225.5 1.2623817979832883
1226.0 1.469257041812659
1226.5 1.7079956740203488
1227.0 0.848495693867202
1227.5 2.113388408278797
1228.0 1.3800366108863498
1228.5 0.701283646068769
1229.0 1.3932250899510907
1229.5 0.918632859975849
1230.0 1.5631171554557979
1230.5 1.3224170082269164
1231.0 1.600332706894671
1231.5 1.0634835247149896
1232.0 1.216816102011225
1232.5 1.168994234325929
1233.0 0.7657299541880411
1233.5 1.2800202864530759
1234.0 0.8917163906316405
1234.5 0.4169255453711548
1235.0 1.1570729884355528
1235.5 1.4992516643927756
1236.0 0.830636403257687
1236.5 1.0783561293094535
1237.0 1.8335989919688407
1237.5 1.3686027251624733
1238.0 0.7801278316088812
1238.5 1.2721694274394866
1239.0 1.0604681999613421
1239.5 1.102666574045495
1240.0 1.1270646944365046
1240.5 1.6467606690670342
1241.0 0.662565491876642
1241.5 2.0384629690590677
1242.0 1.2528131449840534
1242.5 1.2548334165593145
1243.0 0.7864618839068599
1243.5 0.7370557359401109
1244.0 0.687115559944515
1244.5 1.5408909402530262
1245.0 1.0549186172848284
1245.5 1.083507692949769
1246.0 0.996081116676443
1246.5 0.8579525870953659
1247.0 2.23668420662353
1247.5 0.39464681338337443
1248.0 1.90594698215882
1248.5 0.9945719101206094
1249.0 1.2994105020798041
1249.5 1.3777891977159644
1250.0 0.6714965724397035
1250.5 0.48753976485305994
1251.0 1.6138764171320577
1251.5 1.3456614600710632
1252.0 1.0836106276739976
1252.5 0.6610639057591001
1253.0 1.406514933281938
1253.5 1.1860841413108771
1254.0 0.8565809915234494
1254.5 1.5218144800866213
1255.0 1.4556888425113743
1255.5 0.5758861870040611
1256.0 1.0845878130175657
1256.5 0.7630599721864975
1257.0 1.3356613145912837
1257.5 1.4999578336084345
1258.0 0.5126649193005312
1258.5 1.4840206052350293
1259.0 0.924336412001448
1259.5 0.2
1260.0 1.356722635308245
1260.5 1.2396171927662116
1261.0 1.2751335608084795
1261.5 1.5072647743134895
1262.0 0.6403978568516033
1262.5 0.5904237593390302
1263.0 1.3552180714455315
1263.5 0.8849172738540834
1264.0 0.4395126624346163
1264.5 1.1552486952074084
1265.0 0.8132109199435547
1265.5 1.580945765018822
1266.0 1.372428318727112
1266.5 1.2672852740425005
1267.0 0.8516491343948407
1267.5 1.6940663007683023
1268.0 1.328616697147792
1268.5 0.7703813341292897
1269.0 1.8580439636819581
1269.5 0.2947002388658585
1270.0 1.265693892777316
1270.5 1.26936627462719
1271.0 1.9180737826689953
1271.5 0.7888385464421042
1272.0 0.5662840452343457
1272.5 1.6587072238140246
1273.0 0.7025044188656471
1273.5 0.7286938947981911
1274.0 1.3333643844304492
1274.5 1.292667468033889
1275.0 0.6737769563537295
1275.5 0.9726331735171652
1276.0 0.7910597939951699
1276.5 2.322430119188655
1277.0 0.7629575339474327
1277.5 0.917370125590443
1278.0 0.792141248789467
1278.5 1.1204836187733505
1279.0 1.4170378606533465
1279.5 1.5349121965292571
1280.0 1.1173058259842377
1280.5 1.8206134182157645
1281.0 0.24219408163971073
1281.5 1.3156853272966758
1282.0 1.0587477008734323
1282.5 0.4054018182472736
1283.0 1.2234203011924252
1283.5 2.0796230693127673
1284.0 1.8040755376198065
1284.5 1.4275155484536755
1285.0 0.4268418340872637
1285.5 0.4556369121222672
1286.0 1.4951303573965444
1286.5 1.251604384570626
1287.0 1.7184316303168765
1287.5 0.6500742417960748
1288.0 1.074067993778797
1288.5 1.9472982578967988
1289.0 1.1604575244872974
1289.5 0.580056831912053
1290.0 1.4468486651346282
1290.5 1.4115009820630497
1291.0 1.173315483417647
1291.5 1.5530400564230886
1292.0 0.9178169781174764
1292.5 0.2
1293.0 0.45265546589306216
1293.5 1.357255957350771
1294.0 1.1187021936873598
1294.5 1.1397522463815415
1295.0 0.9479397272120258
1295.5 0.7102647102948507
1296.0 0.5802741049020869
1296.5 0.7690893974606436
1297.0 0.9718660511764123
1297.5 0.8949593710486731
1298.0 0.9356598984375009
1298.5 1.007002889227519
1299.0 1.217630541782481
1299.5 1.2375603275750855
1300.0 0.973704127907921
1300.5 0.8881166502103813
1301.0 2.0485422318551194
1301.5 1.652453325718396
1302.0 0.6111046633132337
1302.5 1.0089918063608125
1303.0 0.5975141412477692
1303.5 0.8273588609699101
1304.0 0.7025832424794864
1304.5 0.5938183200738543
1305.0 0.7735061380928878
1305.5 0.6583681130434098
1306.0 1.7060031346277067
1306.5 1.0622753729015417
1307.0 1.3353253390411353
1307.5 1.0366214802854874
1308.0 1.620523081637158
1308.5 1.226808985299249
1309.0 0.6453866891701702
1309.5 0.7568558224668
1310.0 1.1553482065128173
1310.5 0.8644952893601712
1311.0 0.6812842918654445
1311.5 1.8768663217625505
1312.0 1.682840289521723
1312.5 1.7429991363613495
1313.0 1.1173476602302632
1313.5 0.8106763849205967
1314.0 0.6573498737120971
1314.5 1.0383379179773018
1315.0 1.1498817900487694
1315.5 1.833080080236832
1316.0 0.853497764488861
1316.5 0.3877832922977902
1317.0 0.8072624087238973
1317.5 1.7584687799525267
1318.0 1.3809135190597173
1318.5 1.2380380364248886
1319.0 0.9369352831671256
1319.5 0.928443514036823
1320.0 0.864535718943173
1320.5 0.932197711252351
1321.0 0.41615077883989876
1321.5 1.6982006218378811
1322.0 0.9927983254392474
1322.5 1.9567349605187445
1323.0 1.7006118926617793
1323.5 0.9338152404622019
1324.0 0.9526334963753087
1324.5 0.7463450678054817
1325.0 0.9024874886167964
1325.5 0.727573385663113
1326.0 0.5645096341901354
1326.5 1.0953102662787406
1327.0 1.3998465389530668
1327.5 0.7300930133143311
1328.0 0.5593726795681067
1328.5 0.8304529127845783
1329.0 1.1416055689999702
1329.5 1.0306579226214398
1330.0 0.9741948179824398
1330.5 0.5617497783601716
1331.0 1.1467779183489575
1331.5 1.4000094864657777
1332.0 1.754166081457442
1332.5 1.8558082668661957
1333.0 1.5121316715148796
1333.5 0.8164689866564887
1334.0 1.5012489855502045
1334.5 1.0069889535458736
1335.0 1.134606146314751
1335.5 0.7859878198895071
1336.0 1.0269832247176047
1336.5 0.5265679291439476
1337.0 0.9839296115603482
1337.5 0.4057840555394484
1338.0 0.8700915272971799
1338.5 0.8571651029343681
1339.0 0.2653100665100387
1339.5 1.19435554162993
1340.0 1.2866178570588969
1340.5 1.878860295134352
1341.0 0.8862241600775271
1341.5 1.263847304465
1342.0 2.0737760482975087
1342.5 0.8411566113837905
1343.0 1.2756637861356377
1343.5 0.8938539652432262
1344.0 0.8229056587062342
1344.5 1.2356787131713745
1345.0 0.6938305451745472
1345.5 0.5648512087908426
1346.0 0.8535746451592572
1346.5 0.6653764124914187
1347.0 1.8259685093352125
1347.5 0.6513714494700942
1348.0 0.9912036128607029
1348.5 1.6273127714670403
1349.0 2.468853994524351
1349.5 0.9206690367478285
1350.0 0.6744530508178996
1350.5 1.670242010722514
1351.0 0.7557777127111707
1351.5 0.5685157178459581
1352.0 1.920571003471417
1352.5 0.5448752388113638
1353.0 1.626870831395604
1353.5 0.7192281073339178
1354.0 0.6951489060806616
1354.5 0.5939257359168333
1355.0 0.8915329855823821
1355.5 2.452146670265945
1356.0 0.6418876916493454
1356.5 0.7562846510102947
1357.0 0.9147070587400534
1357.5 0.8186871718352191
1358.0 0.914631424013602
1358.5 1.1445629916527815
1359.0 2.0493211868375916
1359.5 1.103622300052612
1360.0 1.4291150995210316
1360.5 0.34185068844160327
1361.0 1.393273685479245
1361.5 0.7300745164286635
1362.0 0.8081089477534987
1362.5 1.7766423619969642
1363.0 2.172840730051673
1363.5 1.1808457209352237
1364.0 1.400947146154579
1364.5 0.6502567287855621
1365.0 0.5535334374095644
1365.5 1.2775272320225186
1366.0 2.1636441581118335
1366.5 1.222210410079223
1367.0 0.8359697032415259
1367.5 1.4173824327667583
1368.0 1.4480723752462357
1368.5 0.7714289280957702
1369.0 0.9149238719768567
1369.5 1.2790754268942084
1370.0 0.402311668846815
1370.5 0.7529816195099865
1371.0 0.3044368208159708
1371.5 1.918447129733885
1372.0 1.5678016659728709
1372.5 1.301547280286091
1373.0 1.6446995853664237
1373.5 1.0210329367096267
1374.0 0.9428991127826083
1374.5 1.2565724049386104
1375.0 0.8180700648377709
1375.5 0.5547476348659535
1376.0 0.6639639271497956
1376.5 0.49094370484280714
1377.0 1.457606988194355
1377.5 0.7437129507037527
1378.0 1.2038382813362716
1378.5 0.7417386310946762
1379.0 0.7560074610362848
1379.5 0.9124093096704977
1380.0 1.1675640563237972
1380.5 1.0615132947263328
1381.0 1.1424222844311018
1381.5 1.841531020792961
1382.0 0.7214282712701934
1382.5 1.6442943577053026
1383.0 0.8126040430651753
1383.5 0.5314257575604422
1384.0 1.0244237880148872
1384.5 0.9920134604560173
1385.0 2.3120636461206043
1385.5 1.694428436916471
1386.0 1.0156007857553073
1386.5 1.1931075150585935
1387.0 1.2183153624020606
1387.5 0.7126603561951892
1388.0 1.0899096107641335
1388.5 0.7100767731516013
1389.0 1.0807464790120682
1389.5 0.8967875400016269
1390.0 0.6839073815441493
1390.5 1.6724790059646075
1391.0 1.3529171781809275
1391.5 1.4375219978834333
1392.0 1.2944206185195344
1392.5 1.4463105776536183
1393.0 0.8539969816253234
1393.5 1.2475642739205983
1394.0 0.6896122037657663
1394.5 0.8233736117782298
1395.0 1.2597526461766924
1395.5 1.2543608953363101
1396.0 0.8145097940023125
1396.5 1.1559880172695793
1397.0 0.5196692414420994
1397.5 1.530686107414911
1398.0 1.0852019630825047
1398.5 0.7579264122126429
1399.0 1.3772626200010798
1399.5 0.9591936375729566
1400.0 0.9882840029934974
1400.5 0.6958678248456631
1401.0 0.8306540761779893
1401.5 1.0479864866526438
1402.0 1.0089233779863798
1402.5 0.6825369543620592
1403.0 0.6989163444687752
1403.5 1.461102343537326
1404.0 1.5262339017035131
1404.5 1.9918649268862914
1405.0 1.4397282801232332
1405.5 0.8703124381387166
1406.0 1.1092722767245875
1406.5 1.2739669160238927
1407.0 1.4256753701230847
1407.5 1.1134286449570214
1408.0 1.1292956986306169
1408.5 1.2145998529312565
1409.0 1.4600819378565153
1409.5 1.8212735019320054
1410.0 0.9941662860533735
1410.5 1.7818666472196338
1411.0 0.8996269494209939
1411.5 1.1167483473266502
1412.0 0.8911959419002147
1412.5 1.6906061039314286
1413.0 1.7526732762570312
1413.5 0.8582574991702887
1414.0 1.2922375344147126
1414.5 1.0328399242124457
1415.0 0.9201108657186479
1415.5 1.5386176107541054
1416.0 0.7379553655544271
1416.5 0.9174866634968515
1417.0 0.9041027832001426
1417.5 1.6090026621221791
1418.0 1.2686644086948449
1418.5 1.8350270293422493
1419.0 1.0143920872992773
1419.5 0.9631241602367892
1420.0 1.2277003007304446
1420.5 0.5905460154085618
1421.0 0.7600860032287267
1421.5 0.9610874985212294
1422.0 1.053829307601058
1422.5 0.9659869674475041
1423.0 1.4928579196556337
1423.5 0.9684395927070455
1424.0 1.1965715828235979
1424.5 1.5639707558883544
1425.0 0.7940958877187874
1425.5 0.6354117405437036
1426.0 1.0200318373606971
1426.5 0.6841516002345969
1427.0 1.0830601828149522
1427.5 0.7602802891991365
1428.0 1.2220292137743847
1428.5 1.072571203271747
1429.0 0.9987407086408234
1429.5 1.085781138802638
1430.0 0.6332027233812357
1430.5 0.6160547500322056
1431.0 0.8528831220909994
1431.5 0.4005343933165718
1432.0 1.1783291692135485
1432.5 0.9259909003794948
1433.0 1.0086393708460524
1433.5 1.885581560674997
1434.0 0.5513282378811198
1434.5 0.7666409593590795
1435.0 1.7429426682856717
1435.5 0.8849188864676079
1436.0 1.1065521139625776
1436.5 1.4901458302312514
1437.0 2.164157240571908
1437.5 1.407964231679756
1438.0 2.0475492379412685
1438.5 1.2427193600339377
1439.0 0.8180226778833888
1439.5 2.4332006092362493
