0 1.3895729852025092
0.5 2.3077497228479618
1.0 1.430822526502594
1.5 1.1539693117368774
2.0 1.3046815950410957
2.5 1.8469458681072979
3.0 1.328874306897927
3.5 0.5814216550282618
4.0 0.7356414034309757
4.5 0.5614996003238363
5.0 1.1250365262179356
5.5 2.713422133259165
6.0 0.5267853260511927
6.5 1.4160337854540084
7.0 1.2342868442493917
7.5 1.872174002973037
8.0 0.86635169026523
8.5 1.4277060909713433
9.0 0.9309217466391495
9.5 1.6235927520263629
10.0 0.5274432992754814
10.5 0.8129103835481893
11.0 0.4574636685647929
11.5 1.2289823897694157
12.0 1.1375778441470912
12.5 1.301015690863756
13.0 1.052501769301409
13.5 1.13221766935003
14.0 1.0264921516931418
14.5 1.1768266609825795
15.0 0.7003835579299358
15.5 1.0049395549112794
16.0 0.7117935386376975
16.5 0.926668257499888
17.0 0.49074154992989527
17.5 0.9427852226183571
18.0 0.7040955112443419
18.5 1.3072169115886445
19.0 0.7888041489342634
19.5 0.375018799737422
20.0 0.5105596136536342
20.5 1.2821846583080267
21.0 0.9340387098519682
21.5 0.850046350706618
22.0 0.9115637105102999
22.5 2.073530130475202
23.0 0.7973286461227568
23.5 0.9801144251762781
24.0 1.5521922590742185
24.5 1.1625626634299264
25.0 0.810244137073292
25.5 0.4393285221044098
26.0 1.0035150258189878
26.5 1.229047619191677
27.0 1.1215064747864405
27.5 0.8872191484496499
28.0 1.1274726325167763
28.5 1.338719583725223
29.0 1.3202138612747896
29.5 1.8202535212395292
30.0 0.63265466644873
30.5 0.706691650791655
31.0 1.1079070236721174
31.5 1.006556342248761
32.0 0.7255278583484066
32.5 0.3698301155718014
33.0 1.840514516952491
33.5 1.0678101579228119
34.0 0.8942215443424733
34.5 1.2509317688361181
35.0 0.7495297061011679
35.5 0.5474687569207184
36.0 0.6705167102438996
36.5 0.484538186805889
37.0 0.8911966946839334
37.5 1.6079581669879839
38.0 0.7014031702338195
38.5 0.6131000535983331
39.0 0.571676796448701
39.5 0.9827298452467941
40.0 1.1743910975675314
40.5 1.5951437212421267
41.0 1.140879595490706
41.5 0.7943905229665245
42.0 2.2881420674071045
42.5 1.8092586093926375
43.0 0.43786318186191486
43.5 0.6123595646481461
44.0 1.3135047657301027
44.5 0.747622791625065
45.0 0.8276254340888056
45.5 0.9204430206631198
46.0 0.7625042742686985
46.5 1.6378990724983307
47.0 0.5236729446884686
47.5 0.8339044247900234
48.0 1.0502937458087525
48.5 1.318902201783001
49.0 0.8555275451045246
49.5 1.443464784562762
50.0 0.673658413521431
50.5 0.7222908537242173
51.0 0.9120109987779181
51.5 0.982220462390498
52.0 0.8627082739514218
52.5 0.9044934962398623
53.0 1.1777120313772595
53.5 1.1340534384138714
54.0 1.1331949751357846
54.5 0.8321423472516517
55.0 0.910826231878342
55.5 0.8742927293126268
56.0 1.5336290070932903
56.5 0.8017902328069904
57.0 1.7991592511151298
57.5 0.6895309683098458
58.0 0.5893921300941967
58.5 1.1628756430984104
59.0 1.380428653271884
59.5 1.226809761970815
60.0 0.8046574848829338
60.5 0.8137662319493658
61.0 0.8429510283502575
61.5 1.7067390787475865
62.0 0.8525170218857373
62.5 0.7561684083593374
63.0 0.9777219891430255
63.5 1.0032093265000412
64.0 0.7866590786529422
64.5 1.3308313264166196
65.0 1.0762605470214144
65.5 0.8371740281037428
66.0 1.1563791036907212
66.5 1.0431267943883076
67.0 1.081582156178556
67.5 0.5478920188715897
68.0 1.0037811075036007
68.5 0.8421639187873429
69.0 0.3798399395400571
69.5 0.8525160633606406
70.0 0.539152279098165
70.5 1.6767932033371413
71.0 1.0775965870719624
71.5 0.6853538911002208
72.0 0.8142257999346771
72.5 0.6045855682758895
73.0 2.0329799087056126
73.5 1.12889336394079
74.0 1.1005983277131737
74.5 0.5942292311743413
75.0 1.0465098169576168
75.5 1.1548885720584665
76.0 1.2617556939076429
76.5 0.4681170956521439
77.0 1.0826898021589448
77.5 1.0730693590610678
78.0 0.8332355209902829
78.5 1.3484395993812806
79.0 0.6768929068005295
79.5 0.9487564819904324
80.0 1.6322130050505328
80.5 0.8949339782061854
81.0 0.7599543067055948
81.5 0.881748733494035
82.0 0.2408616333204755
82.5 0.4232578259205054
83.0 1.2125498107135628
83.5 1.3085298046633849
84.0 1.0399378878205465
84.5 0.2
85.0 1.0675808449297755
85.5 1.0518306438670997
86.0 2.268516849642614
86.5 0.9365751195974326
87.0 0.38216142275386467
87.5 1.1316389356849688
88.0 0.7910740186760579
88.5 0.8632401147535924
89.0 0.8154328219972147
89.5 0.8678070540587373
90.0 0.5556373806931567
90.5 0.7676876073556957
91.0 1.0481280439040561
91.5 0.7326952681259338
92.0 0.5550935507960955
92.5 0.9903422779644773
93.0 0.6185417615961512
93.5 1.9160275068515815
94.0 0.9164526593597699
94.5 0.8749619797453626
95.0 0.7570916254799573
95.5 1.498828996165691
96.0 0.32286050728383153
96.5 0.8106513224699237
97.0 1.3171907734858148
97.5 0.8523388413174358
98.0 0.6380178655852535
98.5 1.8781754879924846
99.0 0.8487413854372037
99.5 1.5388572965558676
100.0 2.601112035411263
100.5 2.1901969477786505
101.0 0.4108390818919548
101.5 0.8748014111172726
102.0 0.9152785012785508
102.5 0.8800854027185915
103.0 0.9766121664207243
103.5 1.8832230564915535
104.0 1.1201465967034032
104.5 0.9724837806329423
105.0 2.153589280840154
105.5 0.7750102378224812
106.0 1.313695309450718
106.5 1.164480188300891
107.0 0.290339549693283
107.5 1.0006702653961002
108.0 0.8979506817956515
108.5 0.8220971187546788
109.0 2.2354345430187825
109.5 0.6973560909400762
110.0 0.9573235767358232
110.5 1.339654388138177
111.0 1.5693781047986193
111.5 0.5646375956300427
112.0 1.5558683426858546
112.5 0.7449984598258927
113.0 0.9081964184648408
113.5 0.7534771335977336
114.0 1.295525292240203
114.5 1.3016173676331995
115.0 0.6539159238523473
115.5 0.8852806938172064
116.0 0.48307942382645663
116.5 1.308409821567944
117.0 1.1353812014650146
117.5 0.6814493876400236
118.0 0.3987070142036476
118.5 0.7431355159721157
119.0 0.5612476689267649
119.5 0.813126218533569
120.0 1.0535353381011006
120.5 1.1986063981472443
121.0 1.6181840678327273
121.5 1.0771150951730313
122.0 0.9330148059791716
122.5 0.420161519871756
123.0 0.6253977958582517
123.5 1.5240935202014292
124.0 1.1621597781876152
124.5 0.6636082094180616
125.0 0.524678452280513
125.5 0.7108402935334874
126.0 0.9288667539895354
126.5 2.0130269383342547
127.0 1.018122958629932
127.5 1.000207548701499
128.0 1.5612244346765745
128.5 0.5878110107442975
129.0 1.0291088098141654
129.5 0.595389071105457
130.0 1.0003587532192673
130.5 1.1286198808091534
131.0 1.1174103505818307
131.5 1.5263042567710374
132.0 0.8874778964749708
132.5 0.7087008608071832
133.0 0.8566415640817631
133.5 1.2198456227682937
134.0 0.7856266019546532
134.5 0.9892696396147496
135.0 1.722609867369637
135.5 1.0087863893835287
136.0 1.0870583350064977
136.5 1.1163448902636377
137.0 2.291431113657112
137.5 0.7820838797732368
138.0 0.9119011147316738
138.5 0.4135463210853391
139.0 1.1026992805891989
139.5 1.1339483683835674
140.0 1.2707719266474142
140.5 0.8858706704119264
141.0 1.2112706351079003
141.5 2.1774813652727816
142.0 1.0489688969587425
142.5 0.8274091933245296
143.0 1.6808288193303387
143.5 1.0595096439500078
144.0 0.8888126439090798
144.5 0.7294162193771927
145.0 1.1977702140310678
145.5 1.0606203460718284
146.0 1.3050972567261738
146.5 1.603663171371577
147.0 1.4367001794186094
147.5 0.6989638216451145
148.0 2.249904172617867
148.5 0.7857547535551628
149.0 0.808846862553378
149.5 2.120688776281972
150.0 0.5773940889949655
150.5 1.19234097891079
151.0 1.0799354860990917
151.5 0.6515933486997929
152.0 0.6505637482530597
152.5 0.2
153.0 1.3440080343769445
153.5 0.7099286043956061
154.0 1.2515280179277217
154.5 1.690224816303652
155.0 0.47972557941807437
155.5 0.8775963941930973
156.0 0.9648559093620663
156.5 0.6836375085386059
157.0 0.5359272153877611
157.5 0.8877136068040439
158.0 0.9159415445667047
158.5 0.28881955456047004
159.0 1.3633253356415187
159.5 0.7442653797572507
160.0 1.0072073500714096
160.5 1.0480303707266279
161.0 1.4601089544361465
161.5 1.5264093729618362
162.0 1.8909082592062672
162.5 1.4163369849691039
163.0 0.4725180487926305
163.5 0.41495456979726764
164.0 0.6062389427215357
164.5 0.5706542832180785
165.0 0.9151756565457625
165.5 1.1455878347760091
166.0 0.7863022263050534
166.5 1.6124721934597324
167.0 1.7494747322999689
167.5 1.2972024716118098
168.0 1.0563608030574199
168.5 1.1100920734620576
169.0 0.8480354452647083
169.5 1.517978738675593
170.0 1.095989559983758
170.5 0.46753573540906923
171.0 1.1554865008016444
171.5 1.1580611176153828
172.0 0.733673780386147
172.5 1.4181294659045027
173.0 1.3533973564891233
173.5 1.6496912589907593
174.0 1.0313578749979184
174.5 0.8125508734309358
175.0 1.2111456210911453
175.5 0.6736084963994424
176.0 1.0832641029879635
176.5 0.7650195104416386
177.0 0.5070063492248383
177.5 0.6079981476858995
178.0 1.6753507292295953
178.5 0.8725204284903341
179.0 0.8242957441800807
179.5 1.078194022414446
180.0 1.621966153847837
180.5 0.8626986188726986
181.0 0.9334897612182851
181.5 0.6349401738422189
182.0 1.473403880669259
182.5 1.448492931414577
183.0 1.1158991554422553
183.5 1.0612459271376662
184.0 1.1440115939850242
184.5 0.6450293304529183
185.0 1.9224598150727004
185.5 0.8699802553584435
186.0 0.8799575818109036
186.5 0.48274223396927984
187.0 1.109557310986386
187.5 0.9855670372220637
188.0 0.8858170552977614
188.5 1.2052591716606036
189.0 0.8805541762852558
189.5 1.5626330632143435
190.0 0.5693015696466743
190.5 0.9045977581161299
191.0 0.874799735608768
191.5 0.512233564202055
192.0 0.7366920586555501
192.5 1.073403867279399
193.0 0.8343474105161912
193.5 0.5761333047210087
194.0 0.6438872410991728
194.5 0.8167513436374885
195.0 1.3917047974179497
195.5 0.9656437383464913
196.0 1.7434306109240114
196.5 0.8474030159415107
197.0 0.4949767479904491
197.5 1.1473708702717054
198.0 1.127233849827147
198.5 0.67914673245201
199.0 1.2613843736609667
199.5 1.4383463209457474
200.0 0.9632789079558193
200.5 0.6600487920861822
201.0 0.8917520493189053
201.5 1.3207392264979279
202.0 1.2233263309436482
202.5 0.7132112507207469
203.0 1.1772188157180963
203.5 0.9900308725161538
204.0 1.0606151867866929
204.5 1.398237205080938
205.0 0.8101698385796565
205.5 0.6933093045456205
206.0 0.6853949847813134
206.5 1.2891512626067345
207.0 1.2856050883309615
207.5 1.088880813973446
208.0 0.9165094836697333
208.5 0.902301347031035
209.0 2.468066118881302
209.5 1.8574137532392854
210.0 0.7021714992017372
210.5 1.1809643150062188
211.0 1.1831353061520447
211.5 1.092535836858569
212.0 1.4126610488037108
212.5 0.9640041511762614
213.0 1.3830133604539534
213.5 0.9676817206175377
214.0 1.2984335790609793
214.5 1.0600837597976516
215.0 1.0053631519270312
215.5 0.4956067849974326
216.0 0.7669148531721197
216.5 1.5290633079918847
217.0 0.9340536966192755
217.5 1.6971460346244012
218.0 1.1608219103326407
218.5 0.6388319828181093
219.0 0.6245824264768974
219.5 1.5623496169485533
220.0 0.6018607484969063
220.5 1.3398632588654897
221.0 1.0260088637816083
221.5 1.0145233206312096
222.0 0.9118718301680129
222.5 0.7651166843709856
223.0 0.9616042871623862
223.5 0.7478909034790493
224.0 1.3709421910405766
224.5 0.3922388435183643
225.0 1.0040123320613994
225.5 1.3816349527806944
226.0 1.243884715962812
226.5 1.3062576263061678
227.0 0.7183505256510669
227.5 2.236275100484529
228.0 2.8755871638987416
228.5 1.224605071601942
229.0 1.1938981192224403
229.5 1.410406445833101
230.0 1.0511223914544412
230.5 1.3284830436601316
231.0 0.8512041017666082
231.5 2.2496081548154763
232.0 0.5228379235719993
232.5 1.0949209927846946
233.0 0.6256546938226439
233.5 0.7296695489790719
234.0 1.0244825208798805
234.5 0.9768084070531486
235.0 1.794135954001118
235.5 1.4676928637184279
236.0 0.6774429007315093
236.5 1.832307368403022
237.0 1.3072780920184868
237.5 1.5523438435286812
238.0 1.645241031516881
238.5 0.450401061792237
239.0 1.4623391091419986
239.5 1.0717052050385383
240.0 1.334922447429216
240.5 0.8528088066741946
241.0 0.653425018456945
241.5 1.0862480801034335
242.0 1.5439562546194652
242.5 1.593926485581843
243.0 0.9978129300409093
243.5 1.1693438525709965
244.0 0.7511934846701889
244.5 1.3740016442532772
245.0 0.9627653111995067
245.5 1.088894268224997
246.0 1.6575615223127684
246.5 1.0630178693457764
247.0 1.121982215641259
247.5 1.2715341257025254
248.0 0.7606324772861657
248.5 1.6375066336175648
249.0 1.8489591544328894
249.5 2.2812056987617506
250.0 0.7918659550163947
250.5 1.7516201399794666
251.0 1.5741698996955296
251.5 0.6154891118794824
252.0 1.6932156275255261
252.5 1.6284668944273166
253.0 0.636195891378055
253.5 1.457247095010715
254.0 0.6233855154622356
254.5 0.9150532746466549
255.0 1.6697551433444624
255.5 0.9468781367861681
256.0 0.2741459020839876
256.5 0.7516507711719702
257.0 0.847670980359535
257.5 1.0619578430111294
258.0 0.9552900622533507
258.5 0.897024483948452
259.0 1.2145990079857998
259.5 1.3461619928066224
260.0 1.317808582476977
260.5 0.8345679661656289
261.0 1.1422218405199422
261.5 0.962516339485834
262.0 1.6170469570038004
262.5 2.1110096753215615
263.0 1.1414680593736457
263.5 0.6891463018793159
264.0 0.49284798836326754
264.5 0.9035354385079972
265.0 0.8180208112710252
265.5 1.0590627741962244
266.0 2.6805232306043565
266.5 1.0495010296954568
267.0 1.118461765892085
267.5 1.0507556377386877
268.0 0.8863705939711526
268.5 1.12136009364894
269.0 1.9875255186049254
269.5 1.0353598062968783
270.0 0.763234183736451
270.5 1.2476409442456324
271.0 1.0764348634347567
271.5 1.1972524737933339
272.0 0.8023940080889874
272.5 1.1237902538498559
273.0 0.4773057944508292
273.5 1.868276864994946
274.0 1.0326348227138318
274.5 1.4029099687576474
275.0 0.7910364525951769
275.5 0.8983854786736372
276.0 0.7074809502579431
276.5 1.5748926357592645
277.0 1.079886665390838
277.5 0.2
278.0 0.8188079198149565
278.5 0.7980636921761937
279.0 1.2192907117953466
279.5 0.5434332468037032
280.0 0.5141272876743646
280.5 1.4203682755003038
281.0 0.6315386535304348
281.5 1.945166855243805
282.0 0.6907349974037365
282.5 1.3073152972562103
283.0 1.4245446622749731
283.5 1.5752654282144254
284.0 1.002016177938757
284.5 0.7752109732550618
285.0 0.7266620219232338
285.5 1.1870118807568608
286.0 1.108307650317907
286.5 1.3964709499299106
287.0 1.393124324507243
287.5 0.8199568953799277
288.0 1.0945064827241038
288.5 0.9008822115523899
289.0 1.0864638586168809
289.5 0.6788871211760581
290.0 0.6658868646928304
290.5 0.6992850987637932
291.0 0.6929072617558939
291.5 1.2176913393460342
292.0 0.9204403332777082
292.5 0.5905650481106703
293.0 1.249067973307644
293.5 2.3325648691819767
294.0 0.7135992166192895
294.5 0.9196561292518429
295.0 0.9353828426157362
295.5 0.8678640500240422
296.0 0.6747232064364321
296.5 0.2501083267472344
297.0 0.5818972807781777
297.5 0.9958059218151141
298.0 0.6981694770351465
298.5 0.7089294690796857
299.0 1.162141010585792
299.5 0.8845957147536787
300.0 1.079630937515514
300.5 1.9714317229220972
301.0 1.9369028900102128
301.5 0.9403376411110365
302.0 0.7850991243829508
302.5 0.9258103678752199
303.0 1.058764210616136
303.5 0.2302968191608521
304.0 1.180497919920396
304.5 1.2733243276511592
305.0 1.3952145892177379
305.5 0.2
306.0 0.8534047126540513
306.5 1.0443977919395773
307.0 0.5221155390258811
307.5 1.3567835811435836
308.0 2.3876393599632157
308.5 0.7760289923763636
309.0 1.4920847450985404
309.5 0.9850522852119725
310.0 0.7378417572584951
310.5 1.2615473230151548
311.0 0.6000319085885981
311.5 1.4652388787194122
312.0 0.8637697275082992
312.5 0.9836201076333022
313.0 0.6559101208350628
313.5 0.9622531158446382
314.0 0.8370258794534997
314.5 0.8437146642779718
315.0 1.7913993101725119
315.5 0.31659138689372335
316.0 1.3127921373915141
316.5 1.1228669763230248
317.0 0.8242983642551226
317.5 0.8885041396137072
318.0 1.631823492379532
318.5 1.3541312533226402
319.0 1.0118936844023272
319.5 0.961224396638108
320.0 0.6615820684880761
320.5 0.2
321.0 0.6526505945781056
321.5 1.5874237809257323
322.0 0.9672626508771001
322.5 2.4041791722738792
323.0 0.5448466330938523
323.5 1.1538580170130432
324.0 0.7803918589944205
324.5 0.9011439175942682
325.0 0.973100078470245
325.5 1.3960002444056474
326.0 2.1594767426468855
326.5 1.9290852272428713
327.0 0.7602159262996545
327.5 0.43865025244800193
328.0 0.4143964166883536
328.5 1.2907621742469269
329.0 1.6016018119139004
329.5 1.8769810387168597
330.0 1.0814010178445974
330.5 0.6097777401156269
331.0 0.8642954639565346
331.5 0.693823444766819
332.0 1.1700962744507535
332.5 0.9058288358736832
333.0 0.473241589134842
333.5 1.0015531240916653
334.0 0.8051685307079548
334.5 1.075632832895314
335.0 0.9072530905525339
335.5 1.6485369617982757
336.0 2.1182859514283803
336.5 1.3867136704621505
337.0 1.8167922473069875
337.5 1.3223753132092004
338.0 0.655022797412004
338.5 2.121766444229617
339.0 0.7520910945286572
339.5 1.200437616546231
340.0 1.2439702295112145
340.5 0.9907934898187665
341.0 0.5166959378586057
341.5 1.3353495719415027
342.0 0.7687048196286687
342.5 0.6342881560090239
343.0 1.3265167648364542
343.5 1.2575396371737957
344.0 0.8076694601170364
344.5 0.8185416259036269
345.0 0.8531258373562236
345.5 0.6561100306186647
346.0 2.200924110803135
346.5 0.7714095538492558
347.0 0.9699681005187426
347.5 1.0507215055118238
348.0 0.7790181866864598
348.5 1.5484166666084682
349.0 0.9428339236169646
349.5 1.7945852261413935
350.0 0.5549480532950994
350.5 1.2104556950846264
351.0 0.8884526344646204
351.5 0.7796057250323107
352.0 1.03883336999344
352.5 1.4768610241880946
353.0 0.6618539143739213
353.5 1.4265889600027335
354.0 1.3077137881316094
354.5 0.79628463488844
355.0 1.1859320913636946
355.5 1.0793003766437796
356.0 1.458533510617274
356.5 1.171878152263989
357.0 1.612359257510169
357.5 0.4216895961750371
358.0 1.1102174743928976
358.5 1.2868244957746962
359.0 1.1519443256737727
359.5 1.091454003631326
360.0 1.799355571421753
360.5 0.8250009667679179
361.0 0.45891242405662147
361.5 1.1211746833077343
362.0 1.1358687698569367
362.5 1.5359547026285583
363.0 1.4945900481124998
363.5 0.8452794398655334
364.0 0.6760690064491672
364.5 0.7381092933797838
365.0 1.2364754944391252
365.5 0.7595116386005232
366.0 0.7997032027091575
366.5 1.1978671586247283
367.0 1.8979648770851703
367.5 1.1404689950336229
368.0 0.7977306157587758
368.5 1.166522176220888
369.0 0.9142051405401279
369.5 0.7714338422381009
370.0 1.1682930690085738
370.5 1.5494246712404656
371.0 1.3907620512200345
371.5 1.0647571054608997
372.0 1.6675142539536822
372.5 1.5566616456214986
373.0 1.5914497048227334
373.5 1.9194934228537894
374.0 1.4213682996337473
374.5 1.4544386728463135
375.0 0.9263011128700813
375.5 1.1658558383982411
376.0 0.8836626420285831
376.5 0.6523176371840848
377.0 0.8031106402540482
377.5 1.2766048464969204
378.0 1.3307315819658991
378.5 0.9251258368618195
379.0 1.3343937115979845
379.5 0.9945476228649814
380.0 0.7712074847003542
380.5 0.7026625101789237
381.0 0.8156582357496844
381.5 1.4435410143200953
382.0 1.1909770634183103
382.5 1.5026796008867458
383.0 0.9015027607483821
383.5 1.2350642338246287
384.0 0.2
384.5 1.5978992470573299
385.0 0.7739119242306401
385.5 1.1616302750843845
386.0 0.8218233895800425
386.5 0.9361267861772704
387.0 0.764721798558412
387.5 0.40224040016016205
388.0 0.6633251322496382
388.5 1.8638368908713723
389.0 1.354514210644468
389.5 1.0297921196127402
390.0 0.614541230959339
390.5 1.5934692476717918
391.0 1.0421683773650763
391.5 0.8439620244914634
392.0 0.9060683930932183
392.5 1.728782487288277
393.0 1.1729453633401294
393.5 0.9358642439802627
394.0 0.9453168263936795
394.5 0.80002309050398
395.0 0.7222983888017116
395.5 2.426733103878136
396.0 0.2
396.5 1.2011717093145804
397.0 1.036675303757103
397.5 1.946101887470485
398.0 0.4975926190382234
398.5 1.4911182346791105
399.0 1.688471218867302
399.5 1.2722599609956675
400.0 0.5617967129886885
400.5 1.1230361176434325
401.0 1.768715832187513
401.5 0.6866573587734032
402.0 0.6184984577327366
402.5 1.3872885567064575
403.0 1.1371948283451154
403.5 0.9343583902363248
404.0 1.5853882969389808
404.5 2.0971684651579925
405.0 0.9211303657496326
405.5 0.42736843253068496
406.0 0.8808097649487029
406.5 0.8242115492575753
407.0 0.7948077659448531
407.5 0.8162435994552797
408.0 1.0642825786163028
408.5 1.1905001005237108
409.0 1.2211211048627568
409.5 0.787192234751693
410.0 0.7174647723007306
410.5 0.8318457596785584
411.0 0.2
411.5 1.31285429052018
412.0 0.7712635231633838
412.5 1.3960915171371266
413.0 1.3882847647287884
413.5 0.9720549573610837
414.0 1.5467568547234045
414.5 0.8126091214810094
415.0 1.0737116200054695
415.5 0.9893698729329743
416.0 1.0005857582986737
416.5 0.7906805039618462
417.0 0.9961636861442698
417.5 0.8613139122162503
418.0 1.6156617080399518
418.5 1.1661287088365238
419.0 0.6119197084851637
419.5 0.8065038436306631
420.0 1.3061770908718748
420.5 1.311581744654192
421.0 0.4836527743669075
421.5 1.4169112595254902
422.0 1.4539192466310409
422.5 1.1207329339554861
423.0 0.9980177364029468
423.5 0.8898044406062597
424.0 1.9770564853794472
424.5 1.201528855767223
425.0 0.779001747856381
425.5 0.685032499378674
426.0 1.1843362969146876
426.5 1.5932436962510752
427.0 0.6899577873522921
427.5 0.8192703022842289
428.0 0.9143276524824766
428.5 1.1076294058956588
429.0 1.2801130388389157
429.5 0.8765404497690006
430.0 1.1850683474933916
430.5 1.1471634443385594
431.0 0.8274719085617517
431.5 1.1253610091232789
432.0 1.3344240148523925
432.5 0.4955854595482616
433.0 1.7283031040689263
433.5 0.8458611720334834
434.0 0.8646096045655645
434.5 1.015032873923388
435.0 0.8416647837294323
435.5 0.6702738842856577
436.0 0.783063714699136
436.5 0.754450920117321
437.0 1.6893372876216501
437.5 1.571714186780155
438.0 0.8501216072319013
438.5 0.7323076211583124
439.0 0.8104863661988374
439.5 1.2283019577071332
440.0 1.6985550137409042
440.5 0.922336169936549
441.0 1.5958002597227612
441.5 0.6889737286714681
442.0 0.6793168727009937
442.5 1.2520468896606856
443.0 1.463622981186776
443.5 1.9311255053149614
444.0 0.6314935223841727
444.5 0.872079578675079
445.0 0.9298475183147392
445.5 1.6707703056692735
446.0 0.5980634911669683
446.5 1.9165910939742736
447.0 1.2730217367035221
447.5 0.6753485077432617
448.0 0.9302689525439993
448.5 0.9749750712084003
449.0 0.9627550395812154
449.5 1.0080673893101353
450.0 0.7753027828548662
450.5 1.6697082916087145
451.0 0.5708125579452761
451.5 0.6952089485091053
452.0 1.5826645165679394
452.5 1.7463537061277037
453.0 0.9429370061861062
453.5 1.0765717939705048
454.0 2.1529164286400353
454.5 0.9762251069949213
455.0 1.3981502118240323
455.5 1.2297209909037274
456.0 1.0462866937700777
456.5 1.2482721908846328
457.0 1.283502158839669
457.5 0.8587637223730744
458.0 2.3299680178255624
458.5 0.8360470598806646
459.0 0.66974508205629
459.5 0.8365973040119261
460.0 1.3450315308571632
460.5 0.6546151821702972
461.0 0.7032238191092719
461.5 0.9216905605890255
462.0 1.9256467204548007
462.5 1.1998723136952731
463.0 1.1959214720592766
463.5 1.6523946067497235
464.0 1.7899966029599321
464.5 1.475456127002837
465.0 0.8646065534389669
465.5 0.8514673969063274
466.0 2.438495633378131
466.5 1.6037904919517367
467.0 0.868122683708918
467.5 1.5188588731118728
468.0 2.085959590828744
468.5 1.4477110216203126
469.0 0.845190154907512
469.5 1.252304113931306
470.0 0.5176853199141123
470.5 1.7451872660037022
471.0 0.8404525083107177
471.5 0.7297304764593072
472.0 0.4214108641761254
472.5 1.6735865108584371
473.0 0.6001388502967389
473.5 1.9102833586399885
474.0 0.9380812071095004
474.5 1.3684148184518807
475.0 1.0953107124271457
475.5 0.6400820126655533
476.0 2.2354044512625366
476.5 1.8260660378582352
477.0 1.1892722953678332
477.5 0.657379171407456
478.0 1.770004342696467
478.5 1.3587653702382547
479.0 0.7763966330534225
479.5 1.0924793496762535
480.0 0.9406830898894257
480.5 0.9807978759907434
481.0 1.0326470350186068
481.5 0.6293007017983853
482.0 0.9135816189811221
482.5 0.8945711450992921
483.0 1.088936932819154
483.5 2.0073962989392395
484.0 0.8384712271706976
484.5 1.5882291976158671
485.0 1.0653902660247652
485.5 0.9359907749188758
486.0 0.7179403035654469
486.5 1.3731301253740513
487.0 0.7927828436181743
487.5 0.894941310916886
488.0 1.0840341990017683
488.5 1.035086561686546
489.0 0.7572176769499455
489.5 0.5059462089367084
490.0 0.8463583619264461
490.5 1.025809493082964
491.0 0.67371581477691
491.5 1.3433383227649425
492.0 1.1539615595508526
492.5 1.0796692800438685
493.0 0.7384494831522526
493.5 2.6863714422436074
494.0 1.6859153234435071
494.5 0.805392383920881
495.0 0.9188109550443959
495.5 0.761201548248376
496.0 1.111401883762402
496.5 0.7163001313156152
497.0 0.9589653578442969
497.5 1.2177190892236265
498.0 0.9841216578432391
498.5 1.2670348452321392
499.0 1.743436790417062
499.5 2.230636118870429
500.0 0.6965258575538789
500.5 0.4392804151469235
501.0 1.1587753842407633
501.5 1.1024302230209697
502.0 1.1792866820227919
502.5 1.355164480803435
503.0 1.0615387372149803
503.5 1.3011256489186958
504.0 1.708540154955514
504.5 1.6330789091621662
505.0 1.1440699256623912
505.5 0.9073630482654649
506.0 2.9986711696335484
506.5 0.9518352269212087
507.0 1.3398256585916775
507.5 0.620231678898059
508.0 1.2457762612075882
508.5 1.3840666885593897
509.0 1.6447998395458585
509.5 0.9977242200945406
510.0 2.135725231992759
510.5 0.6024769439537694
511.0 0.8430097128738675
511.5 0.8930626880774404
512.0 0.6565878266433822
512.5 1.7266870211457068
513.0 1.2971154029642604
513.5 1.4581409790071378
514.0 1.7201316994987947
514.5 0.7346787615826942
515.0 0.5123757566292637
515.5 1.1893571177362428
516.0 2.0835614587454523
516.5 0.7029900931146151
517.0 0.8404379788089487
517.5 1.2448673259376548
518.0 0.6416003843677662
518.5 0.5146435938434731
519.0 1.1756920916106819
519.5 1.5537224164626227
520.0 0.8918254051267445
520.5 1.297469572223686
521.0 1.616784208241216
521.5 0.6967705326513876
522.0 2.4145565893021734
522.5 0.7392895704246938
523.0 0.8866041112427933
523.5 0.7529672586059748
524.0 1.6799512748201817
524.5 0.8643652129503159
525.0 1.1292430508733626
525.5 1.1363046839961088
526.0 1.184908603867484
526.5 1.5341022116932055
527.0 0.91371135312059
527.5 2.4442161287190713
528.0 0.2896538834014608
528.5 0.8475807379058182
529.0 1.5292599949867554
529.5 1.2421136322336555
530.0 1.716754305940446
530.5 1.1194632951262808
531.0 1.321916410811397
531.5 2.0240063829508026
532.0 1.400915776053277
532.5 0.7010393398922732
533.0 0.8074294037741805
533.5 1.4861598280490944
534.0 2.0661913028362875
534.5 1.5427209644317903
535.0 1.6901829973748423
535.5 1.1076616263819128
536.0 0.9172055722895607
536.5 1.3402582120358766
537.0 0.924750050962386
537.5 1.0757119024238662
538.0 1.605454889647785
538.5 0.7851454042807455
539.0 1.0442254136563727
539.5 1.8944591622207785
540.0 0.8086625688578011
540.5 0.5555403840135743
541.0 0.6598899516082128
541.5 1.0397746041959972
542.0 1.190232972076124
542.5 1.0240915537153765
543.0 1.384350749929403
543.5 1.4488549237059427
544.0 1.3758020271883313
544.5 1.32344162086039
545.0 0.8846102825819502
545.5 1.169471482177509
546.0 0.6440302708268819
546.5 1.718149090444091
547.0 1.4079383570582324
547.5 1.2826180304495651
548.0 0.8560321887895146
548.5 0.6752258264865691
549.0 0.8489637598648468
549.5 1.2922722166752685
550.0 0.47270636329609417
550.5 0.4895770235421287
551.0 0.8808267219886794
551.5 0.8769086405451971
552.0 0.955773013558326
552.5 1.4439970081168407
553.0 1.530173259343999
553.5 1.3605600061323702
554.0 1.2725033308246285
554.5 0.9444356528367048
555.0 1.2768632266382727
555.5 0.9174480186383669
556.0 1.013359886803893
556.5 0.9561054035023882
557.0 1.3506877995664146
557.5 1.1606592772805764
558.0 0.6753528484839602
558.5 0.5400284420829453
559.0 0.9050154108070785
559.5 0.7350199176375771
560.0 1.9607704693956447
560.5 1.699581573695088
561.0 1.0862982892826352
561.5 1.1419871298788682
562.0 1.0695718789945508
562.5 1.1547948241620745
563.0 1.218712563423576
563.5 1.0020731193232213
564.0 1.5283061359557064
564.5 1.9267774923028473
565.0 0.935694101510042
565.5 1.1330823510452568
566.0 2.146843300710386
566.5 1.315939952225223
567.0 0.7624514266286337
567.5 0.8267024625351087
568.0 1.3650464898368742
568.5 0.7273677198414903
569.0 0.8920476002795785
569.5 0.6678079525690415
570.0 0.8595205157949917
570.5 1.0827487159546667
571.0 0.7007945117659686
571.5 1.0019858421479246
572.0 1.5125113552507927
572.5 1.2753551479811265
573.0 0.9265401620178371
573.5 0.8028647949007035
574.0 0.2
574.5 1.2134355858534276
575.0 0.891594050485129
575.5 0.9144366950372109
576.0 0.9999962225192403
576.5 0.9700827738034675
577.0 1.4240332594905665
577.5 0.8864768731152033
578.0 1.524269335365509
578.5 0.6616682669392646
579.0 1.0339379135368691
579.5 1.9074873357976023
580.0 0.6083505510039972
580.5 0.6288625218286403
581.0 0.7043697766672413
581.5 1.173178223167822
582.0 0.8289384711151648
582.5 0.6911950589630016
583.0 0.7621985626273611
583.5 0.968888650604449
584.0 1.5097619624595096
584.5 2.705744956009824
585.0 1.3621841495784028
585.5 0.6497679818548873
586.0 0.991068017571491
586.5 1.557032399194735
587.0 0.7471454716168384
587.5 0.9005885104622202
588.0 0.9191642042883612
588.5 0.9010850690385213
589.0 3.6430802905367763
589.5 1.047361561662634
590.0 0.6056643104690312
590.5 1.1669738925821873
591.0 1.0894635668613672
591.5 1.3198896986868713
592.0 1.4968428109773413
592.5 1.119807456294488
593.0 1.8533535936511467
593.5 0.9597832938000612
594.0 0.8649625675696959
594.5 1.3566921524065243
595.0 0.9667754597763067
595.5 0.6283719068748583
596.0 1.0427680309786256
596.5 1.3914552376180835
597.0 0.7487103874579694
597.5 0.7122198957129976
598.0 0.5812118884541021
598.5 0.5475221333447864
599.0 0.43118041402648477
599.5 1.8222253637363295
600.0 0.6824880900619047
600.5 0.6390972448554492
601.0 1.35536799763861
601.5 1.1058554921463304
602.0 1.4209613717482132
602.5 0.7154237489684074
603.0 0.716054250296731
603.5 0.8883979939010338
604.0 1.147357698206696
604.5 1.0457369785938053
605.0 1.693213095700067
605.5 1.2250896455547184
606.0 0.8378037102513882
606.5 1.771791069238633
607.0 0.8201930315233406
607.5 1.2411113541578356
608.0 1.8876889336063982
608.5 1.7992838424238005
609.0 1.5985679154866426
609.5 0.813233880349701
610.0 1.3450933830150866
610.5 1.3248706682336586
611.0 1.5155128440015977
611.5 0.8022917478422152
612.0 0.9522727098666166
612.5 0.6672060340464143
613.0 0.9280839810039045
613.5 0.9721815341493452
614.0 0.47010050424820804
614.5 1.4580638539944517
615.0 0.6228901754727116
615.5 1.008212788341671
616.0 1.2311965129625333
616.5 0.9791148157608409
617.0 0.9539110177123895
617.5 1.5465206979241437
618.0 1.0017667159612684
618.5 1.6071578820149508
619.0 0.3899872882878138
619.5 1.2340776154800386
620.0 0.7650892599290076
620.5 0.8737694139197834
621.0 1.1148621566983576
621.5 0.7467887076462009
622.0 0.6166991368496192
622.5 0.8964981390198594
623.0 1.6414151657152853
623.5 1.7297916154392565
624.0 1.4507057952802707
624.5 1.4422195648502139
625.0 1.3022851250625163
625.5 1.260351188579807
626.0 3.326159742398027
626.5 0.2503433059987433
627.0 1.9102770111144398
627.5 0.8355567904214012
628.0 1.0676968799119964
628.5 1.8719228748798522
629.0 1.7340732634006026
629.5 0.8610097842192617
630.0 0.9631332613737829
630.5 1.0465281290937765
631.0 0.9588193495631785
631.5 1.7447908318350558
632.0 1.757830849561261
632.5 2.4729742713540595
633.0 2.316372524797098
633.5 1.0765820924666727
634.0 0.3604301624686132
634.5 0.7243277507953139
635.0 0.675136250320863
635.5 0.9533497885574748
636.0 1.3532511756494752
636.5 1.1366592699151905
637.0 1.136962072147413
637.5 0.6964464718326698
638.0 1.1783434890885935
638.5 0.6861325352605252
639.0 0.9202574813451441
639.5 0.9576526763055268
640.0 1.20873942266385
640.5 1.9862083519196059
641.0 1.010213801031734
641.5 1.036814362661748
642.0 0.9790718772611922
642.5 1.911350012273242
643.0 0.8116409106810056
643.5 0.7333266172148107
644.0 0.7364473610344157
644.5 0.8910339597547465
645.0 1.340490646318553
645.5 0.8627485828724011
646.0 0.7105297729887101
646.5 0.8113728420712536
647.0 0.7323326806559468
647.5 1.1682131623195846
648.0 1.2592182465219863
648.5 0.9898840254626693
649.0 1.6891365182796638
649.5 0.8496240496020153
650.0 0.960949832844837
650.5 1.0100923546874856
651.0 0.9223584650668128
651.5 0.9425675869263868
652.0 1.2431409818661459
652.5 0.7375916528943074
653.0 1.5475884057094058
653.5 0.6210452076872337
654.0 1.14889096020155
654.5 0.7276283100155532
655.0 0.7016080824043467
655.5 1.171592489790625
656.0 0.4859102925438168
656.5 0.9364464263161105
657.0 0.4740258159660398
657.5 1.4165630674117726
658.0 1.0483771369199206
658.5 1.0324562252775284
659.0 1.3258400894853861
659.5 0.8359718549330134
660.0 0.4301654336119062
660.5 0.5710787512591533
661.0 0.7534702400023745
661.5 1.1473779735010528
662.0 0.8730930101962704
662.5 0.8175965602431855
663.0 0.8759698994837435
663.5 1.1943242621343688
664.0 1.4609632981139593
664.5 2.010061904427564
665.0 1.0475027128616805
665.5 0.3236821761787077
666.0 0.5659906698637722
666.5 1.0659555719716096
667.0 1.327010075962209
667.5 1.0617603653798926
668.0 0.8034712985131068
668.5 0.7549434901215297
669.0 0.5100680205119321
669.5 1.4016079379130608
670.0 1.6534750126185165
670.5 1.4561422615908448
671.0 1.1918701254547996
671.5 1.0612481552808195
672.0 1.1945365359211597
672.5 0.698756773333935
673.0 1.1344569150854824
673.5 1.3238843270894554
674.0 1.076165896970937
674.5 0.8260032719010911
675.0 0.8331536244829241
675.5 0.8078075832822674
676.0 1.4043635282090179
676.5 0.3427028843965798
677.0 0.5255188499779018
677.5 1.0811016655933057
678.0 0.7394896316945587
678.5 0.22734251275872164
679.0 0.6157619469023824
679.5 1.470092548169529
680.0 1.1883988579170963
680.5 0.720720056006251
681.0 0.7886174017786418
681.5 1.8088335747870543
682.0 0.9804405676913766
682.5 1.4913941130429478
683.0 0.7512517346279131
683.5 0.7082900763029474
684.0 1.0165241528553204
684.5 1.292924504505015
685.0 1.4476542163116284
685.5 1.0799262409968866
686.0 0.6975616089118675
686.5 0.706378874175374
687.0 1.5389790048493415
687.5 0.842020341034913
688.0 2.1811608289759117
688.5 0.4302370012575528
689.0 0.5291511747740519
689.5 1.2281290894801014
690.0 1.1584876234568129
690.5 1.0241839680374412
691.0 1.8638348412166255
691.5 0.8485933872944911
692.0 1.4617999626680063
692.5 1.2764334266706001
693.0 0.8486955518442192
693.5 0.9469813905169728
694.0 0.5246232666600391
694.5 1.1466397444087144
695.0 1.0231771983408025
695.5 1.156160984776884
696.0 1.2596293756932477
696.5 1.4648209646416626
697.0 0.2
697.5 0.7284041036925497
698.0 1.2879196831858182
698.5 1.5077709151266734
699.0 0.2834652651373326
699.5 0.945393374014923
700.0 0.8984765140366073
700.5 1.8779592398087233
701.0 1.121067508462445
701.5 0.9263234521273332
702.0 0.8012134545116032
702.5 1.3546032900566995
703.0 1.2361076856160986
703.5 0.7758377272020485
704.0 1.262800960795571
704.5 0.9663301413643955
705.0 1.105207495078527
705.5 0.6708708193320396
706.0 0.6136238160013461
706.5 1.2656928682672017
707.0 0.6603418999464845
707.5 0.9617904726608919
708.0 1.2982117494549388
708.5 1.3694778809101202
709.0 0.829456402154951
709.5 0.8557989525101244
710.0 0.6335375916752353
710.5 0.9530469720689108
711.0 1.1820115906013673
711.5 1.4839589467387104
712.0 0.6630105664386131
712.5 0.7849411484508849
713.0 0.24544254487049733
713.5 1.681524545270387
714.0 0.7370084303153748
714.5 0.824161892427691
715.0 1.2061444156519925
715.5 0.8491906732237811
716.0 1.6337399967697879
716.5 0.7736194989190533
717.0 1.6870494986943125
717.5 1.3560374715847034
718.0 1.3029991889206065
718.5 2.0608359475348554
719.0 0.8489763747190616
719.5 1.4322612438728377
720.0 0.6601749139962939
720.5 0.8447423393633435
721.0 0.6624871058625966
721.5 0.7573503602223928
722.0 1.292075176924473
722.5 0.661293657282465
723.0 1.4531577787646683
723.5 1.3056565243778906
724.0 0.6710787997793162
724.5 1.486983476251785
725.0 0.9155735196133938
725.5 1.2344425450659071
726.0 0.5941263293868317
726.5 0.679313963414168
727.0 2.040500478935507
727.5 0.4998340782311798
728.0 1.1120742022515804
728.5 1.4590936971504052
729.0 1.032236959812157
729.5 1.0681191950531832
730.0 0.44325299524064166
730.5 0.33232990997586886
731.0 1.2876169066613858
731.5 1.3946662136320733
732.0 0.8444397257496288
732.5 0.6638519155183964
733.0 1.8350105761980173
733.5 0.8441467567623269
734.0 2.711271011099556
734.5 1.1958194479772315
735.0 0.8206267294876157
735.5 2.217533361112881
736.0 1.535037767197139
736.5 1.1986410719665612
737.0 1.655819807830516
737.5 1.044296063994718
738.0 1.0497978495427973
738.5 0.7051334147026962
739.0 0.6521051172004257
739.5 0.6328110011234576
740.0 0.5970693054044108
740.5 1.9266889555146816
741.0 0.7341125643015018
741.5 1.3332067247988761
742.0 0.8986663769890779
742.5 1.0306901223276184
743.0 1.5826626015060539
743.5 1.0170380540551007
744.0 1.0848622017155969
744.5 0.7674488959493253
745.0 1.3604528392776132
745.5 2.1031316216625684
746.0 1.202720540436644
746.5 1.3473671869487003
747.0 0.686295817535187
747.5 1.396696945605712
748.0 0.7801671366351102
748.5 0.2
749.0 1.632578665943238
749.5 0.5654788816175087
750.0 1.8973088062465482
750.5 0.7443622970410405
751.0 1.4732715806040586
751.5 1.1579054380129115
752.0 1.6299845142354046
752.5 0.8100365883077978
753.0 0.5592527581543602
753.5 1.5614852869937212
754.0 0.9386664448401548
754.5 0.2
755.0 1.0068159774698717
755.5 1.835258386270513
756.0 0.9546411740060541
756.5 1.0212969886304517
757.0 2.0702910532268213
757.5 0.9829960837669423
758.0 1.6557053476276975
758.5 0.6802041198818594
759.0 1.5916544360143006
759.5 0.5075856536202845
760.0 1.2753612964506693
760.5 1.1669733574797838
761.0 0.6278068845322832
761.5 0.4581204146849398
762.0 0.7469118336335279
762.5 0.545961471036187
763.0 0.5507618041433271
763.5 1.4029083499026362
764.0 0.7530068610826819
764.5 1.3888541611551322
765.0 1.463503657108155
765.5 1.2483729219239024
766.0 1.873797899257811
766.5 0.34566154423675144
767.0 0.7180944228647078
767.5 2.0715145766179055
768.0 1.0015960913372897
768.5 1.0337577455411298
769.0 0.8531302846563558
769.5 1.0243259312997055
770.0 1.1188104475046583
770.5 0.6877365963072275
771.0 0.5115505517995778
771.5 1.0826350735914334
772.0 1.1190502566776128
772.5 0.8582344466608882
773.0 0.9355098233317998
773.5 0.9337154613601804
774.0 1.3053695791771192
774.5 1.0484520090137825
775.0 1.0128816987001155
775.5 1.247849276032715
776.0 2.067936874459626
776.5 0.3893566331268773
777.0 2.1547013129036054
777.5 0.9160752568948853
778.0 1.64846139320728
778.5 1.206637874626442
779.0 0.7718887873714675
779.5 1.430115549034082
780.0 0.7902009700886452
780.5 0.6287498306715942
781.0 0.27082240974366883
781.5 1.018954683339066
782.0 0.8041467636250336
782.5 0.8088042318402879
783.0 0.6870993569967002
783.5 1.2757907065432366
784.0 0.7922003011592162
784.5 0.6740036868163426
785.0 1.2055791876903603
785.5 1.5047228049343273
786.0 0.6953459882048125
786.5 0.9628998343293302
787.0 0.8004436507982359
787.5 1.477622773784519
788.0 1.1651471558032043
788.5 0.7414269752855887
789.0 0.5949322087252574
789.5 0.5950045865763607
790.0 1.0838265415812645
790.5 1.558340960981491
791.0 2.227885709727854
791.5 1.1568975996654327
792.0 0.546032289885233
792.5 1.8736074828582443
793.0 0.9400077323807061
793.5 1.1117523966612324
794.0 0.6568646600171448
794.5 0.7140274872313656
795.0 1.0822135696534732
795.5 0.667134518234623
796.0 0.6310231154569669
796.5 1.1575796727974887
797.0 0.8513133389622156
797.5 1.0813475063095894
798.0 0.8972410583812946
798.5 1.016322464593102
799.0 1.4767301930584966
799.5 1.6973723039301278
800.0 0.6901534774630784
800.5 1.175851402780617
801.0 0.6084811883993876
801.5 0.8350894197377431
802.0 2.6023599045667085
802.5 0.5460485908034515
803.0 0.8580816343719285
803.5 0.7903719049765117
804.0 0.82661947947525
804.5 1.0442948310867808
805.0 0.7240136173925469
805.5 0.8108075042757472
806.0 1.8910723398099343
806.5 1.1585511681810143
807.0 1.617872885736087
807.5 1.0371022591745551
808.0 1.3214907428902305
808.5 1.1635707245692282
809.0 0.6370708665310426
809.5 0.7762674863930978
810.0 0.9403641413372305
810.5 1.2740693195240742
811.0 2.256935579910623
811.5 1.1076832141155277
812.0 0.8354916713533116
812.5 1.0921891968223099
813.0 0.9187839936198705
813.5 0.9544008399209433
814.0 1.5349344715410274
814.5 1.638742592146102
815.0 0.6791056963853004
815.5 1.2051065546695425
816.0 0.7313479235648508
816.5 1.0177188451336938
817.0 0.7472775753448818
817.5 0.8046374563819926
818.0 2.764200948027983
818.5 2.5644128270586863
819.0 0.8283488015546024
819.5 1.0428880767759423
820.0 1.5650883043938812
820.5 0.587107117726471
821.0 0.6531033453103506
821.5 0.71373221530043
822.0 0.8352985443293216
822.5 0.2
823.0 1.2892535840987713
823.5 1.8342863714954176
824.0 2.0046964502002034
824.5 1.314574668011321
825.0 0.9586301357510385
825.5 1.851264928564353
826.0 0.9465637761587762
826.5 1.3650809235794905
827.0 0.7378325674389833
827.5 0.7184610364506853
828.0 0.9053807331062942
828.5 1.475483304261223
829.0 1.0528503452539404
829.5 0.5646193926226767
830.0 1.0368194362040972
830.5 0.8857049749876376
831.0 1.1896610988388228
831.5 1.3522686108001087
832.0 0.2
832.5 0.6365963935015311
833.0 1.3825721386585372
833.5 1.0879981913038228
834.0 0.5754343311245949
834.5 0.8926748563554375
835.0 0.936840785822892
835.5 0.8234001626687264
836.0 0.55216687693049
836.5 0.8248227959654962
837.0 0.7557639152325956
837.5 1.147770232275693
838.0 0.8346159573035012
838.5 1.1284937700515547
839.0 0.9349113219561445
839.5 1.1134498902056031
840.0 1.098888450155019
840.5 0.9995435824660492
841.0 0.7457099756331331
841.5 2.1148596386873084
842.0 0.7517710677998954
842.5 0.6793795485685186
843.0 1.2742871929938044
843.5 1.7368224906588163
844.0 0.8062436406862329
844.5 1.3182751221175637
845.0 1.4339251595855473
845.5 1.0561879590722147
846.0 0.9827675338931565
846.5 0.35882257228591763
847.0 1.6081983965212219
847.5 0.629735121363143
848.0 1.0361962607352098
848.5 0.8028316402015877
849.0 1.2233515601622675
849.5 1.1763505111429458
850.0 0.7797684384612198
850.5 0.6817283838526043
851.0 0.7902630534113297
851.5 1.1006158690469876
852.0 1.4362856101930364
852.5 0.9809856897967237
853.0 1.4339115628790036
853.5 0.7558734590152021
854.0 1.4106308625869919
854.5 1.4512156178571791
855.0 0.8427674434071294
855.5 0.6118057024397827
856.0 1.5139295848895309
856.5 0.8867123438063333
857.0 1.2352327633134652
857.5 1.0764905320702547
858.0 0.6176688737826196
858.5 0.8576732290354561
859.0 1.4194261704903872
859.5 0.8594169742101594
860.0 0.9064449285606044
860.5 0.5467092908548095
861.0 0.9663991833122021
861.5 0.6884903521982702
862.0 0.6950846400618487
862.5 0.6395288455816154
863.0 0.9970925817403968
863.5 0.3538109929130284
864.0 0.6666117261191966
864.5 0.5444250389991216
865.0 1.0247040864196593
865.5 1.8538970880051056
866.0 0.8445609422368922
866.5 0.9494903886422348
867.0 1.0945107380201862
867.5 1.0212032311595791
868.0 1.6468210804192367
868.5 0.5297217635865124
869.0 1.2365950756037638
869.5 0.5092754129755981
870.0 1.2314775242118619
870.5 1.0813121091311393
871.0 0.7800692944630019
871.5 0.7488263438231268
872.0 1.328208637129785
872.5 1.014457002730424
873.0 0.7880358653152975
873.5 0.7766792185003628
874.0 1.0839687312537127
874.5 0.8900851833553585
875.0 0.5563068416997836
875.5 1.4278687556065273
876.0 1.479304742076868
876.5 1.3900754712512124
877.0 0.9967690832125198
877.5 1.0648093576276114
878.0 1.2756093899970788
878.5 0.5198266429988565
879.0 0.7751795646521428
879.5 0.7434008406537755
880.0 1.012140222813135
880.5 0.6229464934685971
881.0 1.6199884826589102
881.5 0.9146107060673787
882.0 1.2528915181243498
882.5 1.3098711315909397
883.0 0.8083335258512481
883.5 1.0590650569707467
884.0 1.1808956990842447
884.5 0.5958418958576939
885.0 1.106931354478046
885.5 1.0901993277240098
886.0 0.5661682615999313
886.5 1.442182236958093
887.0 1.2825181431196384
887.5 0.630310200673118
888.0 0.425405919925568
888.5 0.7324868726569475
889.0 1.9962623915826083
889.5 1.3871831282058593
890.0 1.0295481931151502
890.5 0.9788754791631917
891.0 0.9964333724651868
891.5 1.703888833229787
892.0 1.1692620329253816
892.5 0.9121432701336698
893.0 0.8222495913669527
893.5 1.0799006874981434
894.0 0.7862955043509599
894.5 1.6103029933624837
895.0 1.2377141082947496
895.5 1.7492859626523793
896.0 0.9422992008462291
896.5 1.7335535827528652
897.0 0.6726416507198897
897.5 1.137976305470246
898.0 0.8145755961953931
898.5 0.6361792184537192
899.0 1.7830443692641134
899.5 0.5651931050854371
900.0 1.1094187113963503
900.5 0.7410870593294714
901.0 1.7889534916661476
901.5 0.8858510941445521
902.0 0.7027096718601669
902.5 0.8565131632073433
903.0 0.6921700349774776
903.5 1.572211297359848
904.0 1.0620703521137018
904.5 0.7461242308657299
905.0 0.7848661811649273
905.5 1.6784158950162626
906.0 1.1339515299879244
906.5 0.8649154350774599
907.0 0.31890092069918674
907.5 0.7261028218808097
908.0 0.9413694484022657
908.5 1.1605605648524033
909.0 0.2
909.5 1.7266934203134077
910.0 1.273984749800325
910.5 0.6742835201137454
911.0 1.3877216487709503
911.5 1.6995648574247648
912.0 1.370301375954771
912.5 0.9619779706548237
913.0 1.1901054708504113
913.5 1.0321848840708463
914.0 2.035055152352598
914.5 0.859993205546902
915.0 0.5247597145616218
915.5 0.7654466187378899
916.0 1.234131245749057
916.5 1.132681575649059
917.0 1.4661689533825584
917.5 0.353942988641567
918.0 1.3368749703636598
918.5 1.43373433532027
919.0 1.2245003001203698
919.5 2.02979094723326
920.0 0.8035916591626492
920.5 1.2820980647236724
921.0 0.7364943508242046
921.5 1.3477988556513034
922.0 0.6287725322305956
922.5 1.1757774899596836
923.0 1.2595151687950834
923.5 2.164365967853647
924.0 2.3289198517343417
924.5 1.0397802175742288
925.0 1.9479531928279425
925.5 0.4182415635841394
926.0 1.5048321423871964
926.5 0.6229953586303699
927.0 0.704511206602514
927.5 1.3561361719194591
928.0 0.628390546194938
928.5 0.542054298451778
929.0 0.916055019445134
929.5 1.3591928449945154
930.0 0.8111925972896881
930.5 0.7607773631764501
931.0 0.9561586702835718
931.5 1.1590298721555334
932.0 0.984921516802137
932.5 0.8309880676159955
933.0 0.8327185333436999
933.5 1.1399347845380925
934.0 1.1072081686391726
934.5 0.899221661629706
935.0 1.0378565016925672
935.5 1.3426982388471143
936.0 0.6233834423939157
936.5 1.197108635226664
937.0 0.7599600829313077
937.5 1.6926231544584154
938.0 0.31584496727910694
938.5 0.71203847024079
939.0 1.381112100816956
939.5 0.8140109530764728
940.0 0.5725314647608271
940.5 1.519456627591244
941.0 1.182204033407549
941.5 0.8902664684993498
942.0 0.6143672209088666
942.5 1.7346128651317847
943.0 0.6413746967602434
943.5 1.8926094751794014
944.0 0.8717479895126976
944.5 1.2782501643542825
945.0 1.288899103064833
945.5 0.9809910847533242
946.0 0.7839860003533937
946.5 0.9463965378171281
947.0 1.5796992737266677
947.5 0.7307635208940487
948.0 0.9061509890733761
948.5 1.3295568921632825
949.0 0.9183264450046345
949.5 0.816020582995894
950.0 0.8073120271621566
950.5 0.7580092261829376
951.0 0.737576859607773
951.5 1.1277975168338121
952.0 0.6514001050970147
952.5 1.2265387453846062
953.0 0.8805914094577297
953.5 0.7774664127895854
954.0 1.0155258375019034
954.5 0.8414990635459935
955.0 1.0988469180221396
955.5 1.511809040012463
956.0 0.48932245492285276
956.5 0.863469129110704
957.0 1.3929873390901655
957.5 0.5613914545024223
958.0 0.617424791643246
958.5 0.8970033860968218
959.0 0.6918980544308974
959.5 0.48295668380871604
960.0 1.817528990057617
960.5 1.0057084317146119
961.0 1.1661307305062691
961.5 1.0039771313464938
962.0 1.1099434499205325
962.5 1.0516879059947835
963.0 0.5108095923328606
963.5 1.106737272203754
964.0 1.380040645327679
964.5 0.995942433411364
965.0 2.2695565492673615
965.5 0.7598264162803263
966.0 1.1000843330555636
966.5 1.1511963844194328
967.0 0.8286672386563094
967.5 1.2960010237878423
968.0 0.6798361728344597
968.5 1.4656438289961151
969.0 2.656995039565694
969.5 1.0999226401268063
970.0 0.8699602742785031
970.5 0.47672168179718355
971.0 0.8143881745584893
971.5 1.052297058257565
972.0 1.3360145936991463
972.5 1.5024909787715655
973.0 1.9794022662526967
973.5 1.2560366324955006
974.0 1.087805633269325
974.5 0.9573702974338952
975.0 0.9322186765759144
975.5 0.6402939229585389
976.0 0.4918536055774462
976.5 1.3336323031669965
977.0 0.9283909124307508
977.5 1.2125308931435148
978.0 1.3522433427204867
978.5 1.5458820136142806
979.0 0.9589444733003698
979.5 1.2042022596150364
980.0 1.2054685885300538
980.5 1.4169976854077508
981.0 1.1111365779166507
981.5 0.9901915032078566
982.0 2.5171098700617662
982.5 1.4690093316760304
983.0 1.2587745915193989
983.5 1.1321440419940698
984.0 0.7040145846154466
984.5 1.4436047725855714
985.0 1.7494670013159348
985.5 1.8570518837437144
986.0 1.5751261099475558
986.5 0.8144701836825865
987.0 0.6817392327228688
987.5 1.4815785570900062
988.0 1.1060677578778448
988.5 1.2918186334443262
989.0 0.7911976289025642
989.5 0.6976413756885236
990.0 1.4038008137405105
990.5 0.7948479687004383
991.0 0.7924738018305059
991.5 1.1942841363913137
992.0 0.6232039313775327
992.5 1.182976441078731
993.0 2.3373235518301536
993.5 0.7568898552171763
994.0 0.959391741379811
994.5 1.0605785366379064
995.0 1.730505833798653
995.5 1.7087359663477644
996.0 1.2058462162650632
996.5 0.6242222060469289
997.0 1.8130889112341058
997.5 1.9898935384213445
998.0 1.8985182316826492
998.5 1.5020102174434835
999.0 1.6758948844940036
999.5 1.0390390311574866
1000.0 1.977604590300738
1000.5 1.219310091420342
1001.0 1.2098681791855435
1001.5 1.0759123734395377
1002.0 1.4130017157710915
1002.5 2.071417899831853
1003.0 0.7344528680882664
1003.5 0.9384329328786634
1004.0 1.4870123672445543
1004.5 0.68110144303668
1005.0 0.5927161547793814
1005.5 1.0533526741164172
1006.0 1.0300214474096112
1006.5 1.4465595588213982
1007.0 1.0463877845101306
1007.5 1.1852276501805044
1008.0 1.357087395605455
1008.5 1.5945518712617237
1009.0 0.4420786416301892
1009.5 0.8574928907927762
1010.0 0.9980116150685114
1010.5 1.5259214061510828
1011.0 0.613084312133739
1011.5 1.0079906562915792
1012.0 0.6592733659570468
1012.5 2.0155974357266295
1013.0 1.028909207986218
1013.5 1.1137147626313741
1014.0 0.34584486594027464
1014.5 2.0836546351660834
1015.0 0.8475473107143158
1015.5 1.8493527167371706
1016.0 1.4994966057885906
1016.5 2.0337955856306507
1017.0 0.5781623432394547
1017.5 1.115294165553043
1018.0 1.3613464634463408
1018.5 0.5041437483269905
1019.0 1.2341894589970832
1019.5 0.6225297611748778
1020.0 1.6911392749288698
1020.5 1.1112596953299436
1021.0 1.1290224012874415
1021.5 0.852729179692415
1022.0 0.6564905401353591
1022.5 1.0367521354064753
1023.0 0.6855571592185089
1023.5 0.9743949837132839
1024.0 0.5156665038808717
1024.5 0.7935968075458518
1025.0 2.22817032418898
1025.5 0.9955983620279443
1026.0 0.6939247516939011
1026.5 2.338551267820997
1027.0 1.3928407290505436
1027.5 1.3755673896332226
1028.0 0.8866276158063386
1028.5 0.7407533854916002
1029.0 0.8626725710549684
1029.5 0.8881431342945895
1030.0 0.7999526759198163
1030.5 2.3090015403566424
1031.0 0.657849674722757
1031.5 0.9375205293693645
1032.0 1.6108831195709588
1032.5 1.3103255138523089
1033.0 1.5408357756265434
1033.5 1.4936872399442775
1034.0 0.9442246275848708
1034.5 1.2865414256679375
1035.0 2.0175532669273686
1035.5 0.9083555320060268
1036.0 1.3061405232756933
1036.5 1.0112868000011026
1037.0 1.1838062994686975
1037.5 1.321756454441851
1038.0 0.7243451499432438
1038.5 0.8323144213166536
1039.0 1.0391694158459968
1039.5 0.7261409708933844
1040.0 1.8448256632433386
1040.5 1.0263126880650204
1041.0 1.0487835428204528
1041.5 1.1065184015001286
1042.0 0.4545683029386703
1042.5 1.282386059471005
1043.0 0.9814460139784429
1043.5 1.0147878616509616
1044.0 1.7508950005591966
1044.5 0.7606720142726283
1045.0 1.0557781935188983
1045.5 1.2116170096947747
1046.0 1.2573245632545544
1046.5 0.8522593372859872
1047.0 1.4390397827668453
1047.5 1.6878057733673688
1048.0 0.9495682918881782
1048.5 1.2607782273836659
1049.0 0.8893952500491178
1049.5 0.3327561218111503
1050.0 2.1277618053600955
1050.5 1.6181708581021534
1051.0 1.5638678408577777
1051.5 1.4667371951921973
1052.0 1.7736579188972028
1052.5 0.8248421391111785
1053.0 1.0497926752471245
1053.5 0.8273958440475455
1054.0 1.8270306590782548
1054.5 1.7823454263941585
1055.0 1.7524341268112815
1055.5 0.6750809556029641
1056.0 0.8163872870903155
1056.5 0.48263932163483725
1057.0 0.64567765918246
1057.5 0.6914497833934503
1058.0 0.6327623622393136
1058.5 0.9533036828488155
1059.0 1.5306407755150273
1059.5 0.8852591646035552
1060.0 0.6124142556523197
1060.5 1.1763503764504644
1061.0 0.8229544524751151
1061.5 0.7512919635342881
1062.0 1.4998657391511583
1062.5 1.0020551304524579
1063.0 0.9506865700608083
1063.5 1.4724885883822485
1064.0 0.7173668726685417
1064.5 1.0949858788172535
1065.0 1.3075868937200448
1065.5 0.6113741973713884
1066.0 0.8410792805504986
1066.5 1.2739949568116975
1067.0 1.2377198920169221
1067.5 1.0468000667050321
1068.0 1.0174817203635045
1068.5 1.9237829873003662
1069.0 0.7952765144207505
1069.5 1.581443491998754
1070.0 0.8837521171973148
1070.5 1.0366591825251552
1071.0 0.8409094238831277
1071.5 1.119141133609903
1072.0 0.5045519719204419
1072.5 0.5803818359884524
1073.0 0.7360563524333257
1073.5 1.1677392379675227
1074.0 1.5003798805020354
1074.5 1.8141495662774465
1075.0 1.447325738438411
1075.5 0.8743558265135689
1076.0 0.7083592023698183
1076.5 1.1967037070716255
1077.0 1.495964026955443
1077.5 1.2417633731869753
1078.0 1.7842360755739501
1078.5 0.4420838439970881
1079.0 1.0300217450296096
1079.5 0.7271031828392449
1080.0 0.8716955759689927
1080.5 0.7453806271412862
1081.0 1.0487828551527656
1081.5 1.1037624493715963
1082.0 0.8926937914454361
1082.5 0.683157837165292
1083.0 0.8842180677014888
1083.5 0.9087454808434354
1084.0 1.1035215857974705
1084.5 0.8694638023593788
1085.0 1.248772336487196
1085.5 1.537091489356864
1086.0 1.2291908328185075
1086.5 0.3776733503038042
1087.0 1.923025664715159
1087.5 0.5719072730586625
1088.0 1.0993096269657054
1088.5 0.9161662369931709
1089.0 1.6083741853416949
1089.5 1.2876053980930036
1090.0 2.395903128699016
1090.5 2.3046672323426627
1091.0 1.6738810510145186
1091.5 1.5531310136107859
1092.0 0.8251262162745903
1092.5 1.3330740185817052
1093.0 1.3695573723530154
1093.5 1.2745118182609416
1094.0 1.6552312759798322
1094.5 1.2689795575243903
1095.0 0.7423108536547909
1095.5 0.8400984411467156
1096.0 1.1351605470890627
1096.5 0.6904035006713494
1097.0 0.3626181145763213
1097.5 1.661434951152713
1098.0 1.6185226461853826
1098.5 1.2746611592952755
1099.0 0.6529850628488827
1099.5 0.7299063205580252
1100.0 1.6624935279400086
1100.5 1.005929744444597
1101.0 1.032013772460145
1101.5 0.36601739317893545
1102.0 0.9405027103513206
1102.5 2.2919099542817127
1103.0 1.4009540117918047
1103.5 0.8031949766585997
1104.0 0.4251627743017202
1104.5 0.7422039258302455
1105.0 1.1703002012926074
1105.5 2.0728524494677862
1106.0 1.881866074444143
1106.5 1.365924758924895
1107.0 1.3735651000206002
1107.5 1.0253719999864424
1108.0 1.3175964810036627
1108.5 1.8207983923522986
1109.0 0.7024626860983143
1109.5 1.5490952183114421
1110.0 0.9864609353842675
1110.5 1.2869803505457362
1111.0 0.616381451641581
1111.5 0.7470627310398369
1112.0 1.4661892516082005
1112.5 1.2586483674384388
1113.0 1.7907991551368951
1113.5 2.4507310348736793
1114.0 2.8540862867177896
1114.5 0.7674525409059064
1115.0 1.199378628152464
1115.5 1.7975168321391315
1116.0 1.4913325593095625
1116.5 1.0793700691185986
1117.0 0.8268353091150105
1117.5 1.4184053536039607
1118.0 2.4306845386038987
1118.5 1.2100758750548737
1119.0 1.0961597275012915
1119.5 1.2122165646803615
1120.0 3.2026623544045854
1120.5 1.3294071990844665
1121.0 1.291617254808193
1121.5 1.4587746678850801
1122.0 1.0466043543812056
1122.5 0.92780151513227
1123.0 1.1355582172860172
1123.5 1.2491115669183228
1124.0 0.9086833800484997
1124.5 1.4168384491631398
1125.0 0.8084755991274402
1125.5 1.5533031665026962
1126.0 1.1316218461561975
1126.5 1.795556341752334
1127.0 0.979341507449488
1127.5 1.854599124704626
1128.0 0.5729421760513731
1128.5 1.04682575476071
1129.0 1.5385333804473245
1129.5 0.988965305530087
1130.0 0.7833594689815593
1130.5 1.9981242886920365
1131.0 0.9430772124125881
1131.5 2.1717991553556195
1132.0 1.0930236089308067
1132.5 0.912096561712781
1133.0 0.8575561299123846
1133.5 0.5111767487254195
1134.0 1.1681119455271176
1134.5 1.5370646788235172
1135.0 2.0158969074399966
1135.5 1.4983385393520556
1136.0 0.7751802817706909
1136.5 0.9708141259019687
1137.0 1.2553245056834592
1137.5 1.1023828719366302
1138.0 0.9872358014598671
1138.5 2.601113583355704
1139.0 1.4542722579116782
1139.5 1.2806562955540948
1140.0 1.325027323163129
1140.5 1.0002220557877972
1141.0 1.8713751891256794
1141.5 0.5477974682617344
1142.0 0.970130064006663
1142.5 1.288334811907413
1143.0 0.6721691186027832
1143.5 0.7312615249990662
1144.0 1.0692899527151831
1144.5 1.068183625157906
1145.0 0.8463216203011497
1145.5 1.3252743547406087
1146.0 0.827421366065611
1146.5 1.1817403859113391
1147.0 1.6990420248025273
1147.5 0.882867799804806
1148.0 0.61429097808222
1148.5 0.2513171901132955
1149.0 0.6649023941132151
1149.5 0.6552364450739148
1150.0 0.7133958111217475
1150.5 0.867322092254598
1151.0 0.9687553383579088
1151.5 0.8496102154798525
1152.0 0.41181820077955367
1152.5 0.8558961485409007
1153.0 1.635242390632977
1153.5 1.4379531414329576
1154.0 1.4931844182338165
1154.5 0.5107435665152236
1155.0 0.7197785998628949
1155.5 0.7661275720123095
1156.0 1.3939993455106048
1156.5 0.7648448612967305
1157.0 1.6114449357266292
1157.5 0.7632266396867093
1158.0 1.3128819469127238
1158.5 0.8263990889911739
1159.0 1.2945445939056608
1159.5 1.0025143417407707
1160.0 0.7956618625328976
1160.5 1.4427618199931356
1161.0 1.0576007968358279
1161.5 0.74266888947548
1162.0 1.1423858723307856
1162.5 0.8853280757397339
1163.0 1.889368058178463
1163.5 0.7079271579698396
1164.0 1.5508858754285566
1164.5 0.9343715817980858
1165.0 1.1502018478095488
1165.5 2.5662393111209374
1166.0 0.8416710089243133
1166.5 1.0650051267524727
1167.0 0.9574962187122178
1167.5 0.7401003250605225
1168.0 1.138519586169849
1168.5 0.5214827359079859
1169.0 0.7710049423634481
1169.5 1.5149629710616752
1170.0 0.6087638017078191
1170.5 1.4869561750429314
1171.0 0.659533742348672
1171.5 0.9591653376726155
1172.0 0.9274715741286376
1172.5 0.8181860085494891
1173.0 0.6852612780102896
1173.5 0.8385784921959785
1174.0 0.9743352317280516
1174.5 0.35797300280633804
1175.0 0.9461904337993639
1175.5 1.4648842069668369
1176.0 0.6241955879494472
1176.5 1.2141727965029472
1177.0 1.6328762865599618
1177.5 1.2297153394323974
1178.0 1.1410572876929534
1178.5 0.7341787219575369
1179.0 1.0416288264170934
1179.5 0.9811120383976627
1180.0 0.7467328339087764
1180.5 0.9279905535970304
1181.0 0.7361999879283462
1181.5 0.7950088072842929
1182.0 1.0759718950151058
1182.5 1.3482935615384273
1183.0 0.7041660242550863
1183.5 0.9885852604040657
1184.0 1.3917390937110024
1184.5 1.2137987982324443
1185.0 0.8994779154781667
1185.5 0.6743051183172106
1186.0 0.9243109957564641
1186.5 1.026669134046035
1187.0 0.7526839551609504
1187.5 0.7523166657251632
1188.0 0.5780683899923329
1188.5 0.8259411232733371
1189.0 1.094092626396467
1189.5 1.4311248974942905
1190.0 1.3551051678920494
1190.5 2.135648938557897
1191.0 1.5783135636619328
1191.5 1.5136731530153247
1192.0 0.6148111988780224
1192.5 1.1360748690718006
1193.0 0.7677077716316232
1193.5 1.298281422269331
1194.0 0.5457290250965108
1194.5 1.348470072002989
1195.0 1.6509466994119935
1195.5 0.4612348470544909
1196.0 0.6225018147907115
1196.5 1.473060070303021
1197.0 2.027409452836144
1197.5 0.9685953075784601
1198.0 1.4367089439716922
1198.5 1.5290195976518302
1199.0 1.0587921767731812
1199.5 1.5817753223748743
1200.0 1.631484619764466
1200.5 1.5632033023358662
1201.0 1.6302581797411173
1201.5 1.0511644796938413
1202.0 0.7528769650516988
1202.5 0.9003821378239623
1203.0 1.084206666801458
1203.5 1.00852597201187
1204.0 1.0866194754787286
1204.5 1.9888393669599926
1205.0 1.5651344558430162
1205.5 0.7262447931860092
1206.0 1.052468537842184
1206.5 1.8089933051402491
1207.0 1.1427496661207022
1207.5 0.7440724175261162
1208.0 1.7390975372627628
1208.5 0.9131964820258991
1209.0 1.0377678322044372
1209.5 0.8357000979553497
1210.0 1.0500994394302796
1210.5 0.6672075309335477
1211.0 1.7736526577673428
1211.5 0.9599543181095431
1212.0 0.9443643188968839
1212.5 0.7204887245467143
1213.0 0.7097316438902562
1213.5 2.778897500877352
1214.0 1.3461945804848785
1214.5 0.6327613234726956
1215.0 1.0237664901506625
1215.5 0.6133003924834874
1216.0 0.9499994346577243
1216.5 0.9569485944120537
1217.0 1.6861553908288611
1217.5 0.7286107599399765
1218.0 0.9276797898208772
1218.5 1.0735402231691977
1219.0 1.2562338138429026
1219.5 1.3110066971163403
1220.0 1.171951440929235
1220.5 0.5906308118115051
1221.0 1.492178671201861
1221.5 0.6499099445104058
1222.0 1.049813795741528
1222.5 1.4802724931725395
1223.0 0.4355269618078533
1223.5 0.41033624157102205
1224.0 1.2861811411094086
1224.5 1.726282434535543
1225.0 2.0620871716460276
1225.5 0.8268393844743833
1226.0 0.5838326240692915
1226.5 1.534913553256873
1227.0 1.0534142773492292
1227.5 1.868387786510381
1228.0 1.860433329354961
1228.5 1.0155277383140389
1229.0 0.44016247801222225
1229.5 0.8610258605022669
1230.0 1.561255611666993
1230.5 0.8492980651629496
1231.0 1.6172157480512337
1231.5 1.527785207241733
1232.0 0.7561073822800699
1232.5 1.7548168534535944
1233.0 0.7370588870559021
1233.5 0.4049379704936866
1234.0 1.6052788892779555
1234.5 0.7720791628690835
1235.0 1.9612495968965784
1235.5 1.1973805841101943
1236.0 0.9189748641127302
1236.5 1.2568656999992267
1237.0 0.8072020933117721
1237.5 0.6660812280856678
1238.0 0.8528193476743976
1238.5 1.4768251510761505
1239.0 1.1255729602853084
1239.5 0.6256915433147686
1240.0 0.7935287759084797
1240.5 1.769503467895888
1241.0 0.8497687032685042
1241.5 1.4335121752747049
1242.0 0.9044931377480323
1242.5 1.12346564779542
1243.0 0.6135981430404724
1243.5 0.823552713060673
1244.0 2.2239939182784
1244.5 0.674955690304218
1245.0 1.7228519573659828
1245.5 1.6031821617559472
1246.0 1.1791696584187674
1246.5 0.8187664851293024
1247.0 1.8407000963217577
1247.5 0.7431431588977194
1248.0 1.9247412163946875
1248.5 0.7530713960454081
1249.0 0.9621642529112986
1249.5 1.09938561536396
1250.0 1.1573759966849115
1250.5 1.088201805016281
1251.0 1.4928398146091904
1251.5 1.0044357783559061
1252.0 1.1309099962133013
1252.5 1.2342588572028599
1253.0 1.7697875505701175
1253.5 0.6446066049497992
1254.0 0.9266974179751202
1254.5 1.7222185490789776
1255.0 0.9173599316325116
1255.5 1.2517090070486017
1256.0 0.9600725740374545
1256.5 1.2246117936844905
1257.0 1.0485204434955457
1257.5 1.7350200851945559
1258.0 1.9297239371499937
1258.5 0.9135107276831642
1259.0 1.2846578838988312
1259.5 1.081516386451779
1260.0 0.8333688268475867
1260.5 1.6633320252173602
1261.0 0.765592328769503
1261.5 0.6395407226352301
1262.0 1.1745353963315828
1262.5 0.8194168780184469
1263.0 0.840673038668639
1263.5 1.3326302930339615
1264.0 0.8199822668673171
1264.5 0.9086655421944665
1265.0 0.9232896691212817
1265.5 0.8693234278331334
1266.0 1.3672584833176118
1266.5 1.5105400417811952
1267.0 0.9409387122687072
1267.5 0.8220485711369926
1268.0 2.5986812601847102
1268.5 1.2133793423608144
1269.0 0.988214651941302
1269.5 1.2887575293273705
1270.0 1.1832270481724547
1270.5 0.7208471301567623
1271.0 0.671457226749127
1271.5 0.7475763038686776
1272.0 1.0161457795288018
1272.5 1.3126315878552428
1273.0 0.6353757291084575
1273.5 0.9490414963453735
1274.0 0.7732451478877844
1274.5 0.8346319207189339
1275.0 0.7532265404441756
1275.5 1.8225734837951442
1276.0 1.1723061171586717
1276.5 0.8526652860336912
1277.0 1.9000219958021898
1277.5 0.6860259799534004
1278.0 1.8465614245160258
1278.5 1.5316016811937931
1279.0 0.8048375496246569
1279.5 1.744992621410185
1280.0 1.5917331494015496
1280.5 0.9883226491368418
1281.0 0.8256649078663527
1281.5 0.7507909948842193
1282.0 1.0959081645862985
1282.5 1.5251585495421676
1283.0 1.2865687528801646
1283.5 1.2369924476301903
1284.0 0.9082858869354151
1284.5 1.1174626806546233
1285.0 0.7743723204501902
1285.5 0.9919915367077701
1286.0 0.9028722631274362
1286.5 0.6570919025986002
1287.0 1.3151368974019921
1287.5 1.8395258184779246
1288.0 0.7176231531221244
1288.5 0.9545260145993444
1289.0 0.6178479853952143
1289.5 1.7255763079310262
1290.0 0.600302835938031
1290.5 1.6564705986995238
1291.0 0.9311910119086197
1291.5 1.3177889599087877
1292.0 1.4200427965619178
1292.5 0.6008714983322088
1293.0 1.9665405863034804
1293.5 1.7172722608009074
1294.0 1.9188050009818087
1294.5 0.8235104527090464
1295.0 1.797511611866236
1295.5 1.0298201664750901
1296.0 0.9475969910659565
1296.5 0.6187250920187295
1297.0 0.6658311093161458
1297.5 1.0813773642693307
1298.0 0.6406800609815504
1298.5 1.7796030931559386
1299.0 0.8215309472410477
1299.5 1.178087008058402
1300.0 1.8698371791957051
1300.5 1.397631299790779
1301.0 1.0827048745877892
1301.5 1.0851880498395472
1302.0 0.5884865432933075
1302.5 1.3637695036179835
1303.0 0.9908034594083307
1303.5 0.7859964720961277
1304.0 1.1207157476440361
1304.5 1.735109023205357
1305.0 0.8656497402079492
1305.5 0.8624615914309433
1306.0 0.850327930598665
1306.5 0.7144707309572393
1307.0 1.5881371747891033
1307.5 0.9389580026735767
1308.0 0.7972156252451681
1308.5 0.7281581267308266
1309.0 0.4619499428753211
1309.5 0.8461998232155135
1310.0 1.3118285373729104
1310.5 1.1416401575061992
1311.0 1.164046379884324
1311.5 1.373883168799802
1312.0 1.486908361198521
1312.5 0.7076767718462159
1313.0 2.3874239999498723
1313.5 1.175391261931836
1314.0 1.0956924420120102
1314.5 0.8541790670863907
1315.0 1.3100275008679203
1315.5 0.6943270709091913
1316.0 0.6864604834750103
1316.5 1.906874771567562
1317.0 1.0804140073366537
1317.5 1.3932959123435813
1318.0 1.1726452697965422
1318.5 0.6268124683179248
1319.0 0.5770615797481675
1319.5 1.3533612584537231
1320.0 0.8171975602005246
1320.5 1.0473636513056315
1321.0 2.0111483296577073
1321.5 1.6230166773666905
1322.0 0.7898145314188416
1322.5 1.3041261040323553
1323.0 1.3247993714410158
1323.5 1.1238023501200913
1324.0 1.2604805099577336
1324.5 0.9182466566613801
1325.0 1.9220540362230922
1325.5 0.9749380784968107
1326.0 0.9370270668837568
1326.5 0.6529535241315236
1327.0 0.6278523990136939
1327.5 0.7062736548701283
1328.0 0.6661818978054809
1328.5 2.2967370550747113
1329.0 2.254265200919763
1329.5 0.555175536407911
1330.0 0.7260084662973663
1330.5 1.9508073600070057
1331.0 1.0016075472500483
1331.5 0.6428897989599276
1332.0 1.2194557441340772
1332.5 1.5255310978398384
1333.0 1.026324488775606
1333.5 1.7176212816542304
1334.0 0.7817954903614888
1334.5 0.9649921205250719
1335.0 0.7534094084816725
1335.5 0.4999680735754034
1336.0 0.743381943957912
1336.5 0.9343157055845148
1337.0 1.7227773902330847
1337.5 0.8382177344708494
1338.0 1.2890146987279754
1338.5 1.6894374952614113
1339.0 1.0809443675898311
1339.5 0.905247235365735
1340.0 0.7651459705925758
1340.5 1.0487893465559188
1341.0 0.37854669297647237
1341.5 1.0533159906323417
1342.0 1.0912128910918257
1342.5 2.1762889401304246
1343.0 0.7338973846230307
1343.5 1.183898077423845
1344.0 0.9429737916794011
1344.5 0.8754507868897528
1345.0 0.9599261488884905
1345.5 0.8008471571029104
1346.0 1.2554636365660174
1346.5 1.5046153473092485
1347.0 1.5671149187131148
1347.5 0.8434689601671979
1348.0 0.8151835837214594
1348.5 0.8089692433369067
1349.0 0.7687391026054304
1349.5 0.7935627935181063
1350.0 1.6923147851609324
1350.5 0.7849620819330185
1351.0 1.5184023369404254
1351.5 1.692673820780504
1352.0 1.4799016400194902
1352.5 1.0424962764802077
1353.0 1.031983292285779
1353.5 0.8273672868641584
1354.0 1.30586048449857
1354.5 0.7148256276874905
1355.0 1.2574003532899987
1355.5 1.9489629656876257
1356.0 1.5161305691718252
1356.5 0.624217977112273
1357.0 0.9293861068009156
1357.5 1.115341985807721
1358.0 1.6391099960907116
1358.5 0.7605373192287308
1359.0 0.45431439583243044
1359.5 0.7009276144143828
1360.0 0.664464151600343
1360.5 0.9264924435634108
1361.0 0.495875004833538
1361.5 1.1938980089242783
1362.0 0.9473990173095768
1362.5 1.7477455789149934
1363.0 1.061855313762014
1363.5 1.2232323992434966
1364.0 0.713222478846314
1364.5 0.8790747400504406
1365.0 0.5519270731141597
1365.5 1.0797143173577035
1366.0 1.6722433154719136
1366.5 0.2709889989902401
1367.0 0.6520471464406248
1367.5 1.5988957797490289
1368.0 1.5570525170919873
1368.5 0.6005284658183181
1369.0 0.859621843375568
1369.5 0.7195274183030271
1370.0 1.433132323043183
1370.5 1.517815091090837
1371.0 1.189514362516688
1371.5 0.4851819754960769
1372.0 1.3282605325832304
1372.5 0.6551345346708276
1373.0 0.516848747194179
1373.5 2.065563397426611
1374.0 0.3583487794499789
1374.5 0.8199363445622008
1375.0 1.0235557718861943
1375.5 1.047562095530529
1376.0 0.6423896550645868
1376.5 0.692939476193331
1377.0 0.7524095348490124
1377.5 2.0624897686705292
1378.0 1.2217577041565035
1378.5 1.3003319745111286
1379.0 2.0566836735020253
1379.5 0.5962659396577624
1380.0 0.9223062653412069
1380.5 1.8303709326942048
1381.0 0.49793037609570245
1381.5 1.1505563254504536
1382.0 1.0829831338292975
1382.5 2.0937545576457794
1383.0 0.5930454201678066
1383.5 0.7931063600220625
1384.0 1.2403437670362378
1384.5 0.7736942227881727
1385.0 1.4075387825602186
1385.5 1.2931093569871233
1386.0 0.754585185104747
1386.5 1.3102704634307032
1387.0 1.0116577783668819
1387.5 1.01288093430846
1388.0 1.4659356927757416
1388.5 1.5332004860967585
1389.0 1.0129123609426003
1389.5 0.6625970045647169
1390.0 3.3608377976774206
1390.5 0.8894710261994063
1391.0 1.678370286795781
1391.5 0.672468540361694
1392.0 0.8584589873932196
1392.5 1.8578771107691152
1393.0 1.0628516521010998
1393.5 1.74149677879733
1394.0 0.6013587170581565
1394.5 0.8317652345038251
1395.0 0.9002033717139046
1395.5 1.2144490308606284
1396.0 1.0715872311239747
1396.5 1.8353811531198008
1397.0 0.8222455872607173
1397.5 1.1068368346104767
1398.0 0.40331158333978767
1398.5 0.3361741453910839
1399.0 0.6807514750277885
1399.5 1.6381099427890384
1400.0 0.8418037537991161
1400.5 0.5870988863925402
1401.0 0.9429654839218304
1401.5 0.5086068529994724
1402.0 0.7297955156248631
1402.5 0.2
1403.0 0.9737362441301229
1403.5 0.30542187338263543
1404.0 0.9861444733216447
1404.5 0.8711637199421958
1405.0 0.46816761377098026
1405.5 0.8804018013665464
1406.0 1.4836524090318286
1406.5 1.1952978638242802
1407.0 0.8686389663814063
1407.5 1.5166409882634277
1408.0 1.6032448510307367
1408.5 0.9786220735584341
1409.0 0.9738949434046573
1409.5 0.7577677397973837
1410.0 0.8336625469378344
1410.5 0.8534699224868803
1411.0 1.3586625975076096
1411.5 0.9277941945309267
1412.0 0.7078764814708159
1412.5 0.704318643600234
1413.0 2.038026276704271
1413.5 1.0118790167480556
1414.0 0.9370558594437356
1414.5 1.179684787864784
1415.0 1.5009073803251933
1415.5 1.187381099517225
1416.0 1.1176552285502634
1416.5 1.0005831355633092
1417.0 1.023691182781903
1417.5 0.6517924432400015
1418.0 1.022347949340684
1418.5 1.6664269398520015
1419.0 0.7491901890338561
1419.5 1.579503739809565
1420.0 1.683343505698121
1420.5 0.8357259195981206
1421.0 0.6152966105835991
1421.5 0.6805088180657655
1422.0 1.2309770220012268
1422.5 0.43809543330505507
1423.0 0.8345407850317796
1423.5 2.016648287003761
1424.0 0.8724564258843424
1424.5 0.9716801574027509
1425.0 1.161670477138648
1425.5 1.6210262870896694
1426.0 0.8006332837603678
1426.5 1.3827176247787065
1427.0 1.428434799781083
1427.5 1.587981121389904
1428.0 1.3220453581897336
1428.5 0.8016325066846051
1429.0 0.6619324171973511
1429.5 1.4547233109450004
1430.0 0.679720814108991
1430.5 1.0792797750833014
1431.0 1.2628022031710766
1431.5 1.6425350947129842
1432.0 0.9778519690982947
1432.5 0.6374477423802039
1433.0 0.5821725102005657
1433.5 0.8150448703755035
1434.0 1.7788319207734475
1434.5 1.3067108593552168
1435.0 1.7894043238320712
1435.5 1.3347700910761158
1436.0 0.7212206009816032
1436.5 0.7886320594976088
1437.0 0.7169414816508503
1437.5 0.5756509118265648
1438.0 0.7451869202356336
1438.5 1.1224773566902504
1439.0 0.9623419041964065
1439.5 0.8845281353250078
