0 0.6249976545299261
0.5 0.7688844536713362
1.0 0.8718262811801474
1.5 1.231385130489429
2.0 1.0159438241406638
2.5 1.373718925674877
3.0 0.628761401298046
3.5 1.416464873187278
4.0 0.7775142576281368
4.5 1.5061517116275436
5.0 0.8274633034276546
5.5 0.5982358641746905
6.0 0.5567596747049982
6.5 1.6670463007170992
7.0 0.7694053846761675
7.5 1.3807418069890183
8.0 1.585621963778232
8.5 1.4396817490451217
9.0 0.49960184708961547
9.5 1.5652033046166767
10.0 1.0755475660158902
10.5 0.7923306332667204
11.0 0.8189154569565177
11.5 1.9398240091754773
12.0 1.149147708066525
12.5 0.37999973330247916
13.0 1.2658282434722188
13.5 1.116949520775926
14.0 0.6098111000156403
14.5 0.7800972027760776
15.0 1.0368188617995946
15.5 1.6795780921091295
16.0 1.4661084201481493
16.5 2.4378479790828544
17.0 0.7396097098215886
17.5 1.27910955438976
18.0 0.8437051440553036
18.5 1.194841580657381
19.0 0.8057849685340424
19.5 0.7402425686448546
20.0 0.7648711050229509
20.5 0.8788801180265127
21.0 0.5543423136095618
21.5 1.4837186729922487
22.0 1.3552522553880175
22.5 1.1369399324792997
23.0 0.7744139744619563
23.5 0.9363491059552971
24.0 2.427551391539665
24.5 1.207743695753618
25.0 1.4045695652628314
25.5 1.3060916838521852
26.0 0.8723762539785949
26.5 1.0880102525599007
27.0 1.174174812611726
27.5 0.7031834602869269
28.0 0.9602577097541002
28.5 0.638354053244744
29.0 0.9016112137771021
29.5 1.373369919687954
30.0 0.7743731399723068
30.5 0.6149385663706681
31.0 1.8054386879210276
31.5 1.3992607965376214
32.0 0.9971213528069183
32.5 0.6276738640520325
33.0 1.1984697413909609
33.5 0.9303519547566652
34.0 1.5549270227020084
34.5 1.36230143942219
35.0 1.9019247417307472
35.5 1.0060483518572851
36.0 1.4410774822703787
36.5 0.2
37.0 0.8637640906411925
37.5 0.7245451178246098
38.0 0.44666929425726676
38.5 0.49517109233421186
39.0 0.8824697120710288
39.5 1.860498826990756
40.0 0.44095140961542245
40.5 0.26522787997454605
41.0 0.8886310904118842
41.5 0.7586914523051316
42.0 1.6763104451553128
42.5 1.9001831141171972
43.0 1.1217065287496517
43.5 0.7332496545975062
44.0 0.5098682277953069
44.5 0.8586398937079118
45.0 0.5750470899237609
45.5 0.5535602567904216
46.0 1.0507910948078754
46.5 1.2724856451852882
47.0 1.0437563426429146
47.5 0.7449502320044161
48.0 0.36298602577818706
48.5 0.663800642223108
49.0 0.7833837512452835
49.5 1.0549655292580726
50.0 0.7397485853524776
50.5 1.0588845480376583
51.0 1.0150143780698078
51.5 0.5223387916127906
52.0 2.1023144881268565
52.5 0.9657172104991227
53.0 0.8489388287864326
53.5 0.6222488438392375
54.0 0.8696710468733617
54.5 0.29198179410734476
55.0 0.7377408255926098
55.5 0.5489039196363162
56.0 1.0742865883505441
56.5 0.44971140684434285
57.0 1.262829728992862
57.5 1.6114406425364527
58.0 0.8653811763130344
58.5 0.7334701033425346
59.0 1.0519070951402363
59.5 0.7851097876234533
60.0 1.0512613894299574
60.5 0.6502037827024636
61.0 1.1146267282434654
61.5 0.9840874075528877
62.0 1.1749699530414148
62.5 1.5809583556331601
63.0 1.1678539775564458
63.5 0.3203128120077697
64.0 1.176407053109939
64.5 0.9230350539190699
65.0 1.2402440038748188
65.5 1.7712336552353967
66.0 0.8857460395417911
66.5 0.6658236230454735
67.0 1.1250015363574937
67.5 1.2206876440484247
68.0 0.9494348194659936
68.5 1.0723363050017052
69.0 0.9855082280753
69.5 0.8435766898576464
70.0 1.1261758488614
70.5 1.0500619999765641
71.0 0.6276798417754327
71.5 1.653270937368773
72.0 2.270215730345382
72.5 0.848361307554153
73.0 1.5221299945777704
73.5 0.8327302298988871
74.0 1.1508030900018325
74.5 0.9656255216270687
75.0 0.9178451673931277
75.5 1.2498833104384435
76.0 1.0173457778843138
76.5 0.8896845672831166
77.0 0.9776517867098782
77.5 0.6397153300867316
78.0 0.7652323766893442
78.5 1.2059176286401834
79.0 1.1830159138766239
79.5 2.3442026419574056
80.0 0.9497407549714545
80.5 1.0980912144558825
81.0 1.3041531104887634
81.5 1.217512473725434
82.0 0.5575159108979557
82.5 0.6147770291811833
83.0 0.72980892003558
83.5 1.2989535972800783
84.0 0.6027731483692812
84.5 1.3971820208952905
85.0 0.6202263023829557
85.5 0.9799955262660336
86.0 1.201174655796065
86.5 0.8109583230761761
87.0 1.1877482147828358
87.5 1.5128082841708625
88.0 1.1066112837458002
88.5 1.910229556511272
89.0 1.4838429249674907
89.5 0.7330939253990616
90.0 1.878062251667716
90.5 0.8424699751536345
91.0 2.53365983225509
91.5 0.8204276135771083
92.0 0.9735003720143347
92.5 0.9802146661019879
93.0 1.3782954895725186
93.5 0.7020949752333883
94.0 0.8435458169567867
94.5 1.3560775669281044
95.0 0.76096819822986
95.5 1.2771406946642103
96.0 0.6973471158005303
96.5 1.5627296695900357
97.0 1.7857037302912775
97.5 0.8608563742216568
98.0 1.3393612163249577
98.5 0.9566293882936394
99.0 1.9489445993149572
99.5 1.1303472515739639
100.0 1.5212934316038147
100.5 0.7663240429671472
101.0 1.3708083107536913
101.5 1.5665184522943458
102.0 0.7562778236915864
102.5 2.512279014738211
103.0 0.51939151984294
103.5 1.0019884817744773
104.0 0.8998018022434412
104.5 0.8783055809680211
105.0 0.8178532035537309
105.5 0.7129769564446253
106.0 1.1957937244546533
106.5 0.5300445520481464
107.0 1.5966869778860246
107.5 1.3285548319199951
108.0 1.5269958163296002
108.5 1.1318173618060257
109.0 0.8959457903065184
109.5 1.755875576886102
110.0 0.6527725365757946
110.5 1.4589267355458462
111.0 0.9736778518079922
111.5 0.8827024037640219
112.0 0.8893222150279607
112.5 2.208747857910957
113.0 1.4202638193629604
113.5 0.7785568909605278
114.0 1.197203408951884
114.5 1.4015577866360132
115.0 0.8211163414847404
115.5 0.8203229779214163
116.0 0.9280271592233029
116.5 1.2452269188844043
117.0 0.45828325535977044
117.5 2.345309178773581
118.0 2.0946454411058335
118.5 1.09578576934004
119.0 1.4727886178415082
119.5 1.032507947749627
120.0 0.4716311646072251
120.5 0.978029250001744
121.0 1.5386342495521328
121.5 0.8640002432509697
122.0 1.7648725901436948
122.5 0.9956835495177903
123.0 0.6410022454876787
123.5 0.7528358162579083
124.0 1.1113305947685845
124.5 1.8968932009529826
125.0 0.5003161173561067
125.5 2.1059665377420806
126.0 1.6665956643927944
126.5 1.7000288184366787
127.0 2.0672267231254264
127.5 1.7201311335485387
128.0 0.7112889650516093
128.5 1.2996567808520756
129.0 0.8548824735419123
129.5 1.796046665074256
130.0 0.5569028432660279
130.5 0.8542226549103106
131.0 1.6168341820595455
131.5 1.2296674346906311
132.0 0.751921269117704
132.5 1.6601745651938846
133.0 0.7740284299490305
133.5 1.7029982863660105
134.0 0.988062991050866
134.5 0.8588907546217194
135.0 0.8365105715148486
135.5 0.9632632810556501
136.0 0.7963087141742156
136.5 1.3494612025515593
137.0 0.7484585660929168
137.5 1.1794428914575776
138.0 2.202286774507295
138.5 1.2669075492302795
139.0 0.5966933113294631
139.5 0.9316135132490604
140.0 1.3836328906059996
140.5 0.9060345958483531
141.0 0.8607234318658583
141.5 1.0421694799593295
142.0 1.076037678234978
142.5 1.078733876965717
143.0 0.9726580342371258
143.5 1.3321814706747643
144.0 0.9020571257110797
144.5 0.9741071364309172
145.0 1.436363550487608
145.5 0.8018536489297106
146.0 1.5097694009050993
146.5 0.9655898412774391
147.0 0.7796736328101784
147.5 0.9107166303771084
148.0 1.209681706102234
148.5 1.7056920306932777
149.0 1.0150565118811377
149.5 0.8045833637673512
150.0 0.8696991305205013
150.5 1.7899130870257087
151.0 0.7473308966225721
151.5 0.7210924959886638
152.0 1.4827491163472142
152.5 1.1768185538297407
153.0 2.3547845532245093
153.5 0.7290991654628499
154.0 2.4621672894598587
154.5 1.938506796534259
155.0 1.4901541109561998
155.5 0.7641236327792902
156.0 1.002304299775175
156.5 0.649352997638255
157.0 1.1081899222071365
157.5 1.309037927573709
158.0 0.3833464456095963
158.5 1.0490826471281618
159.0 1.4827781293748488
159.5 1.5657876894963487
160.0 0.9592556914050412
160.5 0.6778104291675264
161.0 0.32942720231715783
161.5 0.9236486297058837
162.0 1.3105035638790994
162.5 0.5774224353658344
163.0 0.8237969230232999
163.5 0.8604315733436978
164.0 0.8696992178532255
164.5 2.0382014883633763
165.0 1.698808699223057
165.5 0.9756580236189989
166.0 1.4146312872058433
166.5 1.0710752587998265
167.0 0.62853835572114
167.5 1.697757885708885
168.0 0.9786412313076183
168.5 0.6233379552844138
169.0 1.8541373461914774
169.5 1.096056822917861
170.0 1.4146943064916653
170.5 0.44053387030348445
171.0 0.7925610544434316
171.5 0.7564423926010861
172.0 1.04061942454233
172.5 0.8849646746841064
173.0 1.9047960941482445
173.5 1.0853484685165675
174.0 0.668659448786646
174.5 0.9874119036253395
175.0 1.1000693788030091
175.5 1.1590347378284156
176.0 0.9152945018224121
176.5 1.6593980007172404
177.0 0.7221223591186618
177.5 1.3491858086011494
178.0 0.6320654710620295
178.5 0.9767217075645442
179.0 0.7478732977384142
179.5 0.7817219454715965
180.0 0.846211482949415
180.5 1.3714030649615492
181.0 0.7278151969620952
181.5 0.684106766267976
182.0 0.707124863112869
182.5 0.9336053818458572
183.0 2.656666458891392
183.5 1.5389677327033482
184.0 0.7903714345385227
184.5 1.2610911249972618
185.0 1.4162107775701278
185.5 1.2398397139940724
186.0 1.2409334373188277
186.5 2.056272430873528
187.0 1.215270862033755
187.5 1.0579405605250922
188.0 0.9042724913229985
188.5 0.9924727725119227
189.0 0.8346526938116958
189.5 1.7586406358537268
190.0 0.8210255379228109
190.5 1.1201874644264633
191.0 0.9331897988487812
191.5 0.8266812047262666
192.0 0.9695635159223155
192.5 1.577471588906181
193.0 0.7960983742438454
193.5 1.2368367050120375
194.0 0.8588061540057157
194.5 1.518713444896461
195.0 0.9379467047769656
195.5 1.2079433914280302
196.0 0.6823518428978026
196.5 0.927392033624457
197.0 1.162400240577676
197.5 1.458606172285592
198.0 1.4069116798113552
198.5 1.0467514701498477
199.0 1.0877750377275588
199.5 0.8521529196943587
200.0 0.943535286942432
200.5 0.6811218177327767
201.0 1.0239090797408603
201.5 1.7915355114823512
202.0 0.7821926472523224
202.5 1.7997822223779238
203.0 0.7535406963751716
203.5 0.6644936674209508
204.0 1.4053728235099308
204.5 1.7456087789075725
205.0 1.0177968265127728
205.5 0.8774401102615652
206.0 2.088059111151651
206.5 1.2206057050129415
207.0 1.6545010808932896
207.5 0.7196324271991178
208.0 1.182039966474324
208.5 0.7341586094364068
209.0 0.6825194141970133
209.5 1.046485316831836
210.0 0.7495552210025189
210.5 1.1821469673007672
211.0 1.2067728850810484
211.5 1.5933428423336355
212.0 1.2613146225381062
212.5 1.0007244068275793
213.0 0.6933537916397775
213.5 0.7135085705408668
214.0 1.098798286541399
214.5 1.4914709813756621
215.0 0.8119620380882986
215.5 1.059098770033673
216.0 1.022803144551501
216.5 0.5403013685005765
217.0 0.8702189010452146
217.5 2.3773106760424056
218.0 0.3832612381814694
218.5 0.6034723476966215
219.0 1.6286276012413947
219.5 1.5878258820992637
220.0 1.0328337467061497
220.5 0.7267964761555119
221.0 1.0161993708253794
221.5 0.8056376172629209
222.0 1.1466473388024763
222.5 2.0242144389978467
223.0 1.8337224052740386
223.5 1.6876231820673224
224.0 0.8078239582082412
224.5 0.7676943265695128
225.0 0.36804812413214205
225.5 0.884556606046851
226.0 1.1606029669125824
226.5 0.9570754708644296
227.0 1.7795036678056113
227.5 1.5787032698546357
228.0 1.319950342480845
228.5 1.1863348195481802
229.0 1.191959726305241
229.5 1.1073068435731033
230.0 2.0806449096624995
230.5 0.6816005538968964
231.0 1.396232438477474
231.5 0.9980194030678435
232.0 0.7313697905896548
232.5 2.4906497234297875
233.0 0.788939932313526
233.5 1.263235601859226
234.0 1.3195868988475945
234.5 1.1133970468819643
235.0 1.7671698223205228
235.5 1.0783730166376566
236.0 0.7570581328279011
236.5 1.9853128544643281
237.0 1.2373058242323582
237.5 1.0423694735522415
238.0 0.8957825341782178
238.5 1.0325246187104549
239.0 1.6015830554957033
239.5 0.9155648998142996
240.0 0.44496947535724624
240.5 1.2240073242225509
241.0 0.6715961770629146
241.5 1.1351543357743241
242.0 0.8055194210421435
242.5 0.2
243.0 1.8108474501405039
243.5 0.587055503648006
244.0 0.988599946240994
244.5 2.129979783061491
245.0 1.3975324354523044
245.5 1.750640143679675
246.0 1.471294371327381
246.5 0.8045703781499003
247.0 0.5213042058471652
247.5 1.4036884193063857
248.0 0.5177136299059397
248.5 1.0102384042640353
249.0 0.9266661817256973
249.5 0.6934656540202586
250.0 1.100849814933298
250.5 0.5710599104643859
251.0 1.2013922474102277
251.5 1.2030159482701432
252.0 1.3199574942644028
252.5 1.4135651973589072
253.0 0.9988136463739401
253.5 1.4664115448991484
254.0 1.8074365091250337
254.5 0.6549454337429241
255.0 1.6395108462198653
255.5 0.6926183824140622
256.0 1.6055472628774021
256.5 0.993466406382691
257.0 1.0819339290532932
257.5 0.8646548021691095
258.0 0.6331901054370085
258.5 0.7546096040239518
259.0 1.883623859414354
259.5 1.2361989210000195
260.0 1.6081128301080443
260.5 1.2958621226640947
261.0 0.4827736129626472
261.5 1.2996131916832334
262.0 1.6405061905023814
262.5 1.553076580518492
263.0 1.0655850150221786
263.5 0.8533359591942571
264.0 1.699497036177984
264.5 0.8671826405813536
265.0 1.5813604448686776
265.5 1.141154657965843
266.0 1.484186953255957
266.5 0.5564458864988435
267.0 0.7670241394018021
267.5 0.823625474114152
268.0 1.9520219318753607
268.5 1.4538008963890252
269.0 0.8156108443705998
269.5 0.7954143463607553
270.0 1.413739510775606
270.5 0.6786710012804491
271.0 0.8743405807917322
271.5 1.0494753028730575
272.0 1.594766667612932
272.5 0.5270285153988331
273.0 0.9939225094853108
273.5 1.1497401319951097
274.0 1.256011912489192
274.5 0.6058962052504253
275.0 0.8535860871887633
275.5 0.8091404004403522
276.0 1.610538394188337
276.5 0.841972564943827
277.0 1.1817088017196755
277.5 0.6181836352444889
278.0 0.6402362860294727
278.5 1.3595652698078622
279.0 1.2367485219202552
279.5 0.9137290029150035
280.0 1.6317149380603138
280.5 1.6831509800568076
281.0 0.9262771950488236
281.5 0.765497408204102
282.0 1.3207708720331157
282.5 0.23634312749495667
283.0 1.6827662059660566
283.5 1.088707841389361
284.0 1.282287107389235
284.5 1.6472182749221547
285.0 0.65068081730542
285.5 0.59516493625472
286.0 0.8482939734696022
286.5 0.468573878238486
287.0 2.049719942659737
287.5 0.969455943457366
288.0 0.8196715241060879
288.5 1.0729321359677095
289.0 1.676325814515785
289.5 0.45275775980082217
290.0 1.2778263032953245
290.5 1.299931084730324
291.0 1.4733752836866305
291.5 0.3912462724570709
292.0 1.452679611896369
292.5 2.531499423999648
293.0 0.5567533612944979
293.5 0.9532407708353547
294.0 0.5070154013087976
294.5 0.26916889168515157
295.0 1.1614999401567239
295.5 0.7992281628994145
296.0 0.6751065961523102
296.5 0.44467317626383696
297.0 0.5714707517130749
297.5 0.8018299452410702
298.0 1.2970874754252457
298.5 1.427813227388894
299.0 0.8577874734336592
299.5 0.8657204845825994
300.0 0.44679758505328593
300.5 1.998438233255835
301.0 0.7567600701949468
301.5 1.212106189299832
302.0 1.003305307831501
302.5 1.8989140772325364
303.0 1.804584919447822
303.5 0.9691873075594191
304.0 0.6929714064468158
304.5 0.7430309966394396
305.0 1.0851372700252575
305.5 0.8533174551297916
306.0 0.4176143095424618
306.5 0.6122754422724429
307.0 0.9290357012479779
307.5 0.764824697059788
308.0 0.9636738134214482
308.5 1.0973743412863488
309.0 0.43853369058621294
309.5 1.219915192062895
310.0 1.1412956514051442
310.5 1.5889025512467017
311.0 0.7862743071464813
311.5 1.6419928841534914
312.0 0.869209377535544
312.5 0.834574553918546
313.0 0.7141905940284011
313.5 0.8963555103947038
314.0 1.6974628481112317
314.5 1.0906383905139907
315.0 0.9590593383753216
315.5 0.7979978038719228
316.0 1.117933640258396
316.5 1.4695941959764611
317.0 1.3793430318215028
317.5 1.1038066286755421
318.0 1.0602182830133724
318.5 1.0284115039124684
319.0 1.3936339946699692
319.5 2.3399275939455304
320.0 0.7347319145474237
320.5 0.9015136869194638
321.0 1.5378546831733877
321.5 0.5902596571271107
322.0 1.4691609991487815
322.5 0.6673567619478957
323.0 1.3762661599328239
323.5 1.3999131750593943
324.0 1.6959336383834045
324.5 0.8041650853346958
325.0 2.052355938479368
325.5 1.0553214981237435
326.0 0.7509639809330234
326.5 0.6749279604283159
327.0 1.2499678253210167
327.5 0.7217135197971775
328.0 1.0636988382670995
328.5 1.1976962790698715
329.0 0.9727797929387914
329.5 0.7337920566331593
330.0 1.1530170898091172
330.5 1.0458709646284818
331.0 0.7402854958381628
331.5 1.2638944553923606
332.0 0.9523174977871764
332.5 1.3447826194161951
333.0 1.9450786974064882
333.5 1.2450826728451085
334.0 0.9270865514494111
334.5 2.225916576849417
335.0 0.3685257149402305
335.5 0.968623877219196
336.0 0.7088938974069433
336.5 0.8832603975369763
337.0 2.142161334823739
337.5 0.7326050999942694
338.0 1.0019474803914348
338.5 0.6224812507272875
339.0 0.9541539057343196
339.5 1.29982274829864
340.0 0.4245936952798379
340.5 0.9285800341787266
341.0 1.3329553383713462
341.5 1.9614092854682519
342.0 1.1687908105875795
342.5 1.1843592009134492
343.0 1.5062387418818766
343.5 2.2356058102455543
344.0 0.6785445246909343
344.5 0.895153834661164
345.0 0.8807303311981677
345.5 0.7484720395466893
346.0 0.8768883595816084
346.5 1.7131256175135714
347.0 1.8793002499163853
347.5 0.9941830023736755
348.0 1.3642777636157204
348.5 0.6390136623127076
349.0 0.9165149328917321
349.5 1.3031605317846782
350.0 1.7562006858891472
350.5 1.4839728765243647
351.0 0.9496147980731315
351.5 1.4568101542668206
352.0 0.6305856826946656
352.5 0.7496483765395177
353.0 1.1913807731706245
353.5 0.911634987006241
354.0 1.0724657845921723
354.5 0.6385466233573225
355.0 1.3904811930681302
355.5 0.2
356.0 1.1058697031192135
356.5 0.7527920955800249
357.0 1.9269280804486435
357.5 1.3179817279708643
358.0 1.161865263664001
358.5 2.9668079633930953
359.0 1.4224477480949582
359.5 0.5866625040333424
360.0 0.5741328962214635
360.5 1.6523968826656192
361.0 2.174559666944714
361.5 1.3036786913398841
362.0 0.9895375383832177
362.5 0.8209463541968711
363.0 1.5038562872708878
363.5 0.7136133640019897
364.0 1.4871343244142468
364.5 0.500393321098638
365.0 0.7695135760050438
365.5 0.6178456471714486
366.0 0.6814428068310058
366.5 1.5548555424594035
367.0 1.065039661858238
367.5 2.0118990071924694
368.0 1.6363552216900321
368.5 1.5536191503005212
369.0 0.9706453632958756
369.5 0.6035461218480109
370.0 1.0409800021200843
370.5 1.2306030249777993
371.0 1.2675636031930004
371.5 1.0006061851445776
372.0 0.5078707122459171
372.5 2.101535819578843
373.0 2.8706460136588574
373.5 1.206222121516038
374.0 0.775118235818111
374.5 0.7913749999502508
375.0 1.34957859859811
375.5 0.9636806534077313
376.0 0.6891209347881284
376.5 0.8409576015882583
377.0 1.190559668609398
377.5 1.2698070545281013
378.0 2.0791455294532453
378.5 1.8232400027468705
379.0 0.707516400879656
379.5 2.2295791928874555
380.0 0.9689017076899362
380.5 0.5621817317922668
381.0 0.6498255100801278
381.5 0.7283199080165548
382.0 1.7746612552947099
382.5 0.4181656558168001
383.0 0.8832342237339951
383.5 0.8767039487571796
384.0 0.37609040928564696
384.5 1.4521566525784961
385.0 1.588604530999548
385.5 1.5242013434136221
386.0 0.9000846764089749
386.5 1.0493688562987535
387.0 2.076683882477072
387.5 1.2492293990397134
388.0 1.164605696752145
388.5 0.604431282424295
389.0 2.386879300911433
389.5 0.7629360699306481
390.0 0.6506290060824507
390.5 1.038082071121428
391.0 0.7576994606408777
391.5 1.077291148734869
392.0 0.5955287356067025
392.5 1.7527868357931164
393.0 1.1633564203723274
393.5 0.7874068762004187
394.0 1.2298230657552547
394.5 1.3480346189379446
395.0 0.7383264550522676
395.5 1.0132389632542724
396.0 1.8573299112889847
396.5 1.5947331460528864
397.0 1.1325879041502507
397.5 1.018400602209215
398.0 0.29653939231685733
398.5 1.775598189294454
399.0 1.5559352319917559
399.5 1.2607773519259797
400.0 1.2648470728277585
400.5 0.6737533069429258
401.0 1.7768412350399299
401.5 1.3815345676815396
402.0 1.3930137575491335
402.5 1.26883633812558
403.0 1.4174361182940243
403.5 1.2810350279601268
404.0 0.9994662243899618
404.5 1.0442896774552146
405.0 1.0588120132813887
405.5 1.2717040796913683
406.0 2.4311822563176815
406.5 1.761895938049126
407.0 0.573958182410662
407.5 1.5522193990190505
408.0 1.1085170726330407
408.5 0.747771056876119
409.0 1.4640143494371072
409.5 1.3546858164145723
410.0 0.765527676743063
410.5 2.01741946804834
411.0 1.1095467698081483
411.5 1.3677780546383385
412.0 1.3115344632290804
412.5 1.6801330438249598
413.0 1.3240010632462096
413.5 1.3778423554746588
414.0 1.4788850815746253
414.5 0.8906554993874081
415.0 1.9847622000885587
415.5 0.9328735708585655
416.0 1.2902774509759674
416.5 0.9576342450292696
417.0 2.088562255124522
417.5 0.8367470816056108
418.0 0.9694653657294798
418.5 1.7040244614790088
419.0 0.841790705133953
419.5 1.4329441671852565
420.0 0.8552083544223705
420.5 0.6570808516572557
421.0 0.6482147933958704
421.5 1.7476348902634693
422.0 0.9386891070651107
422.5 0.5299838321168902
423.0 1.0690301411761185
423.5 0.8335789650337584
424.0 0.7092859873181256
424.5 2.179896789501156
425.0 1.5126820012744469
425.5 1.1500527020032287
426.0 0.7090324646140049
426.5 0.8834475723422399
427.0 1.3306482676972702
427.5 0.8031172849924911
428.0 1.1286472665021299
428.5 1.3312620169344758
429.0 0.430473430532689
429.5 0.794662789138805
430.0 0.9979890433712881
430.5 0.8029880485953627
431.0 0.7167046771312717
431.5 0.7547314319825287
432.0 0.8223603123999415
432.5 1.5457452041492716
433.0 0.5942852754581343
433.5 0.7082873500003954
434.0 1.2715752525592527
434.5 0.9278163539393993
435.0 0.8201619694339778
435.5 1.1143689797700933
436.0 1.0479881587510504
436.5 0.627647252794868
437.0 0.8725720098362189
437.5 0.9124014958922821
438.0 0.4939403333525203
438.5 1.6863377551218057
439.0 1.7933086020052051
439.5 0.9576764650811465
440.0 1.3087505152991112
440.5 1.1110117644155895
441.0 1.8156801540185121
441.5 1.783688506151118
442.0 0.2
442.5 0.9642623271047662
443.0 0.908359241409217
443.5 1.3721112357696454
444.0 0.7413162553863396
444.5 1.3249249871221702
445.0 0.7910476255883142
445.5 0.7048373312227798
446.0 2.0723217943052337
446.5 1.1721009582975788
447.0 0.6424954891150259
447.5 0.6541321725801985
448.0 0.46038795117677916
448.5 0.8252103501567034
449.0 0.6147715565383501
449.5 1.5209956956644999
450.0 0.7801538698510337
450.5 1.1166352616711914
451.0 0.7879907496212775
451.5 1.1392631476398785
452.0 1.0347066458990677
452.5 1.2186045175210727
453.0 2.6455303828557017
453.5 1.2100588377691635
454.0 1.2910351746732986
454.5 1.5364880021139276
455.0 1.2149440609590085
455.5 0.6404211917293895
456.0 0.6558461161177834
456.5 0.8567132873067609
457.0 0.6166935751138353
457.5 1.594170354778702
458.0 1.3706900918915645
458.5 1.533216465878764
459.0 1.9119438225878969
459.5 0.890960587865141
460.0 0.8856071954394573
460.5 1.5852174827407826
461.0 0.6710493172442594
461.5 0.761518854956681
462.0 1.032275447210707
462.5 1.5489975931907418
463.0 1.2669858430976921
463.5 1.3003039257615847
464.0 0.36725440137625676
464.5 1.4065215405344147
465.0 1.365495193146587
465.5 2.3232326451291363
466.0 0.77401850773574
466.5 0.7223547192457218
467.0 1.212325860723688
467.5 1.3091444059934554
468.0 1.6561671166671843
468.5 0.8980195310208214
469.0 0.8052234352284102
469.5 0.8081631207908888
470.0 1.4612344104891972
470.5 0.9945093477724085
471.0 0.9319596983172762
471.5 1.0454930694656626
472.0 1.1731172329514339
472.5 1.0505353330099563
473.0 1.6405750408555777
473.5 0.9245571230271274
474.0 1.7184679720216898
474.5 2.015664267198808
475.0 0.9935966940681301
475.5 1.2097234116428783
476.0 0.2857704792087349
476.5 0.7443497991969494
477.0 1.1446379130259454
477.5 1.0418023096706266
478.0 0.4146685136085032
478.5 0.9206649703419771
479.0 0.5786674343692004
479.5 1.0242975611098322
480.0 1.437429069918387
480.5 1.7557781596567812
481.0 0.8062606130836818
481.5 1.143911320236588
482.0 1.68049357740763
482.5 1.6282486284667583
483.0 0.6643491494080679
483.5 0.2933932002688331
484.0 1.5133701536687751
484.5 0.7926361381773135
485.0 1.3487774881733405
485.5 1.0742850735210698
486.0 0.4786751592498183
486.5 0.7657210776807589
487.0 1.120292926517271
487.5 1.4498369668890958
488.0 1.4175759082352908
488.5 0.5007248310277004
489.0 0.36631816538091555
489.5 1.1436893565971868
490.0 0.80138574321867
490.5 1.291707183509843
491.0 1.198935263618662
491.5 0.36529912288015565
492.0 1.2030755314777368
492.5 0.9855350944705648
493.0 0.527232958969982
493.5 1.011106976390098
494.0 1.2100475344088184
494.5 1.2388726449021905
495.0 1.4472672285020476
495.5 0.5882165461759887
496.0 1.707181928167447
496.5 1.6263660621197829
497.0 1.7171339318024161
497.5 2.681442965037647
498.0 2.046742920557925
498.5 1.0024312487023312
499.0 0.6966602896395553
499.5 1.5096170869978058
500.0 0.9251022465484608
500.5 1.0797787109590018
501.0 0.6600427976490918
501.5 1.4442684058378732
502.0 2.2208987071357913
502.5 0.6295812647240145
503.0 0.3549364995289297
503.5 0.6100752031972565
504.0 0.9426835753567877
504.5 1.201188263451851
505.0 3.1099740472297177
505.5 0.2
506.0 1.0478698696958793
506.5 0.7999401270016628
507.0 1.0594263147876632
507.5 1.241383056199486
508.0 0.9877673636486545
508.5 0.848004581224364
509.0 1.5164335874163266
509.5 0.7740682876831811
510.0 0.8533903402388874
510.5 1.1790156786038741
511.0 1.0979980807620975
511.5 0.929790176567546
512.0 0.8360726348899932
512.5 1.8416188330617376
513.0 1.0914207265882987
513.5 0.5849236953628119
514.0 2.239982334146733
514.5 1.353352637097001
515.0 1.1560074439406658
515.5 1.147259919895976
516.0 0.5703289900286447
516.5 1.3790744546518463
517.0 0.7770708373260382
517.5 1.0391256200761654
518.0 0.5938884601056398
518.5 0.6555474467115354
519.0 1.5607020187418703
519.5 1.122433353767148
520.0 0.6507977678062867
520.5 1.0607917891418959
521.0 0.7086349720805434
521.5 1.0255215911790774
522.0 1.0113904564817517
522.5 0.9221886480483179
523.0 1.1400705821708286
523.5 0.6623660945389878
524.0 1.3520961417124275
524.5 1.2019585571110838
525.0 0.47629504105840054
525.5 0.7604443671343899
526.0 1.2127356586514133
526.5 0.8566497539061702
527.0 0.829585887390663
527.5 0.8201213099205259
528.0 0.7244332958292661
528.5 1.0551119832203957
529.0 0.652388149028017
529.5 1.5402304795325756
530.0 0.8542267351253434
530.5 1.036265929105077
531.0 0.5955325367899438
531.5 0.6211366216017056
532.0 1.4688246513361167
532.5 1.5052618601350398
533.0 1.6440128360822714
533.5 1.313916532115335
534.0 0.6503166687262243
534.5 0.9502045620476063
535.0 0.9049046116916148
535.5 2.862834398139496
536.0 0.7857513005338783
536.5 0.7858688018286373
537.0 1.425916877636695
537.5 0.7567881818405354
538.0 1.3870724570125348
538.5 1.2558881206057584
539.0 2.6220608538797165
539.5 0.7239880618011614
540.0 1.6920453233053048
540.5 1.1966012513234618
541.0 1.164992345236707
541.5 0.9035497838122
542.0 1.6660083758123228
542.5 0.6944621539272139
543.0 0.7726393512856233
543.5 2.424470338861585
544.0 0.7345648210502642
544.5 1.1484717419256347
545.0 0.8292663894028935
545.5 0.5706232266334264
546.0 0.9055039999245396
546.5 0.8907965349905984
547.0 1.1254491414352903
547.5 1.762400632318486
548.0 0.6986398795541389
548.5 1.7294088209068075
549.0 0.5480853503360014
549.5 0.6654550585457093
550.0 2.033627737082436
550.5 0.888184467733683
551.0 0.7505786934181959
551.5 0.8803267595053919
552.0 0.9764793688940443
552.5 0.8077857991309894
553.0 1.6290908952187524
553.5 1.5998301625244662
554.0 0.769844115561852
554.5 1.8244385224764685
555.0 0.633321086526289
555.5 1.136607599580105
556.0 1.7578213901568682
556.5 1.0212367343814457
557.0 1.3634373023046893
557.5 2.2866462223605764
558.0 0.9812913680010149
558.5 0.7017908585823474
559.0 1.53144655189194
559.5 1.1089088707123753
560.0 1.2026753637214402
560.5 0.5810757064975149
561.0 0.8697818264406425
561.5 0.8225355323127299
562.0 1.554281902818805
562.5 1.497107519841438
563.0 1.0917404997908269
563.5 0.6481512620349296
564.0 0.6056702501088125
564.5 1.1096860733210103
565.0 0.5061859020307216
565.5 0.879509576868484
566.0 1.4751612700775836
566.5 1.519370963974579
567.0 1.8283009307895393
567.5 1.436784286655739
568.0 1.5591142734753678
568.5 0.8573605258051413
569.0 0.8939992741078542
569.5 2.3666611696018744
570.0 0.9657107103045901
570.5 0.700674980163309
571.0 0.5252660679190451
571.5 1.209203763713162
572.0 0.4399608849851033
572.5 0.6805552393409497
573.0 1.1110147610762187
573.5 1.0093701004862272
574.0 1.5386306252769413
574.5 1.2770775282245144
575.0 2.0737450063694673
575.5 1.5824100236747585
576.0 1.4136887873437936
576.5 0.8690688488433458
577.0 2.00059050125005
577.5 1.213807050908415
578.0 0.7566527435218413
578.5 0.6881058852611814
579.0 0.9067247028880713
579.5 0.9318552615185878
580.0 0.6153179997673616
580.5 1.1405368917521645
581.0 0.7115741483356448
581.5 0.7130188570114756
582.0 1.6224116694795097
582.5 0.6913759688317465
583.0 0.6089179739372816
583.5 0.6261299441174001
584.0 2.46709952241157
584.5 0.7419716763594288
585.0 1.017288110748661
585.5 1.4270163654948966
586.0 0.8646370790433666
586.5 2.1637364798910173
587.0 1.2507484612239264
587.5 1.2324157476059485
588.0 0.939268757716293
588.5 1.006532128655961
589.0 1.1303296914828227
589.5 1.5314402917053598
590.0 0.6620337292251739
590.5 1.5176024806392758
591.0 1.8450125733166098
591.5 1.3331567618058948
592.0 1.3258719964047034
592.5 1.0209608123033471
593.0 1.7836418254849775
593.5 1.2322680866083917
594.0 1.5503353317681448
594.5 0.8590322700546533
595.0 0.5755436597625756
595.5 1.3254734401844082
596.0 1.9442981197533287
596.5 1.5830943173254681
597.0 0.9803078812583736
597.5 1.853619468976985
598.0 1.309610190417326
598.5 1.0595631833603922
599.0 1.771002235578771
599.5 1.6652808858460857
600.0 1.4714827417659744
600.5 0.8240604935144551
601.0 0.7793579179777796
601.5 0.886504417050969
602.0 1.0284265790619895
602.5 0.2
603.0 0.8158873804805657
603.5 1.1217131285843736
604.0 0.7632191876934761
604.5 1.2509259354551854
605.0 0.8077403644695169
605.5 1.6094403697309545
606.0 1.0569984494292095
606.5 1.7735723541681674
607.0 1.0764269626043588
607.5 2.101379153802827
608.0 0.5410434887212231
608.5 0.982524470597429
609.0 0.9625544139100363
609.5 0.8584059405644462
610.0 0.9111390706323441
610.5 0.6590180060820323
611.0 1.7310228062840207
611.5 1.0621127920732694
612.0 0.376044937867446
612.5 2.0898758166872953
613.0 1.5696060150766993
613.5 1.0505062186893797
614.0 0.7620616312321955
614.5 2.2138294599515937
615.0 0.8656954718886275
615.5 1.2154791874136013
616.0 0.7336280517488902
616.5 0.776311774384564
617.0 1.8302387410360814
617.5 1.0070775008644015
618.0 1.311323855203742
618.5 1.688745932520335
619.0 1.145321956216112
619.5 0.329864510150084
620.0 0.8842661641821281
620.5 2.052276768796593
621.0 2.1448260165857107
621.5 1.0734630373441354
622.0 1.0843147527554662
622.5 1.0623908704830318
623.0 0.8638495743722867
623.5 1.105069165708428
624.0 1.422465305083053
624.5 1.5452019759070903
625.0 0.7597128800425024
625.5 1.257526602963022
626.0 0.9105226294502575
626.5 0.8660312741980549
627.0 1.105333991410013
627.5 0.3509585668362116
628.0 1.8582100497865992
628.5 1.2879499948610627
629.0 0.8650404007255712
629.5 1.4365735641496964
630.0 1.1517568458748666
630.5 0.7439691559020292
631.0 0.8260805724691729
631.5 0.7617348801024122
632.0 1.7150477148024539
632.5 1.032097171847311
633.0 0.8415378157423024
633.5 0.8561726020438585
634.0 1.2326010609949987
634.5 1.1573793460063213
635.0 0.9845117583533489
635.5 0.8543986257154081
636.0 0.7107072725199111
636.5 1.4458295066570892
637.0 0.6285013599351416
637.5 1.5661196992752475
638.0 0.515460297236784
638.5 0.7589150429026126
639.0 1.055347597405519
639.5 0.4801140542621628
640.0 1.3798656130391875
640.5 1.4235803270090834
641.0 0.49910774660459656
641.5 1.3727462045863221
642.0 1.1778277728764903
642.5 0.9253340215146734
643.0 1.0455864379805027
643.5 0.8634192369102512
644.0 0.7225682768018262
644.5 0.2
645.0 1.1145391639378481
645.5 0.5606412522185065
646.0 0.9992474863768668
646.5 0.6145510097939034
647.0 0.8412140564713042
647.5 0.6606222840374383
648.0 1.3195962336550349
648.5 1.0506571327177399
649.0 1.7196249886542274
649.5 0.8097766676039593
650.0 1.336136949616756
650.5 2.075475927908685
651.0 0.7088568727635091
651.5 1.523227597460361
652.0 0.8434925629350123
652.5 0.6250188600339222
653.0 1.0926933619141794
653.5 0.695122533294022
654.0 0.6040189431714591
654.5 1.0153300842065185
655.0 1.0182343716519795
655.5 1.1847132580410507
656.0 0.8691117318997408
656.5 0.6158087858190163
657.0 1.1533717098284235
657.5 1.157458992762395
658.0 0.5452404815477043
658.5 1.1380755309857007
659.0 1.5016741166431298
659.5 0.800928742240709
660.0 0.7657746818168902
660.5 1.2311378592779332
661.0 0.8572667967934549
661.5 0.8052190126437977
662.0 0.766843611764364
662.5 1.2564370054383915
663.0 0.6302277740219021
663.5 0.9852957870142923
664.0 0.7615308548641234
664.5 1.1265321979109362
665.0 1.7809854904402438
665.5 1.1093396652377232
666.0 1.1772553583073342
666.5 1.144110989285423
667.0 1.9632654678097303
667.5 1.2125861225380195
668.0 0.9542490213368369
668.5 0.3421737829043102
669.0 1.21237040435881
669.5 0.9569013171530047
670.0 1.3074126561738793
670.5 0.8167589878090653
671.0 0.8088873538525136
671.5 1.509531296280182
672.0 1.2050220521906776
672.5 0.6526522477223516
673.0 1.0125529188367206
673.5 1.513658894602048
674.0 2.046674537636452
674.5 2.1205624925109365
675.0 0.835664430816521
675.5 1.1487690001465014
676.0 0.9930433926181729
676.5 1.0606901788086966
677.0 2.17208873215488
677.5 1.0565996872592993
678.0 0.45968659839497034
678.5 1.1347836107260492
679.0 1.5144990311895614
679.5 0.9738428864580986
680.0 1.0031291385024104
680.5 1.483689083169224
681.0 0.6617394499124032
681.5 0.6397392752961917
682.0 0.65822128263595
682.5 0.7809460112114541
683.0 1.869400640721925
683.5 1.1794523955508263
684.0 0.8262889543653631
684.5 1.005279128296521
685.0 1.3714450671161451
685.5 1.0163860989236269
686.0 0.699277866505098
686.5 1.4738009498379983
687.0 1.0265635115222758
687.5 0.7381417351954528
688.0 0.5426567561498736
688.5 0.9104972367095987
689.0 1.061667910289537
689.5 0.6563024366200394
690.0 1.5621705100650658
690.5 1.0652688361838505
691.0 0.982548067618009
691.5 1.9465018557939737
692.0 1.3997337400011873
692.5 1.5880957887921046
693.0 0.629924880751349
693.5 0.6857805741631523
694.0 1.311946068611647
694.5 1.0814035957827621
695.0 0.8815533014496604
695.5 0.8634471124022837
696.0 1.0422780054691323
696.5 1.199590783278952
697.0 1.657693579322915
697.5 1.6164556034080846
698.0 0.8322255202785243
698.5 0.9704132538566959
699.0 2.382595649881343
699.5 0.8391447412190062
700.0 0.7236478783133571
700.5 0.660849023969333
701.0 0.5257144621767902
701.5 1.1088734518197214
702.0 0.6382019653450417
702.5 0.9039557452646847
703.0 1.063688439029011
703.5 2.390744672722774
704.0 0.9976065108083652
704.5 0.5295980583506449
705.0 0.8983675841994265
705.5 0.6487253148391197
706.0 0.2298708918609924
706.5 0.8106118541520085
707.0 1.2259983509530021
707.5 1.6030705942001973
708.0 1.7023740328028611
708.5 0.8386357140095846
709.0 2.108186131900606
709.5 1.2626486085666544
710.0 1.2262499744916027
710.5 0.9251893879951447
711.0 1.8775864111329166
711.5 0.7484009652489547
712.0 1.0009089456347138
712.5 0.8260572339183647
713.0 0.567734167251229
713.5 0.7390629103306808
714.0 1.077593124773746
714.5 0.7511355337217884
715.0 0.8634867708840872
715.5 1.1102433928023252
716.0 0.6394753750078132
716.5 1.0120630465983833
717.0 0.5780691501107362
717.5 1.0825248759301358
718.0 0.8633761578242832
718.5 1.0134228087294723
719.0 1.1094063988189282
719.5 1.7492027969491217
720.0 1.2351649000479918
720.5 1.624846284471833
721.0 0.5641700502172686
721.5 1.4153145967876082
722.0 0.6087265885747097
722.5 0.6838723581766812
723.0 0.6911698167634157
723.5 0.7808798753561992
724.0 0.8153147190409515
724.5 2.0879824061613816
725.0 1.6877603896511884
725.5 0.23936691196049953
726.0 0.6633289773256651
726.5 1.126639818244338
727.0 0.36862481045479195
727.5 1.224561103269172
728.0 0.9253353557697022
728.5 1.3724074650052054
729.0 0.9458060529424422
729.5 1.4910892697628835
730.0 1.874551055925614
730.5 2.6351098463084464
731.0 0.8639508117772563
731.5 0.9691528568721836
732.0 1.4981310910516528
732.5 0.7354926115884683
733.0 0.7090492674456408
733.5 0.3361531622724822
734.0 1.042867221995415
734.5 1.6415543290465957
735.0 0.9363148876439591
735.5 1.0267950481105348
736.0 1.1997742038537604
736.5 0.5767487838795713
737.0 0.9536883972090073
737.5 0.6912095813737592
738.0 2.161942378921437
738.5 1.0036419775700756
739.0 1.1138027329236417
739.5 1.230953717907889
740.0 0.6380335995404497
740.5 0.7277254921454241
741.0 0.9885184670191773
741.5 0.7846986012889754
742.0 0.8090157330530332
742.5 1.205638133177118
743.0 2.011637677985746
743.5 1.9299082382303916
744.0 0.8319556256747813
744.5 0.8141239648666421
745.0 0.9445387207304934
745.5 1.0960072226419786
746.0 0.2
746.5 1.1073784694977002
747.0 2.2727800201293995
747.5 0.9396167196927323
748.0 0.8468857154812786
748.5 1.1626791252490647
749.0 1.9761156741943724
749.5 0.9717935423936463
750.0 0.8697555456184152
750.5 1.0264050785781578
751.0 1.3864155193625
751.5 0.5987805125304851
752.0 2.2220407384708776
752.5 0.7753998187788844
753.0 1.7480538422965326
753.5 0.6148064857064672
754.0 0.8422218659132914
754.5 1.3325692194683247
755.0 1.404369778994254
755.5 0.6743635434192374
756.0 1.4397647255379968
756.5 1.0846092361884543
757.0 1.4229131762142564
757.5 1.5246504932564628
758.0 0.8507191493279698
758.5 1.46475730941815
759.0 0.963080341113107
759.5 1.4785306153032096
760.0 1.4430584744583492
760.5 1.5931668175470675
761.0 1.075169426422923
761.5 1.5732042193278186
762.0 1.1826757332161202
762.5 1.4875267500247995
763.0 1.1833024252437065
763.5 0.6383602192137923
764.0 0.5298759222617196
764.5 1.1377844584520016
765.0 0.6293522972097747
765.5 1.8653197621558757
766.0 0.5735257332438624
766.5 1.3211763218531125
767.0 0.9088610363175849
767.5 0.6346322121651328
768.0 2.059656416281605
768.5 1.1000022308993975
769.0 1.2525219154257274
769.5 0.8365129896509984
770.0 2.1806808378514324
770.5 0.9932740725273624
771.0 0.718491318996765
771.5 0.8310168406243469
772.0 1.689742286543016
772.5 0.784689248447809
773.0 1.291540193365422
773.5 0.9621608160684224
774.0 1.789655653868131
774.5 1.4646151360181725
775.0 0.7925859507952755
775.5 0.6431207532030088
776.0 0.8799777354641065
776.5 0.6736345015823391
777.0 0.862154620504098
777.5 0.6391922571649871
778.0 0.7362860662267345
778.5 0.4550650327286145
779.0 1.69721321328899
779.5 0.8446478562667642
780.0 1.0733543478608156
780.5 1.1920543772091228
781.0 0.784082497070917
781.5 1.245928097890211
782.0 0.7833999743862303
782.5 1.5680464634457774
783.0 0.7527558829860119
783.5 0.9211206127762348
784.0 0.9913299891380134
784.5 0.9202403111289961
785.0 0.6451285408322305
785.5 1.2480741494184664
786.0 0.9212568185424632
786.5 1.4825150156623763
787.0 0.6779854858269574
787.5 0.51127409005442
788.0 1.3798827035476657
788.5 0.8203262610375603
789.0 1.827433099070305
789.5 0.8113058169003693
790.0 1.5532936812120344
790.5 1.4863994512061796
791.0 1.4672031140285795
791.5 1.0574460644387997
792.0 1.0640125647256635
792.5 1.7056349600497747
793.0 1.4124586923449272
793.5 0.9169766970219531
794.0 1.43063711875139
794.5 1.6687702322475118
795.0 0.5410273997109157
795.5 1.650772539107603
796.0 0.9900865466636093
796.5 0.9578703457204811
797.0 0.6281848720811815
797.5 1.0150083873369078
798.0 1.6335821305550642
798.5 0.9803844590259363
799.0 1.5524280252673983
799.5 1.9370427833718074
800.0 1.2824858610666168
800.5 0.8263680262581041
801.0 0.9828229523862912
801.5 0.9149244958562148
802.0 1.0969268533845886
802.5 0.9243361780579598
803.0 1.2648724285292139
803.5 0.9034255857766642
804.0 0.6712530826401841
804.5 0.7367591263295048
805.0 1.0346200248704471
805.5 1.1343959421019547
806.0 2.117097591491998
806.5 1.7612271078539359
807.0 0.9357448310190539
807.5 0.7287688327496522
808.0 1.7338895499399833
808.5 0.49864937892925465
809.0 1.0810780100400876
809.5 2.3227774890457593
810.0 0.6310221022853972
810.5 1.3329177481944459
811.0 0.8522656962088004
811.5 0.6836772516484058
812.0 0.8004055469485485
812.5 0.9311698793733192
813.0 0.8487460900361818
813.5 0.9036891366151398
814.0 0.42954418930330746
814.5 0.5232975365895052
815.0 1.055899122399409
815.5 0.8081201599883635
816.0 1.036016789957324
816.5 1.213202307167157
817.0 0.851284951083531
817.5 0.9331244444593527
818.0 1.0471873302303125
818.5 1.315488059987294
819.0 1.1109726040422299
819.5 1.268656855361223
820.0 0.5722505581005075
820.5 0.6840666373851513
821.0 1.0071190459262034
821.5 0.8144791050337525
822.0 1.1393447575279314
822.5 0.9313448268501403
823.0 0.2
823.5 0.9538942237799934
824.0 1.3323471114153276
824.5 0.28065591149282143
825.0 1.6656152731277145
825.5 0.6474528207301891
826.0 1.0531733622420498
826.5 0.6736741288681962
827.0 1.0465297803399707
827.5 1.1205369544488835
828.0 1.0082835652290718
828.5 1.0223775426215822
829.0 0.6262550723622535
829.5 1.49814878322446
830.0 1.843268773023909
830.5 0.8344519771314709
831.0 0.7831568289276711
831.5 0.9565883850864583
832.0 1.6079441665380054
832.5 0.4351672844657352
833.0 0.6550980075913351
833.5 0.7755063392013175
834.0 1.4509429174750226
834.5 1.0708753243430813
835.0 0.6318964558005951
835.5 1.0940388975475308
836.0 0.631321460630996
836.5 0.6459493046414047
837.0 0.9691184130042931
837.5 1.1985318544427905
838.0 0.954952729629204
838.5 1.0918569752135898
839.0 0.7535116755314162
839.5 2.1881824463178408
840.0 0.9899663277451467
840.5 0.9238317640502391
841.0 1.4837524744071722
841.5 0.9391532779101046
842.0 0.840058855031784
842.5 1.6591953911673576
843.0 0.4308502254337815
843.5 2.2458759840358598
844.0 1.0797272723840408
844.5 1.578441701572726
845.0 0.8325287130834007
845.5 0.647862313586658
846.0 0.9311327427729017
846.5 0.7284235427019943
847.0 1.475166297541434
847.5 0.8548437919259331
848.0 1.5144719035374177
848.5 1.579361582805245
849.0 0.6564469075578475
849.5 0.796776659446399
850.0 0.8426205959846051
850.5 2.08491013016482
851.0 1.1979130520353958
851.5 1.6305425455170584
852.0 0.8642000471786866
852.5 1.2758268468464502
853.0 1.3028282810567196
853.5 0.9654900917639873
854.0 1.1250395948078098
854.5 0.9056541660470139
855.0 0.6722317357345713
855.5 1.1733206713371607
856.0 1.2640623642946007
856.5 0.42348815164947873
857.0 1.3390905930482506
857.5 0.8299343744068617
858.0 1.8398275001583237
858.5 0.9167675295188098
859.0 0.8812658161494116
859.5 0.5875495791742349
860.0 0.8524995116935126
860.5 0.5633890593960844
861.0 0.7766632410436951
861.5 0.8959252212948308
862.0 1.4909465030527733
862.5 1.553398899450459
863.0 0.702225071634522
863.5 0.7231842189612179
864.0 1.5641904313660158
864.5 1.2233784390880145
865.0 0.9700994594255932
865.5 0.8130794971560569
866.0 0.9722146897639286
866.5 1.4559802780704219
867.0 1.5213062493132656
867.5 0.923518402841441
868.0 0.9827007874776839
868.5 1.2115948719460539
869.0 0.3497653467478133
869.5 1.32343231199873
870.0 0.8184589383478802
870.5 1.2820558783246794
871.0 0.9085344857755495
871.5 1.3772172285511024
872.0 1.1266367335382013
872.5 1.8176274736076943
873.0 1.126775680947115
873.5 2.1167505545780014
874.0 0.7367540916868118
874.5 0.7055381380519763
875.0 0.6873286717552684
875.5 0.8745653410972049
876.0 0.34613044660188785
876.5 1.7521256745654021
877.0 0.9738537056498444
877.5 1.5522570691791997
878.0 2.991649384584087
878.5 1.899240941337464
879.0 1.027845764309522
879.5 1.2899464064421031
880.0 2.462132994732984
880.5 0.5902503848068837
881.0 0.6315507953506938
881.5 0.978930955139141
882.0 1.445312960852234
882.5 1.9270859400310214
883.0 0.6441606728696218
883.5 1.318918431559215
884.0 2.0067806863791584
884.5 1.1780347810476952
885.0 1.5689920066389882
885.5 0.8002557180543082
886.0 0.907140381491458
886.5 0.6161686747056561
887.0 1.3318803503939212
887.5 0.7689391175712135
888.0 0.380986654264116
888.5 1.5491559794463412
889.0 1.1032621735323902
889.5 1.5078844713610202
890.0 1.882853394581813
890.5 2.0610894656481067
891.0 0.881954493378095
891.5 2.122287751441
892.0 2.605636630424197
892.5 1.1646358990409302
893.0 0.39081044790739417
893.5 0.9626743451374464
894.0 0.6929356233623536
894.5 0.6691362129809394
895.0 0.8483514523660176
895.5 0.7121454415949068
896.0 0.9263215569234877
896.5 1.115018326269339
897.0 0.7171789394004198
897.5 1.237272987354655
898.0 0.6226510219705663
898.5 1.0531725974212864
899.0 0.9747424021181308
899.5 0.9040468769410469
900.0 1.885882405025207
900.5 1.3712060954695557
901.0 1.5422972375060273
901.5 0.6311555068345628
902.0 1.2426711407366064
902.5 0.9946663337729234
903.0 0.6537750835432572
903.5 0.9410582032323143
904.0 1.0113681999827333
904.5 1.528591447154502
905.0 0.8126492386296564
905.5 1.1761483455811135
906.0 0.9065204576500856
906.5 1.12311103199986
907.0 1.234658214525619
907.5 1.0586036578593763
908.0 1.12040029796855
908.5 2.169242573837768
909.0 1.074977790189751
909.5 0.62209970991485
910.0 0.4952480388980122
910.5 0.802821256106452
911.0 1.371237208177515
911.5 1.6635075869171327
912.0 0.9551498653301187
912.5 0.5670312677971583
913.0 0.8020835726302475
913.5 0.9061551127785601
914.0 0.9078502735054452
914.5 1.2781549563640275
915.0 1.8535976747248954
915.5 0.7398504707626147
916.0 0.7255451990630604
916.5 1.7760419601284165
917.0 0.6368400739043384
917.5 0.6480709280998164
918.0 1.218903072680281
918.5 0.8158954764070345
919.0 0.787951443791138
919.5 1.4354112939798025
920.0 1.8276701371737019
920.5 1.19708135418181
921.0 1.1788637804877191
921.5 0.6032157781875873
922.0 1.2080028978334616
922.5 1.368509485853633
923.0 0.8419074364228132
923.5 1.5287925157405695
924.0 0.856602264309839
924.5 1.044386905670015
925.0 1.3107663185388283
925.5 2.037459740118282
926.0 1.1895629663483533
926.5 1.1960953189067287
927.0 1.788751585106625
927.5 1.3239238552835202
928.0 1.059448718149659
928.5 1.0828394126622738
929.0 1.9079206976508791
929.5 1.269441812278159
930.0 0.9250747434171926
930.5 1.0353312039802685
931.0 1.042910507231315
931.5 0.8098360598741055
932.0 1.5142353513751083
932.5 0.5959474429678978
933.0 0.5587532527830738
933.5 0.8166412625184631
934.0 1.152081966976081
934.5 0.29127764868000583
935.0 1.1403044594981742
935.5 1.571362266956012
936.0 1.4650449048956866
936.5 0.31785550837649723
937.0 1.211351223542313
937.5 1.1717969749502575
938.0 0.8575152357537622
938.5 0.6309849080386154
939.0 1.0031256195275007
939.5 1.6414338048409118
940.0 0.7625400421356932
940.5 1.287404898627427
941.0 0.40647776108534484
941.5 1.6114579925619643
942.0 0.8134096744505377
942.5 1.027984310340067
943.0 0.7961586096632506
943.5 1.5155128854397386
944.0 1.8859292166724484
944.5 0.8185146573550548
945.0 0.884749078327097
945.5 0.45512759665907476
946.0 0.6781479218616203
946.5 1.9885411508553443
947.0 1.0631639018528638
947.5 0.9910118857562966
948.0 1.7944440239813337
948.5 0.9378825485231697
949.0 0.5762881453710891
949.5 1.468725578135786
950.0 1.9201446055004792
950.5 1.2147290444221144
951.0 1.1909039168624578
951.5 1.1790998483477135
952.0 0.7659478985665318
952.5 1.876794278618653
953.0 0.5944776500124063
953.5 0.7804248423580016
954.0 1.030961178075014
954.5 0.7278624578776787
955.0 1.468493071030347
955.5 0.8117460701263454
956.0 0.8196138008187597
956.5 0.7714245390174517
957.0 0.6594216820364214
957.5 1.1385489272263094
958.0 1.029907596400609
958.5 1.7280623812234184
959.0 0.8031247537760481
959.5 0.4892693961532279
960.0 0.7478522342194007
960.5 1.4426588132340248
961.0 1.1472196414085174
961.5 0.9434944484454701
962.0 0.7555041091514487
962.5 2.2477593421193682
963.0 3.3119469686398246
963.5 0.9784050783771017
964.0 1.3545680903162671
964.5 1.6028583984975384
965.0 1.5110177040845996
965.5 0.6077976119064169
966.0 0.7282615689084493
966.5 1.0700650998835681
967.0 0.8303181883927472
967.5 0.7652147434615111
968.0 1.7335101626939404
968.5 0.5406126903174274
969.0 1.8742026860825656
969.5 0.3899413171203032
970.0 1.1547327776968532
970.5 0.4436522598055712
971.0 0.8171323244303345
971.5 0.8636821643214979
972.0 0.8438180928803061
972.5 1.8968471382545535
973.0 0.9879137321470686
973.5 0.8709610498440588
974.0 1.573077872210538
974.5 1.1119499649745312
975.0 0.9099404444351529
975.5 0.892727660701777
976.0 1.5987669441372563
976.5 1.2138722444075507
977.0 1.8847676707902745
977.5 0.6859492890986143
978.0 1.510523088966727
978.5 1.2202982661485422
979.0 0.660223338681694
979.5 0.7316118336936765
980.0 0.6053430353650625
980.5 1.0639934338153543
981.0 0.6084083220019552
981.5 0.550164521827613
982.0 1.2697491459190724
982.5 1.7385137669911943
983.0 0.6826246556942202
983.5 0.7620611092761684
984.0 0.3130973412312582
984.5 0.992296722445644
985.0 0.7980408027867727
985.5 0.8600118055940296
986.0 0.7504945428482543
986.5 0.7079358418426507
987.0 0.8816356757999855
987.5 0.7892961665567957
988.0 1.2655121604025785
988.5 0.643466537471956
989.0 1.334855463491878
989.5 1.0784444595001683
990.0 0.7163612635102221
990.5 0.6885216689343266
991.0 0.888261156681402
991.5 0.582268344998945
992.0 0.8683714109289604
992.5 1.97009493283085
993.0 0.6981300292432666
993.5 1.3718035409358516
994.0 1.8926770399331305
994.5 1.0308958539085238
995.0 0.8444896170644494
995.5 0.6006047512848607
996.0 0.8427655060539868
996.5 1.0470791340936876
997.0 1.5472373231672867
997.5 1.8144479106158244
998.0 0.914162395992618
998.5 0.7348712925369063
999.0 1.3733459340400378
999.5 0.8814990660481514
1000.0 1.151882327433467
1000.5 0.8294846194026861
1001.0 0.4778489311720603
1001.5 0.6237962627432085
1002.0 1.5499301637782699
1002.5 0.7725891601666263
1003.0 1.3768006670089914
1003.5 1.0755666680122595
1004.0 0.9938705672684844
1004.5 1.0413113777731138
1005.0 1.5793911142338986
1005.5 0.7438896069672876
1006.0 1.2035040141755464
1006.5 0.9094668696990489
1007.0 1.3069816860811914
1007.5 0.723003208251809
1008.0 1.3016286721311636
1008.5 0.8790971206887981
1009.0 0.9520855995349509
1009.5 0.3605021969410957
1010.0 1.630498968657614
1010.5 0.7093281472326516
1011.0 0.9715095268994178
1011.5 0.9070395614789576
1012.0 1.3645132900262333
1012.5 0.4882060933533686
1013.0 0.862335615095489
1013.5 0.5167173819286695
1014.0 1.6335501856362404
1014.5 1.3863810356009492
1015.0 1.012941997501497
1015.5 1.4466080384099913
1016.0 1.2191037212330573
1016.5 1.188741470284969
1017.0 0.8790800185267535
1017.5 1.2054268561848982
1018.0 1.4032603544425757
1018.5 1.0302982240297998
1019.0 0.7243808315824668
1019.5 0.8946719001669541
1020.0 0.9559334166781888
1020.5 1.8035720810409424
1021.0 2.2067758421666976
1021.5 0.7198001114650008
1022.0 1.7729732483291762
1022.5 1.336770856926704
1023.0 0.6321884487756599
1023.5 0.652995186070031
1024.0 1.1770974331388353
1024.5 0.7733359807513109
1025.0 0.8456166809565739
1025.5 0.9887662030527666
1026.0 1.057353894097627
1026.5 0.8208325437870888
1027.0 1.45742402539774
1027.5 1.5368935907119852
1028.0 1.007878041783161
1028.5 0.9887521377634572
1029.0 0.6869662876947298
1029.5 1.4548396732153446
1030.0 1.6663570644360859
1030.5 0.8597701339956427
1031.0 1.5298697114559365
1031.5 1.7408171306019835
1032.0 0.8068440415195339
1032.5 0.7525100402262179
1033.0 1.1153096051121159
1033.5 1.4263680479547962
1034.0 1.3611916061948255
1034.5 0.9696956466072786
1035.0 0.354804243959585
1035.5 1.359291212881261
1036.0 0.7353002114771301
1036.5 1.5314935330285881
1037.0 0.9061003518010535
1037.5 1.2251176553929104
1038.0 0.8040154260900207
1038.5 1.2723713683621463
1039.0 0.5448037338903488
1039.5 2.1143725791147534
1040.0 1.3480575206183312
1040.5 0.6760326148127381
1041.0 0.5611266496410338
1041.5 0.7774126350486045
1042.0 0.9555283217898115
1042.5 1.9401486791496798
1043.0 1.5170087214575807
1043.5 1.7079007828358843
1044.0 1.2917319242223497
1044.5 1.071236596766432
1045.0 0.675661277767057
1045.5 0.7091855104772931
1046.0 0.6317976244084619
1046.5 1.5245516076486898
1047.0 1.0033051551834418
1047.5 1.3457213767722114
1048.0 0.6848019593167236
1048.5 0.4702044872589442
1049.0 0.8939828702227197
1049.5 1.070937623892343
1050.0 1.228716291844737
1050.5 0.9404496669643754
1051.0 1.2237982835053551
1051.5 0.7576203437026172
1052.0 0.8131450336033235
1052.5 0.6139858662893005
1053.0 0.9351824051292315
1053.5 0.2
1054.0 2.343029963328405
1054.5 1.026013131684062
1055.0 1.0477947512670993
1055.5 1.2883790269587978
1056.0 0.7163017607965754
1056.5 0.7296467471353517
1057.0 1.3651567739843773
1057.5 1.264880488644524
1058.0 0.6563052778014707
1058.5 0.5528658601190296
1059.0 0.5869176893993104
1059.5 0.9791892978733602
1060.0 0.7184145574114881
1060.5 0.5629298512483869
1061.0 1.7573267659253022
1061.5 0.8083592773305617
1062.0 1.3223286921249477
1062.5 0.804426796557902
1063.0 1.1528957570009175
1063.5 2.476261898186678
1064.0 0.7991942790846278
1064.5 1.185289669051118
1065.0 0.8134786623856405
1065.5 0.9807854138804064
1066.0 0.9642058082393643
1066.5 0.889472306235497
1067.0 1.6505335253516469
1067.5 1.1373083817383445
1068.0 1.5612185791393238
1068.5 1.3736490417636111
1069.0 1.0840098039680743
1069.5 0.8895126924959281
1070.0 0.9611147959195021
1070.5 1.1857182529721697
1071.0 0.9356789671253449
1071.5 1.449047335848788
1072.0 0.9103142595950371
1072.5 0.4620727554473097
1073.0 0.9699688329449905
1073.5 1.0352114672807189
1074.0 1.922150243771335
1074.5 0.8049084242477721
1075.0 0.35802002951046125
1075.5 1.4061986522644072
1076.0 0.5137990289709881
1076.5 0.4022053523617857
1077.0 1.6434811701862597
1077.5 0.2723016433640393
1078.0 1.2626764318542996
1078.5 0.8713274944509177
1079.0 0.4113413532819744
1079.5 0.7540484283691271
1080.0 1.85154115971137
1080.5 1.9005558140346956
1081.0 0.5904121624111813
1081.5 0.8874395103292423
1082.0 1.3853139285737321
1082.5 0.7311941883188207
1083.0 1.0467528893404616
1083.5 0.7176708533440461
1084.0 2.0023555786925122
1084.5 0.8803852140129903
1085.0 1.204511677394579
1085.5 0.7019351546585567
1086.0 0.7775584140496367
1086.5 1.0428530003999796
1087.0 0.7817003003743027
1087.5 1.3156771525983664
1088.0 1.7700989001894127
1088.5 1.3978234086439234
1089.0 0.42356516967493013
1089.5 1.3649594888766239
1090.0 1.2801470109136002
1090.5 0.5119026579004672
1091.0 1.0368617144592887
1091.5 0.8689038080988978
1092.0 1.545914679333399
1092.5 0.2
1093.0 1.1152532961674297
1093.5 1.179474428372174
1094.0 0.783350390241464
1094.5 0.7313189969835014
1095.0 1.0488918371208515
1095.5 0.8912001633695772
1096.0 0.5872279426641486
1096.5 0.9714475268064449
1097.0 1.0031358728953532
1097.5 1.2183085123599329
1098.0 0.7508175783115996
1098.5 0.9867826113664324
1099.0 1.881395099942242
1099.5 0.6713019536520551
1100.0 1.5435711831981629
1100.5 1.5047046411746168
1101.0 0.7282813751029795
1101.5 1.4954504621458837
1102.0 2.0404450114771437
1102.5 1.5687950165753097
1103.0 1.615805202240471
1103.5 1.019212864525491
1104.0 1.1391746550900268
1104.5 0.8413483314900172
1105.0 1.330281483849138
1105.5 0.8702556366298602
1106.0 1.7587512181774918
1106.5 0.7280688524067437
1107.0 1.3260578850059408
1107.5 1.1234487031932987
1108.0 0.6574836407313549
1108.5 1.3979539650270723
1109.0 1.79012873852845
1109.5 1.8134074642464721
1110.0 1.2687584143192785
1110.5 0.5807586222632938
1111.0 0.9604458166295766
1111.5 1.0725986551701894
1112.0 1.071970888098288
1112.5 1.7687131642020222
1113.0 2.2488189281790327
1113.5 0.7333975492205367
1114.0 0.7550971409687376
1114.5 0.9626298890926253
1115.0 0.6789042119635738
1115.5 0.4463343553522381
1116.0 0.9085666257863259
1116.5 0.8645846465943772
1117.0 1.3016240150791232
1117.5 0.6454937083682477
1118.0 0.7419764603384813
1118.5 0.8462574780250796
1119.0 0.9463291250290731
1119.5 0.6514680246205531
1120.0 1.2543121494109206
1120.5 0.6452905474649975
1121.0 0.7653302005762281
1121.5 0.9224778051398105
1122.0 0.902033200154869
1122.5 0.5562439233913481
1123.0 0.937328004753516
1123.5 0.9120267426446291
1124.0 1.085473738485176
1124.5 0.6745202399528535
1125.0 1.3471443970925394
1125.5 0.9708424444974272
1126.0 1.263937354610046
1126.5 1.5801543365222326
1127.0 1.2091389258280005
1127.5 0.8314840521127023
1128.0 0.6491555747293594
1128.5 0.8259228420475098
1129.0 1.16214418622469
1129.5 1.3465862324820166
1130.0 0.9122747755865235
1130.5 0.7422481518652596
1131.0 0.43075202902788234
1131.5 0.5887199344488117
1132.0 1.792177786103463
1132.5 1.4207988172435349
1133.0 0.6655045280074353
1133.5 1.001629765129744
1134.0 1.7489695951520143
1134.5 0.774450475626963
1135.0 1.3669259109108607
1135.5 1.343772834967957
1136.0 1.472912352229819
1136.5 1.3895711133065887
1137.0 1.5851164740120456
1137.5 1.512680554477436
1138.0 1.7416088669307634
1138.5 0.8757806445985223
1139.0 0.8260783585778937
1139.5 1.0953522274658252
1140.0 0.46839963132373624
1140.5 1.4900145139117833
1141.0 1.7886427718514095
1141.5 0.2689407457033143
1142.0 1.5838148304114141
1142.5 1.9875436890918856
1143.0 0.4882633017546619
1143.5 0.3605393498184322
1144.0 0.8874322339256642
1144.5 0.8344169656582942
1145.0 0.8562452626003072
1145.5 0.4097641796836513
1146.0 0.5781768524130109
1146.5 2.455134164938813
1147.0 0.7585643264223445
1147.5 1.1832661705956526
1148.0 1.536418778686833
1148.5 0.891392959604032
1149.0 0.8107468587990587
1149.5 1.0487925223353936
1150.0 1.1647789899483836
1150.5 1.1848951307413969
1151.0 0.8514142379615957
1151.5 0.3869896113880648
1152.0 0.8128283942844257
1152.5 1.3258413017272184
1153.0 0.6197095541526385
1153.5 0.713010942552127
1154.0 0.8764332320267536
1154.5 1.1924070062104253
1155.0 0.6516869665450927
1155.5 0.871670877821145
1156.0 0.6937939445114774
1156.5 1.3391667413373065
1157.0 1.6986692871700844
1157.5 1.8099281124946742
1158.0 1.2146254696912382
1158.5 1.8376393837214917
1159.0 1.1126183602145925
1159.5 1.603712385695637
1160.0 1.0880420004711184
1160.5 0.625330793429864
1161.0 1.1317804304938366
1161.5 1.6135952680124537
1162.0 0.7075598019621836
1162.5 1.6805599573512158
1163.0 0.8836214283050503
1163.5 1.6117207451643052
1164.0 0.7675401186366637
1164.5 0.8658789374085016
1165.0 1.1659258421247694
1165.5 1.4211440660458892
1166.0 1.5022261604561002
1166.5 1.363236071564561
1167.0 1.7490464047383307
1167.5 1.0355842735426364
1168.0 1.0567222265955067
1168.5 0.6543891153610716
1169.0 0.8696725034137416
1169.5 1.5844652210849928
1170.0 0.7484914632492803
1170.5 1.8762648685089154
1171.0 1.1150825533471516
1171.5 0.9491349037092754
1172.0 1.7444198531181008
1172.5 1.502397076995299
1173.0 0.9649848327270284
1173.5 0.9014547525142067
1174.0 0.5721331403496676
1174.5 1.282066319957066
1175.0 0.8380802066592055
1175.5 0.7574466213394473
1176.0 2.0879027442947677
1176.5 1.916389955150966
1177.0 0.8897796038643735
1177.5 0.527883033595267
1178.0 2.527723549727309
1178.5 0.7495535585386193
1179.0 0.8747493850140371
1179.5 0.9170733435075686
1180.0 0.9343189955959926
1180.5 1.895990671800016
1181.0 0.7556725135801589
1181.5 0.7187918241436102
1182.0 0.7898171927722053
1182.5 0.6589072241674445
1183.0 1.35982316594031
1183.5 1.9939158548116012
1184.0 1.0150058729267615
1184.5 0.5564106291728855
1185.0 0.6497310482403318
1185.5 1.3617697041876
1186.0 1.7551657387000024
1186.5 1.3337690425770676
1187.0 1.2754842952869772
1187.5 1.1407314885515087
1188.0 0.9034824224669933
1188.5 0.808488871514413
1189.0 1.69171452706005
1189.5 1.5916736110021992
1190.0 1.1237472213810877
1190.5 0.6493849609209854
1191.0 1.682180917443428
1191.5 0.7322190819317245
1192.0 0.4740640725000391
1192.5 1.6143450512397304
1193.0 0.8008632614640137
1193.5 0.4944138323559831
1194.0 0.9415501021464701
1194.5 0.7612471406414419
1195.0 1.0226242839816537
1195.5 1.4586424552196626
1196.0 0.6395125736665763
1196.5 0.7974195371705286
1197.0 0.7840735819148753
1197.5 0.7171348047781159
1198.0 1.5798096990445991
1198.5 0.4181676423935214
1199.0 1.022360882450053
1199.5 1.3927155144686534
1200.0 2.347639666180363
1200.5 1.1443994752048476
1201.0 2.003089770707419
1201.5 0.5692625738196528
1202.0 1.7621927738440046
1202.5 1.0640197905763604
1203.0 1.2873190502727734
1203.5 1.5330319564314572
1204.0 1.9969049574458517
1204.5 0.9299076602581868
1205.0 0.8555240445502902
1205.5 1.2312334393883724
1206.0 0.7368518143326539
1206.5 0.8316465316877073
1207.0 1.4447915122412502
1207.5 0.45140724587001874
1208.0 1.1248154815292628
1208.5 1.2837412774655084
1209.0 1.319561947612213
1209.5 1.1945151704582773
1210.0 1.3071392800569201
1210.5 0.8053090362810178
1211.0 0.9543192635108217
1211.5 1.556776690457347
1212.0 1.6712804157229817
1212.5 0.6000245237620582
1213.0 1.0338481032322158
1213.5 1.6006162371385102
1214.0 0.7968426719874668
1214.5 1.089249829194836
1215.0 1.5188435318096154
1215.5 0.8062238600940378
1216.0 0.7407707346506577
1216.5 0.8646867760272621
1217.0 1.208319856726145
1217.5 1.2220823061223216
1218.0 1.0212166094712574
1218.5 0.8648133776742981
1219.0 0.8305442228777657
1219.5 1.033415807149825
1220.0 1.688093367796724
1220.5 0.4085598909395015
1221.0 1.030251932459106
1221.5 1.1831283521170946
1222.0 1.1578626636559093
1222.5 1.1259515684159296
1223.0 0.8923556335878211
1223.5 1.4095792037593253
1224.0 2.3040178896342027
1224.5 1.2873112788420396
1225.0 1.1229679640108328
1225.5 0.9426277483149106
1226.0 1.9143315534937222
1226.5 1.7935179114095583
1227.0 1.1998049521172667
1227.5 0.32684484710936934
1228.0 0.8419654695241555
1228.5 0.9489120378822722
1229.0 1.116098161755036
1229.5 1.8009632358395273
1230.0 0.8416303604034885
1230.5 1.2032390793798537
1231.0 2.2932543795645155
1231.5 0.8134177349348637
1232.0 0.2
1232.5 0.7462026354351357
1233.0 1.3762967810039632
1233.5 1.1990405237918158
1234.0 0.7800622957742868
1234.5 1.8989625740205647
1235.0 0.8514428469357077
1235.5 1.877970318997493
1236.0 0.46110998072251846
1236.5 0.6332703856100184
1237.0 1.056180134625324
1237.5 0.8471896744537972
1238.0 1.0640652723996555
1238.5 0.552299299180278
1239.0 1.2334208740666806
1239.5 1.2483731630821677
1240.0 1.2430547803079346
1240.5 0.7114351266936698
1241.0 1.2158324339439144
1241.5 0.6729298209255373
1242.0 1.0820043076806178
1242.5 0.9646762595403147
1243.0 1.4237155913048434
1243.5 0.8212756405873394
1244.0 1.7455064077993019
1244.5 1.5777050159541772
1245.0 0.9908808219658776
1245.5 0.8424034191894096
1246.0 1.6763371781581413
1246.5 0.48024042464815864
1247.0 1.0546556145080406
1247.5 0.8808449138815753
1248.0 1.6215928727082567
1248.5 1.2023850829583425
1249.0 0.7672692421879614
1249.5 1.024394590464856
1250.0 0.7693435916354391
1250.5 2.301556872832988
1251.0 0.7745695904028491
1251.5 1.2734083702891112
1252.0 1.1536399141827385
1252.5 0.5300223306256464
1253.0 1.8238524358590364
1253.5 0.3985006187729575
1254.0 0.3895456934737491
1254.5 0.830345647069344
1255.0 1.4037315676380424
1255.5 1.0722840937943627
1256.0 1.1568323088952193
1256.5 1.2325604914632138
1257.0 1.0540985506786413
1257.5 1.7799074524572909
1258.0 0.6793298285951881
1258.5 1.441311017502994
1259.0 0.6442059432115802
1259.5 1.2894477598124237
1260.0 1.4691964762754968
1260.5 1.8194310100949604
1261.0 1.6318671240916487
1261.5 1.2625556697358862
1262.0 0.6217800772408493
1262.5 1.5625284116791773
1263.0 1.936022891779409
1263.5 1.7153631346887643
1264.0 2.057997962831998
1264.5 1.7103504600601016
1265.0 2.030117023319877
1265.5 0.2
1266.0 0.4951128412799908
1266.5 2.1232662429255496
1267.0 0.818755234927347
1267.5 1.343768887676834
1268.0 1.537535401130187
1268.5 0.9579401887933727
1269.0 1.626766345924761
1269.5 1.4645241706539684
1270.0 1.4579838789289346
1270.5 0.6403657918137764
1271.0 0.8545899025105423
1271.5 1.1900556584264945
1272.0 1.4087235960341098
1272.5 0.9744616388878128
1273.0 0.7617874705369478
1273.5 0.8221549282469117
1274.0 0.5939570031109178
1274.5 0.8799669174743497
1275.0 1.028015539471553
1275.5 0.7110129480946491
1276.0 1.4755241095592462
1276.5 0.7703682709847139
1277.0 1.465779219424221
1277.5 0.605440892026345
1278.0 0.7335218195259576
1278.5 1.089648186392381
1279.0 2.035775305924603
1279.5 1.01922997054732
1280.0 1.4276819496429862
1280.5 0.9403791984589549
1281.0 1.7918863899340365
1281.5 0.6136289842802862
1282.0 1.0326857466666606
1282.5 2.5020466867182365
1283.0 0.9142982373241235
1283.5 0.9256129375560072
1284.0 0.5507670708751788
1284.5 0.9229737590613987
1285.0 1.0133698435704832
1285.5 0.5356446636117915
1286.0 0.585057486898753
1286.5 1.1560514571722047
1287.0 0.8460656743581536
1287.5 1.0001918225135198
1288.0 1.4940087757411387
1288.5 1.1716978237349356
1289.0 0.8719166547210693
1289.5 2.03086498479877
1290.0 1.4527059212940432
1290.5 1.0357295209149218
1291.0 0.745862027938435
1291.5 1.3445303465681595
1292.0 0.8116679254218465
1292.5 1.5710048568448007
1293.0 1.2248345457089902
1293.5 0.8474142274797295
1294.0 1.0929092122819677
1294.5 1.2989068998804056
1295.0 0.8485764309911206
1295.5 0.7767237810766607
1296.0 1.0343592519397453
1296.5 0.9808872273631162
1297.0 0.5071328223689139
1297.5 0.4585051611380816
1298.0 0.8605942515115445
1298.5 1.1585631944502148
1299.0 0.6703945560600693
1299.5 1.546146569280386
1300.0 1.8228353881150028
1300.5 0.6748593957580067
1301.0 1.2402452305872886
1301.5 1.4159862615428465
1302.0 0.9109040711171004
1302.5 1.7254906881647907
1303.0 1.361080366342063
1303.5 0.6228614253502808
1304.0 1.160662662172456
1304.5 1.0477752777970972
1305.0 1.517171546710086
1305.5 0.559467852046664
1306.0 1.1561179494614024
1306.5 1.1037461163523927
1307.0 0.9074676863146981
1307.5 1.0198677871468922
1308.0 1.8853967964079925
1308.5 1.1403999378896972
1309.0 1.287417072599371
1309.5 0.750217198392366
1310.0 1.2548691509109229
1310.5 1.9509814765997417
1311.0 1.4958967783393984
1311.5 1.0222996306868928
1312.0 1.7833636082444326
1312.5 0.8202453317461982
1313.0 0.8536460531068781
1313.5 1.8989283845117355
1314.0 0.7802250780079838
1314.5 1.1541577834030514
1315.0 1.0883801014719312
1315.5 1.3309166550088154
1316.0 0.43292225392301187
1316.5 1.2514732116688754
1317.0 0.521725760320846
1317.5 0.8176412738728872
1318.0 0.5986709440346318
1318.5 0.8420445238823625
1319.0 0.8723389625136129
1319.5 0.3274970168126856
1320.0 1.1947702056202865
1320.5 0.7488065738418552
1321.0 1.7217573575541094
1321.5 0.4658341108390401
1322.0 1.7218350501880502
1322.5 0.7267626431626719
1323.0 1.1301248351822273
1323.5 1.421776835329142
1324.0 2.2948967930217834
1324.5 0.5564920993074364
1325.0 1.424171886883698
1325.5 0.7603314053278363
1326.0 0.876047743137931
1326.5 0.5704317577935969
1327.0 1.0796466270045086
1327.5 1.7561426685693498
1328.0 1.476048687052844
1328.5 1.164765359880565
1329.0 0.9022930184789459
1329.5 0.7027603835154683
1330.0 1.7455971087392155
1330.5 0.8353971220379517
1331.0 0.4254764841119727
1331.5 1.4490979494659126
1332.0 0.8454400348563267
1332.5 0.7502716194933216
1333.0 0.8798750370433119
1333.5 0.7187067849418358
1334.0 1.4650530935640644
1334.5 1.7697045072086897
1335.0 0.6815363131810288
1335.5 1.1088470926442853
1336.0 1.1950910952646543
1336.5 1.2292949382852876
1337.0 1.6038525883261647
1337.5 0.9736627297578213
1338.0 1.1946939312182516
1338.5 1.3478518156107482
1339.0 0.952661953163894
1339.5 0.6438726754131875
1340.0 1.322890600800269
1340.5 2.103164006056348
1341.0 1.0579581282650654
1341.5 1.089865598939663
1342.0 1.322153556509372
1342.5 0.8637465039182841
1343.0 1.105661370319327
1343.5 1.765370743804185
1344.0 0.9876590925041535
1344.5 1.8427136277419016
1345.0 1.4728808933869506
1345.5 0.705416554233449
1346.0 1.3684515152682877
1346.5 0.8877238512913666
1347.0 1.0870693010742656
1347.5 1.2011186635259117
1348.0 1.80498250212282
1348.5 2.067793179826795
1349.0 1.5605709727455503
1349.5 0.4145171461996579
1350.0 0.9443369550976504
1350.5 2.041661338448578
1351.0 0.7025318755047756
1351.5 1.3659045072471994
1352.0 1.0321191100802474
1352.5 1.0828114049253241
1353.0 0.7596127573791447
1353.5 1.6050977858194062
1354.0 0.7887121314639445
1354.5 1.1203351345432628
1355.0 0.8252805581261538
1355.5 1.2417823514689001
1356.0 1.117647897766402
1356.5 0.8384436402296691
1357.0 0.5230336262846269
1357.5 1.2161945206368832
1358.0 0.9128923327490825
1358.5 0.8420610381593088
1359.0 0.7359041238556526
1359.5 1.3831609307438426
1360.0 1.2088259475155398
1360.5 1.5591899949230457
1361.0 1.253136802078281
1361.5 1.5838739942126456
1362.0 0.7580571672024575
1362.5 1.1875906213262166
1363.0 0.7473907971660754
1363.5 0.6530396234370188
1364.0 0.2
1364.5 1.1219756862402324
1365.0 1.2746647880661108
1365.5 1.0881614846318464
1366.0 1.2992796722868807
1366.5 1.0231347562454836
1367.0 0.9468278223820344
1367.5 0.8532035075611495
1368.0 1.068606666069292
1368.5 1.206849671558927
1369.0 1.2492712125617897
1369.5 1.0398467703821854
1370.0 1.1001345796235298
1370.5 0.7559095832481368
1371.0 0.7753131330418146
1371.5 1.5858233054132223
1372.0 1.962331410829069
1372.5 1.1679615003805455
1373.0 0.6390610161919791
1373.5 0.6995674498178455
1374.0 1.099807722052399
1374.5 2.132275783769429
1375.0 0.8019316965233514
1375.5 0.6438360999443086
1376.0 0.933861737739484
1376.5 0.6804664436583465
1377.0 1.679783364490889
1377.5 1.5390127213036715
1378.0 0.9531145487162183
1378.5 1.2799128629343963
1379.0 1.2226801805653402
1379.5 0.9593370348720098
1380.0 0.706556475390903
1380.5 0.9478200622103516
1381.0 1.1805131990574724
1381.5 0.9186151696428588
1382.0 0.7387387066895258
1382.5 1.1600266134176087
1383.0 0.9188174764084145
1383.5 1.4887278691490455
1384.0 1.0973126473952308
1384.5 1.9871706385629784
1385.0 0.9009915353687235
1385.5 0.24528931682884836
1386.0 0.6052150134820241
1386.5 1.5623715998990284
1387.0 2.027224975755856
1387.5 0.9931441790135214
1388.0 0.8267390043160048
1388.5 1.0864129109251779
1389.0 1.72401538806596
1389.5 1.2324560855045588
1390.0 0.9799353713076675
1390.5 1.569491482418285
1391.0 1.023504310432253
1391.5 0.5010907372805354
1392.0 1.409449961204969
1392.5 0.8414002371690218
1393.0 1.3364705707229119
1393.5 0.7321799315601907
1394.0 0.8274159746848603
1394.5 1.4991486071733289
1395.0 1.0784023242962457
1395.5 0.7715639049198
1396.0 2.65461774023675
1396.5 1.4962674703704997
1397.0 0.5980490844720632
1397.5 1.2777542420781844
1398.0 0.8251491912882438
1398.5 0.5615602257976309
1399.0 0.7244648449958051
1399.5 1.2590534529237327
1400.0 0.6199808742377505
1400.5 1.5929146513077872
1401.0 1.047145018575194
1401.5 0.9040263875414798
1402.0 0.5202994153742952
1402.5 1.0387780677219545
1403.0 1.4380927670079078
1403.5 0.601059486022205
1404.0 1.095037215558723
1404.5 0.5662131271835025
1405.0 1.1519336872806396
1405.5 0.5600551177614832
1406.0 1.0320872919688462
1406.5 0.7370160681661913
1407.0 0.8417401945155545
1407.5 0.6964457452990604
1408.0 0.5787695680713727
1408.5 0.666264519721588
1409.0 0.6824771771115797
1409.5 0.6515186166553011
1410.0 1.3883479991775847
1410.5 0.4272961933499987
1411.0 0.9065038420209455
1411.5 1.2373976097065864
1412.0 1.5150700917727855
1412.5 0.6959480846677474
1413.0 1.1014244432577724
1413.5 0.8319770617380787
1414.0 1.1208703775364297
1414.5 0.8350342985082848
1415.0 1.3609259516079537
1415.5 0.5384033257100667
1416.0 0.3868716924904525
1416.5 0.5314634612151597
1417.0 0.7152792929596712
1417.5 1.584155543419845
1418.0 1.286507420269033
1418.5 0.9188732291382407
1419.0 1.3087555323013336
1419.5 0.5515358563525512
1420.0 1.5454131480685986
1420.5 1.2130652182334698
1421.0 0.5566128784374986
1421.5 0.9581531432899225
1422.0 1.4871098462712826
1422.5 1.024442370641272
1423.0 1.258849961321286
1423.5 0.5410694017036153
1424.0 0.9093596170447735
1424.5 0.5616075220262364
1425.0 1.153199233704258
1425.5 0.7437284653728372
1426.0 1.3224086903827108
1426.5 0.3319281604598245
1427.0 0.7633345252639319
1427.5 1.047503637965157
1428.0 1.3386805932462353
1428.5 1.001161809779894
1429.0 1.1726379226635342
1429.5 0.994892807245385
1430.0 0.801806351309104
1430.5 1.573862896312212
1431.0 0.7336025024555262
1431.5 0.8138341697739073
1432.0 0.7993845726024509
1432.5 1.8001104177883118
1433.0 1.27659523023867
1433.5 1.6588337788474936
1434.0 1.4325316737364162
1434.5 2.5175214902104273
1435.0 1.4744515746059461
1435.5 1.6757949481332308
1436.0 1.1819351674746992
1436.5 1.0009219293965266
1437.0 0.7523394219493136
1437.5 1.3970899400762438
1438.0 1.463116679285891
1438.5 0.5887218574131353
1439.0 0.3497951033941862
1439.5 0.4927416476038099
