0 1.652740109525733
0.5 1.1987468299874768
1.0 1.9975526210019683
1.5 1.684565936888811
2.0 0.9599922887380832
2.5 0.7022540157569478
3.0 1.0380291787943188
3.5 1.140591556973619
4.0 1.5041965382288662
4.5 0.8468563418294424
5.0 2.135302649455343
5.5 1.1911473512341408
6.0 1.0128214269048343
6.5 1.7550027185737287
7.0 0.7973136915511148
7.5 1.4480363189036591
8.0 0.4771354938664944
8.5 0.8249229647916747
9.0 0.9969814372584337
9.5 1.5896039191930516
10.0 0.9315414615288315
10.5 0.6763053024366127
11.0 1.0217402979970265
11.5 1.1191229324079721
12.0 1.1223845611251568
12.5 0.7887165871486975
13.0 1.1683587345760476
13.5 0.9159394724719284
14.0 0.9852584181657928
14.5 1.0975208057338595
15.0 1.0616963176596859
15.5 1.9586164987322499
16.0 0.2
16.5 1.3194533525248515
17.0 1.216582734675177
17.5 1.006113004624191
18.0 0.8464936386184345
18.5 1.0429061130585626
19.0 1.1836627148287102
19.5 0.613341366952519
20.0 0.612650770582262
20.5 1.7356694382561257
21.0 1.2782479581313575
21.5 0.906908566934325
22.0 1.3172163092698819
22.5 0.2
23.0 0.7194088401390911
23.5 1.0702116817549356
24.0 1.8925027611416112
24.5 0.731370017518183
25.0 1.547805651060064
25.5 0.6889287846102694
26.0 2.764480169134335
26.5 0.7110633260987704
27.0 1.1891536261473887
27.5 0.888072280686131
28.0 0.576523495810676
28.5 1.1579542425540814
29.0 0.7143894745331711
29.5 0.7845920244898414
30.0 1.2686371151194655
30.5 1.3992431867845796
31.0 1.32524807019362
31.5 0.6257008080173769
32.0 1.7651634541454881
32.5 1.953168163110674
33.0 1.9032771692795043
33.5 1.3852883189261975
34.0 1.5301883710349118
34.5 1.4302974655454566
35.0 0.7562256582435538
35.5 0.7093168271599704
36.0 1.7737765837166344
36.5 0.8295758837975118
37.0 1.1712701790997135
37.5 0.40010017405563425
38.0 0.7827511103240173
38.5 0.8963249872542178
39.0 1.6594787097706392
39.5 0.5921490623531714
40.0 1.5482643939778533
40.5 1.0696937188898596
41.0 1.383829938645991
41.5 0.9430647800048233
42.0 1.2343819586584452
42.5 0.6354987232307105
43.0 2.46808811281373
43.5 1.3241638061669754
44.0 1.1308704374956722
44.5 1.3492951565062392
45.0 0.7597639999609178
45.5 1.1678332012150874
46.0 0.8854122206066413
46.5 1.0926814435443177
47.0 1.8307318408248183
47.5 0.631367244209802
48.0 1.4095492831454814
48.5 0.5030411084540745
49.0 0.785132679639424
49.5 0.7150340782190502
50.0 1.0539021276885903
50.5 1.0638483463849213
51.0 0.6588350610986173
51.5 1.3115863404890626
52.0 0.9530637560572077
52.5 0.2
53.0 0.7738644192100584
53.5 1.4904667311855557
54.0 1.492203335390395
54.5 0.268246365989592
55.0 1.4198745241846642
55.5 0.914941613201971
56.0 1.6496512301440895
56.5 0.6548719151063094
57.0 1.4611003177756925
57.5 1.1607660762981282
58.0 1.5631744619968604
58.5 0.5074744627145058
59.0 1.5103283723518683
59.5 1.1842267360741159
60.0 1.4159915941357035
60.5 1.4084080804685954
61.0 1.3668907463134774
61.5 2.0886842462467956
62.0 0.9187504126394623
62.5 0.856782787046265
63.0 0.7040124775879532
63.5 0.6145360114210143
64.0 2.3209953719849032
64.5 1.1247879723322558
65.0 0.8570092041953274
65.5 0.7259774097285485
66.0 0.738339397797582
66.5 1.7556313635986749
67.0 1.1334242838020918
67.5 2.3017649033325833
68.0 2.7057030139984937
68.5 1.1778835401099446
69.0 0.5476420149695624
69.5 1.1630165579232958
70.0 0.9259450990347615
70.5 1.0379181938116702
71.0 0.8645178838528397
71.5 1.4486682368823838
72.0 0.3420277155925075
72.5 1.1295296417192209
73.0 1.0480108683015932
73.5 2.0623023441038537
74.0 1.0485967138086827
74.5 1.2514262464127495
75.0 0.28658907987160925
75.5 1.235392085048303
76.0 1.1020205579507567
76.5 1.4850497624848096
77.0 1.0198654710394413
77.5 1.4233769395746672
78.0 1.074562430182607
78.5 0.5019936353966199
79.0 1.0576850262627921
79.5 0.5296146154352602
80.0 0.8507508483793841
80.5 0.6578760650549775
81.0 1.2572267399457935
81.5 1.6138256857469262
82.0 2.322426779202175
82.5 1.2278250219474751
83.0 0.7136897175294601
83.5 0.742262590070748
84.0 0.6250482373276762
84.5 0.9358954799586512
85.0 0.22205104867237013
85.5 1.5247340832227785
86.0 1.642673966832048
86.5 1.3529319327894616
87.0 0.6468448988957055
87.5 1.933304370455027
88.0 0.8574730074343578
88.5 1.951688531957551
89.0 1.15131046920438
89.5 0.5837106501817506
90.0 0.9101056903962961
90.5 0.9954617397163585
91.0 1.2384840266415786
91.5 1.5573163322917598
92.0 1.4186534312494699
92.5 0.7095235166996567
93.0 1.173131866745294
93.5 1.206758580382921
94.0 1.6125570529437514
94.5 1.6742150660425528
95.0 0.8777003291999191
95.5 1.5425966118678403
96.0 0.7656109896263423
96.5 1.7617249125899503
97.0 1.9118407909284785
97.5 1.6698429142034228
98.0 0.830990574848502
98.5 0.7077254360407621
99.0 0.7049225287923433
99.5 0.5374813169407362
100.0 0.6219862711366733
100.5 0.9653481080197757
101.0 1.7219909976894017
101.5 1.0818038041029265
102.0 1.2709256573603387
102.5 0.821747644907344
103.0 1.05022301741336
103.5 0.7574849029104784
104.0 0.8611536900302028
104.5 1.4485126497470269
105.0 1.3224419652771902
105.5 0.8484517178070385
106.0 2.049181258800237
106.5 1.3704617829115786
107.0 0.5673673093123661
107.5 0.946727694465295
108.0 1.3520513109361854
108.5 1.6229124298675641
109.0 0.35622232469358917
109.5 0.703059212203049
110.0 1.2144587556954265
110.5 0.885476536986325
111.0 0.761899910630975
111.5 0.562485521791287
112.0 0.80587794546882
112.5 1.122813395652428
113.0 0.5643166811376682
113.5 1.134479773278191
114.0 1.6606221214873553
114.5 1.4269258482140037
115.0 1.719379471860702
115.5 0.9957656020037942
116.0 1.6801109334988205
116.5 0.5513531453659393
117.0 0.8000505271220127
117.5 1.5798924898091502
118.0 0.8463930290050128
118.5 0.9768649406528938
119.0 1.213762647586161
119.5 1.0127220375193933
120.0 0.7690904416560186
120.5 0.5797867452585285
121.0 2.0478962640557627
121.5 1.449327575292012
122.0 0.7038585772032729
122.5 0.29901165083796366
123.0 1.4166016809771924
123.5 0.61437125263199
124.0 1.8827940242806727
124.5 0.3851797206049896
125.0 0.9500180585564141
125.5 1.3393241645404892
126.0 1.3515790939727828
126.5 0.9676897265885578
127.0 0.6633773545609442
127.5 0.9966768503540215
128.0 0.7823301165185407
128.5 0.7966360092850866
129.0 0.7936155639720539
129.5 1.833810947506173
130.0 0.9377940953174677
130.5 1.8561085613183352
131.0 1.0096890251336836
131.5 0.4694419371750178
132.0 1.0455224172457023
132.5 1.478440499371523
133.0 0.7192722314965267
133.5 0.7251723044557699
134.0 1.5731944888529528
134.5 0.4547856440750047
135.0 2.35294519355274
135.5 1.0383561973972015
136.0 1.7632122558483005
136.5 0.9019999028933461
137.0 0.7593061007667636
137.5 0.8818954388412137
138.0 1.166659936229042
138.5 1.3518536628772215
139.0 1.1654668223115279
139.5 0.9981584137024727
140.0 1.3845661613400018
140.5 1.0369668732085615
141.0 1.1955744673405888
141.5 0.954169439373765
142.0 1.1287967727922639
142.5 1.1532875142454617
143.0 0.983286010199665
143.5 1.3250874768277723
144.0 0.45500146770399125
144.5 0.6345824251381529
145.0 0.8375249574426533
145.5 1.309303004204391
146.0 1.050174184027275
146.5 2.2665873452732956
147.0 1.1623138439894443
147.5 1.2735885496160932
148.0 0.5394732707062976
148.5 0.7791101961295507
149.0 1.3816147025487608
149.5 0.5558255192062483
150.0 1.4323070013493266
150.5 1.2938256708656406
151.0 1.5994373554518349
151.5 0.8068986781266205
152.0 0.8177648517716166
152.5 0.7730918044936583
153.0 0.6496441402014423
153.5 0.7350590675609641
154.0 0.647525725863455
154.5 0.9075537915377658
155.0 0.878474517834911
155.5 1.0064862909506744
156.0 1.9097141358108463
156.5 1.1103190367098912
157.0 1.6624832474793156
157.5 1.5924815524063725
158.0 1.146894668188858
158.5 2.2589823577828523
159.0 1.329685089379388
159.5 1.5772565252973383
160.0 0.7853720059862404
160.5 2.2630419368914025
161.0 1.109257947926562
161.5 1.286350608310023
162.0 0.9993851719719129
162.5 0.8223444984399402
163.0 0.7483352467843211
163.5 1.3225296028408944
164.0 1.0647078242093493
164.5 1.2687483182385844
165.0 0.8963836272347607
165.5 1.2012934648166764
166.0 1.4430409134239632
166.5 1.2545524449101848
167.0 1.1007726824561057
167.5 0.9020752469702928
168.0 0.8779765737179952
168.5 1.2730787830614547
169.0 1.1169777731198194
169.5 0.2
170.0 1.4420747751381522
170.5 1.138659001987759
171.0 1.1801834234926567
171.5 0.5008462893599801
172.0 1.0105603571489012
172.5 0.7670165181741198
173.0 1.4809721855181222
173.5 0.9627093060653724
174.0 0.38561031647132415
174.5 1.166573782088278
175.0 1.7634330396694722
175.5 0.6454596089613307
176.0 1.2447725987889717
176.5 0.6627766981500987
177.0 0.6054761817136061
177.5 0.7655124575327524
178.0 0.64721441619626
178.5 1.0403468220566976
179.0 0.6837704644930842
179.5 1.5322675936688337
180.0 1.705839746675433
180.5 0.724730379752389
181.0 0.5394726091448977
181.5 0.7210435196330965
182.0 0.7162300910379331
182.5 0.7955444200285839
183.0 0.5863971734865445
183.5 1.1179068585180267
184.0 1.0153676966448608
184.5 1.457967044591917
185.0 1.6010675159185777
185.5 1.0012358015694778
186.0 1.1156357622862718
186.5 1.3211821082579727
187.0 1.3748602640150684
187.5 0.6817924112154569
188.0 1.133634531392551
188.5 1.453684536110185
189.0 0.8639936580790832
189.5 1.2195212769665051
190.0 1.260399669135332
190.5 0.2
191.0 0.8688535701184519
191.5 1.8178600488447083
192.0 0.2600032275529006
192.5 0.7382957137001906
193.0 1.5713884940091882
193.5 0.49133532424756754
194.0 0.874444235907456
194.5 0.42353980084301623
195.0 1.5925859467661105
195.5 1.3476789946485201
196.0 1.317989770268869
196.5 0.8876346811458817
197.0 0.967887354847754
197.5 0.7391260547454195
198.0 2.97700719430272
198.5 0.6840695451702221
199.0 0.5121137178509902
199.5 0.872519083797723
200.0 1.0607923962398156
200.5 1.0829759970312107
201.0 1.0174190672048788
201.5 1.1806109371533422
202.0 0.6480956457880784
202.5 1.5952265466391158
203.0 1.058646929940022
203.5 1.6375170330113147
204.0 0.6457834631461565
204.5 0.6179473340450259
205.0 0.7327631703909703
205.5 0.8669881393769339
206.0 1.6662682057947484
206.5 1.0089422581237717
207.0 1.0780583312792567
207.5 0.9594980113889005
208.0 0.6280308713441207
208.5 0.9903206567290785
209.0 0.6191868223249051
209.5 1.2346692469815803
210.0 0.703311282521413
210.5 0.6584893872890678
211.0 0.5821458726267792
211.5 1.0965834987121923
212.0 1.0941548235183909
212.5 1.0580883429110468
213.0 1.1729823084427946
213.5 1.0243618741040623
214.0 1.7008637373424977
214.5 1.001776421866587
215.0 0.9524910528408405
215.5 1.0842176565430806
216.0 0.8621985352101085
216.5 0.7977923615477327
217.0 0.655769157686894
217.5 0.6904114595137272
218.0 1.0923669137450873
218.5 0.8923060838022481
219.0 1.1610191841556494
219.5 0.599822978921265
220.0 1.190604251788793
220.5 0.7684550331280526
221.0 0.7696849256700609
221.5 0.5178870700136567
222.0 0.8936603492083199
222.5 1.1801984473628888
223.0 0.8404804917753863
223.5 1.8584308347310259
224.0 0.995986888538522
224.5 1.830514736873889
225.0 0.2
225.5 0.853685745926116
226.0 0.7676158229507926
226.5 1.2738228504098619
227.0 0.6434531245917527
227.5 1.31346304761376
228.0 0.3272421776944745
228.5 0.9717009505582628
229.0 0.3936469071158295
229.5 0.9462266592119227
230.0 2.047082716732834
230.5 1.3463538488670523
231.0 0.7761553441685951
231.5 1.8670956248333104
232.0 0.8706001921499227
232.5 1.0575750476604966
233.0 1.13111471168066
233.5 0.7720182639090816
234.0 0.8252939327390632
234.5 0.2
235.0 0.7620971208172223
235.5 0.9024541742079049
236.0 1.4940009262475105
236.5 0.5037749158384497
237.0 1.7371910766980447
237.5 0.546715074434032
238.0 1.3113208125691593
238.5 1.8464453283957165
239.0 0.758281498710668
239.5 1.2438948309760447
240.0 1.2395162661235521
240.5 1.4210246749193254
241.0 1.1595124172307798
241.5 0.8539764785792691
242.0 0.2148390433965236
242.5 0.6586795229453941
243.0 1.0352582744429673
243.5 0.7425657747569092
244.0 0.9443111784816354
244.5 1.2316849157572318
245.0 0.6309620820890744
245.5 1.2663228477276616
246.0 1.480878772440536
246.5 0.7069990127942112
247.0 1.328482273855451
247.5 0.7767717896500849
248.0 1.7700162019409582
248.5 0.9680714533820276
249.0 0.6546918733043101
249.5 1.2685087229163472
250.0 0.8735011046510639
250.5 2.099566410309714
251.0 1.7378386046964063
251.5 0.6529978900806022
252.0 1.0467877256855511
252.5 1.3964773581979082
253.0 0.8497414992247632
253.5 1.376650081932198
254.0 0.8546429783848195
254.5 0.7314487226328823
255.0 1.613514444969018
255.5 0.28409030974383076
256.0 1.2683107192456546
256.5 0.6461699023095263
257.0 0.6073191136099598
257.5 0.8041005556937977
258.0 0.8066444532702566
258.5 1.2606147135357795
259.0 1.5958246281561212
259.5 1.2145708496287237
260.0 1.3973941758058397
260.5 1.0675283406759413
261.0 0.9810937485273192
261.5 1.6553729952886398
262.0 1.1028358690948368
262.5 1.5633306225678785
263.0 1.0418699501428448
263.5 1.2145336761859062
264.0 0.8786620656184928
264.5 0.7156608543641996
265.0 1.309333444211947
265.5 1.0873678707734273
266.0 1.237836003692546
266.5 0.710715703863276
267.0 2.0392258163259553
267.5 1.0361318509830413
268.0 0.8367910207427107
268.5 1.3575639244830837
269.0 1.0101946277150333
269.5 0.2
270.0 1.5112404723996244
270.5 0.7164891897592567
271.0 1.5415062865131266
271.5 1.0643587379258435
272.0 1.084875281421229
272.5 0.5535214201587919
273.0 0.582556145301965
273.5 0.7426512104264549
274.0 0.5679498317862228
274.5 1.3992293601543158
275.0 0.9756019559370087
275.5 1.7393435951017964
276.0 0.7964626772709853
276.5 0.7754414023180491
277.0 1.7262169704001011
277.5 0.6343259449948433
278.0 0.8099319149440689
278.5 1.2095366539755568
279.0 0.9200037736282132
279.5 1.3816296359731686
280.0 1.0164278869844854
280.5 0.7571095865786158
281.0 0.5028508639929357
281.5 1.7066644228021515
282.0 0.5832567307438643
282.5 0.8269179666995732
283.0 0.8026653511698116
283.5 0.6862088475762804
284.0 0.5710470446820917
284.5 1.6369859268775568
285.0 0.7359479417055553
285.5 0.8957865186745944
286.0 0.7745307812142623
286.5 1.6750914626136972
287.0 0.8696429661305876
287.5 1.6719474284753109
288.0 0.45298750388173636
288.5 0.8381920863575989
289.0 1.2136632032621106
289.5 1.041074233427419
290.0 1.2283021517650663
290.5 1.0776119296135676
291.0 0.2
291.5 2.062954517077605
292.0 1.3871559082395315
292.5 0.6808604308210751
293.0 1.000358761099328
293.5 0.9155918212528307
294.0 1.0448122458561033
294.5 0.6049213769065028
295.0 0.6868222091127336
295.5 1.223729574370296
296.0 1.0041771057643651
296.5 1.2199998002579122
297.0 0.5864413211916419
297.5 1.0442297099218072
298.0 1.7183156085708688
298.5 0.6694857177367274
299.0 1.4783435168599075
299.5 1.189030190548026
300.0 1.3721240482768415
300.5 1.518574519889954
301.0 1.0669627310901062
301.5 0.6826680598218344
302.0 0.9388109756394658
302.5 1.4397850183890941
303.0 0.6906507603092904
303.5 2.0790096871831376
304.0 1.268005381578948
304.5 1.3412539535532133
305.0 2.37223370768669
305.5 1.0104023737077914
306.0 0.860812303795871
306.5 1.3550851716962284
307.0 2.0135012860947907
307.5 1.0576618163854494
308.0 1.1846183653789406
308.5 1.2841800362977505
309.0 0.42730373502208363
309.5 0.6329988476180816
310.0 1.8698196464523336
310.5 2.163020831613403
311.0 1.102107775789994
311.5 1.2861794991421363
312.0 0.6999541907129907
312.5 0.6054505570762608
313.0 1.0889522141052272
313.5 0.8828274638698361
314.0 0.8918977544813986
314.5 1.0897432010111092
315.0 0.2
315.5 0.773181183396894
316.0 1.5723913074777478
316.5 1.5434367646448837
317.0 0.2
317.5 0.9675306521329863
318.0 0.7392761628953077
318.5 1.983660915358573
319.0 1.0235952466905667
319.5 0.6046318564460609
320.0 0.7419787148791601
320.5 1.180089578481983
321.0 2.111848916135385
321.5 0.6229143035228535
322.0 0.535365935905756
322.5 0.85433551513368
323.0 1.7178000168921628
323.5 0.8849629947833818
324.0 0.8815775273392776
324.5 1.4349183144362507
325.0 0.8847015952412935
325.5 0.7066972437594918
326.0 0.77109292472391
326.5 1.5816179220417776
327.0 1.0550897098071004
327.5 1.6586980351586313
328.0 0.35596235076338745
328.5 0.5844354699924984
329.0 1.2654608502301887
329.5 1.9647420912646045
330.0 1.1318778171288182
330.5 1.1065782175428893
331.0 1.506028665010898
331.5 2.5149950860867873
332.0 0.4986370408252799
332.5 0.5881698352290436
333.0 1.3821710108032934
333.5 1.5127547455124444
334.0 1.434845301173298
334.5 0.292215331812201
335.0 0.8991600041769177
335.5 2.5024901901956684
336.0 1.1321663278582996
336.5 0.9331907641393233
337.0 1.1050703769839039
337.5 1.2279493122831315
338.0 0.9905946490261226
338.5 0.5546756287965608
339.0 1.4941156071545296
339.5 1.520236984419628
340.0 1.6477058033411256
340.5 0.7330252971298586
341.0 0.7810818567676725
341.5 1.253369490670595
342.0 0.37649187570511944
342.5 0.9530518964287971
343.0 1.4693830367445406
343.5 0.9290339409570509
344.0 0.7012753272467629
344.5 1.2692699500324356
345.0 1.1080038492179742
345.5 1.0864102418817998
346.0 1.9271424673836814
346.5 1.6595757097500088
347.0 2.1709826344038996
347.5 1.1751915685130534
348.0 0.8963641160664892
348.5 0.8220839656069521
349.0 1.2023071135525054
349.5 1.3147519221989095
350.0 0.9585851803829716
350.5 1.2268402815710708
351.0 1.754898692691207
351.5 0.9189304635715376
352.0 0.7704877751215873
352.5 0.8336274915486321
353.0 1.1027055980475966
353.5 0.9005758932604269
354.0 1.284749032524317
354.5 0.7179743285865143
355.0 1.6808965322371618
355.5 0.8898285995287021
356.0 1.047555419682238
356.5 1.047567204246078
357.0 0.745496493616076
357.5 1.8960960086542364
358.0 1.289720588421526
358.5 0.8210645603425593
359.0 1.199852883893918
359.5 2.065209606198615
360.0 0.9888156998248536
360.5 1.002468851824241
361.0 0.9275074784865478
361.5 0.786805704416311
362.0 1.340363702184385
362.5 1.0058721660597592
363.0 1.3695676729166046
363.5 1.2502851007277052
364.0 0.5895229443985528
364.5 1.1710300771551903
365.0 1.6037283326977674
365.5 0.7040736912630494
366.0 1.4181409352637255
366.5 0.8547818772426801
367.0 1.1621830448930937
367.5 0.8781703418352689
368.0 1.9254956678346726
368.5 0.7522083517848028
369.0 0.301050321509985
369.5 0.9370476242860445
370.0 1.0127166618899066
370.5 1.106756815993343
371.0 1.3439860652888083
371.5 0.7820294806954734
372.0 1.1289334529277748
372.5 1.1787645167746388
373.0 0.8177756085701589
373.5 0.5455094318786605
374.0 0.9918744986870368
374.5 1.436422120560441
375.0 1.675149500681162
375.5 1.7459804423931082
376.0 1.2160362225263028
376.5 1.258622755237151
377.0 0.9616951659566897
377.5 0.9461243091197413
378.0 1.6702581856700873
378.5 1.1308063003456752
379.0 0.811608553914724
379.5 1.3181082305695602
380.0 0.6115805424423185
380.5 1.038353035969215
381.0 0.784271970028871
381.5 1.1089540237538735
382.0 2.317362359870961
382.5 1.0745604693657715
383.0 1.5642626920978067
383.5 0.8512684625909446
384.0 1.7012224638806845
384.5 0.9379830175557555
385.0 1.991692683219824
385.5 0.9166933929106973
386.0 0.6071684916094807
386.5 0.8852539483106419
387.0 1.4401549461257692
387.5 0.48698405943455714
388.0 1.1324330574021069
388.5 1.0284005826309826
389.0 0.5018434452351408
389.5 0.951982526755339
390.0 0.9238705606482607
390.5 1.7237985422277036
391.0 0.9664629679756469
391.5 0.3554719610010987
392.0 1.8818993572394807
392.5 1.159931487718376
393.0 1.3879898710712686
393.5 1.696704622135585
394.0 0.7633495056299634
394.5 1.6398862822593638
395.0 0.9578848535754565
395.5 1.2306382987598037
396.0 0.8637547708114672
396.5 0.5133429484861829
397.0 0.8602881258190416
397.5 1.1694267711160808
398.0 1.7465112986646742
398.5 0.9817582376322032
399.0 0.8224791059532564
399.5 0.9891237808159448
400.0 0.7428175972095308
400.5 1.4181400553379082
401.0 0.8714195560387666
401.5 1.3266121543716893
402.0 1.4175677022971265
402.5 1.461587778594097
403.0 1.5377477452937158
403.5 0.6045467085907672
404.0 0.9625345543706796
404.5 1.5473121934969096
405.0 0.9987503845044985
405.5 1.1478366819779897
406.0 0.9602742053860638
406.5 1.0756100994648998
407.0 0.4339161880267436
407.5 1.002334752290324
408.0 0.8995228780043795
408.5 1.1381318265570752
409.0 1.6535331386999799
409.5 1.2690210587306834
410.0 1.6285033790432017
410.5 0.6653796155068519
411.0 1.3457866577917044
411.5 1.0140792300663095
412.0 0.8272969756653106
412.5 0.8324468755250377
413.0 1.8520222455511792
413.5 2.1232786144141826
414.0 1.1942954024056989
414.5 1.2668831884046454
415.0 0.7685356609789094
415.5 0.8513363751507992
416.0 0.9075429329292839
416.5 0.9539007487902915
417.0 1.7627340112164467
417.5 0.8171293069678365
418.0 1.1489945600273845
418.5 1.3420918436908822
419.0 1.0254462756577543
419.5 0.9342373462168205
420.0 1.740779886255594
420.5 1.3736978165079807
421.0 0.555032099400779
421.5 1.2623873491243143
422.0 2.1645963729546196
422.5 0.7734532246093135
423.0 1.549061629339369
423.5 1.2811301810749651
424.0 0.613472559788613
424.5 0.5565999092519739
425.0 1.037542216751246
425.5 0.5994778531483094
426.0 0.6391808703308808
426.5 1.9152158698764858
427.0 0.7393874253869657
427.5 1.1090093702749544
428.0 2.2568632231844363
428.5 1.034700015861106
429.0 1.190011338421002
429.5 0.8685470832557041
430.0 0.5522574731988013
430.5 1.1913424683995544
431.0 0.41639060167093384
431.5 1.0264729691238752
432.0 0.8363751362325533
432.5 0.9892893932634446
433.0 1.48914971472933
433.5 1.1269211752431372
434.0 0.9819071850649794
434.5 2.0153940547828135
435.0 0.918502062432134
435.5 0.8092273593101962
436.0 0.9041859011694765
436.5 1.7406625048116795
437.0 0.6843672200294674
437.5 0.6285002884026878
438.0 0.6744174564635295
438.5 1.2326975679923673
439.0 1.3610008642022047
439.5 0.7023282256819771
440.0 1.074657921391656
440.5 1.1246312213729956
441.0 0.7257327292412132
441.5 0.7627928713137118
442.0 0.9501419755641234
442.5 1.0749137140885738
443.0 0.8825500153362851
443.5 1.2197362754751255
444.0 0.8494922162961245
444.5 0.7118388409958742
445.0 0.5925287614389623
445.5 1.035712389456685
446.0 0.7490323948913467
446.5 0.8054158005666376
447.0 1.4473112210098003
447.5 1.4513530647068382
448.0 1.8023844282328034
448.5 0.2
449.0 1.0576250479242544
449.5 0.7586008236401169
450.0 0.7004824629432052
450.5 1.2919827779074926
451.0 1.000726093230886
451.5 1.303859791781512
452.0 0.6467692367381962
452.5 0.2
453.0 1.3621340752860012
453.5 1.3447440362246112
454.0 1.3894786290032517
454.5 0.8124793982384929
455.0 0.7797441746200134
455.5 1.388643595426397
456.0 1.5907206986089264
456.5 0.8618210124362118
457.0 1.3710591356265835
457.5 1.962318967233736
458.0 1.520168119367015
458.5 0.9353073842348218
459.0 0.9524656125718413
459.5 2.3025504455327406
460.0 1.8643442819375968
460.5 1.336771226765751
461.0 1.178018771955834
461.5 0.5429985623977548
462.0 0.9011703517524895
462.5 0.4917427159076293
463.0 0.8301340210633836
463.5 1.1297063652772634
464.0 1.205567700664009
464.5 0.4433305660078515
465.0 0.9206412970853912
465.5 0.6133945900386264
466.0 0.9930273620530947
466.5 0.748185828131327
467.0 1.3230973172490446
467.5 1.4201597948100955
468.0 0.6106653084794116
468.5 0.9055211704258697
469.0 1.7786810514757807
469.5 1.8251241141324956
470.0 0.6379903511662659
470.5 0.90878435191282
471.0 1.7422805995949657
471.5 2.037709220647301
472.0 1.0141314309051108
472.5 0.8892218867811434
473.0 0.6895438313178079
473.5 0.46742817455680474
474.0 1.2691360880125213
474.5 0.9153260750090011
475.0 1.3735379974654351
475.5 1.4602069320187177
476.0 0.6406791387221964
476.5 1.536917025283739
477.0 0.5509885603926072
477.5 1.0599530238881805
478.0 0.9147628462895918
478.5 0.7798339733845532
479.0 1.5071134827415413
479.5 1.308181619102497
480.0 0.7633500422556005
480.5 2.0504468576080948
481.0 0.7829643874293525
481.5 0.4722609800409949
482.0 0.8499502691867942
482.5 1.0125781025111713
483.0 1.4262395952142684
483.5 1.3507101586099644
484.0 1.4116556418994002
484.5 1.3843323350225751
485.0 1.1656421585054342
485.5 1.828561556802627
486.0 1.4491300020119708
486.5 1.3860005935803947
487.0 0.6620973474364784
487.5 0.43950411788039706
488.0 0.8127268496453124
488.5 0.5438964754456321
489.0 1.350390623932408
489.5 1.4314604973578153
490.0 1.256086079794794
490.5 0.5509642662171028
491.0 1.673505723498941
491.5 0.9535316418426558
492.0 1.1049715808328717
492.5 0.7222854689744063
493.0 0.7845923737866296
493.5 0.9526510819150775
494.0 1.567261171337796
494.5 1.0554923311006763
495.0 0.5914880591218015
495.5 0.8250146850271596
496.0 0.7138595147008082
496.5 1.4228406254887762
497.0 0.4993100357962496
497.5 1.0818345854908715
498.0 1.4442562677301711
498.5 1.4550707421452496
499.0 0.9309741603861675
499.5 0.6965992509486485
500.0 1.1157024621208669
500.5 0.9096189494432352
501.0 1.1720808606395452
501.5 1.6724686907426365
502.0 0.929807848529289
502.5 0.5155420509008721
503.0 1.623051855947062
503.5 0.9288406756730678
504.0 1.7383168190695664
504.5 0.531108280322527
505.0 1.4288291597416287
505.5 0.7910017058425003
506.0 1.7472203241806077
506.5 1.1907899808699032
507.0 1.7492645344388027
507.5 1.0743077067492257
508.0 1.3091468968703794
508.5 1.143722186285521
509.0 1.7719902230303215
509.5 0.463153390437105
510.0 1.011059605392817
510.5 1.1364594559012842
511.0 1.6954962953654682
511.5 1.2320458261994809
512.0 0.6098248949412841
512.5 0.37220351952375175
513.0 0.6072944690499278
513.5 0.985146068138455
514.0 1.2515361735333996
514.5 0.8459872577958512
515.0 1.0071125600324702
515.5 1.1534877758303033
516.0 1.0450246894692463
516.5 1.2391882722106315
517.0 1.289249778544995
517.5 0.9844629767055512
518.0 1.8149298844911597
518.5 0.8081195038052553
519.0 1.3116511165447058
519.5 1.835997946693683
520.0 1.634514019609953
520.5 0.26495289902753594
521.0 1.397441327391591
521.5 1.2352713322509041
522.0 1.3600112453069655
522.5 1.055782706438885
523.0 1.7065819295910112
523.5 1.1698428997102164
524.0 1.1609299586441653
524.5 0.8077849006160962
525.0 1.8100102916225587
525.5 1.3910117528635624
526.0 1.3834072397470774
526.5 1.2248299056029035
527.0 1.3614014837382065
527.5 1.5475454962460848
528.0 1.5911199627696018
528.5 1.072760627209059
529.0 1.091463932008908
529.5 0.8435462126689581
530.0 0.7589434618716153
530.5 1.5641605881349379
531.0 1.160439795706731
531.5 0.8312557341596354
532.0 0.6373622904581235
532.5 1.4329155009626895
533.0 0.6219154519976751
533.5 1.1917499264843507
534.0 1.106697199115822
534.5 0.6248424049409081
535.0 2.688822554766996
535.5 1.2273131773299242
536.0 0.46433024973975817
536.5 1.0760851533570375
537.0 1.397076212214789
537.5 1.0365032418253128
538.0 0.764859999540191
538.5 0.9085209352853699
539.0 0.9625608783485398
539.5 1.2925839444299099
540.0 0.9260158821938036
540.5 0.8568776535859713
541.0 0.7255942912966511
541.5 1.644758343927236
542.0 0.47676309099095326
542.5 1.7957116127396742
543.0 1.966766296026399
543.5 0.781857210572179
544.0 1.4480546643345167
544.5 1.9790564921376514
545.0 0.7036062207961493
545.5 2.364654304319855
546.0 1.1121167648008887
546.5 0.5722345365425918
547.0 1.5086945588224687
547.5 0.8890649795297352
548.0 1.2607002786689372
548.5 0.41465581606806146
549.0 1.170106230675975
549.5 0.5242249813240809
550.0 1.297181229591422
550.5 0.7439865374037604
551.0 1.4140616672640984
551.5 1.45768540717126
552.0 1.802881029161276
552.5 1.1892544710412156
553.0 0.9261228831750827
553.5 0.8843472508432599
554.0 1.3941419479732629
554.5 1.1273852954536687
555.0 0.5425578461380395
555.5 2.944914507487474
556.0 1.5189958398501981
556.5 1.2495600220603242
557.0 0.6531159358120244
557.5 1.113844557711318
558.0 1.2755764028877183
558.5 2.2113350888865932
559.0 1.6184950860086533
559.5 1.0988340897820743
560.0 1.0334699439311086
560.5 0.9993490037540227
561.0 0.9757181127433381
561.5 0.8725207903118116
562.0 1.084681097948321
562.5 0.5687467523718179
563.0 1.6749893214846892
563.5 1.5478788563186137
564.0 0.5085201474803799
564.5 0.6908470170564428
565.0 0.4864153870665784
565.5 1.8096566427671072
566.0 0.9054318771609304
566.5 0.818092619733096
567.0 0.5826906399146713
567.5 1.2452048917749023
568.0 0.9745910308863865
568.5 0.2
569.0 0.9688111402222097
569.5 0.7139926030204531
570.0 1.482858845091077
570.5 1.0721185291050304
571.0 1.0367213152028123
571.5 2.2773740821543558
572.0 1.4404557270820022
572.5 0.7678465293177594
573.0 0.9164995516298917
573.5 2.269278582076696
574.0 1.0491339044499886
574.5 0.9683091621306466
575.0 1.3090592553154394
575.5 1.3844964089872627
576.0 1.2455231509022606
576.5 0.8958118804469062
577.0 0.2
577.5 1.001439398687
578.0 1.6029041327498375
578.5 2.506195992443349
579.0 1.0010657291733633
579.5 1.2468056455000343
580.0 0.7946957491644504
580.5 0.5522459368443409
581.0 1.5042304560307846
581.5 0.5540888182612174
582.0 1.5835798724058172
582.5 0.43559594902745846
583.0 0.8854931585607697
583.5 1.4686565652511512
584.0 1.3988434220045054
584.5 0.7790047357694232
585.0 1.1938790032844329
585.5 0.9594886417594259
586.0 1.1132519499914568
586.5 1.2681379915324233
587.0 1.0780251510624859
587.5 1.239879574418008
588.0 1.157032936981091
588.5 2.2153293044244236
589.0 1.3086020746723368
589.5 1.4263862984138453
590.0 1.0703194326474006
590.5 1.5096312069427347
591.0 0.9503462309617092
591.5 0.6385940042992861
592.0 1.3164239666972617
592.5 0.8769542800068938
593.0 0.8535593021406251
593.5 1.3626023956813755
594.0 1.4056495734627577
594.5 0.6168756585733046
595.0 0.5581051384804315
595.5 1.0492330374689565
596.0 1.3379972914484317
596.5 0.4810027363465605
597.0 1.6423693939769153
597.5 1.3528995095460865
598.0 1.1987503700270234
598.5 2.3384924900988597
599.0 0.5139093311170018
599.5 1.4774152292477725
600.0 0.2
600.5 0.2
601.0 0.6556273795170405
601.5 0.8015639941946113
602.0 1.5361094600015839
602.5 1.7752388423974805
603.0 0.9019794198205098
603.5 0.6659432254109029
604.0 1.2649172869933123
604.5 0.8563768804639909
605.0 0.5858671037535209
605.5 1.5679697348671686
606.0 1.108161296106737
606.5 1.0437024550700769
607.0 1.0808539698515078
607.5 1.0959309458611788
608.0 0.856939990463462
608.5 0.6405480278520412
609.0 1.1206683216120454
609.5 0.8445766555675462
610.0 0.7078041590433437
610.5 0.9851631590841496
611.0 1.2646087832033808
611.5 0.7288468659421649
612.0 1.083596463243568
612.5 0.7665756712807446
613.0 1.7941496948284292
613.5 0.8907256218469535
614.0 1.6254924577340126
614.5 0.8487258775031348
615.0 1.2955862257766348
615.5 1.5802109110644516
616.0 0.524484247703894
616.5 1.2905139120609583
617.0 1.9386244804112347
617.5 0.9827221140589362
618.0 1.7387703813855586
618.5 1.055432033072114
619.0 0.7815795031736361
619.5 1.9632097047936854
620.0 1.053754478103176
620.5 0.6587514956792129
621.0 0.662639643061433
621.5 1.3223932529852376
622.0 0.7566003775129498
622.5 0.9613594087917203
623.0 0.9714943573830604
623.5 1.6836769291096656
624.0 1.162242528610163
624.5 0.8990496525121268
625.0 0.87642193930104
625.5 1.2908065747395288
626.0 1.1500666072516017
626.5 2.655312566178332
627.0 0.8814181697198471
627.5 1.2903566470594894
628.0 0.7570004797166225
628.5 0.5669610960101271
629.0 1.6298461669893718
629.5 1.9436123649740302
630.0 1.251619780467486
630.5 0.8068535162785102
631.0 2.7096968200035882
631.5 2.1230639253837715
632.0 1.664407194591325
632.5 1.4697077552376925
633.0 0.7287649865737393
633.5 1.0651593116573506
634.0 1.2055412462240243
634.5 1.3487767142989138
635.0 0.8581396715180994
635.5 0.8002270020588436
636.0 1.971771129849143
636.5 0.9815822752106225
637.0 1.2399125842237995
637.5 1.2176027617198915
638.0 0.536585630617509
638.5 0.9930076283915916
639.0 1.328519772553523
639.5 1.1056038640669523
640.0 1.5287526872084298
640.5 0.41020024113050213
641.0 1.363486304988061
641.5 0.39839354639337426
642.0 1.050921811409165
642.5 1.065079610382516
643.0 1.608008983790811
643.5 0.9847822628107881
644.0 0.8306342021405659
644.5 0.6600283255543028
645.0 1.3606128332008312
645.5 0.6578469538055971
646.0 0.9183718349796817
646.5 1.5985489399095272
647.0 1.040490421634138
647.5 0.9785011727175538
648.0 1.7301024946317085
648.5 1.3181806732648917
649.0 1.3195305906120323
649.5 2.6105837817789705
650.0 2.1501905054419463
650.5 1.0452995244030663
651.0 0.9204899660285185
651.5 1.1048140136228943
652.0 0.7157533339666785
652.5 0.9994730108850216
653.0 1.1092302104052092
653.5 1.039649659378142
654.0 0.652082981274607
654.5 0.6754079579365713
655.0 1.4160396444523502
655.5 1.4078611998437398
656.0 0.6497450971794294
656.5 0.6673229520758761
657.0 0.8101192468314837
657.5 0.8149099471808419
658.0 1.0443019073358561
658.5 0.9490698953397292
659.0 0.26257469556261265
659.5 1.0752677838486462
660.0 0.6310504427180839
660.5 1.1224051507321344
661.0 1.1805587724683055
661.5 1.1249355954822082
662.0 1.0962696811754205
662.5 0.9464658008823709
663.0 1.7219917303513634
663.5 1.667651976228818
664.0 1.2125207032566205
664.5 1.2753500930618415
665.0 0.9322418721953463
665.5 1.1242445561370036
666.0 0.7349474932879076
666.5 0.7244668918295682
667.0 0.7780282915707795
667.5 1.0932980403702444
668.0 1.1922373957974823
668.5 0.9994438149167311
669.0 0.8741099897937686
669.5 1.6771622685575176
670.0 0.2
670.5 1.078212575835656
671.0 1.8233445192786966
671.5 0.9445986077754076
672.0 0.8584611411243603
672.5 1.6539313704287761
673.0 0.6810918331438436
673.5 0.5780014653368938
674.0 1.3501673870741786
674.5 0.6444871412914086
675.0 1.7098005378090586
675.5 0.9480000364658634
676.0 0.565655941212774
676.5 0.9493482790730476
677.0 0.9662822464340652
677.5 0.9489477580461216
678.0 0.6364577165645265
678.5 0.9873180461838149
679.0 1.1737020211399352
679.5 0.9378671336470343
680.0 2.131898569272239
680.5 0.773953841305098
681.0 1.411150088232457
681.5 1.1460255336026803
682.0 0.3878972818021561
682.5 1.4154300041398562
683.0 0.892010293697387
683.5 1.0078742914296674
684.0 1.3930612126312076
684.5 0.8675557996424919
685.0 1.8170630973240849
685.5 1.1862644267038218
686.0 2.345581121818899
686.5 0.7240548411182699
687.0 1.2525436797656835
687.5 0.5007532523264495
688.0 0.8480050313057188
688.5 0.6006562574056298
689.0 1.491359445841776
689.5 1.2666061105880364
690.0 1.017291812820627
690.5 0.8814867011960748
691.0 1.614150459979979
691.5 0.7496943254481874
692.0 1.0194433726787504
692.5 0.438168954561462
693.0 1.549503774355756
693.5 0.7100457918843489
694.0 0.9265945124375805
694.5 1.601274355939561
695.0 0.7048038149405069
695.5 1.7264046055278914
696.0 1.8697841527404893
696.5 0.8056397351453992
697.0 1.1099564620728208
697.5 1.7908034458055426
698.0 0.7232045655994899
698.5 0.8665800251933939
699.0 0.7252291864374514
699.5 0.44896523978696634
700.0 1.2584438782583998
700.5 0.7606726709258436
701.0 1.050166045658917
701.5 1.3423149383240358
702.0 0.8103669120058588
702.5 0.9407533361793614
703.0 0.9886861777325252
703.5 1.7700438374761869
704.0 1.2052046649777912
704.5 0.9611784337146736
705.0 2.1371884352485027
705.5 1.9102624514679354
706.0 0.7456953962853152
706.5 1.2693674621193134
707.0 0.5646234482806942
707.5 0.716769908334169
708.0 1.288348012600645
708.5 1.5132591719888255
709.0 1.7918670663531273
709.5 1.0533191805510653
710.0 0.7560438343283733
710.5 0.7169851191971488
711.0 0.9148968576789074
711.5 1.0277762542634326
712.0 1.041600585306861
712.5 1.057010557709892
713.0 1.8852439943376695
713.5 1.1530494927643073
714.0 1.3842701904626253
714.5 1.3422346299954109
715.0 0.6626602155138551
715.5 1.454661610436628
716.0 1.479455026956776
716.5 0.7164017850700296
717.0 0.681768990439749
717.5 0.8081397323280602
718.0 0.7025784189577342
718.5 0.5856591126861999
719.0 1.199404937700433
719.5 0.544601165647449
720.0 1.275408382549363
720.5 0.9132678380546009
721.0 1.1397419195702163
721.5 1.0949975685513809
722.0 0.7880094982447151
722.5 0.5676046288733548
723.0 0.5589849017361099
723.5 1.046304272572803
724.0 0.8866356576700214
724.5 0.827953115216137
725.0 0.8707516162682674
725.5 1.104274341352121
726.0 0.7539743410237412
726.5 0.8562621581668881
727.0 1.1390074146086366
727.5 1.208493143550799
728.0 0.9468113154873019
728.5 1.0615710444511623
729.0 1.2989938182434928
729.5 0.897866093485621
730.0 1.3911200035768778
730.5 1.2109528283436322
731.0 1.8643887855510637
731.5 2.0184070975766804
732.0 1.0852098507277725
732.5 1.2407902974135512
733.0 0.4627399555550794
733.5 1.3160841454864705
734.0 1.8404240041252744
734.5 1.47005456441007
735.0 0.9486705163567051
735.5 0.8302874684901206
736.0 1.1489690145076807
736.5 1.6228177424483472
737.0 1.0613497494463402
737.5 1.7012190954019515
738.0 1.568100248430773
738.5 1.5894960015397168
739.0 3.181994083211971
739.5 1.4971664384202463
740.0 0.8095669135834944
740.5 0.9006162353745218
741.0 1.1175861387016313
741.5 1.2827529192841571
742.0 1.2598503330920183
742.5 0.9454828153254566
743.0 0.8464071730846787
743.5 1.0154572579357497
744.0 0.8599569427121008
744.5 1.1483631678653605
745.0 1.0759528493600832
745.5 1.0546425735099805
746.0 0.7454695848563733
746.5 0.6518190200104361
747.0 0.9853994409457589
747.5 0.8399781005374369
748.0 0.5293139767513682
748.5 0.5973818286238652
749.0 1.148146127127335
749.5 1.1381323025396135
750.0 1.193079071145881
750.5 0.5596797347984186
751.0 1.3155202321201993
751.5 0.5299606649150131
752.0 1.5896176928539743
752.5 1.1755365636465456
753.0 1.0828799160525175
753.5 0.39531940020623263
754.0 1.4813908878713105
754.5 1.0122264068812235
755.0 0.8882928479681973
755.5 0.4563966130837893
756.0 0.8316443603314325
756.5 1.541439210687107
757.0 0.7164507458746863
757.5 1.2373506177315365
758.0 0.8555139655470805
758.5 1.936138847100189
759.0 0.8473164279155132
759.5 0.6588693320389767
760.0 1.2502296480122155
760.5 1.1974695551849854
761.0 2.286481114076531
761.5 1.022067990931157
762.0 0.24324954268264248
762.5 0.7762032318425545
763.0 0.5696008269697429
763.5 1.0585303349139847
764.0 1.04455595142451
764.5 1.270434280201455
765.0 1.2659432260682868
765.5 1.341074734756298
766.0 2.16333227853264
766.5 1.0998750550453273
767.0 1.8255531807084042
767.5 0.9030620644751083
768.0 0.8609516837487332
768.5 1.111389266242236
769.0 1.4319587434238361
769.5 0.9052476650432519
770.0 0.535677841024583
770.5 1.8503222920446145
771.0 0.789147473179484
771.5 0.5507352948461273
772.0 1.2260189391781262
772.5 1.6459495477500572
773.0 1.3477297470037235
773.5 1.1914804304301263
774.0 0.9328707846705082
774.5 0.47829850933419393
775.0 0.7357041542396132
775.5 1.277798932325282
776.0 1.089170885800959
776.5 1.4288242252284422
777.0 1.663256734053352
777.5 1.2208945631992756
778.0 1.0414254061167967
778.5 0.7927040722336891
779.0 1.1894943743558035
779.5 0.45188865386855603
780.0 1.2160772540531812
780.5 0.620090036390228
781.0 0.8789093350436616
781.5 0.8123908678675011
782.0 1.254241213451246
782.5 1.7482270652303415
783.0 0.675456093874389
783.5 2.105589197717601
784.0 0.5944821883957327
784.5 0.7678351088239814
785.0 0.7822191585497623
785.5 1.2833881318280058
786.0 0.9948401434332212
786.5 0.537466495665547
787.0 0.5792056494775415
787.5 0.8007020919933208
788.0 1.258799169394466
788.5 0.5608570459564982
789.0 1.3202903962243662
789.5 0.745698120602672
790.0 1.230382556268589
790.5 2.5126003025064163
791.0 1.8114701979417327
791.5 0.8646237075024351
792.0 1.545589786833267
792.5 0.7443193832301801
793.0 0.9426133967495887
793.5 1.970448747540192
794.0 1.1072274187989735
794.5 1.1610163472038109
795.0 0.8634302582417952
795.5 0.8494970987199391
796.0 1.4709365555504816
796.5 1.217660399464287
797.0 1.0239015769542772
797.5 0.9331278354823702
798.0 0.8888146457893076
798.5 1.7945207850530998
799.0 0.6834117804152875
799.5 0.986275528823018
800.0 0.9938621753744816
800.5 0.6379985788901523
801.0 1.3924360960272077
801.5 1.5447874047028605
802.0 1.3616101162030056
802.5 1.0113213858312011
803.0 1.9843760735779021
803.5 1.2031892221156772
804.0 0.5542197585418712
804.5 1.2029697885335402
805.0 1.808462171147136
805.5 0.6908901358184395
806.0 1.0381841408179393
806.5 1.201749172317099
807.0 1.6076935557889591
807.5 1.368634731503284
808.0 1.549867904054005
808.5 1.1293823719107112
809.0 0.6645084193857552
809.5 0.3155770624328106
810.0 0.7184476139085845
810.5 1.5878287002385403
811.0 0.7250534170337257
811.5 0.7750035209704511
812.0 0.728313721287426
812.5 1.162103616219393
813.0 1.0479983980777137
813.5 1.084544429865149
814.0 0.7910251972207154
814.5 1.2438573427310993
815.0 2.662727004946955
815.5 0.7723100826696896
816.0 1.0880840345669227
816.5 1.3053741475543141
817.0 1.4857336594177069
817.5 1.4704612718388488
818.0 0.6315058403826758
818.5 0.7667253472971648
819.0 1.2085256625742888
819.5 0.6723654664621119
820.0 0.6191789988023291
820.5 0.6286365879364064
821.0 0.9563095840441216
821.5 1.4794810487877346
822.0 1.4781955399601943
822.5 1.1176851064275635
823.0 1.2250461221027282
823.5 0.7017196950192763
824.0 0.7372123080098301
824.5 0.5756851363293691
825.0 0.2
825.5 0.8983298913309612
826.0 1.1286156079158336
826.5 2.0336602319213437
827.0 0.7225898180317432
827.5 0.8784835526573747
828.0 1.1357388457210542
828.5 0.6894477672848541
829.0 0.35761571408261245
829.5 1.0366599085368493
830.0 1.7978601833160126
830.5 0.7958146769133574
831.0 0.6416828895571217
831.5 1.4442058574997154
832.0 0.6882702000816125
832.5 0.7229426419376888
833.0 0.8441723148527414
833.5 1.062033032104148
834.0 0.9464512460610567
834.5 0.8072328986187648
835.0 0.993366253954924
835.5 0.5477416146037706
836.0 0.7612948867524758
836.5 1.9142497616251493
837.0 0.38741503110078956
837.5 0.9772831597978098
838.0 1.0215963912595007
838.5 0.8898935432483478
839.0 0.8170956553898401
839.5 0.8467882767585753
840.0 1.063485832563244
840.5 0.5130690494846482
841.0 0.6239806484133461
841.5 1.4788117303977746
842.0 0.7084933048522014
842.5 1.4445290573832188
843.0 1.6607082990335793
843.5 1.115373483545739
844.0 1.043782895240511
844.5 1.2356978358481832
845.0 0.5418393555876841
845.5 0.7026178026136651
846.0 1.0669731011870804
846.5 1.3837649372702405
847.0 0.2934849944794148
847.5 0.7839657394078976
848.0 0.7489010358040056
848.5 1.746124001964331
849.0 1.4898626088103786
849.5 0.7401199012478583
850.0 1.1004650281136836
850.5 0.8976671516575063
851.0 0.4636644917527724
851.5 1.581893963355089
852.0 0.7455775076667587
852.5 0.22466069549432466
853.0 0.7455734056468324
853.5 0.8507598216196663
854.0 1.2785427505730644
854.5 0.822641966976059
855.0 1.1567524981986632
855.5 0.5994969866927085
856.0 1.9029371739050425
856.5 0.9414278010092101
857.0 1.317638053458019
857.5 0.5991592893138866
858.0 0.2
858.5 0.8501472107276592
859.0 1.7697753057190457
859.5 1.5479639771825158
860.0 0.8737770718911029
860.5 1.0935621283529904
861.0 0.6988081168193653
861.5 2.1569002671333104
862.0 0.815895523199955
862.5 1.1309127038854683
863.0 1.418956687022241
863.5 1.1244199106708106
864.0 1.5929846246127477
864.5 0.2
865.0 1.600997704189997
865.5 0.7817866743953641
866.0 1.7139487283535284
866.5 0.7544826936556187
867.0 1.1898585084802318
867.5 1.6407234570856437
868.0 1.2102221934473594
868.5 1.39183150489063
869.0 1.0114449367987328
869.5 1.4232288231507622
870.0 1.168425703640085
870.5 1.3106141961229545
871.0 1.4496613004611545
871.5 1.1586939311224973
872.0 1.060845667432375
872.5 1.776566469740882
873.0 1.3362760379471643
873.5 0.9166732950991248
874.0 1.4278104849009208
874.5 0.9927670155301526
875.0 0.5380954246246389
875.5 0.9812884666627146
876.0 0.7535341803709765
876.5 1.0930040459334043
877.0 1.1424630222910346
877.5 1.0786556175823094
878.0 0.7840590339065796
878.5 0.5483978209835245
879.0 1.5563293915267802
879.5 1.542579994170937
880.0 0.7650142669228199
880.5 0.8720846825952193
881.0 1.0269188939308382
881.5 1.282152658787676
882.0 0.8894743947105301
882.5 1.4301458160505358
883.0 1.2510245139162812
883.5 0.6327218179375976
884.0 2.3746806716931257
884.5 0.6394377420636046
885.0 1.2752167906881338
885.5 0.9772005928519475
886.0 0.4322682045600544
886.5 1.4265683823328876
887.0 2.024583252884426
887.5 1.636775211698001
888.0 0.8905752363180468
888.5 1.0719593782085086
889.0 0.9495455830477828
889.5 1.8076358558420804
890.0 0.8190582027154385
890.5 0.43496652528222296
891.0 1.5899439326327
891.5 0.8982657887320771
892.0 0.4257147745278583
892.5 0.9821016651242265
893.0 1.177125726550842
893.5 1.0941864531727798
894.0 1.8544167095981412
894.5 0.8138853716048183
895.0 0.7238044725433501
895.5 1.2696912661335014
896.0 0.6747748398533195
896.5 1.7518368517468876
897.0 1.1686810214369832
897.5 1.0322732174753848
898.0 0.32052381191232826
898.5 1.1633074759769761
899.0 1.446007755751062
899.5 0.6140767661099245
900.0 1.2251278946288233
900.5 0.8377767840710865
901.0 1.9090452439402859
901.5 1.0736528043264537
902.0 1.4404157097069956
902.5 1.4240446217323877
903.0 1.2745041660719711
903.5 1.0887731937322025
904.0 1.898010441590365
904.5 1.0098004256986728
905.0 0.7796531636290109
905.5 1.03765665935941
906.0 0.7823977527986186
906.5 1.3887396994466026
907.0 0.7480895540126624
907.5 0.7226493594394916
908.0 1.0603980699714566
908.5 0.8910587836462602
909.0 0.6281484357224851
909.5 0.692350167279469
910.0 2.7974945643703193
910.5 1.1607749024161684
911.0 0.641333526198383
911.5 1.1560872846776387
912.0 0.7479122285257558
912.5 1.0257274262241296
913.0 1.5308068681374123
913.5 1.0804152370281446
914.0 1.035894503675823
914.5 1.2151243164365293
915.0 0.9566015047966816
915.5 1.3007843499256329
916.0 0.6093242722762302
916.5 0.8568965542007743
917.0 1.4567413495674568
917.5 1.2423729247545263
918.0 0.5914108509058591
918.5 2.042849478712461
919.0 1.6437952265748512
919.5 0.941052735044309
920.0 0.781664760753921
920.5 1.5469403452125547
921.0 0.699141109011554
921.5 0.825466913664332
922.0 1.3057008018215048
922.5 0.6317841329211689
923.0 1.0520728136259958
923.5 1.2283919902253
924.0 1.0328267064915804
924.5 1.1085107473237619
925.0 0.5875095124911509
925.5 0.6047961400359467
926.0 1.1102208011667019
926.5 0.8617693218908804
927.0 0.4082604131374535
927.5 0.6521648744233368
928.0 1.8055961470925905
928.5 1.118252555135114
929.0 0.8550766631962448
929.5 1.1766609936156267
930.0 0.7548269584914417
930.5 0.6902833725611068
931.0 0.5611739281874919
931.5 0.6530705922163562
932.0 0.6789924363648475
932.5 1.6532032983082856
933.0 1.3357327164682238
933.5 1.1583297493976907
934.0 1.1694004430406069
934.5 1.5709663331956496
935.0 1.2672907242156741
935.5 1.4460018190936785
936.0 2.0993444220020607
936.5 0.8016037937804263
937.0 1.067010784196712
937.5 0.6787664252169106
938.0 0.7466809482807246
938.5 0.6480690027572502
939.0 0.6375144220563171
939.5 1.1379191346489805
940.0 0.9885165088549468
940.5 1.2112021353124574
941.0 1.4612270074336073
941.5 1.2478096894881767
942.0 0.7550188791651131
942.5 0.8085287413110392
943.0 0.8817127117372645
943.5 1.2137743301697652
944.0 1.023192267328374
944.5 0.5557023693905633
945.0 1.383809575435793
945.5 0.6539529674516366
946.0 0.9067617649159091
946.5 1.0348120745773324
947.0 1.4224409693418967
947.5 1.0573438019678862
948.0 2.0810230301618056
948.5 1.1945507065399152
949.0 0.9600856889574498
949.5 0.5011976495531496
950.0 1.0100220579271653
950.5 1.2987214062568808
951.0 0.7492798610563602
951.5 0.7344000275632461
952.0 0.7604708445167481
952.5 1.5160492586211762
953.0 1.8371167735173235
953.5 1.649614321610955
954.0 0.3939788869676444
954.5 1.047848819730091
955.0 1.2493560653993272
955.5 2.2722976848258822
956.0 1.5783274240526506
956.5 1.2581422618615794
957.0 2.27726356121173
957.5 1.4405662669804808
958.0 0.8417785480259146
958.5 1.0446014412807623
959.0 1.221716497729578
959.5 1.2599110905879158
960.0 0.9788500201794569
960.5 1.1465365443933249
961.0 0.7254671722767343
961.5 1.5323689755652072
962.0 1.4445947543371267
962.5 1.3070630973148871
963.0 2.3767748171959093
963.5 1.7096338338865902
964.0 1.3462209467835113
964.5 1.808588364153092
965.0 1.1307161688366092
965.5 1.3736524098018525
966.0 0.8602951279277209
966.5 1.1292993336501904
967.0 1.1579558189177699
967.5 1.6028693014193243
968.0 0.2
968.5 1.2181394513377293
969.0 1.5607152317874764
969.5 0.6588239907926863
970.0 1.2495385567561048
970.5 1.0245110941839275
971.0 0.6021373420792533
971.5 0.4532825171447982
972.0 1.566018741045796
972.5 0.5949155806630613
973.0 0.8457134302842344
973.5 2.0488345405841173
974.0 1.130499193917584
974.5 0.8842814553039133
975.0 0.4084101671832518
975.5 0.7902908339462673
976.0 1.1269436291696684
976.5 0.9712385923562836
977.0 1.0683901779446472
977.5 1.3207171810031149
978.0 0.9826056170774284
978.5 1.948562902979861
979.0 0.7935156654216382
979.5 1.1834527611433894
980.0 0.7902716683348752
980.5 0.7642301313720853
981.0 0.7546564186082572
981.5 0.8612821084512772
982.0 1.285926669058275
982.5 1.1756222945090897
983.0 0.8868526179118295
983.5 0.7168167177251423
984.0 1.0293337603911052
984.5 0.8767441982974165
985.0 0.8326396065201882
985.5 1.29989714008513
986.0 1.1522015347037942
986.5 0.525901954521754
987.0 0.8772906939172203
987.5 1.0089012388552447
988.0 0.5635458779742117
988.5 0.6969829759747559
989.0 0.6515420771047733
989.5 2.17266289779113
990.0 1.557577986059661
990.5 1.554446172753401
991.0 0.8963735466342779
991.5 1.8086964590462853
992.0 1.008246149628729
992.5 1.2743203275999662
993.0 1.0457549412662566
993.5 0.6932144656799708
994.0 0.5507997787272036
994.5 1.3076211330673821
995.0 1.601817081400184
995.5 0.9248751640182762
996.0 0.5449327831769293
996.5 1.6743692358764144
997.0 0.9888606027884073
997.5 0.866910181155111
998.0 1.0384616234733808
998.5 0.9289883381858735
999.0 1.273735124503319
999.5 1.1752464441845958
1000.0 0.9481656962507297
1000.5 1.3835793956011493
1001.0 1.555128983382755
1001.5 0.776351436243748
1002.0 1.1827235930808573
1002.5 0.9431970402230279
1003.0 1.0568751188139358
1003.5 1.0804025375471085
1004.0 1.2523536630329977
1004.5 0.6580990598293788
1005.0 1.0195452586011886
1005.5 0.6590407922239432
1006.0 1.2383449344240136
1006.5 0.6559391309703924
1007.0 0.5169380769620393
1007.5 0.6447172188561328
1008.0 1.5066040088542896
1008.5 2.5079612485792806
1009.0 1.749664382153
1009.5 0.7234018890882083
1010.0 1.4169453612830214
1010.5 1.0205702247454462
1011.0 1.8703252380524567
1011.5 1.0802075742230124
1012.0 1.7249551460419172
1012.5 0.780605449300292
1013.0 0.69834267346948
1013.5 0.6868011681422543
1014.0 1.0050211767099368
1014.5 1.0175977161387981
1015.0 0.9502855936325203
1015.5 1.7672199942836007
1016.0 1.4921884812445794
1016.5 1.345316030930201
1017.0 0.6410690292349372
1017.5 1.1082416703570623
1018.0 1.1919330793563485
1018.5 1.0481564213035408
1019.0 0.868894523717326
1019.5 1.3505956851643783
1020.0 0.6320299082101813
1020.5 1.089739035334061
1021.0 0.474319252700123
1021.5 0.7224743507894431
1022.0 1.279674595346794
1022.5 0.6615726578269308
1023.0 0.8888583830709114
1023.5 0.9651405333441102
1024.0 1.2241515074518554
1024.5 0.6584654196713676
1025.0 0.6047455789124876
1025.5 0.7168820741339292
1026.0 1.383378367886176
1026.5 0.5717426766696327
1027.0 0.4096275766210552
1027.5 1.6237079837330775
1028.0 0.8890224912415676
1028.5 1.7276272629143925
1029.0 0.743905478762825
1029.5 1.3133599461142071
1030.0 1.3098839240313973
1030.5 0.7013617324971272
1031.0 1.0040483610401563
1031.5 1.970810142065064
1032.0 1.0937251273683333
1032.5 2.1389248966793053
1033.0 1.8296922460282956
1033.5 1.5473539331896577
1034.0 0.9379279880001747
1034.5 0.9140769932785766
1035.0 0.7413891765184466
1035.5 1.7344514694367508
1036.0 1.4829726445680382
1036.5 0.7056213317683615
1037.0 0.5103552729928127
1037.5 0.2810084077240137
1038.0 1.2462809694976824
1038.5 1.000753948510706
1039.0 1.9623559146014817
1039.5 0.9846981162511705
1040.0 0.7687686517227945
1040.5 1.415400642900165
1041.0 1.1650159649282665
1041.5 1.1599449525163517
1042.0 0.9158674043708246
1042.5 0.80132219433917
1043.0 1.854447220973698
1043.5 1.008581403903457
1044.0 1.4488668596574568
1044.5 0.7939967667104648
1045.0 1.4575783354698468
1045.5 1.000210184825378
1046.0 1.2454606016961431
1046.5 0.7989074572963601
1047.0 1.4316659922517636
1047.5 0.7391123343596815
1048.0 1.8731158847386364
1048.5 0.7920760684549429
1049.0 1.5183040777044288
1049.5 1.8990099758907864
1050.0 1.6070162181300238
1050.5 0.815934782122308
1051.0 0.7806715911131061
1051.5 0.924872478816579
1052.0 0.9634279155558255
1052.5 0.4997580570681274
1053.0 1.0462081626874813
1053.5 0.5216003117128283
1054.0 0.862875924011079
1054.5 1.0875619196952633
1055.0 1.3465297000952803
1055.5 1.5219634574850378
1056.0 1.089699761232892
1056.5 1.0406869213468073
1057.0 1.5506918853530276
1057.5 0.9396626723352204
1058.0 0.6778341472998304
1058.5 0.6049950832195002
1059.0 0.5169704588962343
1059.5 0.8895816548041684
1060.0 1.3879896342272602
1060.5 0.7759059766761114
1061.0 1.910176967158529
1061.5 1.7622899203472362
1062.0 0.8645245483160651
1062.5 0.6586227063473586
1063.0 0.5051303543422739
1063.5 1.0150063480898015
1064.0 0.9521728535003533
1064.5 0.5966763915901558
1065.0 1.5969664120721663
1065.5 0.7990490889389024
1066.0 1.8023864057023162
1066.5 0.9004335519544093
1067.0 0.9374583792395814
1067.5 1.62530064782084
1068.0 0.7569348490999477
1068.5 1.3872276444392573
1069.0 1.0066251348135173
1069.5 0.695225672890879
1070.0 1.437548812569371
1070.5 0.7493628311845018
1071.0 2.7128052832978686
1071.5 1.0633284229465014
1072.0 1.2380226905085017
1072.5 0.7379915458927602
1073.0 2.300825223468262
1073.5 1.0024276522577842
1074.0 2.413020026533725
1074.5 1.1814223491529072
1075.0 0.7538198803432792
1075.5 0.9345272123666235
1076.0 0.9066469944123555
1076.5 1.5568587298198484
1077.0 1.2929257707250488
1077.5 0.930054373973894
1078.0 1.3036256881669126
1078.5 1.2953494377215948
1079.0 1.6371491630419333
1079.5 1.3671234975398436
1080.0 0.7932616488280824
1080.5 0.7182916681753465
1081.0 0.8993306267012189
1081.5 0.6758091250215301
1082.0 1.026540401331468
1082.5 0.9299473992701779
1083.0 0.7733493034987405
1083.5 1.0980500148024435
1084.0 1.7378735219668515
1084.5 1.209429965147296
1085.0 1.6984889525203943
1085.5 1.3231205096756025
1086.0 0.7960017632518246
1086.5 1.2899440410669403
1087.0 0.8269190471979411
1087.5 0.3552053909299145
1088.0 0.6291332909245049
1088.5 1.3279080673579267
1089.0 0.9308936212260701
1089.5 1.1715211691420033
1090.0 0.9421028038744794
1090.5 0.6647884057556289
1091.0 0.7745824189366506
1091.5 2.2042966071370227
1092.0 1.3025902622490464
1092.5 1.0340757473970554
1093.0 0.7162527749731548
1093.5 1.2679287603679765
1094.0 0.9100349850322318
1094.5 1.1450688559349533
1095.0 1.406777830656723
1095.5 0.8612186286510867
1096.0 0.6798108235650859
1096.5 2.0473859204335256
1097.0 1.328618233911686
1097.5 0.8724255454943098
1098.0 0.9870985760657083
1098.5 1.2894691613628113
1099.0 1.1309868578208944
1099.5 0.906776491062088
1100.0 1.2695127671536275
1100.5 0.6328982098297706
1101.0 1.362370036837424
1101.5 0.42294894122295223
1102.0 0.8782720553443146
1102.5 1.3631717742044565
1103.0 1.661705166707095
1103.5 1.351692636133389
1104.0 1.1574338013883458
1104.5 1.1846070403822424
1105.0 1.3075337700128258
1105.5 0.9699485333857429
1106.0 0.6403253536027695
1106.5 0.9020876296234515
1107.0 1.642699937583089
1107.5 2.2101621796716944
1108.0 0.7274105574411593
1108.5 0.9464502419341065
1109.0 2.7292425366769626
1109.5 1.4699183702224126
1110.0 0.7472767529062465
1110.5 1.8054952799399429
1111.0 1.5452884022177877
1111.5 1.0883914723792325
1112.0 1.1093545779196377
1112.5 2.495757566095949
1113.0 1.2530157246608495
1113.5 1.3480227862474292
1114.0 1.503510384492106
1114.5 1.1010568638759584
1115.0 1.1548546860946836
1115.5 0.9489260247349239
1116.0 1.40514823053991
1116.5 0.31218812464256973
1117.0 1.037308050773185
1117.5 0.636737476274801
1118.0 0.9868243986426826
1118.5 1.0940827249926106
1119.0 0.5591124245621868
1119.5 0.8640509746446686
1120.0 2.2821997120433
1120.5 0.387579917465646
1121.0 0.782583015261606
1121.5 0.5468165443690488
1122.0 1.1343501759523436
1122.5 0.9445607710328048
1123.0 0.8138203853567203
1123.5 0.8809217172535282
1124.0 1.472592929700911
1124.5 1.5921481460673206
1125.0 0.9297090519135425
1125.5 1.812829738988321
1126.0 0.6969985775303733
1126.5 1.7615789704095302
1127.0 0.7816345694861
1127.5 1.294212860611546
1128.0 0.7792767272853222
1128.5 0.7590647384361886
1129.0 1.0373785660314707
1129.5 0.6931025292426023
1130.0 1.245861966717879
1130.5 1.4087312898895337
1131.0 0.6428944293567791
1131.5 1.4556265669581436
1132.0 1.7921023779727696
1132.5 0.6754959625196443
1133.0 0.8832538352545571
1133.5 0.6193920559093077
1134.0 0.27513240036595565
1134.5 1.2050423468739324
1135.0 1.3519570151388378
1135.5 0.850581954842615
1136.0 1.909680979145941
1136.5 1.5558736295293478
1137.0 0.7135325046367458
1137.5 1.4642395719230654
1138.0 1.311684986421246
1138.5 1.1185693932798086
1139.0 1.0579272798666923
1139.5 0.643637493631521
1140.0 0.451839355290422
1140.5 1.0530574098108703
1141.0 1.2674604257163236
1141.5 0.34068939889787253
1142.0 0.7089922063472784
1142.5 0.6013079757797495
1143.0 1.3528358341748237
1143.5 0.8349641916163106
1144.0 0.9577563470943902
1144.5 0.501984929805208
1145.0 1.1120384919851316
1145.5 0.9456748371926438
1146.0 1.0294399161153682
1146.5 1.090167429439644
1147.0 1.5526925786872567
1147.5 0.9370871021111482
1148.0 0.7006271647178448
1148.5 2.5662269162569213
1149.0 0.7036712380194731
1149.5 1.6474064871508582
1150.0 0.9912894241311097
1150.5 0.6603169522482213
1151.0 0.7017671188693594
1151.5 0.6635942419540823
1152.0 1.8824122926535771
1152.5 0.5120093434578978
1153.0 1.4704172052698508
1153.5 1.049190125617247
1154.0 1.1954911078276027
1154.5 1.9402702642145784
1155.0 0.6056931449487901
1155.5 1.4700081498183692
1156.0 0.8952709040368021
1156.5 0.2
1157.0 1.200063152601765
1157.5 1.4618235140517593
1158.0 0.7349808715704875
1158.5 0.6006794751564286
1159.0 0.7127132845445612
1159.5 0.5636433465326917
1160.0 1.0453241026327242
1160.5 0.7553080949921696
1161.0 0.8070393640599096
1161.5 1.3898963558150736
1162.0 1.8549845635816922
1162.5 1.0162837575987465
1163.0 1.7413807468014881
1163.5 2.028719944423802
1164.0 1.0739532199829727
1164.5 0.9448458727137146
1165.0 0.7974939314883913
1165.5 1.3553504152026115
1166.0 1.6792503617480294
1166.5 1.003594565350031
1167.0 1.1908855924789596
1167.5 0.8820357893627673
1168.0 0.8916555008329194
1168.5 1.1678374970009828
1169.0 0.9628102869694009
1169.5 1.0293949829877578
1170.0 0.7075806649602132
1170.5 0.6975390376639686
1171.0 1.3232622548084298
1171.5 0.9302036906701382
1172.0 1.2521517269779272
1172.5 1.7448328064931526
1173.0 0.7199233275381125
1173.5 1.295403745282417
1174.0 0.876984927376452
1174.5 1.059504906942812
1175.0 1.2071948891715105
1175.5 0.5951041481289735
1176.0 2.2172121453817772
1176.5 1.3679184649912672
1177.0 0.6199882359947269
1177.5 0.5880133057788794
1178.0 0.8337681242590662
1178.5 0.8804248014387714
1179.0 1.0638687071484882
1179.5 0.8383588334960654
1180.0 1.3582064597943833
1180.5 1.9784824728995916
1181.0 0.7185322954948363
1181.5 1.1367715974127761
1182.0 1.4690916717664024
1182.5 1.1265614770407422
1183.0 1.5296758503032684
1183.5 1.1603840386107251
1184.0 0.7887021221268166
1184.5 1.4880037755746844
1185.0 0.7932814153853601
1185.5 0.6595803622469538
1186.0 0.6844841959844228
1186.5 0.8657460218314244
1187.0 0.8821830908983711
1187.5 0.7059098194415374
1188.0 0.7512833881798578
1188.5 0.6426126244784389
1189.0 1.442507296402649
1189.5 1.1686972649489713
1190.0 1.0775016122854801
1190.5 1.1106557580025607
1191.0 1.5087338643279695
1191.5 0.9634941311434176
1192.0 0.7363089170637048
1192.5 0.7563459821695235
1193.0 1.4419824614731538
1193.5 0.8192680253102806
1194.0 1.536872268921957
1194.5 1.1454509631103662
1195.0 1.4352630410149663
1195.5 1.0235784863224893
1196.0 1.7948938077911694
1196.5 1.0305691148499143
1197.0 1.2483992106998931
1197.5 0.7419014675599571
1198.0 1.4841206747377482
1198.5 0.6927400258106073
1199.0 0.8182463045631794
1199.5 0.7267517334839857
1200.0 0.874695807103274
1200.5 1.7638537649566248
1201.0 2.0090476556888603
1201.5 0.9759229277239347
1202.0 1.4931221344068288
1202.5 0.8274697046235258
1203.0 1.7022726377591901
1203.5 0.8976218904143838
1204.0 0.6933651091726565
1204.5 1.1052917672835991
1205.0 0.9179710971488357
1205.5 1.4319190780417261
1206.0 1.6099242192462944
1206.5 0.6448337322387871
1207.0 0.9226699625610384
1207.5 0.8739335367016166
1208.0 0.9198382584727033
1208.5 0.8950810078682856
1209.0 1.2047236546953535
1209.5 1.0270319169903874
1210.0 0.735630800508768
1210.5 0.6083837330317916
1211.0 1.1638247590595805
1211.5 1.2412435830373532
1212.0 0.8880347405520423
1212.5 1.1521692215876858
1213.0 1.426815740229372
1213.5 1.033990374088984
1214.0 1.0184796354629986
1214.5 1.1187185938850055
1215.0 1.293685606575647
1215.5 1.5756439587237576
1216.0 1.2657089201911353
1216.5 0.9878813965772955
1217.0 0.8399412761860064
1217.5 0.4517326836281681
1218.0 0.7076804274022834
1218.5 1.031595043675838
1219.0 1.2419093043761364
1219.5 1.8439511948977354
1220.0 0.8884092157922225
1220.5 1.155594174100765
1221.0 1.1561764713118288
1221.5 1.1811294324347343
1222.0 2.1487093947461116
1222.5 1.1851852388304336
1223.0 1.6752934736121108
1223.5 0.7867258234101699
1224.0 1.1324366433313378
1224.5 0.9063240810111728
1225.0 0.7833701325053339
1225.5 2.0263547917690516
1226.0 1.367182870989687
1226.5 0.9449510311691853
1227.0 0.7822834521753412
1227.5 2.2623408248705164
1228.0 0.9009223868107168
1228.5 1.255512050777838
1229.0 0.8044262127531112
1229.5 0.6754242002554427
1230.0 0.9055027174001795
1230.5 1.5491257053080187
1231.0 0.8218153073313994
1231.5 1.2482426857302935
1232.0 0.9335298877964759
1232.5 2.140351707130921
1233.0 1.4745788169265543
1233.5 1.092164411975796
1234.0 0.7384612905006844
1234.5 1.0942772669637373
1235.0 1.3765454093817293
1235.5 0.6359013146843813
1236.0 0.5453728848647206
1236.5 1.0285712149454338
1237.0 1.115704692482052
1237.5 0.9969390748159053
1238.0 0.8332503252855621
1238.5 1.133270968921916
1239.0 0.6126308862814283
1239.5 1.1710395628592574
1240.0 1.0371687183168452
1240.5 1.0558916508067215
1241.0 1.2342891118431571
1241.5 1.5185188664171476
1242.0 0.6276581355143509
1242.5 1.1298218475029569
1243.0 1.0479208748831372
1243.5 0.8390045759729505
1244.0 0.7732308273237201
1244.5 0.9182931753161729
1245.0 0.388701443099863
1245.5 1.1581713082308793
1246.0 0.8009225981507373
1246.5 1.076525562572833
1247.0 1.454923620688081
1247.5 1.4599941475108393
1248.0 0.3366671883663804
1248.5 1.0105947700287603
1249.0 1.3958855014872535
1249.5 1.539980256123501
1250.0 0.36435733078583343
1250.5 1.547598237953172
1251.0 2.7024963084161095
1251.5 1.4325627148049556
1252.0 1.8866860694027454
1252.5 0.9277473559678744
1253.0 1.0749727034523515
1253.5 0.7183755752332044
1254.0 0.7060774597132629
1254.5 0.7040935038611136
1255.0 1.6526196589243423
1255.5 2.0009462597927934
1256.0 1.3647872587180596
1256.5 1.759115340116684
1257.0 1.1035546821964006
1257.5 1.4454667905830103
1258.0 1.1675741822021077
1258.5 0.6778594937591269
1259.0 0.6286985108252234
1259.5 1.7948850017535367
1260.0 1.4478527553420188
1260.5 1.1673587208938947
1261.0 0.5942736976779766
1261.5 0.9746877024740774
1262.0 1.0513895325972218
1262.5 1.2582916615422248
1263.0 0.7550059093361892
1263.5 0.6221109332998994
1264.0 1.1234934739049427
1264.5 1.157712362621886
1265.0 1.234191199842196
1265.5 1.3065542707661653
1266.0 1.7513655026482151
1266.5 1.3516088392278103
1267.0 0.4396941067358451
1267.5 1.716283833669882
1268.0 0.43379175261128045
1268.5 1.2990955060108482
1269.0 2.114740331360598
1269.5 0.6268806827053777
1270.0 1.0123190052600766
1270.5 0.7886267466435614
1271.0 1.028561193116912
1271.5 1.3939092423441815
1272.0 2.0560473324807345
1272.5 1.0156424578956353
1273.0 1.1199997146609242
1273.5 1.7484198661562202
1274.0 1.0920059209192323
1274.5 1.7507283419657163
1275.0 1.5187056695998704
1275.5 0.9263953489499359
1276.0 1.0151219995845908
1276.5 1.4040206198036913
1277.0 1.9668241371112825
1277.5 0.8534402680820192
1278.0 0.2
1278.5 0.9281848800463648
1279.0 1.7964402549943796
1279.5 0.8874732221174253
1280.0 1.14733718587344
1280.5 1.0824485040854204
1281.0 1.0376580148468386
1281.5 1.6211402835982196
1282.0 1.712926099279719
1282.5 1.3052736437915062
1283.0 0.869518713693013
1283.5 0.4793378293782777
1284.0 0.7480070729256483
1284.5 1.2950736952104183
1285.0 1.3518617626185458
1285.5 0.583357485074169
1286.0 0.8214825544391905
1286.5 1.1176723476288855
1287.0 1.5841544427083734
1287.5 0.9226029814297003
1288.0 1.126897855098427
1288.5 0.992455129652837
1289.0 0.6364862330018993
1289.5 1.069290128918929
1290.0 1.0308891152262583
1290.5 1.138470437918959
1291.0 1.8311608019254524
1291.5 1.0400990888088097
1292.0 1.2382094220613158
1292.5 1.6450891594251331
1293.0 0.7452162477656424
1293.5 1.048910501846467
1294.0 0.9501928241294382
1294.5 0.2
1295.0 0.876107339665307
1295.5 0.8327706967536657
1296.0 0.9229541789822482
1296.5 1.4598123963407037
1297.0 1.0431722499154668
1297.5 0.6823013151142812
1298.0 0.926042920339859
1298.5 0.4109546263317001
1299.0 0.9339573325070547
1299.5 1.0804563125007194
1300.0 0.3988782928728045
1300.5 1.5797134729976325
1301.0 1.1181237742499022
1301.5 0.784311449724791
1302.0 0.8772649408322838
1302.5 0.9410191882500722
1303.0 2.2201624652063563
1303.5 1.0930979215239063
1304.0 1.0482918618654504
1304.5 0.7402182022148707
1305.0 1.799050594655546
1305.5 1.3721432982071742
1306.0 1.5825405873660268
1306.5 1.1327540465187107
1307.0 1.277111237376617
1307.5 0.572750698293623
1308.0 0.8310060821356626
1308.5 1.031122440999745
1309.0 1.1788023882156142
1309.5 0.8956252587288809
1310.0 1.0858979201129135
1310.5 1.714479480744568
1311.0 0.8027301811062436
1311.5 0.9671601792289634
1312.0 1.6587470078353754
1312.5 2.1671746655903936
1313.0 0.8703992979613024
1313.5 0.4772723763681885
1314.0 0.7708288805349297
1314.5 1.026425968159695
1315.0 1.087441915148314
1315.5 0.526785186071437
1316.0 1.1416940696756983
1316.5 1.2051861364392622
1317.0 0.40016177160116406
1317.5 0.42782778025468443
1318.0 1.04008078385116
1318.5 1.936898002821107
1319.0 1.3734175660885413
1319.5 1.4351317628735547
1320.0 1.0244307608186327
1320.5 1.7164844672545774
1321.0 1.525115740265199
1321.5 0.7427491173272206
1322.0 0.7923088023286495
1322.5 2.08188540198723
1323.0 1.1545926038428864
1323.5 0.9924863573843739
1324.0 0.6578077303036775
1324.5 0.4912369895561856
1325.0 1.0529548955944752
1325.5 1.0019915619183732
1326.0 0.6580281088751998
1326.5 1.5270083613431225
1327.0 1.515725244627652
1327.5 1.7083274321736566
1328.0 1.21052900343531
1328.5 0.9125703241691476
1329.0 0.5194982903937398
1329.5 1.0303653364765053
1330.0 1.2165032263976618
1330.5 1.4008462982566114
1331.0 1.0172005953439873
1331.5 1.455484343580181
1332.0 1.347376881388668
1332.5 1.0721695801169946
1333.0 0.6856488248385632
1333.5 0.9313333953248756
1334.0 0.8954238085339292
1334.5 0.44757708990227746
1335.0 1.0017951259570614
1335.5 1.6463365369410496
1336.0 1.102224448648893
1336.5 0.8315217536669077
1337.0 0.4528871129371578
1337.5 0.6097942808672787
1338.0 0.7550940756364936
1338.5 0.5336682432642494
1339.0 0.9180313114112895
1339.5 1.1396105892443587
1340.0 0.7226280523511261
1340.5 0.9729145153081074
1341.0 1.434937982385804
1341.5 0.8423227333058303
1342.0 1.574634641938904
1342.5 1.1901782620221515
1343.0 0.751722735818878
1343.5 0.7126262784478243
1344.0 1.5543466489891122
1344.5 2.778000737823494
1345.0 1.280060310576039
1345.5 1.050839911051171
1346.0 0.7202252323504101
1346.5 1.3104313823155496
1347.0 0.4531595281701247
1347.5 2.1619103341804022
1348.0 0.8763080531618257
1348.5 0.6476906240076012
1349.0 0.9313444585393538
1349.5 1.1124288272799787
1350.0 0.6610947063795056
1350.5 1.284402887868357
1351.0 1.9981856960459317
1351.5 0.25759814340375686
1352.0 0.7371189186075822
1352.5 0.3421231329955556
1353.0 0.7405877750008405
1353.5 0.8285977596402809
1354.0 0.9707962984469936
1354.5 1.6929848717265379
1355.0 0.9042851906205873
1355.5 2.0817202366141565
1356.0 0.37025207528651993
1356.5 0.9647190033842026
1357.0 2.7893477362911945
1357.5 1.4701904245442468
1358.0 1.696053377544547
1358.5 0.859784134761773
1359.0 2.1625383524707757
1359.5 1.9108701385150337
1360.0 1.1113779837448612
1360.5 1.1788778922719705
1361.0 0.6174350529461636
1361.5 0.9607052960030196
1362.0 0.697138189687502
1362.5 0.8535223119797175
1363.0 1.3656386432192906
1363.5 0.4075089654831561
1364.0 1.0233187232674426
1364.5 1.5031900217349896
1365.0 1.4161808070265196
1365.5 0.9986723298011282
1366.0 1.436429993259063
1366.5 1.247600314907676
1367.0 0.9105149001999213
1367.5 2.8094130671189927
1368.0 1.0450249844184545
1368.5 0.5619589651235859
1369.0 0.8009335055677164
1369.5 0.9107258730704475
1370.0 1.5612165606300001
1370.5 0.7408200231015476
1371.0 1.9017416371565856
1371.5 0.944115468488149
1372.0 1.0012035653292908
1372.5 1.5383692324954805
1373.0 1.4037651682145262
1373.5 0.287474241240326
1374.0 1.3120068229743973
1374.5 0.8456835106674436
1375.0 0.7575734605518241
1375.5 0.9047192735105649
1376.0 0.8588796897082733
1376.5 1.3820381815049363
1377.0 0.9953185863188339
1377.5 0.6693159456560422
1378.0 0.8486338221393553
1378.5 1.6470675523929026
1379.0 1.0678299770149486
1379.5 1.3055162401945148
1380.0 0.8752430120040356
1380.5 1.270485883537963
1381.0 1.5133333560854363
1381.5 1.2654388514662425
1382.0 1.4448933468905354
1382.5 0.796279404911403
1383.0 0.8020696365968254
1383.5 1.3741240631451375
1384.0 0.6282685787393621
1384.5 1.375757486734682
1385.0 0.8581323266999
1385.5 1.1937172395972646
1386.0 0.4138918269898141
1386.5 0.8901265118457476
1387.0 0.7622792076248821
1387.5 0.9182783588630767
1388.0 1.26990187445876
1388.5 0.49557060865940283
1389.0 2.04266167853523
1389.5 1.5213662621675215
1390.0 1.467503061795374
1390.5 1.2271159993670704
1391.0 1.2191149407073725
1391.5 0.6292757013219646
1392.0 0.7929728252159384
1392.5 1.0625119086056485
1393.0 1.4166646874460271
1393.5 1.0561216389392054
1394.0 0.7087698724564591
1394.5 0.463817818195857
1395.0 1.6212234161085424
1395.5 1.2114279040377995
1396.0 1.1119439086071976
1396.5 0.8931107747334222
1397.0 0.9299631883962978
1397.5 1.7228348460915672
1398.0 0.42684617738265374
1398.5 0.8397799292718119
1399.0 1.1681071917167365
1399.5 1.1734155198222502
1400.0 0.6244129716611074
1400.5 0.6516717422063353
1401.0 1.5589118500284596
1401.5 0.908245274859746
1402.0 1.5395118209199916
1402.5 1.4597326948678222
1403.0 1.020126324539464
1403.5 0.8978787447620615
1404.0 0.5597917475435743
1404.5 1.1822819990949727
1405.0 2.014389474927275
1405.5 1.4193665045474642
1406.0 0.7603675586441423
1406.5 0.3357067587941849
1407.0 0.7231386349459424
1407.5 1.9933474497026633
1408.0 1.117617663478605
1408.5 1.4061663645898352
1409.0 0.8783936018256322
1409.5 0.45961461873161674
1410.0 0.7822334950734163
1410.5 2.1691403468501065
1411.0 0.7532962633054918
1411.5 0.6430373606426518
1412.0 1.002230079382615
1412.5 1.3247021950186704
1413.0 1.6342709649966471
1413.5 0.791734790832725
1414.0 0.860773358183752
1414.5 0.9396187971858334
1415.0 1.5299862506119557
1415.5 0.42325373182724635
1416.0 1.8576008461067426
1416.5 0.82555464303275
1417.0 1.1211171260175536
1417.5 1.1417220878424357
1418.0 1.2083338042501712
1418.5 0.7533617616064114
1419.0 1.1343160995081045
1419.5 0.7747269474007277
1420.0 0.9709698924376529
1420.5 0.7634997081026151
1421.0 0.67186640910462
1421.5 1.401697075597745
1422.0 0.8305532920962978
1422.5 1.292375241103088
1423.0 0.6920431764762025
1423.5 1.6553943682243106
1424.0 0.4117481537028921
1424.5 1.098506958915074
1425.0 0.6872563841298045
1425.5 0.5559259423380263
1426.0 1.6871504477646297
1426.5 0.8368594332657922
1427.0 0.6032956627486172
1427.5 0.5905160685872497
1428.0 1.234524420804985
1428.5 0.832792427142834
1429.0 1.612982905047919
1429.5 1.7094340458514476
1430.0 1.0603256980192413
1430.5 1.111898263503138
1431.0 0.8864910660113208
1431.5 0.8124353715757522
1432.0 1.4121229622066425
1432.5 1.8492050507855353
1433.0 1.2119083397608996
1433.5 1.3688392331771595
1434.0 1.4331498912909006
1434.5 0.632846605535101
1435.0 0.2
1435.5 1.5857573761178765
1436.0 1.1660057345752886
1436.5 1.0677079500595181
1437.0 1.3229216363520033
1437.5 0.8893899751130969
1438.0 2.052736656125183
1438.5 0.6592705072348821
1439.0 0.5558650929470454
1439.5 0.8183474641075301
