0 1.3783673896008797
0.5 0.6297002169032933
1.0 0.7614104570157119
1.5 0.9216988356711423
2.0 0.9489641161610356
2.5 0.7278234033822634
3.0 0.6826836410896405
3.5 1.0291040223593766
4.0 0.8597750116431322
4.5 0.5877968506776237
5.0 0.7498950802646639
5.5 0.6413897044612151
6.0 1.0165292053544093
6.5 1.7236518740752853
7.0 1.2788563914872242
7.5 0.9475969341976571
8.0 0.8396772440655025
8.5 1.204163405607297
9.0 2.2453578509164
9.5 1.2331287801327178
10.0 1.6049476879312898
10.5 0.9984534982976281
11.0 1.171539854885248
11.5 1.8036129877248417
12.0 0.9849027661807689
12.5 1.4814065682692663
13.0 1.1679075072822618
13.5 0.6848113063312533
14.0 1.4527139532136526
14.5 0.6972068421324444
15.0 0.8173193479310852
15.5 1.2087010855340141
16.0 0.4800732403348839
16.5 1.3378468817404423
17.0 0.8953883270599525
17.5 0.7375704997179751
18.0 1.1648151752689344
18.5 1.6285196703032598
19.0 0.954000069437942
19.5 0.9192420589092212
20.0 0.2502707531969032
20.5 1.2082200684864484
21.0 0.8065069905481193
21.5 1.0685035441178206
22.0 1.6504561710735643
22.5 0.7707854609574081
23.0 1.54171477441538
23.5 0.6769680184195574
24.0 1.2258417719178194
24.5 1.208141344308804
25.0 1.2939501619194091
25.5 0.8849286935633696
26.0 1.1895433234690516
26.5 0.9140043343997277
27.0 0.5633270574040674
27.5 1.6807062464439462
28.0 1.0467996070391845
28.5 1.0797296427060357
29.0 1.4688212192926424
29.5 1.2104106902588827
30.0 1.2599303393297618
30.5 1.573043899598514
31.0 1.252405213313247
31.5 0.6135940279563288
32.0 1.2296960197530966
32.5 0.6059270631700541
33.0 1.2838294559893701
33.5 0.8223563207612832
34.0 1.048936283716444
34.5 2.525284561220735
35.0 1.3304536949052599
35.5 0.7036386386521469
36.0 1.0925794511658817
36.5 1.1336578298182156
37.0 0.7530489659604324
37.5 0.6914341222730499
38.0 0.9305330623867725
38.5 1.0410736601450297
39.0 0.7316035005181212
39.5 0.9724538650448907
40.0 1.1213787114799796
40.5 0.6532424268758386
41.0 0.860110641620796
41.5 0.8590369367862665
42.0 0.711489272480669
42.5 0.7851700174466337
43.0 0.9382619582704226
43.5 0.6818918934338782
44.0 1.0481884543701
44.5 0.5998143137529376
45.0 1.0525402828472352
45.5 0.8271462538459304
46.0 1.0833415725011428
46.5 0.9959674645365898
47.0 0.9421655484124183
47.5 0.9373312962972948
48.0 0.9547226425694566
48.5 1.1747456186225613
49.0 1.4642443781642758
49.5 1.2139356200696971
50.0 2.219510823244738
50.5 0.722146354238498
51.0 1.7908415208459718
51.5 0.9101512123248949
52.0 1.069196820495561
52.5 0.8034194050051455
53.0 0.8362846414453597
53.5 1.088697666206921
54.0 0.7542642579950831
54.5 1.625342893414728
55.0 0.5991118817550221
55.5 0.9394107870809472
56.0 2.1258207277852823
56.5 1.048336474884245
57.0 1.4532976368558992
57.5 0.6606251207627107
58.0 1.2305126346776096
58.5 1.280351568398911
59.0 1.1587302855749513
59.5 0.919638420995871
60.0 1.2631139391945847
60.5 0.6748344139531847
61.0 0.7202992111202364
61.5 1.169075020553957
62.0 0.9024338731745771
62.5 1.23852568417247
63.0 1.4063728514022666
63.5 1.2520453367721527
64.0 0.7446138355727351
64.5 1.926507036296203
65.0 0.8897331119445755
65.5 0.9091496612361825
66.0 1.6092390287969058
66.5 0.5960649939569613
67.0 0.2
67.5 1.0433035864132139
68.0 0.998605874882863
68.5 0.6086604166639662
69.0 1.0563523867658147
69.5 0.853132327245391
70.0 1.0193189017263096
70.5 0.967772241870823
71.0 1.1103704560748557
71.5 0.8214288065851223
72.0 1.257954175807117
72.5 0.2
73.0 0.2
73.5 0.4846682934942429
74.0 0.6790695890840359
74.5 0.8456775154629784
75.0 0.5180212840135642
75.5 1.1491989273529692
76.0 1.6775684563237183
76.5 0.7708957174008528
77.0 2.0278330475187536
77.5 1.2420913032818792
78.0 0.8834106971775365
78.5 0.9798210856019647
79.0 1.1980579291231495
79.5 0.40240975703296017
80.0 0.8764306956333885
80.5 2.0733880240591995
81.0 2.0103143449705234
81.5 2.0634891901292547
82.0 1.0721262631058668
82.5 1.3605251317264841
83.0 1.29265365358789
83.5 1.024629433180856
84.0 1.3385423939620071
84.5 1.8854441131183068
85.0 1.325954655038874
85.5 1.1955407858446963
86.0 1.7052490013264503
86.5 1.0589117516799604
87.0 1.8998400138023657
87.5 0.9446452503070694
88.0 0.2
88.5 1.0654947170804605
89.0 1.198994766634175
89.5 1.5960336779051574
90.0 1.2019378708454254
90.5 1.5195854528488804
91.0 0.7674307231959894
91.5 0.6569585934005485
92.0 1.299929625215412
92.5 0.3980490260945413
93.0 2.0605485683885854
93.5 0.7514125047861553
94.0 0.763451386350807
94.5 0.7708358156132351
95.0 0.7833193956490208
95.5 1.0120163376555822
96.0 0.8405363079139193
96.5 2.190946950581445
97.0 1.3374988478252536
97.5 0.7400182957559962
98.0 1.0666956180687477
98.5 1.0704116917905788
99.0 1.1803145009814129
99.5 0.47398933907206653
100.0 0.9990868676829752
100.5 0.684179226312349
101.0 1.4832563653464372
101.5 0.6999208299962857
102.0 2.2315745298243463
102.5 0.6320255206073926
103.0 0.7796924690433433
103.5 0.5861318429068643
104.0 0.7403884486466337
104.5 0.9645681703445399
105.0 1.2099514465700372
105.5 1.4521958018529904
106.0 1.1460729078997527
106.5 1.1425066190584396
107.0 0.8536765689272653
107.5 0.7469547640142911
108.0 1.2876751986555486
108.5 1.009531250614112
109.0 2.6217118423322305
109.5 1.7048171436882356
110.0 1.0698027104247145
110.5 1.2206531852629263
111.0 0.4794559352201795
111.5 0.7538044923271985
112.0 0.6019557803517839
112.5 0.8735761540840983
113.0 0.6923942735290578
113.5 1.340014432627902
114.0 1.107136201504508
114.5 1.5373531885214788
115.0 0.9164327809186984
115.5 1.0448844932212826
116.0 0.6543231627541723
116.5 0.5780563894273116
117.0 1.0014216101059537
117.5 2.40173828364213
118.0 0.9049855081866793
118.5 0.8278078132609245
119.0 1.2621893113584002
119.5 1.6324244851361644
120.0 0.9167510526532748
120.5 1.2925882669238382
121.0 0.9814025085435543
121.5 0.7332181053242494
122.0 1.4449935588921745
122.5 0.6244184411661575
123.0 0.6746460547006354
123.5 1.3529975822178377
124.0 1.6257398154956255
124.5 0.5619171589760561
125.0 0.7304478913309826
125.5 0.8111065916993342
126.0 1.6557641616360277
126.5 0.8427773599018547
127.0 0.9661523581563782
127.5 2.0941096885292567
128.0 0.6369620252665821
128.5 1.2301370743266966
129.0 0.7455465300282575
129.5 1.064321639341947
130.0 1.0066801111776966
130.5 1.266611573588591
131.0 0.8878725360356474
131.5 1.9367868550199283
132.0 1.3358597062507567
132.5 1.0640639838622628
133.0 0.9138146657957094
133.5 1.7882383285729928
134.0 0.9469399433422951
134.5 1.1044439904829155
135.0 1.2883566891981277
135.5 1.4572707229355908
136.0 0.7739483492500673
136.5 1.1737972523888567
137.0 1.3134646265261307
137.5 1.1219795655016715
138.0 0.6724868854292207
138.5 0.4381838164606856
139.0 1.1054186242231776
139.5 0.8202426037100383
140.0 1.045542763873382
140.5 1.2632539114805672
141.0 0.6357297359029694
141.5 1.0355519268954123
142.0 1.2143847025102459
142.5 1.7149755184925108
143.0 1.3806235407653822
143.5 0.7499197148067881
144.0 0.7433474166298872
144.5 1.398499607074149
145.0 0.6157316257233274
145.5 1.2130016159998842
146.0 1.3203189530375985
146.5 1.5842010340438453
147.0 0.8669908167685931
147.5 0.7481478381554442
148.0 0.8235906791914771
148.5 1.0759609849185368
149.0 0.5840367200115416
149.5 1.2011390767582228
150.0 1.187413010265341
150.5 1.7176887728283687
151.0 0.9511322548598422
151.5 0.8716337033806081
152.0 0.8265347511834074
152.5 1.07890309455814
153.0 1.4038915650210448
153.5 1.0621211140346114
154.0 1.5545022482323367
154.5 1.45892064801806
155.0 0.789869179093653
155.5 1.2684446827599536
156.0 0.8549729573999332
156.5 2.3418567628300764
157.0 2.242505300934665
157.5 1.259251847615239
158.0 1.6450306455936579
158.5 0.9147921987723748
159.0 1.659888906012321
159.5 1.5910282786838406
160.0 1.122361045420618
160.5 0.9963152819356094
161.0 1.0868070159028127
161.5 0.9195155409017166
162.0 0.8143946904967848
162.5 2.1605800682486977
163.0 0.8984222527568871
163.5 0.8675022691653964
164.0 0.9260454771483357
164.5 0.8461737950523811
165.0 0.798550983532581
165.5 1.382284376950964
166.0 0.7838692857763572
166.5 1.2533597714976423
167.0 0.43989427625825106
167.5 0.2
168.0 1.0143606243646186
168.5 1.032374847137222
169.0 1.124526733649646
169.5 0.9021399518992657
170.0 0.9018125000405015
170.5 0.9245438891312645
171.0 0.7994396924695475
171.5 1.6947969783936316
172.0 0.7214866277360209
172.5 1.5145377862278013
173.0 0.583283786096336
173.5 0.9568681378867163
174.0 0.6117823973447636
174.5 0.2
175.0 1.0416923886816765
175.5 0.9607581396756992
176.0 1.2970214882618956
176.5 0.8129436887944874
177.0 0.8497359667740287
177.5 1.2052289175068476
178.0 0.7646646420610712
178.5 1.6897705677430541
179.0 1.0933438711158423
179.5 0.7591410361880153
180.0 1.1721419636197148
180.5 0.5623911375941222
181.0 1.0214497564215235
181.5 1.0556116371155906
182.0 0.4404610118940048
182.5 1.0187070101613207
183.0 1.0715056421013474
183.5 0.6090088864844925
184.0 1.101851303310748
184.5 0.7890356222527313
185.0 0.5881969053279976
185.5 0.523331523005436
186.0 1.217306429035967
186.5 0.5994243802212121
187.0 1.2790395447877074
187.5 2.483054407247036
188.0 1.3682403006098758
188.5 1.1114518387404742
189.0 0.8063352261311747
189.5 0.9623169759324601
190.0 1.2532424393633628
190.5 0.9314889046006395
191.0 2.443734521109801
191.5 0.7241131541195165
192.0 0.9574073327633363
192.5 0.7544450041260772
193.0 0.7246513705606006
193.5 1.4602346698361695
194.0 1.0853247207281584
194.5 0.6636805516860714
195.0 0.914598336452018
195.5 1.1024513961494422
196.0 1.726214900667729
196.5 0.7150569547229486
197.0 0.7225299603544266
197.5 1.4770512467134356
198.0 0.5174055547902552
198.5 0.885037501061213
199.0 1.3082756055950797
199.5 0.7068426589909826
200.0 0.8588641836589302
200.5 0.6818394479904941
201.0 1.264878595373948
201.5 1.3013692496817297
202.0 0.8629656906074921
202.5 0.6196806637815829
203.0 0.9260498070352889
203.5 2.772989065622337
204.0 0.683331537037797
204.5 0.9982605839258736
205.0 0.6700439514928458
205.5 0.773258343916557
206.0 1.6776038313710684
206.5 2.944763256005218
207.0 1.065298040932811
207.5 0.7580724602733144
208.0 1.67968721341071
208.5 1.0599958897826844
209.0 0.7742712427850982
209.5 1.6100546892903065
210.0 0.311974643924936
210.5 0.9605381102809964
211.0 1.647429284902832
211.5 1.1185545887128154
212.0 0.9547342465389177
212.5 0.9642210259073993
213.0 1.0636101894341758
213.5 1.3757558987661669
214.0 0.9762000572547311
214.5 0.6596108722862054
215.0 0.967210287401266
215.5 0.6230320779192255
216.0 0.7559221258611399
216.5 0.7229061636689733
217.0 1.5391157715124337
217.5 1.9369754370880514
218.0 1.1858312612841009
218.5 1.497446733659603
219.0 0.5997569645656669
219.5 0.7833427597126397
220.0 0.7632106868782925
220.5 1.202739740305348
221.0 0.7510736890715974
221.5 0.6310853106500902
222.0 0.6949541080263467
222.5 1.3360319833993524
223.0 1.5056971510665726
223.5 1.043017488786984
224.0 0.8814046802357455
224.5 0.9897171499883242
225.0 0.9537299674553248
225.5 0.8750876330917214
226.0 1.4916653509807172
226.5 0.5874384419439198
227.0 1.0960917750741759
227.5 1.5756836892099757
228.0 0.5903558877584443
228.5 1.6032298219959993
229.0 1.6602124391501394
229.5 0.4868935359364417
230.0 0.8812626954675411
230.5 1.188642248736509
231.0 0.7109578842148072
231.5 0.7695461805511352
232.0 0.6727467988050544
232.5 2.175621704340061
233.0 0.7052754832438548
233.5 1.712225795032166
234.0 1.0551916317143668
234.5 0.884878889440174
235.0 2.008869536040143
235.5 0.9216079905898779
236.0 1.1150899466668838
236.5 1.5937856130116566
237.0 0.2
237.5 0.8139031688769924
238.0 0.8032347004519444
238.5 1.0913628155224162
239.0 1.3007140328887974
239.5 1.00111133401523
240.0 1.411857455302794
240.5 0.7816362814079112
241.0 2.285083869540047
241.5 1.5726963729821812
242.0 0.7062702694930526
242.5 1.3448814394558666
243.0 1.0974795493822915
243.5 1.8359688458739052
244.0 1.6466938276476366
244.5 0.6631910334859945
245.0 2.045901489055387
245.5 1.298202856924634
246.0 1.1183501492455679
246.5 0.674658230491122
247.0 1.2227247043105935
247.5 0.9844657494447555
248.0 0.2
248.5 1.2286089393925792
249.0 0.7215003901541226
249.5 0.7900972097703869
250.0 1.3714773180709758
250.5 1.649641303780669
251.0 1.1558214191339669
251.5 1.108411397174207
252.0 0.9191735826670417
252.5 0.541874776728483
253.0 0.6760588903097831
253.5 0.9131743662276902
254.0 1.1558981673718094
254.5 0.8366377605127187
255.0 1.8852677538242095
255.5 0.9805517197797966
256.0 1.3536802042845906
256.5 0.9105790161159012
257.0 1.2039279617539094
257.5 1.138692105932396
258.0 0.7841120767725348
258.5 0.9434094204538999
259.0 1.028244545875361
259.5 0.40409756386170437
260.0 1.5201734220060277
260.5 0.8725926590644684
261.0 0.42681752851554566
261.5 1.5378134041688534
262.0 1.630687691654288
262.5 0.7547742268729706
263.0 1.8439440786215031
263.5 0.5475379226496343
264.0 0.7754251832523512
264.5 0.5574600082192623
265.0 1.1761184446559965
265.5 0.9037916767017109
266.0 0.8365120602609359
266.5 1.2546281567154098
267.0 1.0412305863649602
267.5 0.5122943040633405
268.0 0.8243810841182939
268.5 0.9901754937259277
269.0 0.5462571426125545
269.5 1.0383461674081536
270.0 0.5527893746460819
270.5 1.7511651375202657
271.0 1.02870709046514
271.5 0.9502859702397193
272.0 0.7022965821422062
272.5 1.0273577291780556
273.0 0.4473963724999236
273.5 0.688929205609943
274.0 1.6502497750052791
274.5 1.3849432107734905
275.0 0.6586268947425917
275.5 1.0693823058507295
276.0 0.9765439301977472
276.5 1.167580510010756
277.0 0.6475048937212566
277.5 1.0530675223641361
278.0 0.6719965603745368
278.5 1.6203470014848027
279.0 0.5054551628570123
279.5 2.3134537411567826
280.0 0.8310069015091347
280.5 0.2669137853026363
281.0 0.3728357931669766
281.5 1.100405301379755
282.0 1.668876146162664
282.5 1.3124127445731797
283.0 1.0338934219620874
283.5 0.8370072344912749
284.0 1.2745446329987646
284.5 1.8342785458841706
285.0 1.1388650601018646
285.5 2.1522570215844716
286.0 1.8249428043502487
286.5 1.6169542775342882
287.0 0.6571352127815517
287.5 0.590953033942417
288.0 1.0659427036490556
288.5 0.8370020933538126
289.0 2.111077046644339
289.5 1.1820612049431836
290.0 0.7849778244371034
290.5 1.7107145737536484
291.0 0.9945426179972444
291.5 2.032003451897547
292.0 1.3103686115178428
292.5 1.6602958029619033
293.0 0.49697275715468997
293.5 1.469832441247879
294.0 2.1265781402172874
294.5 0.8427373970417231
295.0 0.9479723549032284
295.5 0.679504261121177
296.0 0.6849362049396035
296.5 1.1533432890006339
297.0 1.4072094457010798
297.5 0.9420611142061426
298.0 1.4092883377829892
298.5 0.8254868433248618
299.0 1.2672563874953287
299.5 1.4601098014565161
300.0 0.8673362371613054
300.5 0.6780656616014846
301.0 1.2727172135419804
301.5 0.744097726544692
302.0 1.7264495793797594
302.5 0.5652823199683921
303.0 1.9052908580771817
303.5 0.8600491282362537
304.0 2.4302308511582837
304.5 1.3634852575712437
305.0 1.6897407473885095
305.5 1.2954242463088486
306.0 2.0247670216602804
306.5 0.4806945454675143
307.0 0.4540546332343936
307.5 1.0918659063139131
308.0 0.8993380829699642
308.5 1.9537788425219516
309.0 1.1345269748706253
309.5 0.8741412424403499
310.0 0.9968550772156122
310.5 1.131851272808304
311.0 1.2251072762642807
311.5 0.712228175771588
312.0 2.1033597676018974
312.5 2.3248146335940154
313.0 1.486848440872786
313.5 0.9000083172337705
314.0 1.5787940009430872
314.5 1.5067247799905712
315.0 1.294225497735189
315.5 0.806037008030136
316.0 1.2008791560022503
316.5 1.4971120419651371
317.0 1.5017336841896252
317.5 1.0038959038954924
318.0 1.7739021639504058
318.5 0.6446920699939636
319.0 0.6070606352080172
319.5 0.5335581952782709
320.0 0.7169684396595908
320.5 1.5469590245718396
321.0 1.5149578080888908
321.5 1.8671763138962743
322.0 1.8503831093644385
322.5 1.4476911768917335
323.0 0.6577700576117993
323.5 1.2782580323098427
324.0 2.4623220758413567
324.5 1.3306264409483544
325.0 0.6100838108977995
325.5 1.2064920437219897
326.0 2.069516528290512
326.5 0.6505193489563188
327.0 0.8208708599361842
327.5 1.0741585301032532
328.0 1.3582779238443343
328.5 1.195387528842332
329.0 0.7032671254528553
329.5 1.3452945375412915
330.0 1.8726930715701386
330.5 0.9874412334515188
331.0 0.6046086101338346
331.5 0.40491751724436686
332.0 0.5005045098335716
332.5 0.5501275281588304
333.0 0.6637951366827795
333.5 0.9295120169887285
334.0 1.5254674653675973
334.5 1.091910341312154
335.0 0.8437074941247951
335.5 0.46205157354541077
336.0 1.2405668212436212
336.5 1.2871260888965823
337.0 0.8415582456148079
337.5 0.668426146553941
338.0 0.6913451933493595
338.5 0.6471472681276189
339.0 1.0619613485644361
339.5 1.924797676025762
340.0 0.9238763240484555
340.5 1.2706370472195485
341.0 0.6379729188795213
341.5 1.1300412314193662
342.0 0.7766512587240018
342.5 0.5941711826952619
343.0 0.6267539617410931
343.5 0.8104351591093739
344.0 0.7628288684757332
344.5 0.6797901801424396
345.0 0.570163046777254
345.5 0.8406031612361506
346.0 0.7795714439841295
346.5 0.7269425293016394
347.0 1.2755100941457416
347.5 1.080201815158335
348.0 1.2156977010371028
348.5 0.8681760754766678
349.0 0.9035363043947142
349.5 0.8077913577000768
350.0 0.9798833049666942
350.5 1.0856580899693373
351.0 0.8589431686640836
351.5 0.7757787925199426
352.0 0.9821450602645205
352.5 0.6039054831895572
353.0 1.2981170042039352
353.5 1.8792862103678702
354.0 0.7250540334486997
354.5 0.8935947383136671
355.0 1.0717002463343204
355.5 1.1387755509955007
356.0 1.1694275498733868
356.5 1.0755504787208396
357.0 1.1067275691432712
357.5 1.2749539445416962
358.0 0.8829300272801315
358.5 1.0163959455277665
359.0 1.0050694121140857
359.5 0.9398525236725666
360.0 0.6262136006097307
360.5 1.301000221499069
361.0 0.3848384496972229
361.5 1.3474288256775826
362.0 0.5720833040934573
362.5 0.7224564490290553
363.0 1.0924964265939658
363.5 0.6172204351743942
364.0 0.284627368921472
364.5 2.153223511205577
365.0 1.8354257480825558
365.5 0.9368168034325084
366.0 1.007101143833047
366.5 0.6722375687464223
367.0 2.2491370652088585
367.5 1.1349082835709388
368.0 1.0969911661796554
368.5 1.249035821965709
369.0 0.818774324658992
369.5 1.7569436840706705
370.0 0.8292454718395528
370.5 0.8786218412600011
371.0 1.5147932371585942
371.5 0.24065496168584888
372.0 1.5217778904875043
372.5 1.0438556741005054
373.0 0.6822182063357523
373.5 1.0793006203538107
374.0 0.7245600870481779
374.5 1.0200749004129104
375.0 0.938726064003081
375.5 1.3276437363124158
376.0 1.1563166908501348
376.5 1.0458241542702233
377.0 1.576520831484859
377.5 2.291807074468272
378.0 1.1807896339291226
378.5 1.140845535933794
379.0 0.7084069335106606
379.5 1.2565866536817774
380.0 0.9014882010316045
380.5 0.7220083390231329
381.0 0.5210445326913777
381.5 0.6944248224439293
382.0 0.6411076047253967
382.5 1.4152974373467107
383.0 1.0332240130729988
383.5 0.6088956844350472
384.0 0.7867650879981649
384.5 0.6408044292198902
385.0 1.2216941212074484
385.5 0.8263861824454648
386.0 0.8030710502473153
386.5 1.2282002386198156
387.0 1.1401417650774595
387.5 1.5369237921107999
388.0 0.5125221437575895
388.5 0.9521448662042235
389.0 2.8297448258888327
389.5 0.8979515108101686
390.0 1.3261197665369289
390.5 1.2426657117857005
391.0 0.9888369257116247
391.5 1.1324574476755664
392.0 0.4747951308070859
392.5 0.7948198095251273
393.0 0.8162057839128745
393.5 1.027980007771872
394.0 0.8141195711530356
394.5 1.6587697936680197
395.0 0.7339046237485453
395.5 1.0316175296605694
396.0 1.0058546783797522
396.5 0.7026465671649613
397.0 1.378645481792495
397.5 0.7888272665322404
398.0 0.6783805862668764
398.5 1.056558403996684
399.0 1.8850177403485495
399.5 0.9694650258246156
400.0 1.9965803693279773
400.5 1.8031415716127035
401.0 1.7275339508184342
401.5 1.6652362517147101
402.0 0.8611808196193622
402.5 1.0573188665410798
403.0 1.0006030639201628
403.5 0.607197477099969
404.0 1.673564750911515
404.5 1.4012998164682222
405.0 0.869138673323619
405.5 0.933055159120282
406.0 1.060075702308528
406.5 1.1456719285129207
407.0 0.9731609416492696
407.5 0.8681191968882145
408.0 1.2067425798841023
408.5 1.1275983747699998
409.0 1.0079861527674105
409.5 2.1909161681931275
410.0 1.7567071782597108
410.5 1.7688698547041253
411.0 0.866335799675672
411.5 1.8197568506595432
412.0 0.7265725263412373
412.5 1.6240034332708142
413.0 0.9510686772257908
413.5 1.1180658914900596
414.0 1.380912922871615
414.5 1.4362397260968138
415.0 0.9252182882667828
415.5 0.6875411735135982
416.0 1.253690508410879
416.5 0.6148550414008818
417.0 0.7834418311998887
417.5 1.4169551536234137
418.0 0.9628752143296748
418.5 0.5771104548765904
419.0 1.6107803981787558
419.5 0.9275056270272588
420.0 1.2138775101703732
420.5 1.0747435018968212
421.0 0.8704430064159245
421.5 1.5487423394368431
422.0 0.8709388968453977
422.5 2.161685164917064
423.0 1.5167047837270589
423.5 1.3276843119762585
424.0 0.618035710938347
424.5 1.5580715920021964
425.0 2.576264608444996
425.5 2.095276534438148
426.0 1.0365744810258848
426.5 1.463781624604095
427.0 0.7598356303897988
427.5 0.7613220757485419
428.0 1.0937411829794672
428.5 1.8493052952786977
429.0 1.5449592011719502
429.5 0.8198154791471394
430.0 1.532755267617367
430.5 1.634960508234858
431.0 0.43134581121295956
431.5 2.039845796080658
432.0 1.3394735366304489
432.5 1.2327615041761413
433.0 1.594944317784774
433.5 0.9363055592790339
434.0 0.6613526991990756
434.5 0.68612565582919
435.0 1.3420849792202434
435.5 0.9442082674607923
436.0 0.5068230390361294
436.5 0.3981305060860317
437.0 1.4573403808541228
437.5 0.7701930102358223
438.0 2.1418327344774015
438.5 0.60948350129479
439.0 1.000562705970099
439.5 0.7793541734140015
440.0 1.0948727818639976
440.5 2.208902840728631
441.0 1.1296899067978738
441.5 0.8629050852071407
442.0 2.358009933104633
442.5 0.7859180450081238
443.0 0.991884970594574
443.5 0.3864279922751477
444.0 0.30755704702049225
444.5 0.7539281031108244
445.0 0.8359695868400477
445.5 0.5894217532035624
446.0 0.83721951622144
446.5 1.2286367680193073
447.0 1.1295900101867167
447.5 0.8645474760147676
448.0 0.8595523433945751
448.5 1.140365297748656
449.0 0.9583640420560835
449.5 1.9058476247883096
450.0 1.0666717694438081
450.5 1.1639033552468399
451.0 2.3687720188876904
451.5 1.050892717012053
452.0 2.810479312845821
452.5 1.2992652194211747
453.0 0.9480798750158885
453.5 1.8317317052489184
454.0 1.2889346665654653
454.5 1.1501089133592362
455.0 1.2456818029200663
455.5 1.4885241510772746
456.0 0.7594761407299644
456.5 0.582969694097095
457.0 0.6319893472745104
457.5 2.596500669346839
458.0 1.1699722876511645
458.5 0.8995548536829021
459.0 0.9914682102540102
459.5 0.6789717766641248
460.0 0.8598439345787198
460.5 0.4024098465148598
461.0 0.792316152513755
461.5 1.253529377469671
462.0 1.684060897546881
462.5 1.3094321630820303
463.0 1.0204519841931494
463.5 1.1868139298677596
464.0 1.0572640107512283
464.5 0.9495655879735818
465.0 1.5467450279214314
465.5 0.5300833042938494
466.0 1.4306709859674864
466.5 1.4861548495949402
467.0 2.1627279673296713
467.5 0.7442379925923492
468.0 1.1834841870083777
468.5 0.5299831524131966
469.0 0.8427120094510432
469.5 1.010195972457062
470.0 0.8079689287917524
470.5 0.30468782740874245
471.0 1.0344269621261135
471.5 1.2374740342953463
472.0 1.3807960480528085
472.5 1.3198395595545078
473.0 0.8989624980558458
473.5 1.1823535423206426
474.0 1.5828814810623943
474.5 1.0171847812019352
475.0 0.9684034515746237
475.5 1.423071975836339
476.0 0.4530872021163984
476.5 2.094749353904899
477.0 0.9772078423610546
477.5 0.7659953468956597
478.0 0.7190283762425815
478.5 0.9585790674364711
479.0 0.9695586745093301
479.5 1.201748229323218
480.0 1.319706250314585
480.5 1.06719770891507
481.0 0.7914191884780236
481.5 1.0351394498923097
482.0 1.138483697914634
482.5 0.8776129256444806
483.0 1.791690185353717
483.5 1.1755519428654306
484.0 1.6449884485013018
484.5 0.7016343797387221
485.0 0.5864419813894286
485.5 0.8649605882083455
486.0 1.4152463207506507
486.5 0.7485744908329302
487.0 1.0526307148357452
487.5 0.9682238080181002
488.0 1.3053309413464842
488.5 1.4465208730154635
489.0 1.6456114977116916
489.5 1.322066045298021
490.0 1.3718458625804018
490.5 1.878067752258624
491.0 1.3289774505544845
491.5 0.9017008173072576
492.0 1.058871960148646
492.5 0.8772649183425119
493.0 0.8615662849204218
493.5 1.5929424175314257
494.0 0.6616707628758127
494.5 0.4038927386815757
495.0 1.1187784402772336
495.5 0.9651267404023776
496.0 0.411908889574567
496.5 0.6393534858995276
497.0 1.2014317325016821
497.5 1.0436109171127526
498.0 1.492948380422968
498.5 0.9982263004845734
499.0 1.0908828113689037
499.5 1.123216421796378
500.0 2.022344185541638
500.5 0.6797796737644759
501.0 1.7261221826181954
501.5 1.4848211152088355
502.0 1.243836025718849
502.5 0.7819553939824497
503.0 1.5386756049075128
503.5 1.3788400230442377
504.0 0.607929170788996
504.5 0.6935123519012395
505.0 0.8876079640863417
505.5 0.7877444671996189
506.0 0.9668084453961212
506.5 0.854128811703698
507.0 1.47137877972758
507.5 1.2254297592418397
508.0 1.2039256428208334
508.5 2.0611434549517242
509.0 1.4559667483981376
509.5 0.9961650534181139
510.0 1.9166740276468062
510.5 1.0954498903475456
511.0 0.31314077093027054
511.5 0.724759696362667
512.0 1.0118154591509332
512.5 0.7150872751377201
513.0 0.42853580094322374
513.5 0.9358550096924844
514.0 0.8550661284539322
514.5 1.2378634895488214
515.0 1.2376586976255655
515.5 0.6776398736310036
516.0 0.7136341259354457
516.5 0.4157157743777686
517.0 1.7169158067735872
517.5 0.5338014162392198
518.0 0.41111887308266704
518.5 0.4426036857498298
519.0 1.4910147277332584
519.5 1.2152898541873034
520.0 0.6280867261133214
520.5 0.7579403077456395
521.0 0.814851169311618
521.5 1.2720331499839916
522.0 0.5235591883751168
522.5 0.6442856169944426
523.0 0.9777564184555344
523.5 1.9274480908282925
524.0 1.2324755124291977
524.5 0.9900580838894093
525.0 1.3350249300996548
525.5 1.1523273785505794
526.0 0.902092547832767
526.5 1.0759804010866412
527.0 0.7603013945352093
527.5 1.8299851722787124
528.0 0.9857493951517415
528.5 0.576701737360928
529.0 0.936731404973657
529.5 0.6128575343120967
530.0 0.6909827218815308
530.5 0.8560354978897271
531.0 0.9329763140223328
531.5 1.1780001989921502
532.0 1.027225109013894
532.5 1.0859478756703567
533.0 0.5291804700847308
533.5 0.8191226515827226
534.0 1.3770449078584535
534.5 0.7585964404542513
535.0 0.9146571672031184
535.5 0.8206078191762765
536.0 1.1865446379133084
536.5 1.5834900677970754
537.0 1.6684402589530394
537.5 0.6745198919582828
538.0 0.9617777478355057
538.5 0.8096825420679079
539.0 1.24437862402655
539.5 0.7969862047976861
540.0 0.5886456220350569
540.5 1.104056469083501
541.0 0.9787567122526075
541.5 0.7012652716995905
542.0 0.5433053802900317
542.5 0.9432268086711091
543.0 1.041756525972795
543.5 1.1557538644234409
544.0 1.7281339145869201
544.5 1.1665952781390097
545.0 0.9592227696848468
545.5 1.265957875809582
546.0 0.6829366814420637
546.5 1.521643808312447
547.0 1.5165763738439262
547.5 1.8735491880220034
548.0 0.6927703650729253
548.5 1.321327149354897
549.0 0.9917441692173109
549.5 1.3502703137336105
550.0 1.366782813573727
550.5 0.7982651449933438
551.0 0.8731991785837976
551.5 0.9863790625211526
552.0 0.38354885588974463
552.5 1.5680716725774502
553.0 0.7669274821513707
553.5 0.8461629804366653
554.0 1.4493906790482587
554.5 0.9750658616808938
555.0 0.7227011667005989
555.5 0.7324344043016691
556.0 0.36478364692019616
556.5 0.6201898745640169
557.0 1.1129845243147223
557.5 1.1464780638999452
558.0 1.1375670373592184
558.5 2.1664861662167563
559.0 0.6233048621924565
559.5 2.1865628629374854
560.0 1.444467202666334
560.5 1.135898056186178
561.0 0.5979874133284444
561.5 0.3935044336888459
562.0 1.0576746443171963
562.5 0.8588943425231903
563.0 1.5345812490987623
563.5 1.1101891493930791
564.0 0.648742253458902
564.5 1.2101840675633606
565.0 0.894252734151841
565.5 0.8392380232546539
566.0 1.9905631591393806
566.5 0.8260379372045339
567.0 1.3018041491025178
567.5 1.9340331680293024
568.0 0.5800002344818445
568.5 1.5077938112910556
569.0 0.9171293201908965
569.5 1.37713549932371
570.0 0.7687016684241705
570.5 0.9447597818768092
571.0 1.750143772165877
571.5 1.2120922977195328
572.0 0.7217450145078308
572.5 0.6926148423900977
573.0 0.8625597153603016
573.5 1.2023021992555991
574.0 0.7630402597531305
574.5 0.8240230289903729
575.0 2.068314987881392
575.5 1.8319209324795085
576.0 0.682443635411689
576.5 1.2953357667288856
577.0 0.8094141155859426
577.5 2.4337653598972815
578.0 0.7236754966093595
578.5 1.0449331845407315
579.0 0.7311219506859193
579.5 0.6589689838716435
580.0 0.2
580.5 1.198680178507193
581.0 0.8565887560115422
581.5 1.2917126750119157
582.0 1.0295347482661392
582.5 0.8591248707242165
583.0 0.6354951155012349
583.5 1.777226780291009
584.0 1.533252832367204
584.5 0.7508693757731095
585.0 0.6759901522409799
585.5 2.098569672632329
586.0 0.8999582533810779
586.5 0.901208715846396
587.0 0.6330260253030205
587.5 0.7456481873134744
588.0 1.0310713156744309
588.5 1.6316559625318694
589.0 1.2525670673855873
589.5 0.5710545319155471
590.0 1.5911533646372003
590.5 0.9332774484425602
591.0 1.0489271370691826
591.5 1.603087100750503
592.0 1.7516387290195896
592.5 1.4160862364764983
593.0 1.627599047182396
593.5 1.6521276629928165
594.0 0.8886134452667005
594.5 1.8868762837493
595.0 1.2749086455561687
595.5 0.36301778821842595
596.0 0.7279323007871286
596.5 0.7407562114839763
597.0 1.1884475131765115
597.5 1.3559594112092808
598.0 0.7056949584608241
598.5 1.42468423978167
599.0 1.3092199699046652
599.5 1.0985426719134994
600.0 0.9963870624074229
600.5 0.4676628912035862
601.0 0.5555756592492456
601.5 0.8586738576005155
602.0 0.9378664968644592
602.5 0.6675640119538704
603.0 1.4865339493407164
603.5 1.5053426522006972
604.0 1.7724708691899218
604.5 0.6169488620323587
605.0 1.6794361695435271
605.5 1.3636962912667108
606.0 1.361199868163809
606.5 1.3964795483592578
607.0 1.0146155323434627
607.5 1.7924810425467266
608.0 0.9837546969116007
608.5 0.2
609.0 0.6366005687676418
609.5 1.1871160150393505
610.0 0.9984661856525154
610.5 0.9233562149690233
611.0 1.158391384304159
611.5 0.736690178556493
612.0 1.0748346815562138
612.5 1.7309514505706507
613.0 1.567247429361227
613.5 1.3648059503636838
614.0 1.6800757887089115
614.5 1.314055609176438
615.0 0.9742227999455009
615.5 0.7199923161840627
616.0 1.3350957577167155
616.5 0.8595507356771517
617.0 1.108870484551173
617.5 1.0035723091462618
618.0 0.7065446237783376
618.5 1.7914622192708514
619.0 1.1756205397691906
619.5 1.6084787586965907
620.0 0.5701309741068344
620.5 1.0193057431111803
621.0 0.6742343693211613
621.5 1.2814615349733787
622.0 0.6809310410009048
622.5 1.3383122636916571
623.0 0.8645264632221858
623.5 0.8944727511285309
624.0 0.6956612454485329
624.5 1.6289228491682262
625.0 2.067668036957005
625.5 0.3069743770907834
626.0 1.6479682963971358
626.5 0.859127025081782
627.0 0.7188134954871128
627.5 1.5628848909006852
628.0 0.9238507887229301
628.5 0.7020118197837204
629.0 1.516009855014652
629.5 0.7821052107879314
630.0 1.0002026025269999
630.5 1.1941593325518047
631.0 1.0435200028137577
631.5 0.7673071394551877
632.0 1.122755406851542
632.5 1.2947206107893545
633.0 1.0682501402354052
633.5 1.5944867408377412
634.0 1.0981763386363728
634.5 0.5990465207131547
635.0 1.4924037445094838
635.5 0.5486154927049052
636.0 1.0353474002105858
636.5 0.7725089505760733
637.0 0.49212065752457057
637.5 0.5448771884977301
638.0 1.2203281771004968
638.5 0.8299796394057433
639.0 2.1053300367434433
639.5 0.6103125310980834
640.0 0.9916940250554135
640.5 0.9537430348212701
641.0 2.363991938167832
641.5 1.0700924635919142
642.0 0.9046751009650552
642.5 1.303236350099612
643.0 0.920900956376405
643.5 1.048655854363263
644.0 0.6402643839227298
644.5 1.395291767138056
645.0 0.8311559281418139
645.5 0.9217973654722129
646.0 1.1489562944124625
646.5 1.1344010127653634
647.0 0.6914084957143204
647.5 1.0028275866425087
648.0 0.5484709725653742
648.5 1.1505508908214968
649.0 1.4657519148191451
649.5 0.8715380143428784
650.0 1.0450574315529686
650.5 0.8529942101429139
651.0 1.0209163570511182
651.5 1.688332411235034
652.0 0.7917763626504111
652.5 1.5515122318567407
653.0 0.852730885769478
653.5 0.7209335393265403
654.0 0.8241935382231365
654.5 1.698558291529959
655.0 0.7854445235494205
655.5 1.1860935354608597
656.0 0.9936405790543421
656.5 1.6783751560296787
657.0 0.475052534109056
657.5 0.923243342146526
658.0 0.9495738442899719
658.5 0.5725890845681729
659.0 0.6133635142199496
659.5 0.69155536667255
660.0 0.8468181740463832
660.5 1.7932242029349008
661.0 1.9409225132182097
661.5 1.0138194052879679
662.0 1.0197492136952078
662.5 0.8361873839878535
663.0 1.3310591326691066
663.5 1.4441051665287534
664.0 2.6255752187444132
664.5 0.9258227591398674
665.0 1.103839979466505
665.5 0.8852594498244841
666.0 1.1335896380693637
666.5 1.658559068222127
667.0 1.816617010691441
667.5 1.156007225877604
668.0 0.9468634423002622
668.5 1.6708835646963203
669.0 0.9060960502056669
669.5 1.4442249108972067
670.0 1.2198568249358226
670.5 0.9408175650828852
671.0 1.1516921380239014
671.5 1.1458557934852518
672.0 0.5222492334317702
672.5 0.8855702968588219
673.0 1.1255911979354258
673.5 0.4995135027448644
674.0 2.5092951411063145
674.5 1.9416214088574555
675.0 1.6658923235740617
675.5 1.1089439515218824
676.0 1.0884580153201342
676.5 1.063353216115117
677.0 0.8352148650036937
677.5 1.040945248887988
678.0 0.9677242576499102
678.5 0.9063573056175478
679.0 1.2388717842911552
679.5 1.4668106996363566
680.0 1.4006196515576446
680.5 0.4329299269287749
681.0 0.7000956539228905
681.5 1.5423937955999185
682.0 1.3324789662840097
682.5 0.8919625513759069
683.0 0.8019011339115277
683.5 0.5393966607593501
684.0 0.2945450670226717
684.5 1.27989573982286
685.0 0.9919715511854013
685.5 1.780026195981889
686.0 2.0280192499926044
686.5 0.8892194197589567
687.0 1.5697975009211058
687.5 1.8717530947216017
688.0 0.6925875799667061
688.5 1.117028644380174
689.0 0.8741017038640793
689.5 0.9703525390516785
690.0 0.8393125374877357
690.5 2.5241430093925805
691.0 1.066288289382028
691.5 1.9192248545198576
692.0 0.6249055944603772
692.5 0.6201808804126661
693.0 0.9263760773633738
693.5 1.0454158392273847
694.0 1.1038569952116979
694.5 1.1253668035158269
695.0 0.6802851039038186
695.5 0.5874088642251389
696.0 0.9595391751763207
696.5 1.4533223862422622
697.0 1.1889502697720538
697.5 1.3849513620510394
698.0 2.0327096639658007
698.5 0.6261974352857272
699.0 1.2659693323842953
699.5 1.323496114284425
700.0 1.478184141095487
700.5 1.0520352902683585
701.0 0.9722845373755806
701.5 1.3580390530349806
702.0 0.69454528973349
702.5 1.5751340303221086
703.0 0.9208365820598284
703.5 0.7142875882637798
704.0 1.05444519793866
704.5 1.4795370079960588
705.0 1.2597733298902658
705.5 1.2473551808432433
706.0 1.7316908133074178
706.5 1.022965720007433
707.0 0.2
707.5 0.775556638128925
708.0 0.8102161657701084
708.5 1.2271315050940905
709.0 1.780264262753155
709.5 1.7555910669875374
710.0 0.9706731832844877
710.5 0.822401977869865
711.0 0.6956115051982613
711.5 0.8863294018299237
712.0 1.4191780477804663
712.5 1.5362334010979755
713.0 2.057631675708079
713.5 0.900810038390492
714.0 1.5728339980623
714.5 1.5449406665144396
715.0 0.8277664276907137
715.5 1.2252769067920397
716.0 1.535406530386044
716.5 0.7148343665233056
717.0 0.7033482008687489
717.5 1.438845329681536
718.0 1.3089113096456053
718.5 1.0119528136351987
719.0 1.5447424806753627
719.5 0.49891225609508993
720.0 1.382800045644085
720.5 1.9902978388140178
721.0 2.07329190616202
721.5 0.8126637099426972
722.0 0.9757407925177355
722.5 0.9739939015470331
723.0 1.1542383478144467
723.5 1.41908135226376
724.0 0.7620073835391148
724.5 1.4408592662871307
725.0 0.5393996957275049
725.5 1.4769669439559674
726.0 0.805452496417453
726.5 0.8610991003174518
727.0 0.8844616728445185
727.5 1.052841547764546
728.0 1.3063525150717252
728.5 1.1976897395367199
729.0 1.048526565772328
729.5 1.0134212038184636
730.0 1.726582642033413
730.5 0.5715252963702375
731.0 1.444894863017733
731.5 0.8459366871134901
732.0 1.756500356694797
732.5 1.4141072231348608
733.0 1.1788599348629045
733.5 1.1108198172060688
734.0 0.6051989149724251
734.5 0.8102103493126489
735.0 1.637547570122848
735.5 0.8314103201449528
736.0 0.8404785207797935
736.5 1.3152929377752944
737.0 0.9734646237589584
737.5 0.4340706681145645
738.0 1.1011869046277596
738.5 0.9932786799406592
739.0 1.5057124820517984
739.5 0.8122846996568047
740.0 0.8171145348601386
740.5 1.0945041029363014
741.0 1.8939743613181248
741.5 0.3413956152569899
742.0 0.6793240264234209
742.5 1.020054451635596
743.0 1.6229297009157313
743.5 1.009353728855771
744.0 0.7754716875380132
744.5 1.1726891795557746
745.0 1.014225992376346
745.5 0.8618314848341455
746.0 2.2390532735909683
746.5 1.167075125374481
747.0 0.7021174462328252
747.5 0.38809356181459576
748.0 1.9271912322217928
748.5 1.0358307209944353
749.0 1.775634110670035
749.5 0.815986473892632
750.0 1.4362538693322704
750.5 1.1790562257410433
751.0 2.0928312795629265
751.5 0.9278558238025407
752.0 1.4069512222021794
752.5 1.1511025267017958
753.0 0.9874208463113767
753.5 1.4831186666382217
754.0 1.6420199174844021
754.5 0.8637139121014819
755.0 0.9865405868931287
755.5 1.4952003777994844
756.0 0.6263024052762446
756.5 0.8261500017986136
757.0 1.22712727991417
757.5 1.6486209625193928
758.0 1.6105900429206492
758.5 1.550090091706707
759.0 1.8403768464493935
759.5 0.5826697712272456
760.0 1.639001343006468
760.5 1.8315440980182065
761.0 0.6998265348122821
761.5 1.14158056716815
762.0 2.3399406386944097
762.5 0.976047388763019
763.0 1.9643236152836154
763.5 1.2543762878369886
764.0 0.9535716128504879
764.5 1.408903683648082
765.0 0.8081253390530883
765.5 0.7196039452685814
766.0 0.6551912832407647
766.5 0.9210507261412401
767.0 1.6663012576581946
767.5 0.8434882109913695
768.0 0.6241987615537663
768.5 1.0913373414589917
769.0 0.4715530333971617
769.5 0.9832531860596975
770.0 0.7992754087082093
770.5 1.1037352216532936
771.0 2.335030799728738
771.5 1.4435630429290724
772.0 0.2
772.5 0.9172560239774485
773.0 0.5815498336891667
773.5 1.8399579056558002
774.0 1.8372967699531815
774.5 0.568775157410805
775.0 0.6531457919226786
775.5 1.107774314809115
776.0 0.7331852099945031
776.5 1.3540472770008312
777.0 0.5390554296821031
777.5 1.0822107752881154
778.0 0.9867236585678659
778.5 2.3198544396948826
779.0 0.637984746381763
779.5 2.2740325652557942
780.0 1.5278468253370965
780.5 0.4676797667368095
781.0 1.560192120283142
781.5 1.22926314782854
782.0 0.7092600970185577
782.5 0.5793264909179505
783.0 1.1851543115369343
783.5 1.0539019213700496
784.0 0.9937872206616406
784.5 1.6130950092720044
785.0 0.6118289602208231
785.5 0.9319332892968808
786.0 1.752312303896689
786.5 0.6655926511354286
787.0 0.9397658295419913
787.5 0.7264653094961759
788.0 0.9323423291075021
788.5 1.5825227558627235
789.0 0.7130243301412118
789.5 1.1112304027779953
790.0 2.160040859779871
790.5 1.0566489073584073
791.0 1.7654236691778022
791.5 0.781970508815266
792.0 1.3424272544166285
792.5 1.1081846264184907
793.0 1.1207369514665095
793.5 0.3552836378335136
794.0 1.2668084695264392
794.5 0.6093187236589375
795.0 2.272041530766489
795.5 0.9873559501333797
796.0 0.7076697902584708
796.5 0.5446382890295622
797.0 0.611193707615671
797.5 1.2602377412532522
798.0 0.8869980462889717
798.5 0.5073172318119569
799.0 0.9352189905557383
799.5 1.274913700803506
800.0 0.4770404318812604
800.5 0.7907384565532471
801.0 0.8222690393548744
801.5 0.4021689461359321
802.0 1.0293752383740589
802.5 2.2898484576318316
803.0 0.5497568122212871
803.5 0.6353398855448564
804.0 1.7041712750454638
804.5 0.6867689646929123
805.0 1.2787319892848046
805.5 1.0704713439364835
806.0 0.7145066793792731
806.5 0.8271655341007573
807.0 1.7355077765678044
807.5 1.5274972946084766
808.0 0.5987937875058463
808.5 0.9311914346624356
809.0 0.6154524457950831
809.5 2.3537350949214746
810.0 1.1900666760641707
810.5 1.1682216265375502
811.0 1.5486465573827912
811.5 0.7870003095935321
812.0 1.273158264488755
812.5 1.2693995998321324
813.0 1.770925006857527
813.5 1.5694598573913847
814.0 1.0659141509760495
814.5 1.3604738297366425
815.0 0.7859099590289828
815.5 0.8754331692812449
816.0 1.0055931405314364
816.5 0.890997128820088
817.0 0.7232087691965712
817.5 1.0237908920916756
818.0 0.842202621759482
818.5 0.7947514477433322
819.0 0.9879894311394993
819.5 0.8314274644519846
820.0 1.031775432932821
820.5 0.6811424415077297
821.0 2.134637615220397
821.5 0.6545762344308643
822.0 0.2
822.5 0.817823858927023
823.0 0.7613928850130449
823.5 1.483493244420915
824.0 1.0670702025860739
824.5 1.0408710764309566
825.0 0.40257152424734866
825.5 0.6413416897106581
826.0 1.359261670095456
826.5 1.5818606843571525
827.0 0.9850250431311331
827.5 0.6372329111735506
828.0 2.223758829460216
828.5 1.5901482327051686
829.0 0.9273666696230181
829.5 0.5860102313599028
830.0 0.21387942495494083
830.5 1.605422008986599
831.0 0.6533244581448265
831.5 1.9276813875915633
832.0 1.2958796960591448
832.5 0.8616789832930961
833.0 1.1729872392356406
833.5 1.1485075341673743
834.0 0.9961605371853655
834.5 1.283769548858618
835.0 1.7780774494587361
835.5 2.3631699759649134
836.0 0.8113660558972429
836.5 1.1514457287098656
837.0 1.0453171461619843
837.5 0.8497796816714274
838.0 1.881843560877921
838.5 2.129738354499884
839.0 0.7230338902225263
839.5 0.9743875788877947
840.0 0.9581598443801758
840.5 2.2109828838230987
841.0 0.9657479974897215
841.5 0.6848430663413729
842.0 0.9153108433585692
842.5 0.618208628656409
843.0 0.9041649888580952
843.5 1.8086024846902697
844.0 1.4203217429530821
844.5 1.5345004057589064
845.0 1.6209501338531052
845.5 0.6223095532810443
846.0 0.6768413274927285
846.5 0.9499832880971639
847.0 0.7854588244830546
847.5 0.8304217394702847
848.0 2.044653957194907
848.5 0.8092931459184964
849.0 0.7321306761571635
849.5 0.9767301970801108
850.0 0.4055585952668561
850.5 1.2601113678023177
851.0 1.8040557482553146
851.5 1.6226838622667843
852.0 1.1252469444613717
852.5 0.6114214908260419
853.0 1.0469732018104936
853.5 0.9109350428464005
854.0 0.9015567101592408
854.5 1.264449152571515
855.0 0.5902577735438734
855.5 1.3880888123567068
856.0 0.7020107975443525
856.5 0.5752535990683671
857.0 0.7268894891963136
857.5 0.9366736678888474
858.0 1.4554411299738406
858.5 1.4996683909705206
859.0 1.9874644445730933
859.5 0.8590227636727898
860.0 0.8119985723526097
860.5 0.7996525341362477
861.0 0.962379267237132
861.5 0.9290294277096598
862.0 1.471002383922826
862.5 0.5410201362382194
863.0 1.3506614452751178
863.5 1.3094131411225738
864.0 0.521258777529698
864.5 1.107756290532609
865.0 0.4573198394817728
865.5 0.6201355690950042
866.0 1.4698772610702067
866.5 1.373110914014288
867.0 0.8708467565966604
867.5 1.1127323853342996
868.0 1.5314823676833855
868.5 1.3543828841600396
869.0 2.3577063234540514
869.5 0.9872030117972519
870.0 1.5488634818586857
870.5 0.5444391823398105
871.0 1.2747155484944612
871.5 1.2457277844943464
872.0 1.291223314935642
872.5 1.5960243407220989
873.0 0.9089738892538792
873.5 1.8940283877155748
874.0 0.8311145489029568
874.5 0.8579132664920928
875.0 0.9254479312075465
875.5 0.7403422477083497
876.0 0.7407158795546324
876.5 1.1681097637165563
877.0 0.5421559585106879
877.5 0.8343331303022166
878.0 0.802296486444543
878.5 0.5300669345254055
879.0 1.4881067405666837
879.5 0.6407718444789261
880.0 1.0422870008092266
880.5 0.8250519620899059
881.0 0.9651983680116725
881.5 0.848726994718449
882.0 0.700069611375342
882.5 1.179105834052523
883.0 0.8994051409456141
883.5 1.3829903718999645
884.0 1.943174456861188
884.5 1.0281462071003242
885.0 0.6012023709128722
885.5 1.4598114059212988
886.0 1.3501178230429467
886.5 1.076992801657687
887.0 2.191032105576684
887.5 0.8878492123342514
888.0 1.02145713165058
888.5 1.2254388312036628
889.0 1.4886315772050018
889.5 0.7537257727689622
890.0 1.2178026015183505
890.5 0.9086444886146552
891.0 0.9089826228877214
891.5 1.7773118442428384
892.0 0.9052288909916095
892.5 1.5792527191365844
893.0 0.9469614848590471
893.5 0.6728482381831704
894.0 1.0393340163312326
894.5 0.6635207414059292
895.0 2.2720136286170813
895.5 0.7106858592714214
896.0 0.7403383106518746
896.5 0.6327062579361409
897.0 2.070076035636893
897.5 0.9643786096575031
898.0 0.8122543908686066
898.5 1.635321929033208
899.0 0.5027397591960879
899.5 1.1339795605498715
900.0 0.5891393162789542
900.5 1.4475621877976566
901.0 1.0038938466652134
901.5 1.6508515341790904
902.0 0.7621921439570412
902.5 0.9488242947019496
903.0 0.8872759027144985
903.5 1.554114354303187
904.0 0.47248484468902463
904.5 1.5390133570344906
905.0 0.7644849010647876
905.5 1.429584938618616
906.0 1.6521430203758976
906.5 0.9780756069278906
907.0 0.5490188755087977
907.5 1.4208760314398634
908.0 1.459412928172747
908.5 1.450712826081375
909.0 1.6410918515733315
909.5 0.6795480801811232
910.0 0.7520105658932728
910.5 0.586630989770434
911.0 0.37982683870840406
911.5 1.4418172182162885
912.0 0.41726222482978587
912.5 0.6959489784161446
913.0 0.5490090817640727
913.5 0.7094018401869941
914.0 0.8307544050438869
914.5 0.6156494850161476
915.0 0.921780453052478
915.5 0.9337439000817984
916.0 0.9050445244213996
916.5 0.8819210088866809
917.0 0.9499893590514596
917.5 1.295756202112725
918.0 1.1828361739916369
918.5 1.0787807192454428
919.0 1.315400833983028
919.5 1.210744197410694
920.0 0.716626771022882
920.5 0.6955359950071097
921.0 1.1430573651181246
921.5 0.953437161966173
922.0 1.101010711439784
922.5 0.7022871480012146
923.0 1.28346355030596
923.5 0.6200420254713832
924.0 1.4358977255170173
924.5 2.4767596941507213
925.0 1.0320798018236392
925.5 1.2370264971107006
926.0 0.9358780015627883
926.5 0.8931644054018557
927.0 0.5304320730312619
927.5 1.2407835542560623
928.0 1.184537566576578
928.5 0.4414094874274819
929.0 0.5648467187942949
929.5 0.7291931363288264
930.0 1.0253757483736052
930.5 0.6823673324861148
931.0 0.8094223481225487
931.5 0.688878936770585
932.0 1.6278944251357341
932.5 1.1037744912752177
933.0 1.6754592217604694
933.5 1.989679043343343
934.0 1.5272998833013318
934.5 0.9775322786400642
935.0 1.3443270850295947
935.5 0.8618940052334496
936.0 0.37715013964425337
936.5 1.323184353915186
937.0 1.008940103545308
937.5 0.4195017497726293
938.0 1.0795473772502713
938.5 2.0210596908496625
939.0 1.4840670022758577
939.5 1.0721490325110814
940.0 1.1317395651650366
940.5 1.170838639545492
941.0 0.995709954334415
941.5 1.6107398400286903
942.0 1.1237998996551037
942.5 0.9287103645789458
943.0 1.2746511495853037
943.5 1.7136418019112245
944.0 1.3590658037117267
944.5 0.40053690058905467
945.0 1.0290772584948746
945.5 0.957025460954032
946.0 1.1245690107037567
946.5 0.48642477432385334
947.0 0.5509080613311428
947.5 0.5907312563008636
948.0 1.068583137524492
948.5 0.6367988999298801
949.0 1.2866529349931286
949.5 1.2241731149648103
950.0 1.3764668503312265
950.5 1.3140754157916377
951.0 1.5996057279279372
951.5 0.7704497042816341
952.0 1.6733906650626382
952.5 0.7132592498690351
953.0 0.6259778103337501
953.5 1.3619733876895697
954.0 0.6784930011600581
954.5 0.6354933069586584
955.0 1.082916752269565
955.5 0.7574654261185819
956.0 2.0259281176075383
956.5 1.2261376236266004
957.0 0.6281003032625122
957.5 1.035415247394706
958.0 0.7836217410286095
958.5 0.8058712591030501
959.0 0.6482754945806385
959.5 1.1121744556597555
960.0 1.145207984921234
960.5 1.9073139040792024
961.0 0.7888311383317352
961.5 0.8630997233630588
962.0 1.9364423014172496
962.5 1.2332124122272075
963.0 1.2459677926041464
963.5 1.3792088494653783
964.0 1.083430166083491
964.5 0.8298225772297596
965.0 1.0916505185666556
965.5 0.612585092669894
966.0 1.0853910484160898
966.5 1.0497533351771535
967.0 0.8062180479018068
967.5 0.7239608684311074
968.0 1.4562504622850216
968.5 0.3770429837504326
969.0 1.0922269821776867
969.5 1.4650799038463083
970.0 1.1874974783746177
970.5 0.8076356108865577
971.0 0.7840824817937024
971.5 1.2333145861677959
972.0 0.6975133286312816
972.5 0.7396085372885475
973.0 0.34446790381944364
973.5 1.6874921075913598
974.0 1.1443466956858663
974.5 1.5548405596711614
975.0 0.7737984763266648
975.5 1.039377501584748
976.0 1.0897383529837559
976.5 1.4516521869257828
977.0 1.8314877583338132
977.5 1.8492553724030283
978.0 0.8333275512262418
978.5 0.749132576757453
979.0 1.3710802604818704
979.5 1.0401932083842822
980.0 0.9293994375565651
980.5 0.4857448855474596
981.0 1.284745657881622
981.5 0.31532858511264733
982.0 1.3295011659467484
982.5 1.746050543301301
983.0 0.8228742691761952
983.5 1.732533951592135
984.0 0.2
984.5 0.9224118575488143
985.0 2.100366247211531
985.5 0.8665559558237765
986.0 1.6923261633559865
986.5 1.0264088116889327
987.0 1.1026180656376396
987.5 1.4931706482725593
988.0 0.7248761802729399
988.5 1.2036792925637734
989.0 0.9962824065456439
989.5 0.7818361626503922
990.0 0.9400012804325886
990.5 0.8856128627428022
991.0 0.8937510956712929
991.5 0.6395854861994948
992.0 0.9877213031100289
992.5 0.2
993.0 0.5210423199337793
993.5 1.075096325008762
994.0 1.1566604876028455
994.5 1.5025916958441814
995.0 1.5624820447030432
995.5 1.098822138839331
996.0 1.027347113450783
996.5 0.7008618590635562
997.0 1.0482239051912585
997.5 1.0487810709656187
998.0 0.6899395399675542
998.5 1.6970688737195612
999.0 0.3625575478583663
999.5 0.8373234830107114
1000.0 1.5276731841474662
1000.5 0.6644210026673527
1001.0 2.03935716559764
1001.5 1.4620986018287545
1002.0 0.7545859597602154
1002.5 0.8114189723560901
1003.0 1.2936377118125417
1003.5 0.8836801308968734
1004.0 0.7050109154884823
1004.5 0.7844744295498487
1005.0 1.0530457596574847
1005.5 2.405506729667419
1006.0 0.7764099561034612
1006.5 0.8834062007894639
1007.0 1.0744078962169163
1007.5 1.5373376856200578
1008.0 0.8195015431656326
1008.5 0.9276918339781536
1009.0 0.6950310037909838
1009.5 1.0223497447176935
1010.0 0.9228723805892589
1010.5 1.9319930714378175
1011.0 0.5218739629623527
1011.5 0.5415248292150645
1012.0 1.6744767079045073
1012.5 1.0115951648677917
1013.0 1.688321937155008
1013.5 1.1400707318710794
1014.0 0.6599555351460995
1014.5 1.1924894954650405
1015.0 1.6992199556441983
1015.5 0.6480111882846507
1016.0 1.8822376286659104
1016.5 0.7665151850765862
1017.0 1.8325871950654644
1017.5 0.2
1018.0 0.9939112781853727
1018.5 0.2
1019.0 1.3543615324330887
1019.5 1.5071067763317578
1020.0 1.5687143712543672
1020.5 2.53068047160442
1021.0 0.7645280384392057
1021.5 1.3145648229290505
1022.0 2.447121521158588
1022.5 1.888193470681359
1023.0 0.9554003217719997
1023.5 1.342294088704027
1024.0 0.7784389905406812
1024.5 0.4944079318217274
1025.0 1.2811401384884702
1025.5 1.2020844908112218
1026.0 1.833760483046245
1026.5 0.4308034058175605
1027.0 0.7331331115412998
1027.5 0.4190387526567476
1028.0 1.6042488887641349
1028.5 0.6209381350202786
1029.0 1.5289434333446121
1029.5 1.138345469725989
1030.0 0.8114445166844839
1030.5 0.7838543256028438
1031.0 0.3553233789388699
1031.5 1.185240819572258
1032.0 1.7596365733336312
1032.5 1.501996056572187
1033.0 0.8328655459928853
1033.5 0.9499535954523419
1034.0 1.3829026489982161
1034.5 0.9524508337919202
1035.0 0.9839133774493438
1035.5 1.2394572976900415
1036.0 0.921795791726392
1036.5 1.8452696403139048
1037.0 0.7746371475042366
1037.5 0.8824035668452246
1038.0 1.953717655150811
1038.5 1.6427267289118723
1039.0 0.7112348945999019
1039.5 1.5635221540759572
1040.0 1.5157785786737015
1040.5 0.8013730276999784
1041.0 0.6328344206189859
1041.5 0.6315292908592829
1042.0 0.8684388575692501
1042.5 1.5896848459817035
1043.0 0.9268497256666237
1043.5 1.616333308869702
1044.0 0.25134332361672995
1044.5 1.4532486794797093
1045.0 1.4340536586088253
1045.5 0.6485314208692421
1046.0 0.87823392070447
1046.5 0.7500068691535708
1047.0 0.968442902115451
1047.5 0.8865944445454719
1048.0 1.733079037809523
1048.5 1.5414376753037708
1049.0 0.841603184545997
1049.5 0.9357846957378673
1050.0 1.9531045688930517
1050.5 0.8822992884117229
1051.0 1.841285396016482
1051.5 1.155812576270709
1052.0 1.4554034317707765
1052.5 1.365285226894795
1053.0 1.2966565569950472
1053.5 1.198810898380508
1054.0 0.8025125058530678
1054.5 0.8215996163134017
1055.0 1.3707950268340277
1055.5 1.035033048695016
1056.0 1.32472238551117
1056.5 1.059843774818361
1057.0 1.6630309812841269
1057.5 0.8045422265740403
1058.0 1.0789206490861558
1058.5 0.858151660076116
1059.0 0.7613104531014612
1059.5 1.46617578596413
1060.0 1.0865590831739453
1060.5 1.4858831927862317
1061.0 1.1971560517820405
1061.5 1.0272607678494146
1062.0 0.8196844687008471
1062.5 0.6605603370452617
1063.0 0.6756016391489446
1063.5 1.1174073376572993
1064.0 0.8129154518912569
1064.5 0.935817899252735
1065.0 2.0034756228439026
1065.5 1.4821797629874185
1066.0 1.2570887478226214
1066.5 0.7032072248208225
1067.0 0.4840464617997175
1067.5 1.1091240465605985
1068.0 0.7711437727058341
1068.5 0.8385674473913154
1069.0 0.8606888593672051
1069.5 0.5973279686002777
1070.0 0.6824402180126112
1070.5 0.8231761282769035
1071.0 0.5772124603363888
1071.5 1.356487637309355
1072.0 1.1962017918165029
1072.5 0.8559111229905878
1073.0 0.7439039063920485
1073.5 1.6563495834336175
1074.0 1.9228580314068522
1074.5 1.1734500408443496
1075.0 0.7911219322375272
1075.5 1.3712691101166499
1076.0 0.6102054022475807
1076.5 1.650172013545279
1077.0 1.230959459585376
1077.5 0.8548601485841676
1078.0 1.4162421265875487
1078.5 1.9962351119952246
1079.0 1.1084467192651526
1079.5 1.241266095276202
1080.0 0.8741525349410295
1080.5 1.6261648139505303
1081.0 0.49374713573406903
1081.5 0.8709947434785841
1082.0 1.7487237463032093
1082.5 1.3762076517981636
1083.0 0.8191028618703826
1083.5 0.8111741862289044
1084.0 0.8281657758580854
1084.5 0.6512909499767543
1085.0 0.7914684678136223
1085.5 1.5486333460253603
1086.0 0.9470307666995719
1086.5 0.709689629907644
1087.0 0.7957049198483857
1087.5 1.00345769758649
1088.0 1.2016599593205748
1088.5 1.8890571827437017
1089.0 1.580844954298661
1089.5 1.3222446375144261
1090.0 0.22711813759598454
1090.5 0.8832487631250462
1091.0 0.6319454154974731
1091.5 0.9990973037196169
1092.0 1.0489710595767447
1092.5 1.2064640953765755
1093.0 0.634121677996101
1093.5 0.7167247794141223
1094.0 1.163842473649972
1094.5 1.683497745653862
1095.0 0.4511922083335834
1095.5 0.5567552401038061
1096.0 1.3504225182579335
1096.5 0.7139970425871065
1097.0 1.798193423365527
1097.5 0.8247324069329657
1098.0 0.9605422192319405
1098.5 1.2622672950537508
1099.0 0.8751107096959682
1099.5 1.0776602010680119
1100.0 1.4294061521525347
1100.5 0.7780145624691448
1101.0 1.554608751352871
1101.5 0.9678165140156998
1102.0 1.4930073543819453
1102.5 1.2490194764118
1103.0 2.329724413309014
1103.5 0.5972971092921225
1104.0 0.7635017144347416
1104.5 1.0803422934949374
1105.0 0.7510204437099741
1105.5 1.677927016319202
1106.0 1.0424998645438173
1106.5 1.2248131841805159
1107.0 0.8437537894339078
1107.5 1.6053260763604462
1108.0 0.8568979175079214
1108.5 0.7180780788018777
1109.0 0.7316580719902153
1109.5 0.8369270784449059
1110.0 1.3476919465593513
1110.5 0.8204184582663927
1111.0 1.396717064347108
1111.5 1.333031385380388
1112.0 0.7814338177007998
1112.5 0.9254269325260052
1113.0 1.0238157800044698
1113.5 1.530688724162478
1114.0 0.566545477014258
1114.5 1.1281115916051148
1115.0 0.7523782061610345
1115.5 0.7839642905012623
1116.0 0.7070491271358696
1116.5 1.3624948128283134
1117.0 1.0251830702899678
1117.5 1.358425179128862
1118.0 1.208390504789369
1118.5 0.8472327105090777
1119.0 1.006490674187436
1119.5 1.3662210035211722
1120.0 0.6478614178270944
1120.5 0.6879417076148828
1121.0 0.8692532011142857
1121.5 0.7642936255343886
1122.0 0.5513430614184298
1122.5 1.270135454005532
1123.0 1.1175417907244949
1123.5 0.9389745340446275
1124.0 1.4307173732623344
1124.5 1.1169433583344763
1125.0 0.8121919735602141
1125.5 0.8068221401314327
1126.0 1.5545253369565626
1126.5 0.6967899850355399
1127.0 1.3444179354977144
1127.5 1.7031707578675688
1128.0 0.24729088799445698
1128.5 1.3240641946594556
1129.0 0.7577100628763742
1129.5 1.2588252062029355
1130.0 0.7984972099311134
1130.5 0.876083606404209
1131.0 0.6363406788555338
1131.5 1.327484476546334
1132.0 0.8226375984140224
1132.5 1.432248323015512
1133.0 1.4541387194476627
1133.5 1.5258708878048122
1134.0 0.2811756564740754
1134.5 0.9281741212671
1135.0 0.6797996975694807
1135.5 0.6214501333555824
1136.0 0.7849462189774006
1136.5 1.9946201911207333
1137.0 0.8727362411343251
1137.5 0.6315378273613672
1138.0 1.327600041508928
1138.5 1.1556496876276852
1139.0 0.807168143723892
1139.5 1.5971886090290681
1140.0 1.1068505856768738
1140.5 1.0243100402542165
1141.0 0.2671123577777639
1141.5 1.7205847421655298
1142.0 0.6101192087745091
1142.5 0.6608776066507632
1143.0 1.1407245638409913
1143.5 1.0498508691139035
1144.0 1.066973454364573
1144.5 1.5298382747079657
1145.0 0.8449571352701202
1145.5 1.5561138431281312
1146.0 0.8642135039364689
1146.5 1.0602042745472309
1147.0 0.8281164579170806
1147.5 0.9905193384049562
1148.0 0.891752737817473
1148.5 0.4268161685782812
1149.0 1.2777326906921218
1149.5 1.4734667660431282
1150.0 1.101672641105456
1150.5 1.4851531953547767
1151.0 1.4143509349856136
1151.5 1.2998224663300268
1152.0 1.521945986576451
1152.5 0.8393302428311462
1153.0 1.1906554783203305
1153.5 1.1501045498369926
1154.0 1.4093918139955086
1154.5 2.0129862832027894
1155.0 1.561315888183154
1155.5 0.7343421259946694
1156.0 1.2360861464276072
1156.5 0.7071176557705956
1157.0 0.8828195963590844
1157.5 0.9800117148341885
1158.0 1.5366445870468497
1158.5 0.4515182120270342
1159.0 0.8051508296377177
1159.5 1.0386317881183973
1160.0 1.1331820244982322
1160.5 0.9780938943630456
1161.0 1.040472128283411
1161.5 1.267248414462014
1162.0 0.207934053011594
1162.5 1.6166176571214028
1163.0 1.1705148026289875
1163.5 2.0821568007335043
1164.0 1.8868463163873153
1164.5 0.9764074497220976
1165.0 1.7970373716323564
1165.5 0.9425577744534834
1166.0 0.8646115779006116
1166.5 1.5012385432982824
1167.0 1.099669663107138
1167.5 0.7351708988366639
1168.0 0.8708301048021143
1168.5 0.7751980691429421
1169.0 1.1321522013020768
1169.5 0.6892006611929896
1170.0 0.7915203056605147
1170.5 0.9423917829357744
1171.0 0.9932518987995551
1171.5 0.7745440079634385
1172.0 1.1637425190877781
1172.5 0.9670131163772414
1173.0 1.2880136186447109
1173.5 2.543822771627592
1174.0 1.5048464112700999
1174.5 1.6093523469300361
1175.0 0.8800201379855777
1175.5 2.050546288161331
1176.0 1.8118075619907996
1176.5 0.9892577332910888
1177.0 0.9166224107397707
1177.5 1.7091164236077052
1178.0 0.9549856402097437
1178.5 1.183251644864732
1179.0 1.023641932796876
1179.5 0.8006253038213289
1180.0 1.447553712871
1180.5 0.8733029100920042
1181.0 1.4305339818063998
1181.5 1.5291323103836982
1182.0 1.1414627348931379
1182.5 0.888915491301399
1183.0 1.4709565586192679
1183.5 0.4965464175395434
1184.0 0.24920907623755317
1184.5 1.2185325365208985
1185.0 1.0621111164645558
1185.5 1.033631078324087
1186.0 0.8226514934589524
1186.5 0.8089166674254893
1187.0 1.1015288289529237
1187.5 1.257371645501971
1188.0 0.5217686929354526
1188.5 0.2
1189.0 0.5338858978935822
1189.5 1.0970167823877144
1190.0 0.2
1190.5 1.0403442463028352
1191.0 1.1725816858688698
1191.5 0.9096449911478459
1192.0 1.193883322883
1192.5 0.8291911951633666
1193.0 1.2418690876621885
1193.5 0.8729011177169923
1194.0 1.8314902971799012
1194.5 0.8193773339291714
1195.0 1.8059194482097642
1195.5 1.2392392175653217
1196.0 0.9693015529554312
1196.5 0.8976794190783175
1197.0 0.8220426465448929
1197.5 0.8760679404077119
1198.0 1.2338694421270229
1198.5 0.21530039713533738
1199.0 0.763765230628178
1199.5 0.911304400785227
1200.0 1.8018795066073934
1200.5 1.3109555429843014
1201.0 1.4421128716744174
1201.5 2.1405153838016915
1202.0 1.4869758754768196
1202.5 1.128968481608263
1203.0 1.4346977485101404
1203.5 0.6337989730350095
1204.0 1.0762947799782745
1204.5 1.2087846283947745
1205.0 0.6144001306605527
1205.5 1.4168879879557672
1206.0 0.7098856814515437
1206.5 0.6667611755439149
1207.0 1.0949574899804841
1207.5 1.5478152783816752
1208.0 1.234574801982772
1208.5 0.9025223265461657
1209.0 1.3917917558625437
1209.5 1.3237012866644748
1210.0 1.8980482169582067
1210.5 0.7647266524131835
1211.0 1.760825652013935
1211.5 1.169849741233438
1212.0 0.8567153986571607
1212.5 1.4746791002650443
1213.0 1.2587606581209518
1213.5 0.9203846444121533
1214.0 2.2405491305681196
1214.5 1.0216426478417577
1215.0 1.6505984098623687
1215.5 0.9437533452812363
1216.0 2.292804677271582
1216.5 0.9978516299537753
1217.0 1.4098646615852126
1217.5 1.929212696914382
1218.0 0.902179521090184
1218.5 0.8493733053722539
1219.0 1.428975111599688
1219.5 1.0304320884589333
1220.0 1.322188784865315
1220.5 0.9835116601011222
1221.0 1.7850436043858087
1221.5 1.4463454537918283
1222.0 1.0264608228009122
1222.5 1.0199816559258126
1223.0 1.1783562758604518
1223.5 0.9013688318902058
1224.0 0.9288194564642969
1224.5 0.5152196813336221
1225.0 0.8032870390494975
1225.5 1.4100741826981331
1226.0 1.1173006657393187
1226.5 0.5989525434495083
1227.0 0.885857131688359
1227.5 1.12260489658735
1228.0 0.7486290273474241
1228.5 0.7098210082725447
1229.0 1.3422544993519994
1229.5 1.1330739447345648
1230.0 1.073889192518043
1230.5 0.6655609552391948
1231.0 1.1641267212292274
1231.5 0.8714125265763518
1232.0 0.7388766352784025
1232.5 1.3647780080774525
1233.0 1.3209475057757136
1233.5 1.3767068908439897
1234.0 0.6823508646025899
1234.5 0.5285898997929716
1235.0 0.7771592105682423
1235.5 1.1224091568742764
1236.0 2.945627873291727
1236.5 1.1511867951908588
1237.0 1.4157290416461352
1237.5 1.230343751728819
1238.0 0.6612375209438319
1238.5 0.9687274162747792
1239.0 1.0822432641972357
1239.5 0.9230517765642487
1240.0 0.9765473235068876
1240.5 1.1705111069153733
1241.0 0.7193679951463315
1241.5 1.4468564561820525
1242.0 1.0939436694973614
1242.5 1.7319949061414253
1243.0 1.2335282974917023
1243.5 1.2208429316507217
1244.0 1.3053729099173639
1244.5 0.9290300489350394
1245.0 0.35605339286428156
1245.5 1.6285170251859187
1246.0 0.8799975769958532
1246.5 1.1070450196705335
1247.0 1.3624742808409822
1247.5 1.294492783549165
1248.0 0.5110658444396827
1248.5 0.25194318689737116
1249.0 0.9449678316481793
1249.5 0.8798106344726823
1250.0 0.6619953815480595
1250.5 1.129574450855082
1251.0 0.8408958622559457
1251.5 0.7667094198940307
1252.0 0.8394146727413465
1252.5 0.474555592341237
1253.0 0.5677086444353677
1253.5 1.390665658535605
1254.0 0.9109227688219641
1254.5 1.363242734703537
1255.0 0.4898259798535512
1255.5 1.3678162836295562
1256.0 1.1771337304308271
1256.5 0.6820328366775907
1257.0 2.3442936978274838
1257.5 0.9092229981842108
1258.0 1.12989794008987
1258.5 1.713407480696232
1259.0 1.4706399948175868
1259.5 0.49806322391102276
1260.0 0.6641677829364964
1260.5 1.883015410413123
1261.0 0.6036886728357583
1261.5 1.6669593172888415
1262.0 0.975873912238866
1262.5 1.9061240191728195
1263.0 0.6967060329246778
1263.5 2.2801127211135057
1264.0 1.0860099486764017
1264.5 1.3883518379859137
1265.0 1.2758653245279468
1265.5 1.0337644010674105
1266.0 0.21585144909751297
1266.5 2.4452985053777456
1267.0 1.6527659622278223
1267.5 1.2382099850246804
1268.0 1.730804020242914
1268.5 1.121736142595932
1269.0 0.848981327406197
1269.5 1.596605368227193
1270.0 1.293157813950534
1270.5 0.46576422488072267
1271.0 0.9009041032401748
1271.5 0.7083044538311282
1272.0 0.8901393888992466
1272.5 0.8297646531010441
1273.0 1.0706462161007628
1273.5 0.8522585940843683
1274.0 0.8552788195867838
1274.5 1.1421968698765075
1275.0 0.8257756970571206
1275.5 1.2657732260888115
1276.0 1.033843957943154
1276.5 1.3624898122482643
1277.0 1.2652565366090145
1277.5 0.9205663596213414
1278.0 1.3084511257871818
1278.5 0.437310446687827
1279.0 1.2962788714807987
1279.5 1.2405092903422048
1280.0 0.4517148838850513
1280.5 1.3361220153047788
1281.0 1.3213022539196548
1281.5 1.051545301886507
1282.0 0.8098878715669622
1282.5 0.8688252769732348
1283.0 0.6954814200156041
1283.5 0.646217090932594
1284.0 0.5261824662541459
1284.5 0.6901157141234153
1285.0 1.006787823130217
1285.5 1.0475017463209868
1286.0 1.6971642682046508
1286.5 1.7561310785605153
1287.0 1.149355315309596
1287.5 1.4098070118534687
1288.0 1.140003790604136
1288.5 0.9141398646199483
1289.0 1.4806425546892383
1289.5 0.7401949316411371
1290.0 0.8910860823827504
1290.5 0.8145197807739162
1291.0 0.863126587695026
1291.5 0.9070570409177545
1292.0 0.8898954085220869
1292.5 1.7137355724313326
1293.0 0.8097249217092348
1293.5 0.9718552560560257
1294.0 0.387176906158378
1294.5 0.9254118959324829
1295.0 1.2877276780942992
1295.5 0.9640920400491757
1296.0 1.1808371404953453
1296.5 0.9080066076911992
1297.0 0.5801490604927695
1297.5 1.2042828420960048
1298.0 0.7853244876717884
1298.5 1.3443162723596875
1299.0 1.3469842902204858
1299.5 0.7324141085469924
1300.0 1.2915510629148963
1300.5 0.7496962591139664
1301.0 0.8198385637489881
1301.5 0.9310741368678385
1302.0 0.8720882057567771
1302.5 0.7115265393217458
1303.0 1.1661587808718372
1303.5 1.3696338355216997
1304.0 1.147104368298115
1304.5 0.8103143048954986
1305.0 1.1402987289070252
1305.5 0.9616736375182486
1306.0 1.8484586565243664
1306.5 1.2368269396440688
1307.0 2.367445994268623
1307.5 0.9835317629691505
1308.0 1.7527674977012289
1308.5 1.0589274562966735
1309.0 1.2507487894016784
1309.5 0.8511837846137582
1310.0 1.1624838431354907
1310.5 1.7703966004100122
1311.0 0.8940820826865754
1311.5 1.6010144118903402
1312.0 1.2599995399798045
1312.5 1.3629772672546046
1313.0 0.6581336792953463
1313.5 0.69605771948339
1314.0 2.1604710966602036
1314.5 0.8585885200971104
1315.0 0.7262337335542215
1315.5 1.069336382702055
1316.0 1.2556866769928825
1316.5 0.7210958966676728
1317.0 1.6202832613266511
1317.5 1.4692174385174583
1318.0 0.8243243812185347
1318.5 1.5626697507596368
1319.0 1.0261474157449104
1319.5 0.7104569848120106
1320.0 0.9694890051685392
1320.5 1.0326706001817283
1321.0 1.3470013406630916
1321.5 1.2591164072263443
1322.0 0.6631513970748207
1322.5 1.268076152946885
1323.0 0.7127962378475815
1323.5 1.3817703331352564
1324.0 1.8907176143545745
1324.5 0.7302732367645969
1325.0 1.5311145359101537
1325.5 1.0070365048229988
1326.0 1.491870287893105
1326.5 0.8979961143783762
1327.0 0.6691865932425354
1327.5 0.6833383635997122
1328.0 0.7672268426640523
1328.5 1.8220865440070901
1329.0 0.9819992802726385
1329.5 0.5422609951670168
1330.0 1.5136317834790942
1330.5 0.6679885033559062
1331.0 1.561842635573137
1331.5 1.805884714878481
1332.0 0.9506422707405207
1332.5 2.1061799527004736
1333.0 0.7182763744305474
1333.5 0.908220089214032
1334.0 0.6546443726258071
1334.5 1.8418926749447042
1335.0 0.7762725457685777
1335.5 1.0110779264756398
1336.0 1.1641051189167813
1336.5 0.48234398982490223
1337.0 0.7191112041718819
1337.5 0.925210472008325
1338.0 1.1449913025730103
1338.5 1.8701689007230042
1339.0 1.3611920042942136
1339.5 0.8761065233251091
1340.0 1.5616300731144965
1340.5 1.2355107293056962
1341.0 1.4892914132947443
1341.5 1.389410011833478
1342.0 1.1039112142724201
1342.5 1.3588382870003075
1343.0 1.5823897594322174
1343.5 1.0449642847728493
1344.0 1.2895908789504404
1344.5 0.8522913427504273
1345.0 0.6916028450182952
1345.5 1.321493381797455
1346.0 1.1246016194981776
1346.5 0.8861859426092559
1347.0 0.960855686488322
1347.5 0.754060644325475
1348.0 1.2744513848778611
1348.5 1.5912262072331846
1349.0 0.9312091976197856
1349.5 1.5107755423870648
1350.0 1.9260355662836004
1350.5 2.148806836018138
1351.0 1.3751435700715062
1351.5 1.2588175847585321
1352.0 0.9059546988455465
1352.5 1.1943531336415099
1353.0 0.8628506070652373
1353.5 1.257601207134394
1354.0 1.0593531895662507
1354.5 0.9132862974348792
1355.0 0.3513244071309142
1355.5 1.6913995572452856
1356.0 0.6416152922129272
1356.5 0.7901902850408229
1357.0 1.0717928849555658
1357.5 1.4232417509983994
1358.0 0.6543882080100565
1358.5 0.8013133514655064
1359.0 1.4061954756453323
1359.5 0.858665361948979
1360.0 1.3504598609261218
1360.5 0.9728815660372145
1361.0 1.0467196146514373
1361.5 0.9867468558879525
1362.0 1.2812975852932165
1362.5 1.4241076241053092
1363.0 1.1279534362302763
1363.5 0.7927556828166492
1364.0 0.7630631165150641
1364.5 0.8762887315185981
1365.0 1.0651783171391296
1365.5 0.5720478853904285
1366.0 1.119710436790421
1366.5 1.1626411706617208
1367.0 0.9936474387584204
1367.5 0.7387284839627521
1368.0 0.8837882673088162
1368.5 1.3081850085355002
1369.0 1.5204663874716295
1369.5 0.7245786216610515
1370.0 0.5854047785488046
1370.5 1.3856188718285618
1371.0 1.701738750651815
1371.5 1.0430058434227676
1372.0 1.0925364628250798
1372.5 0.6160268394996833
1373.0 1.2394181429192908
1373.5 0.5123596114114701
1374.0 1.2911266384355944
1374.5 0.8311800159580587
1375.0 0.8909148676028715
1375.5 0.7369459182354847
1376.0 1.045234047850816
1376.5 0.8447788859982428
1377.0 0.9291078884283241
1377.5 0.8128954329595067
1378.0 1.3294308477477683
1378.5 1.9001089748232398
1379.0 0.7098273962782209
1379.5 0.6271256587486371
1380.0 0.9142119979402457
1380.5 1.0760750162429413
1381.0 0.7886115795990825
1381.5 1.3062738815096313
1382.0 0.7655345604623032
1382.5 0.6715736938962555
1383.0 0.8016321357715118
1383.5 0.7870088070650666
1384.0 0.7002205996533237
1384.5 1.19355319757607
1385.0 0.625795669917815
1385.5 0.8615153939733561
1386.0 0.8521779550798664
1386.5 0.6233437346309991
1387.0 0.5122492625907492
1387.5 1.1466043270528712
1388.0 2.1516234757042283
1388.5 0.8642400686084735
1389.0 1.0518504825545174
1389.5 1.4337951673296128
1390.0 0.7315625208225143
1390.5 0.6870634278556449
1391.0 1.065888440064288
1391.5 0.9478773463252382
1392.0 1.6872166329517322
1392.5 0.2467879506167061
1393.0 1.0133269931083675
1393.5 1.216062125767913
1394.0 1.3946370097318765
1394.5 0.43260680086454506
1395.0 1.3448617971397125
1395.5 0.6065342549590022
1396.0 0.7923898514425867
1396.5 1.1618056325063795
1397.0 0.844373063841978
1397.5 1.7896821756949615
1398.0 0.485302331019016
1398.5 0.2
1399.0 1.6788150053709128
1399.5 0.9556140711483494
1400.0 0.6942322898005884
1400.5 0.9989978017927518
1401.0 2.1830547655930688
1401.5 1.809986271082603
1402.0 1.3961747999242669
1402.5 1.0404816350130945
1403.0 0.5818001068050686
1403.5 0.8456068152851846
1404.0 1.0656770161707176
1404.5 1.6428645508857178
1405.0 1.0804551237996
1405.5 1.1923669349963728
1406.0 1.3994892560179428
1406.5 0.5782979031305852
1407.0 0.6189177713385772
1407.5 0.4483909591529387
1408.0 1.694915508440371
1408.5 0.2
1409.0 1.5910456531637565
1409.5 0.8013915013630064
1410.0 0.32018432643352307
1410.5 1.6438008856235689
1411.0 2.0826522271250085
1411.5 0.871669889809038
1412.0 0.9235600624715407
1412.5 1.6713852576628994
1413.0 1.5759056786280956
1413.5 0.8111711528229169
1414.0 0.7075714522079237
1414.5 0.7141895632637754
1415.0 0.7860158799610604
1415.5 0.7978629037164804
1416.0 1.1258052539460957
1416.5 1.2922075434668885
1417.0 0.3672116355798803
1417.5 1.1136760102335266
1418.0 1.3855133217451703
1418.5 0.9028655559083023
1419.0 1.404324058083947
1419.5 1.4384627275662334
1420.0 1.0174762546585117
1420.5 1.1478523173688786
1421.0 1.3780345341062716
1421.5 1.7367625902886865
1422.0 2.148321725867228
1422.5 0.7207015918593207
1423.0 0.8063465474105302
1423.5 1.71730086463482
1424.0 1.6309627547678311
1424.5 1.0263649274523838
1425.0 0.7990380286669536
1425.5 0.36468274938673995
1426.0 1.0092899685802081
1426.5 1.6744625616908677
1427.0 1.0439677386983717
1427.5 0.39036551158245514
1428.0 1.0243433263741974
1428.5 0.8200523221697518
1429.0 0.2
1429.5 1.8530359606100582
1430.0 0.613192697498133
1430.5 0.6212533592714053
1431.0 1.2545351333593784
1431.5 0.8404660115892375
1432.0 0.8563041905632178
1432.5 0.8641963836961772
1433.0 1.0036973333832893
1433.5 0.8862016660005336
1434.0 1.0698727723708132
1434.5 3.148692975074252
1435.0 0.8871988246244917
1435.5 1.7006223460606842
1436.0 1.1786940042359306
1436.5 0.8422695781345174
1437.0 1.3557699066094524
1437.5 0.6317264755947487
1438.0 1.7143371500145705
1438.5 0.738540624401435
1439.0 0.9186307787330013
1439.5 1.2127125690365763
