0 1.2017585952392105
0.5 1.1353571490738437
1.0 0.8520233427084785
1.5 1.6256733217120571
2.0 0.7609706714958502
2.5 0.5683233139496878
3.0 0.7920761930187035
3.5 0.6909155734680769
4.0 0.843197056152601
4.5 0.6968916489660566
5.0 0.7936278427363628
5.5 1.0521759187324413
6.0 0.9290959917588157
6.5 1.420507703402047
7.0 0.9917880513555777
7.5 0.7090255053574703
8.0 0.966316738750385
8.5 2.018425012986356
9.0 0.867764280028575
9.5 0.8685471146809425
10.0 0.7816898305263804
10.5 1.4206133959654224
11.0 0.8862458335308989
11.5 1.1631956455153358
12.0 1.149811937344214
12.5 1.5934988251730817
13.0 0.9819915712463014
13.5 0.9627404785839929
14.0 0.8601850301711516
14.5 1.7061900722768435
15.0 1.4902020415764579
15.5 0.8523495137881821
16.0 1.2164494220749043
16.5 1.5920310908114566
17.0 0.2
17.5 0.6151815060882204
18.0 2.7400321183280534
18.5 1.4355613089960206
19.0 0.9603688792715843
19.5 1.4144681393154694
20.0 1.766932624502223
20.5 0.9774130705098437
21.0 0.7752201527042363
21.5 1.232998398171448
22.0 1.5866341243091877
22.5 0.8456644491654518
23.0 0.7091946133620421
23.5 1.899136547325269
24.0 0.8535317230147065
24.5 0.7916760540008759
25.0 1.3489472480320823
25.5 0.3727915562885789
26.0 0.7379313153745335
26.5 0.5109146690353826
27.0 0.4221330249165325
27.5 1.2960328940295602
28.0 0.9683218146314461
28.5 1.3744013957875088
29.0 1.1246933484871884
29.5 1.516460628338949
30.0 1.1485253641888582
30.5 0.93386712103607
31.0 0.5906788021668498
31.5 1.1205341556491457
32.0 1.0786422881632602
32.5 0.2
33.0 1.23283118349029
33.5 0.5799580476771661
34.0 0.8512536760880625
34.5 1.0507169818531805
35.0 1.1601742940023487
35.5 1.626438331852133
36.0 1.651428676588661
36.5 0.8863994249275005
37.0 1.6819884926563917
37.5 1.5443278859895664
38.0 1.3992805544238376
38.5 0.7593966108661266
39.0 0.923579258431112
39.5 0.9940185808108317
40.0 1.7970762880854239
40.5 1.5311026847031222
41.0 1.0597564112111026
41.5 1.373686098438466
42.0 1.5302745886941487
42.5 1.0426950097001424
43.0 1.2789016919138039
43.5 1.5460695252235443
44.0 0.7309935679243391
44.5 1.5289820748795577
45.0 1.2549529494329548
45.5 0.6029175106114089
46.0 1.4931158157789561
46.5 0.6337922269211489
47.0 1.2076648029131059
47.5 1.6341637220660947
48.0 1.1226585049821831
48.5 1.7860530699140702
49.0 0.7372086169824585
49.5 0.6290710806464079
50.0 1.287793036364486
50.5 1.0762792614521146
51.0 0.8761183644885767
51.5 1.1497960464444834
52.0 1.5243880814424489
52.5 0.9078369974084
53.0 0.2
53.5 1.9307391107072545
54.0 1.52001405483756
54.5 1.5013081554238001
55.0 1.237988905237213
55.5 1.6108402326684756
56.0 0.795670819464546
56.5 0.9087600881951324
57.0 0.8021995222860852
57.5 0.7692772009892195
58.0 0.8055021386836942
58.5 0.9260410952742444
59.0 1.3103898131959708
59.5 1.5339493455209912
60.0 1.7966405527795195
60.5 2.0646182938424356
61.0 1.757971843899238
61.5 0.6288073970751231
62.0 1.1742383651810817
62.5 0.686071708707949
63.0 0.983417868144315
63.5 0.8810039576447759
64.0 1.7141021152160094
64.5 0.7177258752010037
65.0 1.2229944431002457
65.5 1.3372093611769968
66.0 1.431193916619176
66.5 1.197998488263556
67.0 0.9854335988085023
67.5 1.144356809846109
68.0 1.1237375234387175
68.5 1.0984468082362753
69.0 0.7030083232970159
69.5 1.5943076619675058
70.0 0.9390799240854348
70.5 1.019181233167598
71.0 1.6023409576986611
71.5 1.733594339382777
72.0 0.755306522313026
72.5 1.441497625349498
73.0 0.692756891156872
73.5 2.280177332283384
74.0 1.9208378290743218
74.5 1.1247178259941428
75.0 0.9330571806019514
75.5 1.5607726611766757
76.0 1.0173665161999659
76.5 2.0225115636746835
77.0 1.5282475523846442
77.5 1.0351810481959889
78.0 1.8334967361484567
78.5 1.6476620865437774
79.0 0.8892268651149291
79.5 1.5154006608038793
80.0 1.4807114994505355
80.5 0.7571500595066758
81.0 1.072070865768109
81.5 1.3085970434228436
82.0 0.8576850307202986
82.5 0.5941051577714849
83.0 1.4093276678240436
83.5 0.9035019781653264
84.0 0.5775346730422488
84.5 0.9420337749455495
85.0 0.743097992725596
85.5 0.7937000392973448
86.0 1.2557775774945286
86.5 1.1898131282781923
87.0 2.125255980550522
87.5 0.4391828651896542
88.0 0.7977865202684515
88.5 0.6727982224088742
89.0 1.1483591412855794
89.5 0.9205996690342599
90.0 0.7930128232704634
90.5 1.3578655233050965
91.0 2.2919219809039806
91.5 1.2343354510074744
92.0 1.1158523464382217
92.5 1.0682966822555933
93.0 0.5783742697464073
93.5 0.5669176357097809
94.0 0.2
94.5 1.1416043471662816
95.0 1.102867195755862
95.5 0.5267379406010191
96.0 0.8653459312292091
96.5 0.3463710727395509
97.0 1.7079986065937154
97.5 0.9051303540769832
98.0 1.1164803873697022
98.5 1.743506282652529
99.0 1.3887083178873036
99.5 1.161368778192893
100.0 1.3416617387195662
100.5 1.4989934832164935
101.0 2.0889772938411464
101.5 1.0498504234211976
102.0 1.057189919105072
102.5 1.3351237436658547
103.0 1.5881751421320742
103.5 0.43000146952030227
104.0 1.0809423232470061
104.5 1.5342548413996662
105.0 1.2016273901661418
105.5 1.2963118793514459
106.0 0.9133493278774794
106.5 1.387566018568041
107.0 0.9299361787388032
107.5 1.5669899008963188
108.0 1.288196911209171
108.5 1.0523802969467517
109.0 1.4565965370134197
109.5 0.8129937092284916
110.0 1.8389920101095287
110.5 1.1787478473870476
111.0 1.4798081645153922
111.5 1.0877933474675905
112.0 2.44462792453602
112.5 1.0480221587203178
113.0 0.7668519975582653
113.5 1.1151727856897398
114.0 1.9373247512117522
114.5 1.7083228864114286
115.0 1.5277079124589497
115.5 1.7730416278924213
116.0 0.8306693841050838
116.5 0.9201425764122777
117.0 1.7433301855870962
117.5 0.9990386634266402
118.0 1.5303765107780212
118.5 1.0543868548289674
119.0 0.619860001817397
119.5 0.6771057014995767
120.0 1.495658013350596
120.5 1.2425534936792249
121.0 1.3423189926230816
121.5 0.9702095988643349
122.0 0.9774502794780187
122.5 2.027885904507441
123.0 0.8897110926252704
123.5 1.4394298819778075
124.0 1.0891582175943026
124.5 0.9285808791553468
125.0 0.5783785039458562
125.5 1.8600398042401887
126.0 1.5398265321572362
126.5 2.939310538917275
127.0 0.44982490900054406
127.5 1.6017520964787664
128.0 1.0014745683861026
128.5 1.65474121201925
129.0 1.800045992475649
129.5 0.24823076510491088
130.0 1.0721291139991551
130.5 0.6095753797152769
131.0 1.1504261651097072
131.5 1.6020447493888956
132.0 0.9973365042744264
132.5 0.9910904233161302
133.0 0.9712767779677469
133.5 1.6015595592442375
134.0 1.0404000223541585
134.5 0.6713255822518793
135.0 0.6010163137089044
135.5 1.916651434960496
136.0 1.4792290988735508
136.5 0.2753739984257739
137.0 0.5490033168587803
137.5 0.6828863785087109
138.0 1.5607019990060191
138.5 0.7088376859816876
139.0 0.8061709026467785
139.5 1.0644138457743662
140.0 0.664624059713587
140.5 1.0874116172299928
141.0 0.8368327233069173
141.5 1.3725840081587362
142.0 1.539563562354335
142.5 1.0419406469842138
143.0 1.083684183611743
143.5 1.0730800448829638
144.0 1.4733409675719213
144.5 0.8701347436546745
145.0 1.3704286030216468
145.5 1.2393415780191015
146.0 0.8556093519570598
146.5 0.3491404197124308
147.0 0.3610718666041392
147.5 1.0992302420790339
148.0 0.9076388980703705
148.5 1.4553350513610357
149.0 1.7734156940331127
149.5 0.9601065863710145
150.0 0.6402646056382575
150.5 0.8879623930781151
151.0 1.0522842043131448
151.5 1.4221441661953966
152.0 0.8557832740839171
152.5 0.4871136884595517
153.0 1.0994254834725785
153.5 1.3121149585198162
154.0 0.8484813974811583
154.5 1.3482811324005959
155.0 0.6598414034383326
155.5 0.6717890341914216
156.0 1.0786177226482208
156.5 1.856799353971511
157.0 0.9717943771027395
157.5 2.0730595115691526
158.0 0.6171881292179215
158.5 0.8194553361304668
159.0 1.4357440010436742
159.5 1.2905603960284038
160.0 0.9327450141324114
160.5 0.9730516454687166
161.0 0.4049990008503771
161.5 0.859353817596787
162.0 1.1314601742394128
162.5 1.6694156683947636
163.0 1.2246977425556522
163.5 1.4808070796609845
164.0 1.3382869158567083
164.5 1.0497176477887646
165.0 0.6621458322491656
165.5 1.3387367890175528
166.0 1.1853770374595878
166.5 0.66345285659342
167.0 1.5304523929533365
167.5 1.9767994660678383
168.0 0.8426157431842087
168.5 0.7067488625420545
169.0 0.7265844306993297
169.5 0.8477662219804942
170.0 1.0814253350301855
170.5 0.793114653109595
171.0 0.6479513087242197
171.5 0.9790322782317834
172.0 0.5643579418148132
172.5 0.850491515615972
173.0 0.7862656850587137
173.5 1.130417533121972
174.0 1.5117420408030742
174.5 0.6105212352406766
175.0 1.209201482467773
175.5 2.1770967217741437
176.0 0.7806608731739944
176.5 1.6709090738526364
177.0 1.237731133233238
177.5 1.9739112867946125
178.0 1.258563019998571
178.5 1.065761130733823
179.0 1.5995921295381823
179.5 0.9211565451090544
180.0 1.3428699880285961
180.5 0.4798075702385546
181.0 1.9040615141261799
181.5 0.6187243929210686
182.0 1.7893148521978417
182.5 0.9185355647562123
183.0 0.6896378808757485
183.5 0.8245881463445717
184.0 1.3325455594309372
184.5 1.2641240552167485
185.0 1.4206102614917167
185.5 1.0907162120401592
186.0 0.7144119274548726
186.5 2.522074140781311
187.0 0.50557011402989
187.5 0.8529535475132916
188.0 1.188957391546218
188.5 1.5532622144141168
189.0 0.9042673892444683
189.5 0.6380673567470043
190.0 1.071709744496244
190.5 0.8200596299474503
191.0 1.0079556231685791
191.5 0.859671154180669
192.0 1.5792451921600388
192.5 0.7646980636959266
193.0 0.5020516653159213
193.5 0.5215675604632131
194.0 1.155325091815555
194.5 0.849442989228951
195.0 1.3274449169357239
195.5 2.1804496341505946
196.0 1.716034801333632
196.5 1.1193557683299975
197.0 0.2997296676332103
197.5 0.6434478959327087
198.0 0.9593695133838316
198.5 2.2615567850889073
199.0 0.3669823646929734
199.5 1.9839574247582172
200.0 0.8268358375098007
200.5 2.4354719661868716
201.0 1.3218409741476442
201.5 1.5139110259608035
202.0 0.7912834899077442
202.5 1.110648814952229
203.0 0.6949408478217493
203.5 1.0541199052030028
204.0 1.2551354460860233
204.5 0.6604603859300907
205.0 1.2168157507629174
205.5 1.720421630098223
206.0 0.7031150698139568
206.5 1.7116104978697355
207.0 0.7360983132966086
207.5 0.735286489342416
208.0 1.0794606763028574
208.5 0.6694770568141728
209.0 0.9972745964408041
209.5 1.463776816321615
210.0 1.6908338482240544
210.5 1.3901557837552843
211.0 1.1035114334825595
211.5 1.1290633635201182
212.0 0.6445794723426738
212.5 0.8766688969966746
213.0 0.7246146152528536
213.5 1.2604887316700404
214.0 0.7234331138443888
214.5 1.1522792004203446
215.0 0.7080039296214068
215.5 1.5930442702467031
216.0 0.471792108651081
216.5 1.364272124488738
217.0 0.65231833048966
217.5 1.3130037695784655
218.0 1.778859203908981
218.5 1.2143027253608802
219.0 1.1779198773833635
219.5 1.663942819954586
220.0 2.3500631816719135
220.5 1.2313024980981688
221.0 1.1480144393644451
221.5 1.259953201280237
222.0 1.1306061071299558
222.5 1.1754936952251807
223.0 0.9102534083233408
223.5 0.8711274073828114
224.0 0.61091010502013
224.5 0.9032045965978024
225.0 0.6264701133530199
225.5 0.6311957391142013
226.0 1.161274044255749
226.5 1.2474163158681741
227.0 0.5970543074393214
227.5 0.3857056508952969
228.0 0.4446978944287015
228.5 1.5030627177145326
229.0 0.742162310065569
229.5 1.0773374908595843
230.0 0.7120942114846902
230.5 1.6775327711636618
231.0 0.8670497671455653
231.5 1.9682131313092448
232.0 2.584667629702433
232.5 0.8569438029345497
233.0 0.6581087564546111
233.5 0.8384851844717651
234.0 0.8398948597452863
234.5 1.634286038607374
235.0 1.4208791461139498
235.5 1.6375452392998135
236.0 2.3138472713592497
236.5 1.567770467440795
237.0 0.7158458195958599
237.5 0.6760166719292597
238.0 0.7097475788465206
238.5 1.0348012904623523
239.0 1.2317602695747643
239.5 0.9576894302366552
240.0 0.5389590397056114
240.5 1.0391391916164536
241.0 0.9232150432049259
241.5 1.0628544556747448
242.0 0.5020683440972743
242.5 0.7167197643943641
243.0 0.5666281610272739
243.5 0.6266085982366384
244.0 1.3079891475275764
244.5 0.7679709627858562
245.0 1.4965138489892722
245.5 1.1991074118548246
246.0 1.8199407262372143
246.5 0.6272282599021521
247.0 0.2528328695270563
247.5 0.6502747556927004
248.0 0.5648210178004394
248.5 1.0157598462448334
249.0 0.9491827719579469
249.5 0.9392591368342253
250.0 1.0457646945942594
250.5 1.7878418710075237
251.0 0.9327987227509862
251.5 0.6695384807906113
252.0 0.9118626786633435
252.5 1.4061151828152196
253.0 1.0304351466842374
253.5 1.4355030762870038
254.0 0.7966745319686419
254.5 0.924219672474295
255.0 1.5825775462163292
255.5 1.335666903844255
256.0 0.8445504953699521
256.5 1.0147910702985845
257.0 0.8930589594566745
257.5 1.3981874940234515
258.0 0.9474676633605488
258.5 1.5878972915701481
259.0 0.862752715842058
259.5 1.6931104349289439
260.0 1.35869408564314
260.5 0.8226766251646622
261.0 1.2386979610235804
261.5 0.5445071615732532
262.0 0.6181223483460223
262.5 0.41915865768176735
263.0 0.9836099900786484
263.5 0.904075932100245
264.0 1.1847464363140734
264.5 0.926603835264403
265.0 0.9186941221515884
265.5 1.23749959763091
266.0 0.6760177715925616
266.5 0.754989321447315
267.0 0.2
267.5 0.7941583866153463
268.0 1.017651102220303
268.5 1.111461773242671
269.0 0.5984611472227814
269.5 1.0428035022277677
270.0 1.4795618469904768
270.5 0.8193045338012954
271.0 0.5202289543684178
271.5 0.9375112665789942
272.0 0.6273976841891872
272.5 0.9302659427876216
273.0 1.1098204503526738
273.5 1.2857538044544268
274.0 1.2471930911187108
274.5 0.5048891778963174
275.0 1.0790851010440408
275.5 0.6239039113582157
276.0 1.2334432006107856
276.5 1.9627631650737243
277.0 0.7338562039416793
277.5 1.2772282520232672
278.0 0.896373395066689
278.5 0.2
279.0 1.203822662561005
279.5 1.2156892516472158
280.0 0.7805439785930011
280.5 1.0385026452151087
281.0 0.618940176073242
281.5 0.9600740983857754
282.0 0.7635668207407357
282.5 0.7904454928732174
283.0 1.2103240061301566
283.5 1.8769425303250564
284.0 0.9524437419671555
284.5 0.7547240481154793
285.0 2.2147798505316443
285.5 1.1618811860009144
286.0 0.8684487393040559
286.5 1.2004484639030388
287.0 1.0424049934466533
287.5 1.090066494795428
288.0 1.6078920694025431
288.5 0.9923544850061026
289.0 0.6972133247167109
289.5 0.721409204540977
290.0 1.0737261403714802
290.5 0.8260010078646632
291.0 2.050802561651378
291.5 0.991235342959454
292.0 0.533368493031064
292.5 0.6881758307001019
293.0 1.5011050718943566
293.5 0.7770273862046311
294.0 1.202090625024728
294.5 0.7189785887713
295.0 0.7933130174535605
295.5 0.7211938937384468
296.0 1.6169077634867968
296.5 0.7855705904631843
297.0 1.521356486603422
297.5 0.9585621841727646
298.0 0.824526080994775
298.5 0.38974377220184436
299.0 1.3526208289265813
299.5 0.8216159702331411
300.0 1.1623958258708131
300.5 1.497633736405786
301.0 0.7768236711617862
301.5 1.7027671555821111
302.0 1.0403218917748411
302.5 1.1475916510371247
303.0 0.6418866234420204
303.5 1.5863077731205393
304.0 1.450004732947863
304.5 2.1488854077346797
305.0 1.2288889572785664
305.5 0.6223192466208192
306.0 0.2
306.5 2.254126768844144
307.0 0.7781777057549835
307.5 1.290741665547127
308.0 1.3531126595124963
308.5 1.1702651621786588
309.0 0.7032091326728938
309.5 0.44719717999548003
310.0 0.7800575442767206
310.5 1.0534580137534546
311.0 1.1164891771082606
311.5 0.8613822519704852
312.0 0.2
312.5 1.5764158166963922
313.0 0.3722970763437766
313.5 1.6033484160226341
314.0 2.68253642896017
314.5 1.1258004543314546
315.0 1.8502575576061027
315.5 0.9872438795490164
316.0 0.8537204302981607
316.5 1.2182276809018484
317.0 0.8947971311825658
317.5 0.7833038315786947
318.0 1.8171754430037435
318.5 0.7460155644064476
319.0 0.8131266632916501
319.5 1.722979660084645
320.0 1.0415823432804743
320.5 0.582786709190606
321.0 0.7569356830144671
321.5 1.2612001638460026
322.0 1.4224727512322721
322.5 0.9579449362220771
323.0 1.2200171006464005
323.5 1.670749774336581
324.0 0.850024500321542
324.5 2.030273505159462
325.0 1.0226491292323847
325.5 1.4897991656766334
326.0 1.4475431470502973
326.5 1.3562686800778663
327.0 0.690914914224928
327.5 1.5604381736722712
328.0 0.9376374830343022
328.5 2.3644831872936383
329.0 1.2044433518932611
329.5 1.2779976809836673
330.0 1.1688506663890916
330.5 1.0385800562402918
331.0 1.0602894568214993
331.5 0.8869356420429022
332.0 0.595156188798486
332.5 0.7897953065714334
333.0 0.7462904363496266
333.5 1.2339494344719188
334.0 1.8560589401386451
334.5 1.0829113759998923
335.0 1.4767988361640496
335.5 1.6602515544456773
336.0 2.4292132955453956
336.5 1.311157282931839
337.0 0.9601239403608032
337.5 1.7040973500158882
338.0 0.21301840542305595
338.5 0.3795203161965637
339.0 0.9179348838221062
339.5 0.931921369344805
340.0 1.5180624834343046
340.5 0.726050240396466
341.0 0.4753062612654726
341.5 0.5178656054887392
342.0 0.7427651976798773
342.5 0.9265870897097821
343.0 0.9489649276756604
343.5 0.8382672286496453
344.0 1.3814722327542217
344.5 1.1592165701798913
345.0 1.2222727317057518
345.5 0.7368575708550467
346.0 1.0909303304841402
346.5 1.0967083307682268
347.0 0.7577564178377203
347.5 0.5913193651525578
348.0 1.7433571639630285
348.5 1.3053685081976139
349.0 0.6075916452171923
349.5 1.1624564172119372
350.0 1.1259425584996745
350.5 1.1261217019873113
351.0 1.760190180583027
351.5 0.9763572499502573
352.0 1.196626476766703
352.5 1.100535042570563
353.0 0.5530203250397066
353.5 2.030975418143454
354.0 1.6475325974376474
354.5 1.375062727662836
355.0 0.9237172622639487
355.5 1.740922630461171
356.0 1.154370779859851
356.5 1.7118188741497482
357.0 1.3316676822780713
357.5 0.6851719924865705
358.0 1.4163697798741446
358.5 0.7293598861595537
359.0 0.8902565289475508
359.5 1.1743793513587062
360.0 1.4183138022749429
360.5 1.2915840542435526
361.0 0.3604450925902547
361.5 1.1187496722163437
362.0 1.6085896181084922
362.5 0.753411439441775
363.0 0.39760462671544006
363.5 1.1597542191279722
364.0 1.2112541466287166
364.5 0.9157121848092449
365.0 0.6622843455433289
365.5 0.5488242602706891
366.0 0.6267708974533988
366.5 0.8079975337156816
367.0 1.3599535548370896
367.5 1.0565181000421315
368.0 0.7264677500905138
368.5 0.9481961223103235
369.0 1.273177089727879
369.5 0.6068302336224654
370.0 1.3256809110627763
370.5 0.6403336268304441
371.0 1.0464626704188433
371.5 0.7623356524516436
372.0 1.2534024460377977
372.5 0.5999853622825833
373.0 1.1602488602587728
373.5 1.6188108913394137
374.0 1.3897274744546282
374.5 0.8045248311916552
375.0 1.4103460148193496
375.5 1.9804253265888412
376.0 0.524687848428773
376.5 0.7991177844120999
377.0 0.8667773169558679
377.5 0.8538555301095695
378.0 1.6292594019060962
378.5 0.8728222721670875
379.0 2.1891343259984004
379.5 1.32984700853585
380.0 1.6899044561938492
380.5 0.9554544131520766
381.0 1.2658265317507387
381.5 0.7620489661848988
382.0 1.078472405511469
382.5 2.056131725706681
383.0 1.8710145894925025
383.5 0.9970030091309816
384.0 1.4267692807350258
384.5 0.36240333709679917
385.0 1.127024704454145
385.5 1.0246096678078198
386.0 0.7117295248086069
386.5 1.1280764233004053
387.0 1.2987206689844297
387.5 0.7578466547030382
388.0 0.818853761711429
388.5 1.0050321480468425
389.0 1.5880781649473725
389.5 0.2775550101885578
390.0 0.9761996933158392
390.5 0.6136779397685679
391.0 1.264155935378176
391.5 1.2225262625243423
392.0 0.6654763708048934
392.5 1.4812748099241482
393.0 1.074564550144368
393.5 0.6304703842647023
394.0 1.0730798207307002
394.5 0.8750952517881337
395.0 1.3323215631857575
395.5 0.2
396.0 1.4298717413473434
396.5 0.9946677322150078
397.0 1.4844828189618193
397.5 1.1679991987529637
398.0 0.6569349213381575
398.5 0.5331534288544562
399.0 1.2646897136058586
399.5 1.005565309726761
400.0 0.8838898279805311
400.5 1.3941189638929883
401.0 0.6675419150664634
401.5 0.5124391501570504
402.0 0.7797441568418726
402.5 1.353388501615165
403.0 1.048453454133603
403.5 1.3262880668829649
404.0 1.0798297867724942
404.5 1.1942109466282864
405.0 0.8516402744245692
405.5 0.7622503599983512
406.0 0.9415113226239022
406.5 0.8127243052760342
407.0 1.4822113788083775
407.5 1.6250615216606825
408.0 1.7401997247005332
408.5 0.5632091835901718
409.0 0.46578844968100297
409.5 1.7641637960943086
410.0 1.060115057309597
410.5 0.3951530287504752
411.0 1.0544551035534822
411.5 1.319460228468588
412.0 1.1340384104331729
412.5 1.937479802675607
413.0 1.2627648335445683
413.5 0.8648225111533732
414.0 1.5127764609824823
414.5 0.8743051103203124
415.0 1.7488524408641455
415.5 0.6618993302921249
416.0 0.5875112648687761
416.5 0.337373855683754
417.0 1.025091491296829
417.5 0.8100456500429278
418.0 1.3024791832163216
418.5 1.3603155105153715
419.0 1.5357396047727263
419.5 0.9061963614245616
420.0 1.0689853274624126
420.5 0.7751375146039133
421.0 1.1129253771530618
421.5 1.442591293629416
422.0 1.355936717623118
422.5 0.5126849568360299
423.0 1.2726537649768277
423.5 1.0024046139123501
424.0 0.9577438475425557
424.5 1.0288886077168615
425.0 2.020798535978904
425.5 1.6061694206522055
426.0 1.5310478693065181
426.5 0.9353758583176774
427.0 0.8902887058434119
427.5 1.6589138396147491
428.0 1.6983629303480603
428.5 1.1416633332302337
429.0 0.7381169067495343
429.5 1.088544595780409
430.0 1.6080276922046908
430.5 3.2140547055223205
431.0 0.6502616299014428
431.5 1.6241719891300914
432.0 0.940207245330013
432.5 1.7502883312016042
433.0 0.8277433610525441
433.5 1.9053714495858802
434.0 0.9058623574635234
434.5 0.8456833771209942
435.0 0.8065610952102602
435.5 0.9447395584601279
436.0 0.9468936145252725
436.5 0.6423852581921883
437.0 0.8526830949501544
437.5 0.8217157038196311
438.0 0.7984745646615221
438.5 0.5754178966992582
439.0 1.3350420266274692
439.5 0.8934953549104048
440.0 0.7654581209902207
440.5 0.6034651668987768
441.0 2.2385324876173707
441.5 1.1639072610068282
442.0 0.5169312507994568
442.5 2.3421843075811415
443.0 1.015485017377621
443.5 1.3083248276919741
444.0 1.011896051244807
444.5 1.4467027136437411
445.0 0.8444097586204918
445.5 1.6364265480597142
446.0 0.7597976191637883
446.5 1.0611879279378131
447.0 0.7312619239528377
447.5 0.5243980221437898
448.0 0.8427389446425086
448.5 0.6492004423010038
449.0 0.5478763705553372
449.5 1.548120000422259
450.0 1.0103674422512428
450.5 0.6309549019332163
451.0 0.7459653777167279
451.5 1.1029891768314886
452.0 0.817072303696281
452.5 0.5316518981023902
453.0 0.8510758815091259
453.5 0.7120135034180999
454.0 1.2636026959588194
454.5 1.0589592785489452
455.0 1.1338074649001872
455.5 0.8592008973078809
456.0 1.1997713743025404
456.5 0.8363000056766463
457.0 1.6442536445576692
457.5 1.0603840837448963
458.0 1.797499618785846
458.5 1.2422542314109732
459.0 0.9164449229275604
459.5 0.7861306716204054
460.0 1.0172294990832738
460.5 0.6738638395656213
461.0 1.3621724656323495
461.5 0.9668666664083745
462.0 0.9445378758545613
462.5 0.6822655457732503
463.0 1.0849035920166603
463.5 0.6455855057143653
464.0 1.4376971011867454
464.5 1.0668279426755887
465.0 1.4425693302178728
465.5 1.4705933057222276
466.0 0.6604969951548301
466.5 2.025194014385661
467.0 2.180591615638652
467.5 1.3601482429081801
468.0 1.6371558624178668
468.5 0.7995558091745533
469.0 1.6274223450527194
469.5 0.6664214230082137
470.0 1.0483841564081695
470.5 1.003011698056214
471.0 1.0167259421008945
471.5 0.28099635728758277
472.0 2.025144078103838
472.5 1.2192838041074952
473.0 0.8720587089643327
473.5 0.7993931106756895
474.0 0.9719856644533118
474.5 1.3313909074479136
475.0 2.5007059712535975
475.5 1.5789996006443836
476.0 0.9474694617462165
476.5 0.7153763976176246
477.0 0.3591697575434121
477.5 0.9681045394551495
478.0 0.7370269618414087
478.5 0.6815939907931204
479.0 0.6101471020200475
479.5 1.786997411082353
480.0 2.088409986139947
480.5 1.4011824836106765
481.0 1.5147975359932704
481.5 0.9354156958454982
482.0 1.2974412958255388
482.5 0.747357311255435
483.0 0.9351021289500341
483.5 0.82823895954547
484.0 1.8472596476699903
484.5 1.4847228514028608
485.0 1.3944983189663562
485.5 0.580307239064901
486.0 0.6495461857066995
486.5 0.9774637761890097
487.0 1.412582253036247
487.5 1.628883610247205
488.0 0.9043837596253608
488.5 1.2423833570251406
489.0 0.6045300239988989
489.5 0.9818854048677618
490.0 0.8200663323239258
490.5 1.9392845400521381
491.0 1.0260259330510928
491.5 0.2
492.0 0.9724898110388722
492.5 1.3793101852333876
493.0 1.109142729022393
493.5 0.866500772572783
494.0 0.718316409663109
494.5 0.8267260096047957
495.0 0.7767525130234402
495.5 0.9602238319393555
496.0 1.077890900539274
496.5 1.1244912757338001
497.0 0.7924800651694599
497.5 1.1600809973375268
498.0 0.6741085566333412
498.5 0.9041337781698118
499.0 1.654384651907944
499.5 1.8656295696126421
500.0 1.048613657826478
500.5 0.8878132852397895
501.0 1.0953690975126074
501.5 0.8380350147771257
502.0 1.5168072530913115
502.5 0.8124764769518531
503.0 1.3141782796137689
503.5 0.899555708456055
504.0 1.2831673481113937
504.5 1.6345626872310595
505.0 0.6553071494150773
505.5 1.3682884968898157
506.0 0.8088943091349534
506.5 1.4803447926794413
507.0 0.7701110489137462
507.5 1.2947038624073772
508.0 2.211290711458684
508.5 0.9698387653186147
509.0 1.9873549811739444
509.5 1.3562030477822606
510.0 1.3187754071108904
510.5 0.968151717734175
511.0 0.7407479792981324
511.5 1.0641867746013918
512.0 1.1288641917635869
512.5 1.569830567621497
513.0 1.0978869376264755
513.5 2.0831593196812364
514.0 0.7847293275635817
514.5 0.8851883955809787
515.0 0.558761111808951
515.5 0.5679041356528165
516.0 0.9899313598657509
516.5 2.0589943728386335
517.0 0.779737599545072
517.5 1.8291891270496587
518.0 0.9633002994535903
518.5 0.6212270159756892
519.0 0.6601705614534726
519.5 0.7099024762735128
520.0 0.7608840408383539
520.5 1.2106428295259613
521.0 1.6068151843861644
521.5 0.7719965997421248
522.0 0.4893342981087683
522.5 0.8694927726682382
523.0 0.6583235723821494
523.5 0.6770156805269039
524.0 1.8845606206805712
524.5 0.8308838506863381
525.0 1.5099480771902547
525.5 0.9210486493872421
526.0 0.7365925309846422
526.5 0.49897491460028365
527.0 1.1766064314032145
527.5 0.2
528.0 1.6523949413693968
528.5 2.14522621647465
529.0 1.3360956506429407
529.5 1.4175721003996316
530.0 0.8220177438920324
530.5 1.704370863215623
531.0 1.1651455366184313
531.5 1.5416060302170096
532.0 0.8693159875964183
532.5 0.9981815479791605
533.0 0.5140578435296267
533.5 0.41338347991850766
534.0 1.182011553532881
534.5 1.9809807433157274
535.0 1.2417600970812448
535.5 1.2679123266302184
536.0 0.7057466661571934
536.5 0.9786508164601332
537.0 1.4091230052649628
537.5 0.9747761101071067
538.0 0.7637380516927912
538.5 0.7855049929145151
539.0 0.9838155427913844
539.5 0.6523930356136562
540.0 0.6753354913266585
540.5 1.1465779755529706
541.0 0.7383050812605437
541.5 0.7937612062638844
542.0 1.655800532086946
542.5 1.129121981579409
543.0 0.8612214301585639
543.5 0.8542112420410395
544.0 1.4858120438156917
544.5 1.6266961549874146
545.0 1.5227747459892687
545.5 1.7021819921707992
546.0 0.9932046047534768
546.5 0.8741319245152988
547.0 1.1577239190334552
547.5 1.1113734915590607
548.0 1.6633087354852498
548.5 1.4769605259657277
549.0 3.0826849015302225
549.5 0.7630513244681838
550.0 1.0919424290607336
550.5 1.092017370406283
551.0 0.782091183925699
551.5 1.200031129935046
552.0 0.8145676492768765
552.5 1.0131572892147793
553.0 1.3602467616116987
553.5 1.99595097061788
554.0 0.7470941091514494
554.5 1.0385192384180526
555.0 0.9698967124661266
555.5 0.7938994635300353
556.0 0.7020449249538074
556.5 2.1182941668495006
557.0 1.5585084811578938
557.5 0.9549628632096306
558.0 0.7038090574440805
558.5 0.6250471411933765
559.0 0.9693848603088602
559.5 1.3533740904919096
560.0 0.6053060136101824
560.5 1.29120528164272
561.0 1.1405586883079897
561.5 1.1808264452497041
562.0 0.665868458806053
562.5 1.028888551598964
563.0 0.5761026533278495
563.5 1.6746781302932656
564.0 2.4836220729536613
564.5 1.3693949102563052
565.0 1.1277399348447186
565.5 0.32516454040743037
566.0 0.5497171008025852
566.5 1.2546107577347623
567.0 1.074097194430382
567.5 1.0840583103735493
568.0 0.9930708186704458
568.5 1.6370023770929143
569.0 1.7214900394327937
569.5 0.9964772397941128
570.0 1.2937382695024886
570.5 0.9885618995646712
571.0 0.724298668898536
571.5 1.0366764106052666
572.0 1.715339278874802
572.5 1.0348443218322585
573.0 1.566149811877536
573.5 0.7451092931143974
574.0 0.7175342644430776
574.5 0.8399300538268215
575.0 0.7696561049088975
575.5 1.386231661311211
576.0 0.3823571955407335
576.5 0.9161496605413448
577.0 0.9429986905882735
577.5 1.0480814425076315
578.0 1.2995313388440226
578.5 0.6504835708907674
579.0 0.7017222719295066
579.5 0.6007336011156099
580.0 1.3366811732813302
580.5 1.2567676260112142
581.0 0.6810928335900295
581.5 1.3642434671290342
582.0 0.9353457670210444
582.5 0.7940872268991337
583.0 0.805327393575877
583.5 0.8158909297789505
584.0 2.2917224213323726
584.5 1.6385789395769104
585.0 1.3675312743271157
585.5 1.00526672537707
586.0 0.8533393880173015
586.5 1.1495855317849137
587.0 1.3145193295618558
587.5 1.4675010331485434
588.0 1.1765716932238885
588.5 1.1421526998614824
589.0 0.9065014157067304
589.5 0.6560897433340771
590.0 0.9012383485843677
590.5 1.0164718303349027
591.0 0.9557989117441108
591.5 1.155738697917552
592.0 1.5074332325350173
592.5 0.9143294847397592
593.0 1.7057816033535365
593.5 0.49298931648899824
594.0 1.4618184954676048
594.5 0.6530408019019329
595.0 1.877558933950487
595.5 1.7637187754435244
596.0 1.2523365266844788
596.5 1.4197631902220267
597.0 1.718297291990264
597.5 1.0559932580204008
598.0 0.987336978195271
598.5 1.4921610884674348
599.0 0.7843340363245774
599.5 0.8147211770570106
600.0 0.867755528102786
600.5 0.7768722188868666
601.0 0.801166289188081
601.5 1.8466756744201591
602.0 0.967541536314636
602.5 1.6171105995903605
603.0 1.2746014977659725
603.5 1.0173441873503433
604.0 0.908748195843971
604.5 1.7543843038681073
605.0 0.7329228096579583
605.5 1.2706868153308837
606.0 0.6682850751333855
606.5 0.6168138341786702
607.0 1.1256281992203236
607.5 1.3884703673154917
608.0 0.7953925666156269
608.5 0.8888086842507921
609.0 1.0360169318784112
609.5 0.579396763175478
610.0 0.9481211647634387
610.5 0.9048453948425443
611.0 1.846627142990303
611.5 1.1426063797160873
612.0 2.2055978965832628
612.5 1.2990830616527638
613.0 1.3221398867944412
613.5 0.8478859602424793
614.0 0.6645137901354463
614.5 0.9753956694309651
615.0 0.8183335406332939
615.5 1.2128527309414896
616.0 0.868655711348757
616.5 1.421250132852192
617.0 1.1921160250660259
617.5 0.9679067885445511
618.0 0.6552494222149599
618.5 1.2532565191589276
619.0 0.6174819001301256
619.5 0.2421763360136151
620.0 0.2
620.5 2.3875614964294054
621.0 1.5827452360784913
621.5 0.6282558418634205
622.0 1.3354855798904308
622.5 1.1887684671712422
623.0 0.39857521221983294
623.5 1.6010478977585572
624.0 0.7183542261038773
624.5 1.2132448170162276
625.0 1.1106930184377366
625.5 0.7379897611149762
626.0 2.227962196007117
626.5 1.7987938534540198
627.0 0.6736499138267846
627.5 0.796567706633349
628.0 0.7202090065311173
628.5 0.2
629.0 1.8055736745088287
629.5 0.9665285171839783
630.0 0.6486551852558746
630.5 0.7833870285877527
631.0 0.5672419327924418
631.5 0.7213498908397941
632.0 0.9147306536604182
632.5 0.39642967464290946
633.0 0.5300662103855536
633.5 0.6886435337672998
634.0 0.8277225708922937
634.5 0.8617613226731089
635.0 0.9476158705804161
635.5 1.608029224459633
636.0 2.118071564470366
636.5 0.5989702059432471
637.0 0.8797541490545562
637.5 0.8522003329961241
638.0 0.7541817075386941
638.5 1.4573502131043392
639.0 1.7976585083616126
639.5 1.2606515704372712
640.0 0.8287421340507052
640.5 0.648631010148191
641.0 1.1036838970133243
641.5 2.021899871969582
642.0 0.7356689784776967
642.5 0.9254436928606511
643.0 0.6811175991666283
643.5 1.4075890472404047
644.0 1.158167139930765
644.5 0.9442812245763523
645.0 0.7702328232677973
645.5 1.0336971327685158
646.0 1.8142210473534774
646.5 1.1038811962542503
647.0 1.101788142023067
647.5 0.9747552422200649
648.0 1.2049371521352124
648.5 0.9089923153719643
649.0 1.3530616337082684
649.5 0.9242283973930163
650.0 1.3986738185540744
650.5 1.711890821040985
651.0 1.1906751111959286
651.5 1.2643662763551353
652.0 0.693222559044528
652.5 0.8394867252505739
653.0 0.7784932969423688
653.5 0.7311220030244436
654.0 0.8428402339081125
654.5 0.9680320200984591
655.0 0.8884718554941028
655.5 1.2242574397858879
656.0 0.6848989034638824
656.5 1.5137874043829784
657.0 1.453584189661833
657.5 0.5840517673640162
658.0 1.200009665092574
658.5 0.9646846317072224
659.0 0.8584589580214235
659.5 1.3044885249704832
660.0 0.7139441174192864
660.5 1.096647745332767
661.0 1.7261530017879676
661.5 0.3834454037146474
662.0 1.1832294337265319
662.5 1.1593105201611373
663.0 1.0206742077650532
663.5 1.4921028518061228
664.0 0.49225608404715504
664.5 2.1821445456492614
665.0 1.3735788096082642
665.5 1.277399315110336
666.0 1.7609856950666931
666.5 1.484016313085609
667.0 0.7029976490834497
667.5 1.312060727938075
668.0 1.2891539392626916
668.5 0.9732776517761157
669.0 0.7008938486142728
669.5 0.7766212206925959
670.0 0.6929040464235634
670.5 0.8129955183446465
671.0 1.4250894623425419
671.5 0.6721167924716426
672.0 0.9324640881051003
672.5 1.0161695570468225
673.0 0.5202421183288902
673.5 0.8414148499634604
674.0 0.6856704779579555
674.5 1.1026430703442627
675.0 0.6200246093769628
675.5 0.9166770359911904
676.0 0.8599695957347306
676.5 0.8711829913219276
677.0 0.84571327990188
677.5 1.375613118371573
678.0 0.37093726717598263
678.5 0.606690145006181
679.0 1.1317585642417014
679.5 1.1594445958056327
680.0 0.7989377839397636
680.5 0.8621652626261245
681.0 1.657715957629669
681.5 1.5619763656714682
682.0 1.1453159318198467
682.5 0.5970235908527426
683.0 1.3234289853841334
683.5 0.6834833856573915
684.0 0.7231620469820641
684.5 0.5502151147468601
685.0 1.498910979932968
685.5 0.5982462853159056
686.0 0.9995173673116222
686.5 0.7500998347293061
687.0 0.7926793424584478
687.5 1.2823042451943323
688.0 1.257511163064462
688.5 1.4432225872642777
689.0 1.2434612378460748
689.5 0.8692259913300986
690.0 1.5384284334173102
690.5 1.2953900200793924
691.0 1.3730884699324974
691.5 0.6511802694255264
692.0 0.963714918856664
692.5 1.4573305405363253
693.0 0.7678806432298406
693.5 0.9687872439990195
694.0 0.734247341854877
694.5 1.292256912410513
695.0 1.169149035178115
695.5 1.8611184490581838
696.0 0.45028442773755745
696.5 0.8167941719302088
697.0 0.701658374585368
697.5 1.891469592098486
698.0 1.273903998649083
698.5 2.4117089612061116
699.0 0.5108940493331884
699.5 1.5769984405834458
700.0 1.0119933723959589
700.5 0.719719591168998
701.0 1.1248167855316913
701.5 1.1347585206203104
702.0 1.0913929934452868
702.5 0.9841951409383358
703.0 1.0856959608043413
703.5 0.5609022125555205
704.0 1.0256750587805634
704.5 0.47125517603755884
705.0 1.0437661802869311
705.5 0.7714698044369565
706.0 0.8734429274395314
706.5 0.6879102099862946
707.0 1.1359456316326788
707.5 0.7823775551513119
708.0 1.4094866333996086
708.5 0.730482578524716
709.0 1.4872616689387992
709.5 1.2953173445382706
710.0 0.6935033176360973
710.5 1.4501569571288846
711.0 0.6262653676895641
711.5 0.8847618789835201
712.0 1.0143803037072354
712.5 0.9035740837235442
713.0 1.393699608123757
713.5 0.8241674055400403
714.0 1.4387100132084742
714.5 0.9282288845111368
715.0 0.7775303933662607
715.5 0.9905219607801772
716.0 0.620279819435467
716.5 0.9558361959354056
717.0 0.8608176687228151
717.5 1.5906011125723056
718.0 1.2780352963005206
718.5 1.2614408227279108
719.0 0.7658170670231375
719.5 1.2253620599557338
720.0 1.0417939552718731
720.5 0.640411009551172
721.0 0.6561492714721666
721.5 1.0874837190687012
722.0 0.7737836527270078
722.5 1.4216116964896526
723.0 0.40065652782732103
723.5 0.5141726099051384
724.0 1.2015010664213315
724.5 0.7190289293401353
725.0 0.6055991846352295
725.5 0.5387834655840918
726.0 0.9892391820478883
726.5 1.511880975127088
727.0 0.7937111326398016
727.5 0.5344380366241464
728.0 0.6238204404936728
728.5 0.8471258633249364
729.0 1.5686909223799441
729.5 0.6043323473257063
730.0 1.8795728715719604
730.5 1.7563684754649913
731.0 1.335953360506415
731.5 1.2360753237170716
732.0 1.026228466459999
732.5 0.898133841894222
733.0 1.5865818274846477
733.5 0.9124977053179333
734.0 1.9067142157591783
734.5 1.1905158285912443
735.0 0.8634988870864511
735.5 1.033823467501414
736.0 0.8121156911359042
736.5 1.7105338087338526
737.0 0.6239455781744403
737.5 1.7889716206933022
738.0 1.0382813897797845
738.5 0.6904639209604772
739.0 1.165307720964825
739.5 0.5415086237372997
740.0 1.6557220959344034
740.5 1.3142098954428065
741.0 0.6604423164426869
741.5 1.4524805249018493
742.0 0.8482993758131268
742.5 0.6251596299375004
743.0 0.7018517987676731
743.5 1.4939348006576294
744.0 1.4167982121117124
744.5 1.218747960954374
745.0 1.4052650006307306
745.5 1.3500649025264366
746.0 1.5757489635262014
746.5 0.8602637059209053
747.0 0.8839803356305089
747.5 0.7344036155379692
748.0 1.4671772486580668
748.5 1.091119187299179
749.0 1.104584730830073
749.5 0.7609852613455161
750.0 0.7808874640590442
750.5 1.5104936597426029
751.0 0.6735918344940425
751.5 1.2256405341842278
752.0 0.8966404835723114
752.5 0.9149527452819828
753.0 0.5753174563957406
753.5 1.1693473186073726
754.0 0.5392845121793958
754.5 0.9152103421038086
755.0 0.7214917730451789
755.5 0.7319151044329268
756.0 0.8083919124415153
756.5 0.861570766091245
757.0 0.6092934877478876
757.5 0.31527335655216443
758.0 0.8194212560321954
758.5 0.9334736972240099
759.0 1.1351423216019072
759.5 1.5780889414283892
760.0 0.8598248732823492
760.5 1.8456815822596973
761.0 0.8517183700375319
761.5 1.3377890696031616
762.0 0.831299657843033
762.5 0.9172317852172076
763.0 0.6160079291376366
763.5 1.0445280198020341
764.0 1.0800121660978144
764.5 1.059721889779349
765.0 1.4757486399446114
765.5 1.35860363343849
766.0 0.5182490285419467
766.5 0.6931104641231713
767.0 1.0650107832062625
767.5 1.6988901042347513
768.0 1.0649727625866614
768.5 1.5580070072699361
769.0 0.887494124612977
769.5 1.6335983895345794
770.0 1.2529874374112364
770.5 0.6486602643077655
771.0 0.8536721011404949
771.5 0.7745421761486597
772.0 0.5568340086609558
772.5 1.2191463482096796
773.0 1.3556093375630542
773.5 1.2684998691491698
774.0 0.6731468279470749
774.5 0.9312327135414413
775.0 1.4108846106710522
775.5 1.2234082706731961
776.0 0.5248593606509431
776.5 1.2675565021513426
777.0 1.4421031492665328
777.5 1.219639363170955
778.0 0.5361541181774643
778.5 1.4586738243783905
779.0 0.6133330171469259
779.5 1.4580541568767265
780.0 1.2908112962504967
780.5 0.7738129773811245
781.0 0.7466542226223309
781.5 1.6596756861351816
782.0 1.7717765710627482
782.5 0.7476199440346638
783.0 1.9195920753280908
783.5 1.6833973743600175
784.0 1.1482686311171113
784.5 0.795528606564049
785.0 1.3295142482296471
785.5 1.4798890750961897
786.0 0.7353115605042795
786.5 0.6484890229000255
787.0 0.9591753569392292
787.5 1.2321250803809305
788.0 1.4031871019762212
788.5 1.4097040428350018
789.0 1.1112373229677455
789.5 0.9418835285820608
790.0 1.0109989874773522
790.5 0.32870713995673384
791.0 2.8242641272403306
791.5 0.6175263253289519
792.0 0.6454764414404468
792.5 1.1329771560326285
793.0 1.1135953271922565
793.5 1.349370796297808
794.0 0.8882550556683017
794.5 0.6516427337279251
795.0 0.8734068793285743
795.5 0.7007339651586766
796.0 1.5774235790743036
796.5 1.219482550196509
797.0 1.003877367308615
797.5 1.2107324448068084
798.0 0.8605516409145106
798.5 0.5192069263390803
799.0 1.0214083369096592
799.5 0.710833616226312
800.0 0.7773424840135774
800.5 1.2041828752736452
801.0 1.038346932432939
801.5 0.8987664214009587
802.0 1.5955749576149416
802.5 0.6514227564082509
803.0 0.943226042506301
803.5 1.3112651863940221
804.0 0.7173688257005999
804.5 1.1339999895229478
805.0 0.9814176894434166
805.5 1.0069481140678136
806.0 1.2831128592427254
806.5 1.5790019330407783
807.0 1.1106217463013037
807.5 0.9331268646661135
808.0 0.8846798828571408
808.5 0.7956259122478457
809.0 0.2302038766807032
809.5 0.8302480330948163
810.0 0.3961762609826801
810.5 1.174402474079102
811.0 1.1271833296020488
811.5 2.640327544722404
812.0 0.6698605034248519
812.5 1.4765970492991467
813.0 0.38472018733478963
813.5 1.2057216893941722
814.0 0.4336677963950336
814.5 1.3839311409071464
815.0 1.0857733764142001
815.5 1.165749681651753
816.0 2.007476629175213
816.5 0.9800664986940237
817.0 0.7148403522359308
817.5 0.8445864112616499
818.0 0.8488969921141352
818.5 1.4277625254823811
819.0 0.9937581328821485
819.5 0.5855505189940464
820.0 1.8752558827623527
820.5 1.0625102895672314
821.0 2.0445979701855466
821.5 1.000044222976972
822.0 0.7070457515589357
822.5 2.3947973535140794
823.0 1.0204138656858468
823.5 1.3883783167207668
824.0 1.2202161080986924
824.5 2.02857456647335
825.0 1.9147186260415947
825.5 0.778514076816922
826.0 1.4204364312914495
826.5 0.8835135942647145
827.0 0.6672792410451904
827.5 0.9255079431193217
828.0 1.5862357397338662
828.5 0.8129782298452086
829.0 0.4692502936744877
829.5 0.7540694185111838
830.0 1.2867075195109328
830.5 1.801174788577545
831.0 0.7473030953240711
831.5 0.7749212668606003
832.0 0.9812155904874109
832.5 0.725483050125076
833.0 0.5099477533649077
833.5 0.6395837893795934
834.0 1.3572448806017081
834.5 0.6826923979406121
835.0 0.9553855165933995
835.5 1.4757189015253567
836.0 1.418022911252248
836.5 0.9594098301169518
837.0 0.7725421718819154
837.5 0.7892011708284008
838.0 1.4764721043480007
838.5 1.171310326133932
839.0 1.3981922655814012
839.5 0.3824735178340708
840.0 0.481566395182117
840.5 1.8877030724234853
841.0 1.1709925810861324
841.5 0.7536535823465946
842.0 1.143794527972087
842.5 1.3888402383084795
843.0 0.9713691770249069
843.5 0.38577827357528716
844.0 0.9994806419347406
844.5 0.8255003798196052
845.0 1.2953132719463745
845.5 0.9929380722609635
846.0 1.9741654508504332
846.5 1.1802810026329849
847.0 0.27960214625497165
847.5 1.3854510230982455
848.0 0.5304687184239942
848.5 1.294652845226614
849.0 1.7612806092589113
849.5 1.1618471068756162
850.0 0.813130675932267
850.5 0.8292647421463346
851.0 0.8856481374507508
851.5 1.6724157144227703
852.0 1.4522552019006048
852.5 0.4299137416238433
853.0 0.8888695867340994
853.5 1.591532594875908
854.0 0.5208941284101196
854.5 1.5790825127894519
855.0 1.1948469891675084
855.5 0.5073354677298845
856.0 1.011709446204947
856.5 0.505860227157479
857.0 0.66823875498584
857.5 0.7225107928148418
858.0 0.8428897267521593
858.5 1.6359856476101164
859.0 0.7472393035504445
859.5 1.8936850618604126
860.0 0.9302275099557824
860.5 0.4642214101384169
861.0 0.8608306310908462
861.5 0.45816555496103506
862.0 0.7717909605247271
862.5 0.9354059466508036
863.0 1.7083617714644603
863.5 1.2180513613174664
864.0 1.9689100112867348
864.5 1.0802788337377902
865.0 1.175967330789061
865.5 0.6873825429965381
866.0 0.6780525414241612
866.5 1.1763085156009394
867.0 1.044587680900765
867.5 0.3454201527871028
868.0 0.9670909821082443
868.5 1.0095485601700276
869.0 0.38377999001979524
869.5 1.1201341118682362
870.0 0.7061825324191953
870.5 1.3809509813874152
871.0 1.5967488090105109
871.5 1.057872165110557
872.0 0.7056194201899545
872.5 1.1373428771918206
873.0 0.614542395293202
873.5 0.7039320443037066
874.0 1.7711094376975927
874.5 1.27236501028492
875.0 1.1644647754518322
875.5 1.662950400991312
876.0 1.7573009096743193
876.5 1.0525171196287026
877.0 2.035722065890572
877.5 0.3729104745203151
878.0 0.7823523231288165
878.5 0.588701065781824
879.0 0.8788236287320839
879.5 0.7397215156779953
880.0 1.2318354044839994
880.5 0.7927949982860858
881.0 1.2960382914415594
881.5 1.6930898686047369
882.0 0.5321979144224958
882.5 1.372795086631175
883.0 0.641215359958522
883.5 1.3940599811001024
884.0 0.9785580355468424
884.5 1.0323689347462093
885.0 1.8304579650403703
885.5 1.2024189666084713
886.0 1.4405309168983909
886.5 1.4829411549509084
887.0 0.9797654337567858
887.5 1.4167797571801708
888.0 0.6618891022786437
888.5 1.1670397129650274
889.0 0.7239265744946746
889.5 0.24387638845820842
890.0 1.7436643470047593
890.5 0.8484650303921242
891.0 1.1585923664498723
891.5 1.0295463670750207
892.0 0.7792077841096016
892.5 1.185706675003579
893.0 0.7625035769304042
893.5 0.48560208797143156
894.0 0.6092222498821889
894.5 0.7980481211935474
895.0 0.9877100775922459
895.5 1.7120671525907964
896.0 1.6140181487470429
896.5 2.06895815361567
897.0 1.6058714533336294
897.5 0.8018309555255766
898.0 1.535353531998877
898.5 1.3314549976549501
899.0 1.4722121408873396
899.5 1.2727149693550308
900.0 0.9804877413572253
900.5 0.7961754402708279
901.0 0.9270734817600064
901.5 0.5817515307034944
902.0 1.1140613107587884
902.5 0.6798220357124383
903.0 0.9406768310668143
903.5 0.7617246874814663
904.0 1.1656283136957164
904.5 1.0139790329988052
905.0 1.0320726918563379
905.5 1.45976998944533
906.0 1.146901081917715
906.5 1.1378953006002792
907.0 0.8757942417649676
907.5 2.2930830522046635
908.0 1.685195143662101
908.5 0.7423098407581008
909.0 1.2080092264387083
909.5 0.6181194697842335
910.0 1.4435841903149065
910.5 0.7506943434063968
911.0 1.051264616996519
911.5 1.0225063912173227
912.0 1.156117994388177
912.5 1.2156430966626564
913.0 1.8402759883959878
913.5 0.8894382218942396
914.0 0.40645463201935117
914.5 1.6163763223755023
915.0 1.1044546774836448
915.5 0.7062304127983249
916.0 0.7720141036027347
916.5 1.4253982108137595
917.0 1.3166432098761398
917.5 0.7734596046041751
918.0 1.6893569943524755
918.5 0.8954782557707637
919.0 1.2743634629128442
919.5 0.6053789157678702
920.0 1.899866982746381
920.5 1.175461297318348
921.0 1.7399595942781145
921.5 0.86365290211542
922.0 0.9437157721016658
922.5 1.162901832759322
923.0 2.1685007159236758
923.5 0.9323229938656579
924.0 0.36979084640402504
924.5 0.9022225272691301
925.0 0.7760367153533987
925.5 1.63458893602545
926.0 0.7433053610569339
926.5 0.7067720778966451
927.0 0.7959904523877295
927.5 0.8084426992085483
928.0 0.5653239504313126
928.5 0.736755454502335
929.0 1.3798245213457774
929.5 1.2426019957985348
930.0 0.6174232950463518
930.5 0.9831222825961696
931.0 0.9902540212713045
931.5 1.4156675459460324
932.0 0.7010206956066354
932.5 0.7974749328746276
933.0 0.9067447832320901
933.5 1.752614078345999
934.0 1.007984956175857
934.5 0.8619232991311823
935.0 1.7231105745596538
935.5 0.7175986947819732
936.0 0.737064420164377
936.5 0.4695052537181181
937.0 0.7483223729523119
937.5 0.6394245029036603
938.0 1.013430023190941
938.5 0.6940785930376544
939.0 0.9048835685891401
939.5 1.0162083990044843
940.0 0.5491195601596255
940.5 0.9092270842932542
941.0 1.3152784736722702
941.5 1.0428579648661478
942.0 1.228150710888425
942.5 0.5612710442139577
943.0 0.726312053125572
943.5 0.5708461480847792
944.0 0.8795674195282565
944.5 0.6177220106847756
945.0 0.950328376189373
945.5 0.6857051357939697
946.0 0.7071989077448595
946.5 0.8146828528563044
947.0 1.1303255031773614
947.5 0.8877149836556322
948.0 0.5950423518876449
948.5 0.9503178516317665
949.0 0.5476794290774873
949.5 0.8184687695254151
950.0 1.5240071527410293
950.5 1.0804940621921628
951.0 2.0029238765215838
951.5 0.9132071264354793
952.0 0.794796644432743
952.5 0.9711959893154343
953.0 1.0917075746918028
953.5 1.0216961951860075
954.0 1.2177791931825253
954.5 1.3856787887283488
955.0 0.20904629587429402
955.5 1.6983872728638452
956.0 0.9312937969129726
956.5 1.1072241676901824
957.0 0.8694093511574175
957.5 0.9917965287657776
958.0 0.9206439150564423
958.5 0.5404820771004226
959.0 1.4461525665062775
959.5 1.5004306020038545
960.0 0.8858468637206929
960.5 1.5632945208721907
961.0 0.9229942892861918
961.5 0.7232662433545747
962.0 1.6582063900558908
962.5 1.0538074387391805
963.0 0.9418431705134811
963.5 1.6438858746046074
964.0 0.9886046670384233
964.5 1.586826435622309
965.0 0.716018510089478
965.5 0.839723021656789
966.0 1.1901723373580628
966.5 0.5127833743085812
967.0 0.7689311198890417
967.5 1.3120459233089796
968.0 0.9764120417597254
968.5 0.939266993037242
969.0 1.4151762420517766
969.5 1.3236158797665718
970.0 1.0821513382874595
970.5 0.6254564173445651
971.0 0.5279102153806612
971.5 1.5965445081235414
972.0 1.2492013973062117
972.5 0.6090181657378175
973.0 0.4354074068840796
973.5 1.6339097582797857
974.0 1.3608257875805185
974.5 0.6125927045678496
975.0 1.1035025412458712
975.5 1.3889271683761133
976.0 0.8935928236455837
976.5 0.7822036887947634
977.0 0.917750894525571
977.5 1.3944746878377376
978.0 0.4920558000562648
978.5 1.5812491128306516
979.0 1.328799504832757
979.5 0.8478703977791553
980.0 0.4606259455992575
980.5 2.0421529640713745
981.0 0.6435013429946028
981.5 0.40012143263531025
982.0 0.5028901659837249
982.5 1.39364915356229
983.0 0.8219224072226532
983.5 1.1055471980892235
984.0 0.7529205583804455
984.5 1.0815356798242903
985.0 0.5799851134845696
985.5 0.9053475963594919
986.0 1.00025227319702
986.5 0.3375225688402087
987.0 1.001154465736009
987.5 1.484484940771184
988.0 1.2930339764623446
988.5 1.4326886964754135
989.0 2.3740292777453265
989.5 0.893589669684302
990.0 1.6841423644095672
990.5 1.1344188216225417
991.0 0.813321462009631
991.5 0.7634239102914229
992.0 0.7388798412476385
992.5 0.597258467808788
993.0 1.4500505194782423
993.5 0.7141606677771359
994.0 0.9861417482279025
994.5 0.9111038786467389
995.0 0.990755839340346
995.5 0.6971235805138709
996.0 0.7293292343057428
996.5 2.2142057924294174
997.0 1.5089711930686591
997.5 1.1080279941307785
998.0 0.6249710781307084
998.5 0.8511961662113283
999.0 1.8944124741117907
999.5 0.22607091880959018
1000.0 0.9808077735965692
1000.5 1.734992092836289
1001.0 0.8038466815274703
1001.5 1.034966866195589
1002.0 0.9779833883886913
1002.5 1.8361212976960108
1003.0 2.3634052372428256
1003.5 1.2204141312174244
1004.0 1.6536626160270878
1004.5 0.7279612370766806
1005.0 1.1914091231094226
1005.5 1.4516912150798926
1006.0 0.9161571237709086
1006.5 1.0740316142117297
1007.0 1.6308025354262377
1007.5 1.6766652106989124
1008.0 0.9784957419288457
1008.5 0.8035220870410924
1009.0 0.7011431362231546
1009.5 0.7186370974925148
1010.0 0.4776300068082495
1010.5 0.6372703179439743
1011.0 1.2098670945046668
1011.5 0.7137792390605533
1012.0 0.8267743030038386
1012.5 0.8310882686684502
1013.0 0.7444945204883782
1013.5 1.4505693824101547
1014.0 1.235531639514043
1014.5 1.3893329301822321
1015.0 0.8536495330563438
1015.5 0.8111515973867156
1016.0 0.768210859032562
1016.5 0.8213757365785506
1017.0 1.2528788230968204
1017.5 0.7463398805477375
1018.0 1.036467610538587
1018.5 0.8535186246193724
1019.0 1.1397481141300134
1019.5 0.932523637093666
1020.0 0.7249027079038474
1020.5 1.4110906442946332
1021.0 0.7600491098482943
1021.5 1.0381289838566092
1022.0 0.6779182164337023
1022.5 0.7508686865187759
1023.0 0.5951715583768784
1023.5 0.8421897295782856
1024.0 1.199185756524315
1024.5 0.7064570896564811
1025.0 1.1105343063272162
1025.5 0.8136979859620286
1026.0 0.8990733386707574
1026.5 0.860456314487236
1027.0 1.024764237731926
1027.5 1.1974024674098156
1028.0 1.6032388874922177
1028.5 1.2713455805771643
1029.0 0.4674502970970096
1029.5 1.071079858971882
1030.0 0.8297322192440943
1030.5 0.8834227997689779
1031.0 0.7757812894010242
1031.5 1.488847572932257
1032.0 0.6951044160781074
1032.5 1.3869842536645114
1033.0 0.5826995216383298
1033.5 0.8327731126405509
1034.0 1.9687070301614649
1034.5 0.8917424355366751
1035.0 2.8812963739567916
1035.5 1.2210116993776863
1036.0 0.8526175856223177
1036.5 0.7193041058640561
1037.0 0.9116964962862842
1037.5 0.9019443154086397
1038.0 0.9029880546321964
1038.5 0.9110748140180007
1039.0 0.9815416600032332
1039.5 1.566821346505603
1040.0 1.0184779179846206
1040.5 0.8543497253137611
1041.0 1.5369147066319124
1041.5 0.9103221946671013
1042.0 0.7445988472669296
1042.5 1.063780499359714
1043.0 0.8592863755150187
1043.5 1.1613853807665415
1044.0 0.5289465081238125
1044.5 1.4476237781958639
1045.0 1.7488355895386447
1045.5 1.2483714919687352
1046.0 0.8369590204762605
1046.5 0.8416497595088561
1047.0 0.868162511970571
1047.5 1.7566311361968454
1048.0 1.0888661982897425
1048.5 0.5541137600864822
1049.0 1.5855545696053637
1049.5 0.8518029599023993
1050.0 1.362958601771019
1050.5 0.8758379356169668
1051.0 0.8975169278368729
1051.5 0.8165195935496778
1052.0 0.7847090018125631
1052.5 0.8791232561037696
1053.0 0.6996309770179533
1053.5 1.5924745054958698
1054.0 0.6501866409140085
1054.5 0.7079594315725016
1055.0 0.2
1055.5 1.760919207925125
1056.0 0.9151814810196996
1056.5 0.7709552474632457
1057.0 1.0593395912191899
1057.5 1.050992584319642
1058.0 0.4973418394954656
1058.5 0.8754766958063497
1059.0 0.6667440094420285
1059.5 1.3178745539841221
1060.0 1.4492688164058376
1060.5 0.879412342637129
1061.0 1.400116780671652
1061.5 0.795710262514304
1062.0 0.9722000229211982
1062.5 2.3079883684126967
1063.0 2.1686061541696238
1063.5 1.1545134062399964
1064.0 1.637877494075705
1064.5 1.656708231144859
1065.0 1.0091422520043194
1065.5 0.874554264190587
1066.0 1.4821579088929795
1066.5 1.411653007336367
1067.0 1.1908796384272564
1067.5 1.2775659395626264
1068.0 1.2934832078657053
1068.5 2.240676360355387
1069.0 0.6754385934336539
1069.5 1.1167765934615044
1070.0 1.1579717758045995
1070.5 1.2444815061313732
1071.0 1.0487929829008324
1071.5 1.7947287949382824
1072.0 0.8990687056107826
1072.5 1.095283864766857
1073.0 1.1539335507865598
1073.5 1.2181698041387254
1074.0 1.2265072832747883
1074.5 0.9160610055999077
1075.0 1.3137266654963602
1075.5 1.0166318537872872
1076.0 0.6896744247357864
1076.5 0.6637327951313408
1077.0 0.8800130163341842
1077.5 0.587117800076165
1078.0 1.0260824095684622
1078.5 0.6184463822831943
1079.0 0.669140215261466
1079.5 0.939459088830551
1080.0 0.6488979327193964
1080.5 1.1600651425704438
1081.0 2.149121492979317
1081.5 0.6896647647326919
1082.0 0.8265384922489396
1082.5 0.9704246498257887
1083.0 0.6358557958034449
1083.5 1.4411643455637895
1084.0 1.8825719596107344
1084.5 0.7481805353822393
1085.0 1.3517754846636951
1085.5 0.9670650495635658
1086.0 1.4675303696903885
1086.5 1.2777605109528078
1087.0 0.4096672663672857
1087.5 1.0223283432437957
1088.0 0.751799019186961
1088.5 0.4578723357496257
1089.0 0.8778354260955297
1089.5 1.4975763313145547
1090.0 1.0035469973008129
1090.5 0.743261900030882
1091.0 1.4528563837400665
1091.5 0.6279462406320646
1092.0 1.9805362010101333
1092.5 1.602446673800717
1093.0 1.1257429230953264
1093.5 2.120457242481175
1094.0 1.069337182617907
1094.5 1.5129998310096573
1095.0 0.925591996406237
1095.5 1.2180857631924527
1096.0 1.1401520125504712
1096.5 0.8534949454384413
1097.0 1.1378037166978596
1097.5 1.9729776153479304
1098.0 1.0973958782941433
1098.5 1.404653754592267
1099.0 1.5019464545427683
1099.5 0.5948739182055476
1100.0 0.7358696745706081
1100.5 0.5859130668378186
1101.0 0.9603245988007794
1101.5 1.386164041740948
1102.0 0.9058395209001631
1102.5 2.1256557949945756
1103.0 0.9341804715597049
1103.5 0.8380249067821439
1104.0 1.2506598667215079
1104.5 1.8201869127057422
1105.0 0.8659176505104151
1105.5 0.6585917539356978
1106.0 1.07559922173248
1106.5 1.4280544721531065
1107.0 1.8650908731522267
1107.5 0.5650145373926053
1108.0 1.0480311150794537
1108.5 0.7518763179375321
1109.0 1.0654124214324021
1109.5 0.8418137120181586
1110.0 0.8725284825489166
1110.5 1.64866698338873
1111.0 0.882006572317924
1111.5 0.9128537681490143
1112.0 1.5196155242400935
1112.5 0.2909236939586213
1113.0 0.8185604419292394
1113.5 1.3429077066776296
1114.0 1.2941683753193762
1114.5 0.623951553884877
1115.0 0.676842418768901
1115.5 1.4532290702440003
1116.0 0.6411841022071292
1116.5 1.0125116148228903
1117.0 1.0081031512196899
1117.5 0.7343620844419272
1118.0 1.235488096979672
1118.5 1.5456192702167004
1119.0 1.051053778369808
1119.5 1.5338442208566305
1120.0 1.7953832390718425
1120.5 1.6613223228823908
1121.0 1.109537514038004
1121.5 1.242958920202934
1122.0 1.542273718154452
1122.5 1.137106695604371
1123.0 0.558095288126609
1123.5 0.4643080203877629
1124.0 0.8518664974743171
1124.5 0.951119944235904
1125.0 0.7112411392883073
1125.5 0.7479721654372673
1126.0 0.603311901261567
1126.5 1.0131459627008608
1127.0 1.4770959551185916
1127.5 0.7985600098878722
1128.0 1.1094847967808723
1128.5 1.3246699470179464
1129.0 0.38755684757838915
1129.5 1.1217311487076789
1130.0 0.6105388180376907
1130.5 0.8738275215598512
1131.0 0.41931650759301653
1131.5 0.8742820355858874
1132.0 0.855576363408139
1132.5 1.0654295086424206
1133.0 0.8429261600385711
1133.5 0.9576279000865479
1134.0 1.0002481023639678
1134.5 1.0761842516888271
1135.0 0.8439124082384497
1135.5 1.8185493449422867
1136.0 0.2
1136.5 1.1176115637919695
1137.0 1.201827765576322
1137.5 1.3014689571801434
1138.0 0.6996371387406601
1138.5 2.2620608303471883
1139.0 0.7537645102571253
1139.5 1.3806840740666169
1140.0 1.9335498774096793
1140.5 1.245791259948148
1141.0 0.6186807168519293
1141.5 0.49581784517515204
1142.0 1.4180553328325889
1142.5 1.0954108374828937
1143.0 1.5109816543954486
1143.5 2.808940844293361
1144.0 1.5056934187529174
1144.5 0.8074333421949906
1145.0 0.940734937962769
1145.5 0.729946367210035
1146.0 0.7936851422593956
1146.5 1.3221887277282476
1147.0 2.298091747072728
1147.5 0.5353755981230595
1148.0 0.2
1148.5 1.3181557966285689
1149.0 1.0210478568487713
1149.5 0.2
1150.0 1.0219133736646664
1150.5 1.8408455287441248
1151.0 0.604985582876701
1151.5 0.5709384398055344
1152.0 0.4957440848983318
1152.5 0.9761835465757231
1153.0 0.4895785424551714
1153.5 1.1474887357544934
1154.0 1.045138649413334
1154.5 0.6850264765572087
1155.0 1.4635430362217199
1155.5 1.0625942723612531
1156.0 0.7430840334781175
1156.5 0.5770630715012091
1157.0 0.32929519672749435
1157.5 1.269798387007789
1158.0 0.9794723258099889
1158.5 1.3627985532088498
1159.0 0.8127869923051838
1159.5 1.334904405904449
1160.0 0.7262612710191827
1160.5 2.003117183462263
1161.0 0.7947228644990738
1161.5 0.9419580107318806
1162.0 1.3130887369996378
1162.5 1.6251688922186731
1163.0 1.1396824166719575
1163.5 0.8171860451646428
1164.0 2.7970879819458343
1164.5 1.109142560867404
1165.0 1.3549233006441446
1165.5 2.2694737864255177
1166.0 0.5824748815057609
1166.5 1.9046755364484746
1167.0 1.7921987227105556
1167.5 1.1133394749481793
1168.0 0.6630797725376311
1168.5 0.6745706155189295
1169.0 1.7935989161750325
1169.5 0.8573193851274664
1170.0 0.9318443225641125
1170.5 1.090390740835152
1171.0 1.0857689147631435
1171.5 0.7445620913585607
1172.0 1.1776338879337411
1172.5 1.0160559491603425
1173.0 1.5601060091310717
1173.5 0.6557975374497126
1174.0 1.3086438908829765
1174.5 0.7058571073200186
1175.0 0.6621843334340325
1175.5 1.4180979427200282
1176.0 1.2443742134996036
1176.5 0.6043167368834044
1177.0 1.454009075786857
1177.5 1.1316094123324358
1178.0 1.2358215139480264
1178.5 0.8510017013746758
1179.0 2.0345299317417394
1179.5 0.8816946245207413
1180.0 0.9799179838971812
1180.5 0.591578234965602
1181.0 0.8705071610444755
1181.5 1.4896178616131857
1182.0 1.8610791893425302
1182.5 0.7260061220914703
1183.0 0.5592253511795593
1183.5 0.332180281543925
1184.0 0.9597112723640118
1184.5 0.6076882271784975
1185.0 1.655625342453571
1185.5 0.7240305993934737
1186.0 0.9793892484678984
1186.5 0.6991108236013494
1187.0 1.1647799732021837
1187.5 0.8322979710655766
1188.0 0.3635660786784587
1188.5 0.28986271815251685
1189.0 0.5912793762185004
1189.5 1.6146297577082733
1190.0 0.8673105330076187
1190.5 0.7401008034472425
1191.0 1.181527681428318
1191.5 2.357715572928166
1192.0 1.4409293691462937
1192.5 1.080131345264696
1193.0 1.1005089564782429
1193.5 1.0290973543773616
1194.0 1.0680409764711747
1194.5 0.8930051178795213
1195.0 1.5103262254082082
1195.5 1.5139633534678656
1196.0 1.7015590020621099
1196.5 1.4912447987695192
1197.0 1.3874987427696057
1197.5 1.0474451242613336
1198.0 1.0024295820906888
1198.5 1.3729292303616287
1199.0 0.5080404841706916
1199.5 0.9594387641649491
1200.0 1.044253127139501
1200.5 1.230972655979248
1201.0 1.2087189863893673
1201.5 0.7800010807393304
1202.0 0.8485601378405212
1202.5 1.4435880341136058
1203.0 1.10153935219289
1203.5 0.6265019231449398
1204.0 1.3708797103792973
1204.5 1.200244115124316
1205.0 0.6012834721401525
1205.5 0.9601441312712955
1206.0 0.6467001722804449
1206.5 1.69569788805182
1207.0 1.1994812896378881
1207.5 0.9011330163795221
1208.0 1.5609481840826631
1208.5 1.9854326686388588
1209.0 1.3433298373232958
1209.5 1.6087506330889052
1210.0 1.0197995486518971
1210.5 1.1182284118583483
1211.0 1.4421287790805342
1211.5 0.4506288094620825
1212.0 1.5236429211667808
1212.5 1.3688201978182266
1213.0 0.2
1213.5 1.1457125741244345
1214.0 0.8322370027594288
1214.5 1.0594484587093074
1215.0 0.6904449222238233
1215.5 1.629402415073471
1216.0 0.919044789000887
1216.5 0.40041756734909123
1217.0 0.6945123892455416
1217.5 1.8632352814695858
1218.0 1.7895688533597094
1218.5 1.2229849843822957
1219.0 1.9531030855637146
1219.5 1.3586327454163936
1220.0 0.8557644656718322
1220.5 1.1261547383646717
1221.0 1.4308342975143633
1221.5 1.0566953879588876
1222.0 0.8892657565161666
1222.5 0.7185874670693386
1223.0 0.7551012502067256
1223.5 1.0727854948727389
1224.0 1.229416099421312
1224.5 0.7870462458966724
1225.0 1.112451413188335
1225.5 1.032671570966759
1226.0 0.9248202326825734
1226.5 1.1178488349751847
1227.0 0.9977142187474319
1227.5 0.9865705427895818
1228.0 0.4515852073096742
1228.5 1.2166152457536106
1229.0 0.7790353832815442
1229.5 0.7482551093778893
1230.0 0.8764999443326169
1230.5 0.4646985268457371
1231.0 1.2903765659722284
1231.5 0.9676396626204011
1232.0 1.6513395491078477
1232.5 0.9220895525996775
1233.0 1.0347800058819907
1233.5 1.5972031181919666
1234.0 1.3982758662399144
1234.5 0.38131949008135413
1235.0 1.816109506286321
1235.5 1.899148304909603
1236.0 1.647708164805636
1236.5 0.7365692432451737
1237.0 1.2932667904205082
1237.5 0.6294358089140264
1238.0 0.5310176080756689
1238.5 1.8325248435336015
1239.0 1.3150111123486166
1239.5 1.0874200460710375
1240.0 2.071843817752845
1240.5 0.2
1241.0 1.2496764863458552
1241.5 0.788164615008844
1242.0 1.716772019252898
1242.5 0.6074787164851072
1243.0 0.8848723056279588
1243.5 0.908206982072491
1244.0 0.9544906471006573
1244.5 1.455874075168612
1245.0 0.769870090772774
1245.5 0.4728160512176019
1246.0 1.8278628797304999
1246.5 1.1911114778565524
1247.0 1.6079433954056312
1247.5 1.1883576432827834
1248.0 1.1854250139694713
1248.5 1.2593350871255673
1249.0 2.853442371160125
1249.5 0.9366737308608846
1250.0 0.7150452707428654
1250.5 0.9541474712699198
1251.0 1.0296918377340136
1251.5 1.0092509715124809
1252.0 0.7232117274027013
1252.5 1.1987273012816442
1253.0 1.365709504841507
1253.5 1.5110580409364542
1254.0 0.7070160340943472
1254.5 1.2948598010003307
1255.0 1.6096924411540616
1255.5 0.8476534977967101
1256.0 1.0985280350197502
1256.5 1.2504920616659705
1257.0 0.926348392902965
1257.5 1.3821173264488635
1258.0 1.740807771111752
1258.5 0.2478568115531074
1259.0 0.7437819655060434
1259.5 1.767746610816482
1260.0 1.2493619651059245
1260.5 0.6677666916339169
1261.0 1.5395394136130047
1261.5 0.7589879822685048
1262.0 0.7313571955020748
1262.5 1.3285785195686386
1263.0 2.4294017807707253
1263.5 0.7031479375656143
1264.0 0.576746062983863
1264.5 1.8300791099378255
1265.0 1.2825890698153306
1265.5 0.3135347723021782
1266.0 0.7929700062927233
1266.5 0.7140878579335173
1267.0 1.39801256255876
1267.5 1.5137204520930578
1268.0 0.9661690731565398
1268.5 1.7520329444526501
1269.0 1.0208337797389417
1269.5 0.7711601725520203
1270.0 0.8429312571453382
1270.5 2.183940158068369
1271.0 0.6079056894278555
1271.5 1.0117196747604686
1272.0 1.9396201180997403
1272.5 1.7614838219524094
1273.0 0.873963393751028
1273.5 1.103999870541086
1274.0 1.497085709878014
1274.5 1.2061422768923724
1275.0 1.0662696727079668
1275.5 1.4657805806883428
1276.0 2.251961025463851
1276.5 1.5743088850064306
1277.0 0.8694696400585842
1277.5 1.0768824919181337
1278.0 1.2317337983554357
1278.5 0.9361957860513574
1279.0 1.536521389434787
1279.5 0.7485039679866416
1280.0 0.8154291047708391
1280.5 1.6748665950908266
1281.0 1.038900820410859
1281.5 1.8320095472075613
1282.0 0.99420437307817
1282.5 0.4780836513510984
1283.0 0.7633936989879999
1283.5 0.6889423454507919
1284.0 1.0521265297138138
1284.5 0.9009898743722868
1285.0 0.7478590698963588
1285.5 0.736799230468567
1286.0 1.3385046609461422
1286.5 1.431623540470249
1287.0 1.0478941303659872
1287.5 0.9191152382429972
1288.0 1.3267415268917684
1288.5 1.3109754691996738
1289.0 0.9980269907042392
1289.5 1.1245110682646453
1290.0 1.1238627585597096
1290.5 0.6230892242880807
1291.0 0.6678129068914185
1291.5 0.7607716320083868
1292.0 0.6188811770823726
1292.5 0.33801309651203987
1293.0 0.7028170216459315
1293.5 1.8622715499813007
1294.0 1.0532094124675628
1294.5 1.0145813756956241
1295.0 0.998183154198643
1295.5 1.7578550425436994
1296.0 1.0308014724196808
1296.5 1.092143903787326
1297.0 0.6472920615001665
1297.5 0.8933892474406122
1298.0 1.3590738880895366
1298.5 1.2291280320450373
1299.0 0.36896110421750533
1299.5 1.1014116886500533
1300.0 0.590769698372416
1300.5 1.55549572244462
1301.0 1.1019518658244003
1301.5 1.4198995250035082
1302.0 1.2028911931988302
1302.5 1.051874087422667
1303.0 1.6740917300835756
1303.5 0.7207402719058558
1304.0 1.9805256618374818
1304.5 0.6838639259341897
1305.0 1.0586089648739379
1305.5 0.5364354830357085
1306.0 1.2931296585333523
1306.5 1.703449871006697
1307.0 1.23446484975447
1307.5 0.2
1308.0 1.6782104615043454
1308.5 0.9699709787294126
1309.0 0.9983400692251624
1309.5 0.970629036161121
1310.0 0.2
1310.5 1.2463176451407965
1311.0 2.3587004349454554
1311.5 1.2083086217236925
1312.0 1.7417208318646684
1312.5 1.5135203374968844
1313.0 1.4035956719037554
1313.5 1.559788321126995
1314.0 2.103839652783306
1314.5 1.6088260944003656
1315.0 1.3810470835539874
1315.5 0.6923086143916972
1316.0 1.6907478424318667
1316.5 0.8077674928480735
1317.0 1.7816682364934686
1317.5 0.7321787496164358
1318.0 0.6970944904211911
1318.5 0.9955988849835269
1319.0 0.5909757978463699
1319.5 0.8779160867572975
1320.0 1.062942825948036
1320.5 1.3582590876684457
1321.0 1.1261833613224566
1321.5 0.78729187028436
1322.0 0.7198880837650372
1322.5 0.9727984297067771
1323.0 1.8602222682708092
1323.5 0.3116407141766693
1324.0 0.6862771708910387
1324.5 0.879615856512121
1325.0 0.7147274208317602
1325.5 0.6782171825322267
1326.0 0.3966618297883677
1326.5 1.435295718826659
1327.0 0.9981656759211235
1327.5 1.194033806918172
1328.0 0.8612762848324567
1328.5 1.1609907880377588
1329.0 1.5875361923454836
1329.5 1.0215076221147599
1330.0 1.815089079334598
1330.5 1.4407721341825894
1331.0 1.3727029278229055
1331.5 1.342065661925874
1332.0 1.1353106353751048
1332.5 1.5111214030870594
1333.0 0.8102368180817681
1333.5 1.400372027202042
1334.0 0.6247546182422038
1334.5 0.7228616896200375
1335.0 1.6227587399046608
1335.5 0.9556301908429858
1336.0 2.4375066324378354
1336.5 0.4292033843124705
1337.0 1.520570630256618
1337.5 1.8203966086283607
1338.0 0.8807003981502106
1338.5 1.5577923781110234
1339.0 1.3196347631725849
1339.5 1.0475458468857146
1340.0 0.8950465031537843
1340.5 1.186827161430116
1341.0 0.7486612498967258
1341.5 0.6587780614844994
1342.0 1.1173830564246725
1342.5 1.2801653795392516
1343.0 1.52816738235179
1343.5 2.0010493751461977
1344.0 1.527782535373499
1344.5 1.5139993799461537
1345.0 0.8740898419689473
1345.5 0.7104582955460415
1346.0 0.5909325440259998
1346.5 0.7454898300334586
1347.0 1.0759101404588138
1347.5 0.7071198765886721
1348.0 1.7251942524033566
1348.5 2.3378018478555576
1349.0 1.5763774975642617
1349.5 1.3890004725831517
1350.0 0.9250728894891549
1350.5 0.47959565694247397
1351.0 1.049005716569539
1351.5 0.9031491778680923
1352.0 1.6934839106157444
1352.5 0.8220133387573606
1353.0 2.036861639096478
1353.5 1.1872485184487753
1354.0 1.1141322083842897
1354.5 0.9847416708981347
1355.0 1.3272735900389252
1355.5 2.022842999994937
1356.0 0.7874647842397179
1356.5 0.5242111012641433
1357.0 0.6880514123543396
1357.5 0.9100070027823395
1358.0 1.1813196284717626
1358.5 0.8113778292128176
1359.0 1.7471287597415168
1359.5 0.9041632267326329
1360.0 1.270519753793993
1360.5 1.1520418765681688
1361.0 1.3898999241165164
1361.5 1.1887613353145965
1362.0 0.9264242533404734
1362.5 0.7171984266571736
1363.0 1.4830386986569044
1363.5 1.3271393179016755
1364.0 0.6650208157065114
1364.5 0.5022921716948706
1365.0 1.196209384017748
1365.5 1.2972344070379962
1366.0 0.9218405929747464
1366.5 0.962260572618186
1367.0 0.884042637593317
1367.5 1.4650870251172716
1368.0 1.0275819799334722
1368.5 0.5058675445665306
1369.0 0.6380957861014573
1369.5 1.0052026485155823
1370.0 1.0982972393093524
1370.5 0.7479964032569342
1371.0 1.2858091809904215
1371.5 0.6620996332336364
1372.0 1.2796267666748005
1372.5 0.2
1373.0 1.2959349846371093
1373.5 2.445827111087733
1374.0 1.0100748345620727
1374.5 1.5791776404606048
1375.0 0.718991679801116
1375.5 1.0251879042007166
1376.0 0.8844743164806546
1376.5 0.8073085086047721
1377.0 0.8339228162478813
1377.5 0.9821218782734987
1378.0 1.1528532363866428
1378.5 1.8473966248835618
1379.0 0.8405655485962977
1379.5 0.7841882590354301
1380.0 1.2527576658840287
1380.5 1.4740639897887697
1381.0 1.4095435269528733
1381.5 1.1994476526456772
1382.0 0.7811703860396295
1382.5 1.334605898348776
1383.0 0.9794938760138758
1383.5 0.8647317913179831
1384.0 0.663870940130914
1384.5 0.27146454152242794
1385.0 0.7988270461044277
1385.5 0.5505680230082198
1386.0 1.0618406541211431
1386.5 0.7458629416806923
1387.0 1.5950585847098198
1387.5 0.641427733463716
1388.0 0.6759598993486591
1388.5 1.3011164509194062
1389.0 1.8264103369995188
1389.5 1.1187741274123826
1390.0 0.9379537474566471
1390.5 0.7671093126262647
1391.0 1.4314293688075914
1391.5 0.5442730667421802
1392.0 1.443549550933204
1392.5 2.054913100055299
1393.0 0.8399811057377057
1393.5 1.3995075665317147
1394.0 1.3247980215843336
1394.5 0.4656323270620755
1395.0 1.6164477184463788
1395.5 2.524578401801476
1396.0 1.8129285478814205
1396.5 0.9725036630384167
1397.0 0.6530206314376408
1397.5 0.5648770151347093
1398.0 1.9833666351338537
1398.5 0.7706259897209845
1399.0 1.5158634530201764
1399.5 0.6503803625176358
1400.0 1.0513059598614516
1400.5 0.8970631032621064
1401.0 2.088353298355217
1401.5 1.1776040920212631
1402.0 1.3664042854856904
1402.5 0.7982125160023535
1403.0 0.6115468060948279
1403.5 2.1577159862633994
1404.0 1.3820807599016982
1404.5 0.982762073141084
1405.0 0.7129796858362507
1405.5 0.7887008646115896
1406.0 0.9279303562608434
1406.5 1.5832831856518168
1407.0 0.9476866434337979
1407.5 1.2358567415760013
1408.0 0.7692805267699725
1408.5 0.7173597469201001
1409.0 0.8322705556542866
1409.5 0.6578616206552019
1410.0 0.9884985125920442
1410.5 1.3532351662759798
1411.0 1.1565734745672056
1411.5 0.6994442941872032
1412.0 0.7940447629400865
1412.5 1.5712519156596243
1413.0 0.5963232351557177
1413.5 2.0441985309135604
1414.0 0.6148257829987109
1414.5 1.236793026893968
1415.0 0.7256246958532817
1415.5 1.6828895008608908
1416.0 0.39208517683947275
1416.5 0.7267980855459678
1417.0 1.9032507379100276
1417.5 1.8790149327348726
1418.0 0.8461014184347027
1418.5 1.078723275951682
1419.0 0.6502436178211946
1419.5 0.8117162797892837
1420.0 0.7740328063556783
1420.5 0.7673669111326542
1421.0 1.3875712247091987
1421.5 1.2561058127917653
1422.0 0.9864176018504667
1422.5 0.6625422806238123
1423.0 0.824922761241895
1423.5 1.0032618603253165
1424.0 0.6407282481885811
1424.5 0.704889037892297
1425.0 1.3251003041841876
1425.5 1.068228739571712
1426.0 1.0052724572608225
1426.5 1.2866271820183475
1427.0 1.9990028823213497
1427.5 1.376250113454215
1428.0 0.5710281467755907
1428.5 0.6684374182188874
1429.0 0.9523509930092116
1429.5 0.5861882149338309
1430.0 0.6973161218665237
1430.5 0.608952680416172
1431.0 1.0077112925254847
1431.5 0.3977567714967336
1432.0 0.6380156459591848
1432.5 1.3676321528678894
1433.0 0.687006188722669
1433.5 0.9979147598437454
1434.0 2.1121532157542826
1434.5 0.9928034161425239
1435.0 0.6076535268482978
1435.5 0.2
1436.0 0.7529246545859405
1436.5 1.7895789971229341
1437.0 1.1362030231280895
1437.5 1.1044688077384917
1438.0 1.3087619348578063
1438.5 0.5615213974612998
1439.0 0.6828236895489342
1439.5 0.6543137925351796
