0 0.9480239821552561
0.5 0.4053789967703657
1.0 1.2621742664316191
1.5 1.0900176452431343
2.0 1.5573170469093656
2.5 1.2817698570761218
3.0 0.7923575418675273
3.5 0.774560345611501
4.0 1.023197074681627
4.5 1.912285910717721
5.0 1.3531300256147836
5.5 1.3049444591361359
6.0 1.3234917271707605
6.5 1.0464182317766086
7.0 0.6680215030327472
7.5 0.6531200731247344
8.0 1.3360368875718853
8.5 1.1180923395114435
9.0 0.7641066378891264
9.5 1.1065462085739377
10.0 0.5955900157960198
10.5 1.6947834415861314
11.0 0.9542186089144487
11.5 0.8605855003407705
12.0 1.2890622835992853
12.5 1.068483494704327
13.0 0.8001328279368409
13.5 0.71814083991364
14.0 1.3252138352425673
14.5 0.545692161463841
15.0 0.7640995790000488
15.5 2.424104249040939
16.0 1.161695706058687
16.5 2.4954287678221445
17.0 1.3564859993814777
17.5 1.9405055255062393
18.0 1.9607115753037005
18.5 1.4726624036277716
19.0 1.2250212114837087
19.5 2.0033591453977904
20.0 1.3735952879773066
20.5 0.9561933208926447
21.0 1.3460944874989504
21.5 0.4711601190040993
22.0 0.2
22.5 0.7135954953143601
23.0 1.1758529384478256
23.5 1.9514948187341372
24.0 1.0159533863987806
24.5 0.8606706649800417
25.0 0.4464701320395712
25.5 1.106386316489448
26.0 0.8044253491197693
26.5 0.3190449207567615
27.0 0.8653789331653674
27.5 0.880749925890874
28.0 0.951445441229873
28.5 1.4833291100649117
29.0 1.1208256395955174
29.5 1.383145094577413
30.0 0.7627972769543128
30.5 1.2072033043293895
31.0 0.7688071596875536
31.5 1.0374204018563842
32.0 0.6444418201091089
32.5 1.166523720922439
33.0 1.109912906614201
33.5 1.6802915152866116
34.0 1.1870264283907053
34.5 0.6065636891566916
35.0 0.9872923743676278
35.5 0.6678855047602112
36.0 1.1785330283512898
36.5 1.178275652426191
37.0 1.4877611309717151
37.5 0.6025089695567462
38.0 0.8031989441758614
38.5 1.4551940001835297
39.0 0.7108080786850228
39.5 1.6616046555351187
40.0 0.7061417130854706
40.5 0.7753098712723381
41.0 0.6185452885617095
41.5 1.0536015324935055
42.0 1.110574849474231
42.5 0.47837307959028674
43.0 1.1581898065244691
43.5 1.097847500846607
44.0 1.2190650805566712
44.5 1.3300278585749448
45.0 0.2
45.5 0.7554913739067118
46.0 1.570938730658093
46.5 0.7614902897393298
47.0 1.206511596642521
47.5 1.1781965473647744
48.0 1.128353644116789
48.5 0.6826729472012733
49.0 0.6907442155416668
49.5 1.149448238463764
50.0 1.4520521827388295
50.5 0.5338463760738743
51.0 1.3656196644755443
51.5 0.7389351196566712
52.0 1.602567448938481
52.5 0.8819597824300109
53.0 0.8125038375933782
53.5 1.03878421508558
54.0 1.187803680058281
54.5 0.8156064547684267
55.0 0.6669523052229337
55.5 1.5084230006885608
56.0 0.6209299024975874
56.5 1.2901691434271676
57.0 0.5865551252331465
57.5 1.0625776979549022
58.0 0.6660400928297121
58.5 0.7226000109746304
59.0 0.6397004052621401
59.5 1.3105747061405006
60.0 1.2693042163115564
60.5 1.8582910347743002
61.0 1.0502353428571998
61.5 1.2052293232076516
62.0 2.3848420986499224
62.5 0.7154058738260459
63.0 1.300602220921737
63.5 0.3141439875416032
64.0 1.8728915131377835
64.5 0.493223336292394
65.0 2.2405452352525264
65.5 0.6648130388761433
66.0 0.830915348828389
66.5 0.7230735635264314
67.0 0.9132508939356976
67.5 0.8683299998049969
68.0 0.605448053822764
68.5 0.4282343578113841
69.0 1.089732571409073
69.5 0.9476524201162135
70.0 0.8289990437773516
70.5 0.6505991509658327
71.0 0.8454709336354738
71.5 0.6259960488358443
72.0 1.9646482127227582
72.5 0.76196101589702
73.0 0.5027779885176156
73.5 1.3544837296811039
74.0 0.4350579939379843
74.5 0.7468322926158013
75.0 1.1892300080985803
75.5 1.1282542933252055
76.0 0.645022662120031
76.5 0.8603189223382983
77.0 0.9093629380049709
77.5 2.133386488028444
78.0 1.3254196922948638
78.5 1.1864839948553851
79.0 0.7397230542341675
79.5 0.20904197187915252
80.0 1.114803704022158
80.5 1.6084554478587416
81.0 0.6981971749255134
81.5 0.8589160592327874
82.0 0.8609985196896401
82.5 0.3962130289446447
83.0 1.0032162334502503
83.5 0.7966347107707399
84.0 1.6808214107664066
84.5 1.4709990695133324
85.0 0.43751263358264836
85.5 0.5540062799907741
86.0 0.6877941299639265
86.5 1.4342097926846629
87.0 1.4472469331000646
87.5 1.8647126252716566
88.0 0.3970592564834992
88.5 1.295070606067569
89.0 0.863976155534378
89.5 0.8958171035219695
90.0 0.9734258933541968
90.5 0.7012073989709049
91.0 1.6000970633074587
91.5 0.7533056897553707
92.0 0.828400766272049
92.5 0.7411112769278585
93.0 1.3083735116820656
93.5 1.3282193834253113
94.0 1.7273988332063148
94.5 1.7171674783954272
95.0 1.3141581128336457
95.5 0.6495339309638503
96.0 1.2644572135317664
96.5 1.2080668199365756
97.0 1.149917480843256
97.5 1.6671182858883289
98.0 1.0850124166638269
98.5 1.3939282270026134
99.0 1.4104690784127252
99.5 0.24248385289563312
100.0 0.9952493234471839
100.5 0.6413101089162531
101.0 0.9079492780855615
101.5 1.4838749842158676
102.0 0.5841111623619306
102.5 0.6042795754979657
103.0 1.2056849587912282
103.5 0.7696566355446635
104.0 1.938363429487509
104.5 1.3598660107502765
105.0 0.6237775191104777
105.5 0.4124131726763349
106.0 0.7567956933637803
106.5 1.1569684335994719
107.0 0.7521876860229906
107.5 1.083236124705392
108.0 0.6375584225152031
108.5 0.2
109.0 1.703461615579497
109.5 2.2466350660630208
110.0 0.5184881173206424
110.5 1.8125093123331597
111.0 0.9736567728263603
111.5 0.9340316963801946
112.0 0.8768533656088848
112.5 0.7279151329869442
113.0 1.47032204628557
113.5 0.8184667886444549
114.0 2.322225527119853
114.5 0.7774205776685383
115.0 1.7896790933367437
115.5 0.7234249866720122
116.0 1.380277931987798
116.5 1.2414457813917459
117.0 0.8619664079840375
117.5 0.550728584936348
118.0 1.2037331968124048
118.5 1.1448227184152735
119.0 1.0616893694743887
119.5 0.6273829814740521
120.0 0.805147395200198
120.5 1.323460569997469
121.0 0.9031690222678034
121.5 1.7970169792519743
122.0 1.3215038834179416
122.5 0.2
123.0 1.719964682775128
123.5 0.8580024498260073
124.0 1.2076960004845096
124.5 0.7739707937384623
125.0 1.059274714058846
125.5 1.452946184274854
126.0 1.5165540679036977
126.5 1.8289329366429592
127.0 1.1521960136025022
127.5 0.6304489769136292
128.0 1.902926705376669
128.5 1.1656670160704508
129.0 1.025147939306716
129.5 1.3644361058757148
130.0 1.0228145547304475
130.5 1.3925083040858046
131.0 0.857490878139227
131.5 1.076248613490482
132.0 0.9185657207943906
132.5 0.9533906388115343
133.0 1.4128727204529439
133.5 1.69288571058904
134.0 2.015515153826154
134.5 1.8451660971613038
135.0 1.5259685198292412
135.5 0.8564096071162549
136.0 0.5123618973159279
136.5 1.977995780030941
137.0 1.1290870021951913
137.5 1.006446794493605
138.0 0.7744425298161007
138.5 1.5421884799767285
139.0 0.7916949925197427
139.5 1.2551306438857874
140.0 1.1549229115161048
140.5 1.1061285837394332
141.0 1.039223966631602
141.5 1.419448404098304
142.0 0.7701931884617929
142.5 1.9886914489397682
143.0 0.7114846610108512
143.5 1.2624292939537098
144.0 1.0586429338535845
144.5 1.2167441085350936
145.0 1.0082515715077771
145.5 1.428878887493397
146.0 1.160518514160614
146.5 0.7103993083767911
147.0 1.5180114978436732
147.5 1.154414327633522
148.0 1.6114219581648772
148.5 0.902123804750107
149.0 1.2910912543338509
149.5 0.7176917635812405
150.0 0.45379372662355844
150.5 0.7451619607989045
151.0 0.6590787734624105
151.5 0.24333249785994443
152.0 0.784509734452983
152.5 1.335056261030453
153.0 1.2468152506120695
153.5 1.2982267755079775
154.0 1.3894788234057835
154.5 0.8813675514174902
155.0 1.969408770604855
155.5 0.9773244845248286
156.0 0.9462202039883605
156.5 0.9717266924510888
157.0 1.289692768421035
157.5 0.8992124735521968
158.0 1.35093473373031
158.5 0.9705683797659501
159.0 1.1097807420987886
159.5 1.6593655799038336
160.0 0.6457916032596646
160.5 0.9488652195446072
161.0 1.1045336135007342
161.5 1.0199468736713508
162.0 0.963584111146885
162.5 0.7774805181644466
163.0 0.8443594140586539
163.5 1.0124779066090015
164.0 0.7539827910689452
164.5 0.420203867650613
165.0 1.3500284506686822
165.5 0.523096242393264
166.0 0.7080167489136657
166.5 1.1922769560164777
167.0 0.5591895251641844
167.5 0.2562827453385263
168.0 1.5596130120591156
168.5 1.1680113512345263
169.0 0.6350336778325352
169.5 0.49623456016467965
170.0 1.68411847102302
170.5 0.9372352894252014
171.0 1.7813400175223821
171.5 1.382011233263521
172.0 1.2629385854955884
172.5 0.3277389180838737
173.0 1.117711271291321
173.5 0.5572157854327177
174.0 1.0337303358799619
174.5 1.0746643551985717
175.0 1.0033338063814887
175.5 2.2848038362322574
176.0 1.1145496648403994
176.5 0.6181930846809036
177.0 1.3345276610457952
177.5 0.8763082465750995
178.0 1.2555659033624182
178.5 1.228993209613943
179.0 0.8207758230672162
179.5 1.0150589341253853
180.0 0.7428309227799286
180.5 1.3566466203016803
181.0 0.7354016504100974
181.5 0.5935489416108478
182.0 1.4685125145202331
182.5 0.9004279436292033
183.0 2.0883195435801882
183.5 2.035272003853531
184.0 2.0093854929796318
184.5 1.3519950870699873
185.0 0.5044548880875567
185.5 1.7501602170530903
186.0 0.7403260600399817
186.5 1.3153252916427567
187.0 1.5934639912939137
187.5 0.9371605808373622
188.0 0.5921502685736482
188.5 0.8426524698211835
189.0 1.4991623674118146
189.5 1.2784913339657948
190.0 1.4200734797739845
190.5 0.8772856015460124
191.0 0.48208627044033997
191.5 0.2409732881791467
192.0 0.9872009953283012
192.5 1.8791800969683972
193.0 0.7907188571428847
193.5 1.3452720125261446
194.0 0.3372588245314915
194.5 0.9664267827835007
195.0 0.9511177789998362
195.5 0.9865934128999931
196.0 0.7923674036984012
196.5 1.2896002075805502
197.0 1.6130223078290746
197.5 1.0185098108571349
198.0 0.9665343309004308
198.5 1.0162317054604213
199.0 1.4141481626635999
199.5 0.8081856181329949
200.0 0.8576510034760194
200.5 0.7302857809211791
201.0 0.7425808999982939
201.5 0.38074227200611444
202.0 1.9895166422081385
202.5 0.6377708748429233
203.0 0.8531921753012403
203.5 0.85312528016442
204.0 1.1861941220135055
204.5 0.8066095252446195
205.0 0.7123738993021056
205.5 0.9497651918525831
206.0 1.178585757147419
206.5 1.1167538672486894
207.0 0.42347612207452023
207.5 0.8258613360782687
208.0 0.9375179442219108
208.5 1.0700788970167125
209.0 0.5494397893921806
209.5 0.8755180125074424
210.0 1.2405963188147922
210.5 0.7956123777705407
211.0 1.6399312655753902
211.5 1.262014560175323
212.0 2.7227413363977053
212.5 1.7304398178258849
213.0 1.6620014959505929
213.5 1.4147598572269902
214.0 1.32491543862039
214.5 0.7510880961838069
215.0 0.49362245953044537
215.5 1.6918565580798572
216.0 1.4218685133649056
216.5 0.8501009511690971
217.0 1.8753188255936706
217.5 0.4951987326936136
218.0 1.3688496038241296
218.5 1.0325105190049668
219.0 1.898617282670134
219.5 0.7560960109844266
220.0 1.482911593895941
220.5 1.5775284434770571
221.0 0.9961237174705901
221.5 0.8649582152696802
222.0 1.5515954561683791
222.5 1.4109611830147073
223.0 1.0034017497289442
223.5 0.7720422349353351
224.0 0.6495692742008727
224.5 0.5248441409686246
225.0 1.6277842522265509
225.5 1.1158062918274667
226.0 1.4241093129081082
226.5 1.8288580598352182
227.0 1.4204767717573314
227.5 1.6064520652314929
228.0 0.9363641071074786
228.5 0.9997180563874802
229.0 1.0405523141077129
229.5 1.19118243233551
230.0 1.1240678825279944
230.5 0.633307563917109
231.0 0.5319863174176342
231.5 0.7065842957763958
232.0 0.4098492455963707
232.5 1.6137224319358727
233.0 0.9674594215360206
233.5 1.5931272283405646
234.0 0.6351972722427845
234.5 2.0665698890572775
235.0 1.0074801724836406
235.5 0.950021975433885
236.0 0.7566893424666132
236.5 1.0842998864411124
237.0 0.8279105258940824
237.5 1.3801885845937618
238.0 1.4460712437531207
238.5 0.8038455165279061
239.0 1.309009136091763
239.5 2.359368302046838
240.0 1.1799498554347683
240.5 0.7881695749713336
241.0 2.2249099735276348
241.5 1.3599996507590355
242.0 1.71715592444404
242.5 0.6216174817540552
243.0 0.3309487202219543
243.5 1.1379280495723845
244.0 0.8646361042307582
244.5 0.9372813313137676
245.0 1.1828402873039874
245.5 0.6983862989687473
246.0 1.1603814692641112
246.5 1.8574069716320807
247.0 1.1999270794155565
247.5 0.5734415147732338
248.0 0.6300338222133176
248.5 0.8466247510665066
249.0 0.9383301614297712
249.5 1.8640763688621131
250.0 1.119781689942015
250.5 0.8474578694689539
251.0 0.7556827918805974
251.5 0.9548911512038005
252.0 1.244731777508191
252.5 1.5738067737071386
253.0 0.7020196705153006
253.5 1.69043788069951
254.0 1.0063930514525772
254.5 1.4220837168986173
255.0 1.0827689378762848
255.5 1.060054078908657
256.0 1.2501538722995846
256.5 1.2696707985350015
257.0 1.3045245484510617
257.5 1.2411880991716275
258.0 1.1030229150611532
258.5 1.2246942342447507
259.0 1.0113164418707672
259.5 0.8150281455775852
260.0 1.0376506092580517
260.5 2.3741400200635936
261.0 1.1705420872198737
261.5 2.4679867784358036
262.0 0.8458423563974131
262.5 1.1616115373019142
263.0 1.1978308430621791
263.5 0.7836032227879293
264.0 0.6988958694088511
264.5 1.2237274082172056
265.0 0.5662285789348567
265.5 1.4775001113447508
266.0 0.8622987935964681
266.5 0.8412734259117232
267.0 0.6625577298274357
267.5 0.27085258722662386
268.0 1.2668621159817701
268.5 1.310707265911459
269.0 1.2644322927109015
269.5 1.1025208376636428
270.0 0.9981381407605774
270.5 0.8290219715887275
271.0 1.0284466804571533
271.5 0.9772741780898082
272.0 1.7939246135389293
272.5 1.1584363497394747
273.0 0.9358050516287335
273.5 0.8180544545293131
274.0 1.5804667422039724
274.5 1.0377267111209167
275.0 0.9144123573607392
275.5 1.5927022376805111
276.0 1.745646879123266
276.5 1.1737588774198007
277.0 0.5469059450248082
277.5 1.9997149065405058
278.0 0.7338887766433007
278.5 1.3687734510947078
279.0 0.9711589860755948
279.5 0.9154007597721514
280.0 0.5679523805136009
280.5 0.7688035343768176
281.0 0.7544605320110029
281.5 1.465281966428568
282.0 0.7692584638366581
282.5 0.9962315546627412
283.0 1.0912252606194603
283.5 1.1511822419744062
284.0 1.1727428260543626
284.5 1.3026127308675106
285.0 1.2669885871512976
285.5 1.040168163105488
286.0 0.7738009238628379
286.5 1.7181342154792465
287.0 0.5920574635919276
287.5 0.6703187924239518
288.0 0.8622125300026688
288.5 0.5648135110683177
289.0 0.6722251195405692
289.5 0.4282496989095962
290.0 1.800432320709405
290.5 1.8862685021219072
291.0 1.8214617333305834
291.5 1.3008566933607564
292.0 1.2553928279762654
292.5 1.1747536256944062
293.0 0.4514200399207322
293.5 1.1910662466166524
294.0 0.9090662369411584
294.5 1.8175535222832493
295.0 1.9558034222468288
295.5 1.2704346975614604
296.0 0.9908080541918836
296.5 0.5961290827631779
297.0 0.9642392936543961
297.5 0.5572289907362171
298.0 1.0692844114825881
298.5 1.0238120860708175
299.0 0.9880260974574828
299.5 1.2164698778879441
300.0 1.984641248865563
300.5 0.9853598677535438
301.0 0.6642180255897363
301.5 0.9636433170964103
302.0 2.221264923800283
302.5 1.3305998860247956
303.0 1.0267211733542465
303.5 1.6452305380793248
304.0 1.3141041414161503
304.5 0.7944461321248719
305.0 1.057189715352641
305.5 0.8242000008093116
306.0 0.6933510862683634
306.5 1.1456828220996977
307.0 2.876418084803138
307.5 2.1371183879865945
308.0 1.3771689867249668
308.5 0.9318100900134387
309.0 0.47837655548674296
309.5 0.803215151317457
310.0 1.5492062475783777
310.5 0.5430778057857208
311.0 1.2707627738770255
311.5 0.8088046311830446
312.0 0.6749895394187808
312.5 0.5449232526211236
313.0 0.4072650181949467
313.5 1.2555098276206405
314.0 0.9763099543179371
314.5 1.8635653652153044
315.0 1.412962242488069
315.5 1.3590310851978886
316.0 1.5996841225407281
316.5 0.8953323262942905
317.0 1.5761732748757935
317.5 1.6057621033900076
318.0 1.0530905645079482
318.5 1.4944214058758414
319.0 0.8832427676560682
319.5 1.3602284843726784
320.0 1.6570049277253318
320.5 1.486625106653349
321.0 0.746379339361408
321.5 1.8765467420722084
322.0 1.0053588279709262
322.5 0.43673309121320647
323.0 0.9878123876486455
323.5 1.0450149482682694
324.0 0.9710649737360917
324.5 0.7242553383952508
325.0 0.8772937032438717
325.5 1.2341872378391285
326.0 0.9529361255119511
326.5 1.0884137794760769
327.0 0.7508919156399145
327.5 2.070508660261998
328.0 0.8246557960503105
328.5 1.2858342007874755
329.0 0.6676840362288274
329.5 0.45230495160318357
330.0 1.1463701877667818
330.5 0.6217728000413598
331.0 0.7577383137696219
331.5 1.760628708556124
332.0 0.5727795667425406
332.5 0.9518797550446256
333.0 1.25859116558722
333.5 0.6905301438721841
334.0 1.3256871670284194
334.5 0.5959134407510714
335.0 1.117611120542844
335.5 0.8652969413890773
336.0 1.8160680574101349
336.5 0.7061916272551467
337.0 1.008336028196691
337.5 1.7011972930718589
338.0 0.7554269450821294
338.5 0.5929084103196376
339.0 1.5395283195929852
339.5 1.1809375122064487
340.0 0.47164799841890415
340.5 2.1091630959152963
341.0 0.5392030559705627
341.5 1.2083209738169107
342.0 0.5754065783022628
342.5 0.9563427846940882
343.0 1.1158299526638022
343.5 1.6182432649288812
344.0 1.00412788892213
344.5 0.6456373515952841
345.0 1.1842867733868399
345.5 0.7060094365657577
346.0 1.6785539935310738
346.5 1.1129259563506966
347.0 1.3081352168533487
347.5 0.9123144366511722
348.0 1.0573114171119329
348.5 0.7630649120659008
349.0 0.6549001586144115
349.5 1.318295712468294
350.0 1.5829536931741697
350.5 1.1580696147766587
351.0 0.6400517953838123
351.5 0.3901752610901279
352.0 2.073526963466343
352.5 1.7823757091999815
353.0 2.2416088435064623
353.5 1.2586541484381022
354.0 1.085363107135966
354.5 1.3987495560789727
355.0 0.9588397632979382
355.5 1.5130919699426013
356.0 1.6139056953953976
356.5 1.1809785980172132
357.0 1.6237820970286494
357.5 1.1557370125271083
358.0 0.9817352074514141
358.5 1.1034706572727042
359.0 1.7816422802579857
359.5 1.5661195736701325
360.0 0.6414849951298391
360.5 1.4744261509751717
361.0 1.1909108145830538
361.5 1.053803751631822
362.0 1.245569220277893
362.5 1.242695187660241
363.0 0.6842439510394341
363.5 1.0658803256862814
364.0 0.5902037556104263
364.5 0.6094644256430681
365.0 1.178185578609453
365.5 0.9515436386220486
366.0 1.4878202081656622
366.5 1.7107679161314557
367.0 1.6000858110555722
367.5 1.001388893515769
368.0 1.001881886328877
368.5 2.4325519515419485
369.0 1.053107125571666
369.5 1.2340177792965794
370.0 0.8029983499385178
370.5 0.9629314377476671
371.0 1.7668896513454186
371.5 2.303704113148213
372.0 1.3649572060644728
372.5 0.8506129039268711
373.0 0.9497806283274262
373.5 0.9986610973427956
374.0 0.950080042983289
374.5 1.2032284569955718
375.0 1.0605884753853276
375.5 1.460584922368525
376.0 1.3818723906416748
376.5 1.2335348779442468
377.0 1.0902800852363979
377.5 1.3192221858793076
378.0 1.0958383186163214
378.5 0.8203464131714131
379.0 2.0643172537470105
379.5 1.3932328457267538
380.0 0.7567240165315285
380.5 1.046296374895285
381.0 1.5850593025067572
381.5 0.467582296154439
382.0 1.2010706654922803
382.5 1.1782699449241978
383.0 0.5164142873151716
383.5 1.4843160872521683
384.0 1.5681023879493272
384.5 1.3306486484991256
385.0 0.9156574824714225
385.5 1.1773956415388906
386.0 0.8827719327436803
386.5 1.3714856892422311
387.0 0.6086707285874198
387.5 1.392885254084347
388.0 0.6134217340262699
388.5 1.1001062319667345
389.0 0.5596545918495233
389.5 2.4895284157064914
390.0 1.003304764051462
390.5 1.0306646757173918
391.0 1.2461221998126568
391.5 2.105561062311158
392.0 0.7884877368509111
392.5 1.4994098317959712
393.0 0.9115371396748935
393.5 1.7936063812589143
394.0 2.0117642141279113
394.5 1.6135973734527158
395.0 1.2814462799655812
395.5 1.0539240976932724
396.0 1.6020136813342767
396.5 1.4424555613769714
397.0 1.2924930586116248
397.5 0.9332847625411993
398.0 0.7589857005498248
398.5 1.2429065193977311
399.0 0.4914046724245651
399.5 2.3565626419419776
400.0 1.1171954731315463
400.5 2.0085877924911855
401.0 0.67780472489039
401.5 0.6065576113136695
402.0 0.7819294434393076
402.5 0.6879338822941162
403.0 0.9121254046409224
403.5 1.3141001629854152
404.0 0.6377666576104143
404.5 0.5359826679216415
405.0 1.1941196773863405
405.5 1.1295002913583196
406.0 1.186395281432864
406.5 0.8938645635088376
407.0 2.465886618736052
407.5 2.1816809079551933
408.0 1.5240735413082092
408.5 0.7380592943965694
409.0 1.7481777031012422
409.5 1.337795845824998
410.0 0.8333027370692105
410.5 0.938104942837722
411.0 1.488678618160572
411.5 0.5705316021619495
412.0 0.5996477110925564
412.5 1.1509536292267912
413.0 0.9124576947589202
413.5 1.2990612591236657
414.0 1.252205184574157
414.5 1.3568672966246216
415.0 1.0137624991437748
415.5 0.8496545875235263
416.0 1.2531578078508452
416.5 0.3854807859865774
417.0 0.759689938132322
417.5 1.7647679801536733
418.0 1.172547539961253
418.5 0.9886929706769525
419.0 0.9347967247201387
419.5 1.1241663565049742
420.0 0.819262169473014
420.5 1.4418932392392085
421.0 1.0665150631478155
421.5 1.709252491948134
422.0 1.4311907856050747
422.5 1.1612192031231519
423.0 1.1931908679208854
423.5 1.359488817537716
424.0 0.850986484333724
424.5 0.5506646912456739
425.0 1.0515389080076225
425.5 0.2
426.0 1.2901217230508297
426.5 0.7202869835582884
427.0 1.97472451877788
427.5 0.634133196187977
428.0 1.5958417552903241
428.5 0.9715738380251011
429.0 0.7681003073428486
429.5 0.7056549499903544
430.0 0.7232936234682501
430.5 1.1237499738725563
431.0 0.7121038594610407
431.5 1.1855507911917638
432.0 1.6221002959639725
432.5 0.21776130229520924
433.0 1.3137655664543078
433.5 0.9663580103225967
434.0 1.7201685439115737
434.5 0.81217600737372
435.0 1.201905375936606
435.5 1.1045069529196119
436.0 1.1399664827779383
436.5 0.7795309179132417
437.0 1.8798571841145093
437.5 1.0938583773365746
438.0 1.3546662070944204
438.5 0.2
439.0 1.1403386441296028
439.5 0.9524245102765116
440.0 1.1296283649388774
440.5 0.7139045207456911
441.0 1.0078496537203572
441.5 0.6253463870009403
442.0 1.0606555244015818
442.5 0.8081551700780183
443.0 0.5840416436613356
443.5 0.6292483974960628
444.0 1.5794508073257183
444.5 0.513261637561411
445.0 1.1488660656293919
445.5 1.0045969382294893
446.0 0.9875066032731945
446.5 1.4992542836369331
447.0 0.7500783155107056
447.5 1.4122729374167757
448.0 0.7655467684804118
448.5 0.8577018179816553
449.0 1.9314149106543557
449.5 0.6287214437495874
450.0 1.142939886262233
450.5 0.745584256423224
451.0 0.9682770854375347
451.5 1.2006194115578526
452.0 0.5215391004745831
452.5 1.0324673237624502
453.0 0.8404309635373144
453.5 0.8774596928590629
454.0 1.337383078441552
454.5 0.7894736466059042
455.0 0.8973987488493144
455.5 1.8857235886396793
456.0 1.0926187342854807
456.5 1.396498822823037
457.0 2.4229403568302703
457.5 1.3714212822148601
458.0 1.92753744559402
458.5 1.17104760817014
459.0 1.3094799599155256
459.5 1.2046207402759797
460.0 1.1115402673458805
460.5 1.3491647178663557
461.0 1.7438153548306108
461.5 0.6755050855087218
462.0 0.8996844943783932
462.5 0.620865497384577
463.0 0.6696080992498425
463.5 1.3290164950098664
464.0 1.2233126257535618
464.5 0.9036627744295247
465.0 1.0428493791138944
465.5 1.0264087808874192
466.0 0.2
466.5 1.784124682168245
467.0 1.3414262143079787
467.5 0.6171903727560157
468.0 0.469073217330379
468.5 1.0198464951427513
469.0 0.7520049692926434
469.5 1.0160599073900531
470.0 1.5683452063740428
470.5 0.9930337413836299
471.0 1.2376659097984581
471.5 1.7575734515106283
472.0 0.9353073227402229
472.5 0.995692738139936
473.0 0.5937140016730942
473.5 1.3859009845192807
474.0 0.9792987634915218
474.5 1.3271489528472862
475.0 0.8848033941679403
475.5 0.6650362109153696
476.0 1.1843796316268238
476.5 1.0738627787176809
477.0 1.003339271470067
477.5 0.9865319005485972
478.0 1.15646213819183
478.5 1.591301585252689
479.0 1.2340396314191424
479.5 0.6303734889306252
480.0 0.8357046782781699
480.5 2.1959629801111014
481.0 1.2251949125019213
481.5 2.004288502406424
482.0 1.3190921630083539
482.5 1.5220803187777519
483.0 1.5170052797667017
483.5 1.0783505201575274
484.0 0.3736933034566644
484.5 1.3205293583170408
485.0 1.2319505851706045
485.5 0.7338654861465919
486.0 1.5823245936391404
486.5 1.3653547033362523
487.0 0.7807469739606341
487.5 0.9459080020034016
488.0 1.789072688101803
488.5 1.0513776102267225
489.0 1.255149110884974
489.5 1.3713330004767155
490.0 1.1668615832642362
490.5 0.7513250784957082
491.0 0.4658926366519282
491.5 0.383754591656341
492.0 1.3943020172635405
492.5 1.0771405933601785
493.0 1.4924100590994152
493.5 0.49320012072491803
494.0 0.7368652484388966
494.5 0.9367215707487404
495.0 1.2854303562899538
495.5 1.5176886059725316
496.0 0.6141220746643843
496.5 0.7742699733144051
497.0 2.0247217209020265
497.5 2.3768974144119
498.0 0.7641880724017257
498.5 0.9133068277442067
499.0 0.7407952517647687
499.5 0.8355360270706418
500.0 0.6925833313945864
500.5 1.994643556811464
501.0 1.5517819740443684
501.5 1.5710346942508249
502.0 1.0764455311589092
502.5 0.28968289189121255
503.0 1.3180020793780372
503.5 0.2
504.0 1.1096850842987949
504.5 0.9023376449773197
505.0 0.5553501468829908
505.5 1.6985930004700545
506.0 1.0545564700815038
506.5 0.9254410254749563
507.0 1.3778882947225883
507.5 1.1117178041817322
508.0 0.7741703446870084
508.5 0.6523195778613773
509.0 0.9086632611215648
509.5 1.0668420153560667
510.0 1.377635593231643
510.5 1.1682260188972917
511.0 1.4100999223434523
511.5 1.1634425993791842
512.0 1.1543305448071401
512.5 1.7980519964994848
513.0 0.7515129681259413
513.5 1.3767138423029344
514.0 0.9755024944363722
514.5 0.6741318654782672
515.0 0.5691202938926149
515.5 1.2578580044853314
516.0 1.6820792921457561
516.5 0.7796856880347348
517.0 0.778031593758996
517.5 1.0971629271750407
518.0 0.712968409316878
518.5 0.8594124104402432
519.0 1.3900297418297862
519.5 1.1839509802950017
520.0 0.885698990978849
520.5 0.621090386827701
521.0 0.767413949515948
521.5 0.8419529516379918
522.0 1.3859445618184791
522.5 1.2628244006970328
523.0 0.9957614350091498
523.5 1.042920290172673
524.0 0.9593529759184294
524.5 1.0994770895406618
525.0 0.7006838074391539
525.5 2.0401391764983563
526.0 0.7867622361886742
526.5 1.5697402169484405
527.0 1.081329628342163
527.5 0.7583951170794585
528.0 0.7575408049006025
528.5 1.3318221269342878
529.0 1.7065963465441434
529.5 0.533399147802375
530.0 0.836494175611527
530.5 0.8110984735182318
531.0 0.98863994214273
531.5 0.9498480159113887
532.0 2.4378350450061768
532.5 0.7052557919608131
533.0 0.33763681769677467
533.5 0.9805450338879715
534.0 0.982109616762362
534.5 0.49064337260787283
535.0 1.1724435372526019
535.5 1.4754095616601488
536.0 2.4894284732645877
536.5 1.3339873607821913
537.0 1.3575832944239872
537.5 1.6146593825036502
538.0 1.859228590572878
538.5 1.3841335890544348
539.0 1.1897066911862242
539.5 1.4221237698804585
540.0 0.39929983789877843
540.5 0.4991439008813964
541.0 1.1766529179414016
541.5 0.7073371867326153
542.0 0.8252137516561149
542.5 1.0509656458519898
543.0 1.2140483814860803
543.5 1.237507952629619
544.0 0.9332681124671613
544.5 0.6108505763489853
545.0 0.9169067635814514
545.5 0.6227245519770049
546.0 0.6817745729009426
546.5 1.0373718146395707
547.0 1.6334773075178757
547.5 0.9154367707811022
548.0 1.0445552502543096
548.5 1.0108395992925583
549.0 0.9672547555516693
549.5 1.5624476223693073
550.0 0.8631758338678476
550.5 1.0370436559910778
551.0 0.7392456766771403
551.5 1.0096503303093112
552.0 1.3746143040557692
552.5 1.4624938254374487
553.0 0.8560720345845921
553.5 1.7623282949760841
554.0 1.2507609882706205
554.5 2.1978628157176634
555.0 1.0240089178317104
555.5 1.1116036844341957
556.0 1.5775057266213794
556.5 1.1450785860769352
557.0 1.7729173756195458
557.5 0.8864560284706333
558.0 0.5835721352533851
558.5 0.9235430554686797
559.0 0.5618175809850376
559.5 0.7651057403347259
560.0 0.2
560.5 1.0801099054174965
561.0 0.8493042488026876
561.5 1.2584626380017938
562.0 1.2651323982414935
562.5 1.1315283273544519
563.0 1.2104967470926338
563.5 0.4720794290481134
564.0 1.2569256632460384
564.5 0.8290839640369689
565.0 0.7807342571670168
565.5 1.0692785293423994
566.0 0.6366924374303988
566.5 0.6311494699907472
567.0 1.3888319136501979
567.5 0.7482694430276666
568.0 1.5362814464934245
568.5 1.6262338932612446
569.0 0.7260822829271718
569.5 1.8795871960769444
570.0 0.8070126084127984
570.5 1.081357412470023
571.0 0.6236406697096578
571.5 1.2301986784740078
572.0 0.6050429064797367
572.5 1.0606883440138715
573.0 1.0677778840623777
573.5 2.267177460309404
574.0 1.098141625130167
574.5 1.3155967540203939
575.0 1.1326940291669065
575.5 1.1670974298317378
576.0 1.4456828719821497
576.5 0.8885194293746896
577.0 0.9862411947566674
577.5 0.7286968412140544
578.0 0.9962651087542533
578.5 0.8026989681496315
579.0 0.6825596628818331
579.5 1.5471242945360493
580.0 0.5625188442857192
580.5 2.190895047650899
581.0 1.1396146052819045
581.5 0.6525805727305783
582.0 1.6004915485700706
582.5 1.0301089800092396
583.0 0.9510490759153956
583.5 0.9428758296762746
584.0 0.9229942946866825
584.5 0.8498982426842872
585.0 0.27163021337821097
585.5 1.961388574620679
586.0 3.037012082158747
586.5 0.9785213629774697
587.0 0.3598723162159896
587.5 0.9143853414491148
588.0 1.6530119769588056
588.5 0.7482592287016148
589.0 1.3791952809728814
589.5 0.8238759763409358
590.0 2.1376407898540646
590.5 0.5136963164386918
591.0 0.9260003036869944
591.5 0.8768171001889836
592.0 0.6505909891207078
592.5 1.0134685690156013
593.0 0.9176851788447917
593.5 0.7319648731807409
594.0 0.8437574534598347
594.5 0.482831047562174
595.0 0.5362926493783156
595.5 0.8035601219098771
596.0 0.9161901383747071
596.5 1.7904754016460922
597.0 1.397349725031079
597.5 0.4993077349781549
598.0 0.8332216420500114
598.5 0.6680101906942904
599.0 0.9144004264996555
599.5 0.9014943272957889
600.0 0.9694751631207426
600.5 1.3403356423524158
601.0 0.5823254734019303
601.5 1.3274613313017798
602.0 1.5086800628440566
602.5 0.4674683707322884
603.0 1.171445113546154
603.5 1.2237985055999947
604.0 1.5106063502298794
604.5 1.3220208709694528
605.0 1.7280654249047065
605.5 0.8788834393015046
606.0 1.3579591742069104
606.5 1.5586207055783865
607.0 0.8773671213274918
607.5 0.914121747957225
608.0 1.737221129052175
608.5 0.783160075564305
609.0 0.8336929927714682
609.5 0.7724097531387752
610.0 1.3936030921443612
610.5 1.3842030769727107
611.0 0.9643768649456703
611.5 0.8884388468006506
612.0 0.7080207374383485
612.5 1.6252635913539928
613.0 1.6353819724909666
613.5 0.9052374138872678
614.0 1.6381140633946718
614.5 0.5544239681920073
615.0 1.957304503207592
615.5 0.832672326311082
616.0 1.4219630323354362
616.5 1.0526884207664322
617.0 0.6141939802145893
617.5 1.0226344971085775
618.0 0.9921157338511135
618.5 0.5937411786972766
619.0 1.1948657723258256
619.5 0.36590555430927474
620.0 1.257397859835221
620.5 1.202396458295543
621.0 0.7764775007891312
621.5 0.7261703187031974
622.0 1.2538361909157885
622.5 1.0934011176807377
623.0 0.851546364695293
623.5 0.6597523769452214
624.0 1.7114278942992003
624.5 1.0060428840448528
625.0 0.8693042938129152
625.5 0.6909932770592676
626.0 1.2084173592788452
626.5 1.7997972045875914
627.0 1.2855781652462421
627.5 0.32258199716710734
628.0 0.9589760219182162
628.5 0.725983668805682
629.0 1.2136593756919904
629.5 0.4995457702847879
630.0 0.5398913327863156
630.5 1.3349934107134585
631.0 1.594648471135559
631.5 0.48328457086210586
632.0 1.7519972693063557
632.5 0.5273157768753391
633.0 0.8981372128181617
633.5 1.3706598921147024
634.0 1.0282690548882412
634.5 0.5035288694321287
635.0 1.578983285189186
635.5 0.8479821770201051
636.0 0.9400136962918711
636.5 0.841108794052836
637.0 0.7605121168405147
637.5 1.1165952472049925
638.0 1.3736333491627328
638.5 1.1631243009930288
639.0 0.743401544736033
639.5 1.135567609729884
640.0 1.4599029262378906
640.5 1.402671227484408
641.0 1.2706432804704582
641.5 0.6837527581811632
642.0 1.0735333209146671
642.5 0.3778900523828863
643.0 1.6057062160661948
643.5 0.8378557219082805
644.0 1.5499706462315397
644.5 1.026456127604371
645.0 0.836253237539256
645.5 1.0083050401219895
646.0 1.161317824512171
646.5 0.9579462811255983
647.0 0.9255585615554862
647.5 0.9339245555400193
648.0 1.1239173324407938
648.5 2.701735258939335
649.0 1.9598478300449922
649.5 1.4014195852646836
650.0 0.826431129396662
650.5 2.5918663754554876
651.0 0.3891559283434221
651.5 0.3740047790961905
652.0 1.6176118991058976
652.5 1.0991521226271945
653.0 0.6877933238893519
653.5 0.8848996032454537
654.0 1.6350313498161058
654.5 1.7469806639423284
655.0 1.3433335199440053
655.5 0.9848346244337407
656.0 1.5524449404703113
656.5 1.1828994186840882
657.0 1.0258308110274186
657.5 0.9475659323938519
658.0 0.7331175575198542
658.5 1.05724745999185
659.0 1.2902012570418857
659.5 1.6048968060538806
660.0 0.9235791200039993
660.5 0.7745492861753395
661.0 1.1258938063617345
661.5 1.3051356654356119
662.0 1.5019604440991863
662.5 0.3020423953906233
663.0 0.9570939857206299
663.5 0.9829655509702009
664.0 0.6600703757680224
664.5 1.0856567460200386
665.0 1.2464308053113102
665.5 1.1554509838603928
666.0 1.1004401381443352
666.5 0.5605952078428179
667.0 0.8883791447561014
667.5 1.528709524929644
668.0 0.68849061915133
668.5 0.7853944548834898
669.0 1.211184652911777
669.5 1.4770662113131743
670.0 1.5842645187470308
670.5 1.5242562928392347
671.0 1.054060080321109
671.5 0.9544363806387869
672.0 0.8071398843151383
672.5 0.8405843221216942
673.0 0.7187749907193393
673.5 0.799210609984734
674.0 1.097387800765562
674.5 0.9964306269214178
675.0 0.7212382113287437
675.5 0.7330909463678106
676.0 1.3576938774648113
676.5 1.0494560547612113
677.0 1.4425488217803824
677.5 1.0221883172219444
678.0 0.8195436100217319
678.5 1.1117783348622754
679.0 0.9029555615212125
679.5 1.2463315512196098
680.0 1.6817242720742596
680.5 0.6449440729776257
681.0 0.8091296129295555
681.5 0.8837214197661594
682.0 0.9775637075361505
682.5 1.385163468029863
683.0 0.5861410526724989
683.5 1.0311610571322072
684.0 1.705513318802464
684.5 0.5560093907737773
685.0 0.7792319706322661
685.5 0.6829834198628032
686.0 0.7500617775214284
686.5 1.6496956010162305
687.0 0.9689192323584919
687.5 0.7502124581749321
688.0 1.5318031160602672
688.5 0.8223211253489222
689.0 1.1638915631279243
689.5 1.338119228759681
690.0 1.5744162997678737
690.5 0.9670759521586587
691.0 1.3678186322290489
691.5 0.5570635222602898
692.0 1.5301323167879344
692.5 0.3735961966341733
693.0 1.1004956958515282
693.5 1.501756804579357
694.0 2.4346939735469117
694.5 1.326708492486095
695.0 2.084154908225188
695.5 0.9251845218313661
696.0 1.4118163513967863
696.5 1.3545838561531798
697.0 1.077531119319426
697.5 0.6807180111154059
698.0 1.2963541588482699
698.5 0.7204049612906571
699.0 1.625584139714865
699.5 0.9512218022803074
700.0 0.9477755905374183
700.5 1.1287728995236361
701.0 0.9814451434743103
701.5 1.2264218136906129
702.0 0.5875860955882615
702.5 1.164334139268248
703.0 0.8959429770220149
703.5 2.653533081659272
704.0 0.5762725116502097
704.5 1.4999760476133472
705.0 1.2498361536305316
705.5 1.5067372852185503
706.0 0.7212828345910937
706.5 1.349511535183805
707.0 0.7990319587258752
707.5 1.6869553508419366
708.0 0.6859227573874143
708.5 1.1424082363737615
709.0 0.6107222100189
709.5 1.7472762077541741
710.0 1.5150657570047543
710.5 1.008338260072995
711.0 2.034619312712665
711.5 1.6887436836295224
712.0 1.366954473842363
712.5 0.3159538035373874
713.0 1.6469496922620035
713.5 0.731298171271981
714.0 0.6345049733812789
714.5 1.2829500303255876
715.0 1.0063727922252523
715.5 0.9129256158130294
716.0 0.9566225465322917
716.5 1.028592023685285
717.0 1.0975134443180963
717.5 1.169507483690992
718.0 1.0277357047165092
718.5 0.8352940858900382
719.0 0.9650554259064252
719.5 1.1312863876808674
720.0 0.8082987804153121
720.5 1.0007141999042892
721.0 1.910529686208069
721.5 1.0948811553125795
722.0 1.8645882277377965
722.5 1.0787635707247127
723.0 1.23926661684478
723.5 1.6568672936921325
724.0 0.5080219762981134
724.5 1.2206263278468037
725.0 1.426763434239163
725.5 0.928577854961939
726.0 1.1300925384277059
726.5 1.1023120217961822
727.0 0.8853253510378452
727.5 1.086764142899397
728.0 0.671412883260152
728.5 0.773827232170421
729.0 0.6350070857019852
729.5 1.563190822456052
730.0 0.92100778136129
730.5 2.469339012154333
731.0 1.0458063611789579
731.5 0.7692816258274473
732.0 1.2801199861427555
732.5 0.3765508930954471
733.0 0.8258863938862979
733.5 1.6616953678040294
734.0 0.915867876049665
734.5 0.9502365661208001
735.0 0.3558236927127166
735.5 0.725017754259323
736.0 0.973050973929873
736.5 1.8628992141464407
737.0 0.5091006315652127
737.5 0.9344255325929942
738.0 0.8338474345901694
738.5 0.8453212120581863
739.0 1.2870345407945671
739.5 0.7215790414496348
740.0 1.2819708324158259
740.5 1.3463784197558593
741.0 1.3097370423478343
741.5 1.0476377544695061
742.0 1.3826693134230983
742.5 1.5708349977767107
743.0 1.0784435306294542
743.5 1.2046392680620992
744.0 0.8766012458784147
744.5 0.634106211742234
745.0 1.229467330883191
745.5 0.8244569074203747
746.0 1.2455125918436576
746.5 1.3647738929835254
747.0 0.6700967572416467
747.5 0.6783506692829888
748.0 0.8553582836093525
748.5 1.2617654870663326
749.0 0.9134740769990233
749.5 0.9290023912363221
750.0 1.886046267066766
750.5 1.3308610475369957
751.0 1.0400172728078343
751.5 1.393225485906116
752.0 1.244150712781172
752.5 0.9905041591695339
753.0 0.9506092209724732
753.5 1.2789684667259797
754.0 1.0970900272836652
754.5 0.7836783562782209
755.0 0.7190172887375266
755.5 0.74882363026325
756.0 0.8755803218250628
756.5 0.6698987961378059
757.0 1.2479861538290313
757.5 0.6493010649321755
758.0 0.5729050265139475
758.5 0.2
759.0 0.4526331912462625
759.5 0.9582881345204657
760.0 1.7322902993040477
760.5 0.494961684264285
761.0 1.5569930360910162
761.5 1.1663135141434047
762.0 1.177133448373731
762.5 2.2126673122742853
763.0 0.6162967885990621
763.5 0.6315879174243015
764.0 1.3412600584125107
764.5 2.294203130857116
765.0 0.8159889734266716
765.5 1.0208931459700579
766.0 0.6313431753930339
766.5 1.3439192507626712
767.0 1.1232606423367164
767.5 1.0994937998000782
768.0 0.7870686556179289
768.5 0.6035979894818659
769.0 0.6249162042957558
769.5 0.6952531564825639
770.0 0.2
770.5 0.8486199143731368
771.0 0.9687903544987125
771.5 0.7878463377856642
772.0 1.2133904264475248
772.5 0.7966278009122587
773.0 1.1925414215870875
773.5 0.7889929232772215
774.0 1.0432996143013273
774.5 0.9811258996886842
775.0 1.2823453974982302
775.5 0.682334600415967
776.0 0.7457760315432274
776.5 1.0454219634266815
777.0 1.575353724058534
777.5 1.3514535578723414
778.0 1.1589532746342428
778.5 0.9646888477449711
779.0 1.3515069168985072
779.5 1.1682093617602902
780.0 1.4584951417104055
780.5 0.65824956773849
781.0 2.14510078115287
781.5 1.114209075790084
782.0 0.9395516576172398
782.5 1.7211038709267212
783.0 1.3134634131869003
783.5 0.8979286718857313
784.0 1.2529957979430768
784.5 0.7248875660112981
785.0 0.8415648068380055
785.5 0.9593870102533564
786.0 0.668726591571686
786.5 0.7520291741024894
787.0 0.780148961266417
787.5 0.7827815278030447
788.0 1.1743036457829237
788.5 1.52269546487679
789.0 2.0047896385210113
789.5 0.7599775194025311
790.0 1.0203741324089364
790.5 1.2865647833712268
791.0 1.6541040241681357
791.5 0.7161630704732848
792.0 1.063220103421041
792.5 1.036842043605565
793.0 0.658603454887497
793.5 1.4997253693111607
794.0 1.2127944233075765
794.5 1.0729504014362985
795.0 0.37781598531550326
795.5 0.8308780832695404
796.0 0.6067250775362165
796.5 1.0391903833442597
797.0 0.8446826295429841
797.5 1.1792776162507341
798.0 1.4710455518319314
798.5 1.1661874670605732
799.0 1.272194028861052
799.5 0.8524444364512591
800.0 1.0629662108453564
800.5 0.6848966790228148
801.0 0.7786609637336461
801.5 1.2886238750052077
802.0 1.021447732077812
802.5 1.4041532393799399
803.0 0.8236851183251338
803.5 0.7653158090114326
804.0 0.899668627481818
804.5 0.7615991300416745
805.0 1.1460611657976045
805.5 1.308543055835516
806.0 1.2490297206594907
806.5 0.9144203043428606
807.0 0.9931556058906437
807.5 1.0862229808168287
808.0 1.1347904743614714
808.5 1.6523230403627451
809.0 0.5928568703756163
809.5 0.7379994408870585
810.0 1.4841228051800792
810.5 0.9326391398786058
811.0 0.8436274119811794
811.5 0.6904573486659081
812.0 1.3104528488497937
812.5 1.5508162489045214
813.0 1.544862568159772
813.5 1.8452520741706722
814.0 0.7032548786703536
814.5 0.5316111284539728
815.0 1.441715711582724
815.5 1.639853101010814
816.0 1.1963371753814456
816.5 0.3514412877508848
817.0 1.2439375377016357
817.5 2.018400514714285
818.0 2.1964114095835057
818.5 0.9606680029120609
819.0 1.1263772778815226
819.5 1.4064711782731807
820.0 0.7095203752148838
820.5 0.6443017884535578
821.0 1.4478293263712434
821.5 1.1207621635834744
822.0 1.0211885514564034
822.5 1.1813632860694614
823.0 0.7784520823396317
823.5 2.0922042237331
824.0 0.8335856151883323
824.5 1.3385435848138612
825.0 1.0850110317920167
825.5 0.4709540370608287
826.0 0.7879837659849853
826.5 1.3569623105692816
827.0 1.5185826909503395
827.5 0.5977443701714653
828.0 2.062425468701388
828.5 2.061652449832221
829.0 1.027282870065549
829.5 0.8263021156930248
830.0 1.3600140702380608
830.5 0.8764215818188166
831.0 1.4590581876750068
831.5 1.088697369130873
832.0 0.578465327686347
832.5 0.3624728926325175
833.0 0.5697079700955857
833.5 1.3651267180565805
834.0 1.7009048563600317
834.5 1.1191537218260672
835.0 1.7450793593760767
835.5 0.7731908912140952
836.0 0.9004191515118117
836.5 1.1982748633975062
837.0 1.3429044236282117
837.5 1.2622259555117765
838.0 1.8172607352851466
838.5 0.41463405806580766
839.0 1.1829515529181145
839.5 1.0791456085531568
840.0 1.0084254205949097
840.5 0.9571048224143679
841.0 0.8697374703933228
841.5 0.6398328428279161
842.0 2.62057328010115
842.5 2.0713872986014144
843.0 1.3570151790369407
843.5 1.1571067084145736
844.0 1.6734450861128138
844.5 1.0043960059754564
845.0 0.6223975922937655
845.5 1.6218403760387692
846.0 0.7765908261255647
846.5 0.9086126956394369
847.0 1.0307753063037628
847.5 1.3687107645404257
848.0 0.894934820448692
848.5 1.4107997375650558
849.0 1.2162738651141436
849.5 1.1054698244317187
850.0 1.1514645721490524
850.5 0.6311866743086217
851.0 0.9651185422278594
851.5 1.4756547038652124
852.0 0.6390589721817324
852.5 0.7569720252068513
853.0 0.8111394495061977
853.5 2.0311395016436986
854.0 1.4984928736250187
854.5 1.1109429807221178
855.0 1.2493158792412886
855.5 0.9407270725109573
856.0 0.588782896900506
856.5 1.3110434691790573
857.0 0.8922902867224789
857.5 0.5643533725276252
858.0 0.8814986747459423
858.5 0.5106881978352975
859.0 1.311359830630943
859.5 0.7197301538599504
860.0 1.3290398769246372
860.5 0.7991353754930437
861.0 0.9603260315734272
861.5 0.8737940309310603
862.0 1.2710176292126514
862.5 1.019159373489178
863.0 1.073927306360908
863.5 0.9971663405920466
864.0 1.6887730796182465
864.5 1.24764934991671
865.0 1.44187420207343
865.5 0.6265109573174881
866.0 0.4615966877440803
866.5 0.6977672380518647
867.0 1.0847713832123889
867.5 1.4971909629800118
868.0 0.6878962188149906
868.5 1.1104293300326364
869.0 1.0348000675416438
869.5 2.059758900802767
870.0 1.1003925729711366
870.5 1.4327428242363442
871.0 1.3163616204839554
871.5 0.8606970257475828
872.0 1.165963584069964
872.5 0.8027329451136826
873.0 2.210594719911941
873.5 1.180232244817849
874.0 1.3785577082112206
874.5 0.3596153082372712
875.0 0.8532346309519061
875.5 0.5287961479173822
876.0 1.2315428828781916
876.5 1.175134494749488
877.0 1.6727325650528833
877.5 0.9668336560671353
878.0 0.9000704639624071
878.5 0.7031587932224435
879.0 2.3608204060047973
879.5 1.3688757567691803
880.0 0.8701418270448618
880.5 1.445976478938357
881.0 0.7974289925706379
881.5 0.9399039684164814
882.0 0.6370013646381323
882.5 0.5906977598120249
883.0 0.8222124500213215
883.5 0.8386791668581957
884.0 0.524667966647914
884.5 0.9584197013524398
885.0 1.6740406884359071
885.5 1.0700018972165135
886.0 0.8740349622542032
886.5 0.8159758920897153
887.0 1.839865665941481
887.5 0.738465250847838
888.0 0.8305196674739719
888.5 1.2276136937013624
889.0 1.4129341702762577
889.5 1.9549079277324686
890.0 1.0283867903333055
890.5 1.25116426381546
891.0 0.8855406905426983
891.5 0.7167806984084866
892.0 1.469977637834734
892.5 0.961535196262145
893.0 1.627062313745147
893.5 0.8593177216972452
894.0 1.4334364179563512
894.5 1.634814098833706
895.0 1.2405037738239098
895.5 0.9256456658357912
896.0 0.5279053440582333
896.5 1.6371395687655972
897.0 0.3585313126188081
897.5 1.4264567196982973
898.0 1.986708196880871
898.5 0.6241744846165838
899.0 0.7774626876812107
899.5 1.025791857116142
900.0 1.7983235715019523
900.5 0.7584113120371276
901.0 1.1038543362248534
901.5 1.4317568609365727
902.0 1.3861128862887306
902.5 0.6805797789389223
903.0 1.8852724618479804
903.5 0.814466316444558
904.0 1.0750830800540496
904.5 0.8599480823486931
905.0 0.9658705274661339
905.5 0.6765539988708372
906.0 2.0276080312200557
906.5 1.5572526584148547
907.0 1.3078145552790033
907.5 0.6577459367124473
908.0 2.532244324537203
908.5 1.055079708258088
909.0 0.930158695538476
909.5 1.665213097586369
910.0 0.5397081285724656
910.5 0.6389959532666778
911.0 0.6428509840994102
911.5 0.9218376860933648
912.0 1.6863214945259486
912.5 0.30236025879936557
913.0 1.570264968818313
913.5 1.7316509878167081
914.0 1.2657254582758475
914.5 0.8969347538435777
915.0 1.2837162780454991
915.5 1.2349403971692219
916.0 1.832005023895534
916.5 2.316749364436
917.0 1.5543484515824204
917.5 1.2004317321252846
918.0 1.1153133686943448
918.5 0.8761233526931373
919.0 1.1253109635968719
919.5 1.5383303606325258
920.0 1.050464808817877
920.5 0.38012688946971934
921.0 1.780961995750771
921.5 1.3150778188613643
922.0 0.8652325438333048
922.5 2.3181944549940736
923.0 2.2354248190572923
923.5 1.1248585020218753
924.0 0.6204995373615747
924.5 0.9473757073970118
925.0 2.051307391367576
925.5 1.3608543600276044
926.0 0.9661104826409221
926.5 2.020675839146106
927.0 0.6638409277281521
927.5 1.4676999691775006
928.0 0.806657167050002
928.5 0.9172747618268504
929.0 0.9870703924566901
929.5 1.667751718380262
930.0 1.1093560492480312
930.5 1.0638043618197879
931.0 0.9840583886285901
931.5 0.7232388409891723
932.0 0.8394993633172005
932.5 1.5283486715620431
933.0 1.4880419802531635
933.5 0.6568610446505031
934.0 1.3511457550011365
934.5 1.3545856462015227
935.0 0.934180359515927
935.5 1.1284383254830563
936.0 2.1047370318806324
936.5 2.2137957628109275
937.0 0.8473432319788949
937.5 1.8261783776436125
938.0 1.2980851964076334
938.5 0.8516844413460903
939.0 0.6943812764652805
939.5 2.0287360839221393
940.0 1.064635003040268
940.5 1.0973355764439112
941.0 1.6075866689495482
941.5 1.3680000901445248
942.0 0.7217555302669144
942.5 0.8694995130232772
943.0 0.9167971620176718
943.5 1.145737606092303
944.0 0.5422709040396567
944.5 0.9489618522455783
945.0 1.1501644748410826
945.5 0.9629520412219819
946.0 1.5369172414710746
946.5 0.713269165036676
947.0 2.1002093106075206
947.5 0.7021092761226119
948.0 0.2
948.5 0.581999831365015
949.0 0.5881045495063513
949.5 0.5276510291738143
950.0 0.8517396632130628
950.5 1.0530103331401084
951.0 0.7666870581359839
951.5 0.3987150808994369
952.0 0.540759866041298
952.5 1.1760804091492592
953.0 0.9339080668670154
953.5 0.8092075692195988
954.0 0.8518020914600375
954.5 1.716731931505066
955.0 1.7388791055435395
955.5 0.714654426507203
956.0 1.065221168560532
956.5 1.2514385262648635
957.0 0.4985082885801403
957.5 1.0462563670802494
958.0 0.9997716680345761
958.5 0.36114360066103396
959.0 0.6396445057127602
959.5 0.6991340758545241
960.0 1.4420228212896053
960.5 0.9833396397921823
961.0 0.6234339640079198
961.5 1.7169544701926673
962.0 0.8844821910478834
962.5 1.0221385272797372
963.0 1.1014404455591613
963.5 1.1389907680251081
964.0 0.7032217043966213
964.5 1.0968370253183357
965.0 1.6924499351522337
965.5 0.2
966.0 1.5853681114775842
966.5 1.7778737409649472
967.0 2.35456793815848
967.5 0.7220113218710835
968.0 0.9627327450772272
968.5 0.7931995505992524
969.0 0.8258772690820262
969.5 0.9638005737630935
970.0 1.0013450742010777
970.5 0.2403509909922018
971.0 2.0182344005729593
971.5 1.025241073327814
972.0 0.8178165488754383
972.5 1.1851141092801465
973.0 1.1730089345994128
973.5 1.197707129921827
974.0 1.0385806661234076
974.5 0.8300827223359569
975.0 0.7202231292665602
975.5 0.2
976.0 0.8699204673719165
976.5 1.2425743558880917
977.0 1.7225904330116228
977.5 0.6549655299773991
978.0 1.7229000003593788
978.5 0.7869122404175006
979.0 0.6796692956292296
979.5 0.4891604108972654
980.0 0.5688716154276792
980.5 0.8647467653168274
981.0 1.1037228430197037
981.5 2.0722783921148085
982.0 1.482232515652533
982.5 0.9689136998349748
983.0 1.320545672222403
983.5 1.7515939280949038
984.0 1.0038583456060213
984.5 1.220413988250454
985.0 0.8566649087262279
985.5 0.5269084799439938
986.0 0.8357380339147236
986.5 0.7877698922449301
987.0 1.053894973269327
987.5 1.1013291567986703
988.0 0.8028606549763015
988.5 1.4448752272166314
989.0 0.8360776970127808
989.5 0.8974591700109316
990.0 0.635033621324236
990.5 1.2041844619205981
991.0 0.6128836980135565
991.5 1.1286789973946405
992.0 0.848768443459267
992.5 0.7132306938260955
993.0 1.3828619787902894
993.5 1.166426592369063
994.0 1.9475106454982951
994.5 0.8292003272979815
995.0 0.9134430215130491
995.5 0.7937586685300004
996.0 0.8213697472428374
996.5 1.653116614362982
997.0 1.1798143150801745
997.5 0.951435186801279
998.0 1.2669182413738775
998.5 1.4528120642032492
999.0 1.0329788859436075
999.5 1.361913019047609
1000.0 1.108705349020768
1000.5 1.19438620803114
1001.0 0.5081080662635673
1001.5 1.0408703234635053
1002.0 0.8169281474595727
1002.5 1.1440472841274125
1003.0 1.3224347786190491
1003.5 1.024314726040185
1004.0 1.7125760074836889
1004.5 0.9805607572916466
1005.0 0.9738431655132953
1005.5 0.935327044903352
1006.0 0.7267076075687846
1006.5 1.4486395326075518
1007.0 0.6043741278190301
1007.5 0.7042481392268485
1008.0 1.23891011696389
1008.5 0.8780376752680641
1009.0 1.6887267327115123
1009.5 1.1001112472772259
1010.0 0.71567063597448
1010.5 0.8351655330292984
1011.0 1.1406404825257161
1011.5 1.071958447106684
1012.0 1.754755537542688
1012.5 1.0130959236792414
1013.0 1.3418610662549884
1013.5 1.3612838413526283
1014.0 0.6485619050583229
1014.5 1.0756732996635017
1015.0 0.7145101845302237
1015.5 1.283735097957077
1016.0 2.0199204349837423
1016.5 1.1277984498029754
1017.0 0.48994429056255445
1017.5 1.0000446174003177
1018.0 1.883270126832962
1018.5 1.2230194096919256
1019.0 1.4748809065388913
1019.5 0.9136770720942893
1020.0 1.6090159997352007
1020.5 1.5399765575017628
1021.0 0.7186489789571275
1021.5 1.015517844343685
1022.0 1.0315437589218146
1022.5 0.5479097956054354
1023.0 1.243763762873392
1023.5 0.5814755522606054
1024.0 2.0951083811773596
1024.5 1.197109237903965
1025.0 0.7085138857032909
1025.5 1.3199245192470068
1026.0 1.2276395755048493
1026.5 1.1594148200012144
1027.0 1.5380185055964142
1027.5 0.8920937446978225
1028.0 0.7285704329349488
1028.5 1.1511696577699428
1029.0 1.3043137248897918
1029.5 0.6162208534752551
1030.0 0.5636479820972691
1030.5 1.3837934735570772
1031.0 0.35163992318471626
1031.5 0.9496983212589295
1032.0 0.9012217374846008
1032.5 0.9434009758044147
1033.0 1.860703534914408
1033.5 1.9110884921307318
1034.0 0.4875389948249498
1034.5 0.8205799901725972
1035.0 0.9572034474627396
1035.5 0.9353677816468378
1036.0 0.4893176401514201
1036.5 1.1503370140335472
1037.0 2.0257183659988045
1037.5 2.517265426629184
1038.0 1.089857782938636
1038.5 0.9591514657110048
1039.0 0.809624719472211
1039.5 1.0773231778235222
1040.0 0.32286267192893214
1040.5 1.1270806979436303
1041.0 1.280759111475522
1041.5 1.4774386694302368
1042.0 1.0285636990871971
1042.5 1.0385123795462539
1043.0 1.5011443169278502
1043.5 0.6791066876562044
1044.0 1.255838673974785
1044.5 1.2906733116041527
1045.0 1.312782327671587
1045.5 0.97055797346478
1046.0 0.8487159362836143
1046.5 1.4677942054356379
1047.0 0.4454417216617057
1047.5 1.0463107572546224
1048.0 1.334775052427121
1048.5 0.5149913782914235
1049.0 1.447469844519809
1049.5 0.4591502258562657
1050.0 0.7562142956045574
1050.5 0.604847478824703
1051.0 0.7875794917576685
1051.5 0.8743230278925394
1052.0 1.4390173886728004
1052.5 1.5262059183893353
1053.0 1.3137902130584729
1053.5 1.4789221977777178
1054.0 1.1987699991955156
1054.5 1.0497592283849313
1055.0 0.8102202508480603
1055.5 1.4827055653947157
1056.0 1.9542330369124548
1056.5 0.6093379929466933
1057.0 1.288489888707471
1057.5 0.9494132775990568
1058.0 0.4722023391396162
1058.5 0.6459844697430888
1059.0 0.8219009568198301
1059.5 0.9436273865473583
1060.0 0.7743386583806067
1060.5 1.035541096059561
1061.0 1.064614003506364
1061.5 1.4787722312944331
1062.0 0.8264193162440294
1062.5 1.2349087201145856
1063.0 1.8443600419058046
1063.5 1.6983643924314338
1064.0 1.8943205488746335
1064.5 1.2463653727425563
1065.0 1.820912834651108
1065.5 0.80642367942357
1066.0 1.1694214563208862
1066.5 0.8417158772465311
1067.0 1.9193025670871071
1067.5 0.8410988872770615
1068.0 0.6397227541191176
1068.5 1.113491043449075
1069.0 1.2846485967686
1069.5 1.2186702545188501
1070.0 0.8635881600798423
1070.5 0.9136096014546486
1071.0 0.5246310190347443
1071.5 0.7400296110162627
1072.0 1.6136889373036762
1072.5 0.542370793057732
1073.0 1.1101485029436082
1073.5 0.8371306969192414
1074.0 1.5375070464620184
1074.5 0.5840829793577207
1075.0 1.1744655114665965
1075.5 2.162117756079203
1076.0 0.7963339570530816
1076.5 0.2
1077.0 0.9855710405224918
1077.5 0.8373619075751462
1078.0 1.2572298522485803
1078.5 0.8215702006177463
1079.0 1.7004886480904804
1079.5 1.495311575482493
1080.0 0.7717358728189548
1080.5 0.3704031223921933
1081.0 1.9588224332655728
1081.5 0.6313391889231528
1082.0 0.8605515505548836
1082.5 0.6373434329972347
1083.0 1.1906434777732375
1083.5 0.5395654820167545
1084.0 1.2685750999119703
1084.5 0.4706329602914706
1085.0 0.8545198397501057
1085.5 0.9534335445446498
1086.0 0.794688879414412
1086.5 0.9446568068200323
1087.0 1.2379348548193585
1087.5 1.6694243514544427
1088.0 1.251839041317687
1088.5 0.8501230589660065
1089.0 2.1379693204319823
1089.5 1.455961645857402
1090.0 1.0475701649929332
1090.5 1.3824618028742353
1091.0 0.9157859470181353
1091.5 0.9959203427889266
1092.0 0.9755276017290688
1092.5 0.47006312775228754
1093.0 0.741421666408955
1093.5 0.817471086293907
1094.0 0.7813632575616563
1094.5 1.3850687702191957
1095.0 1.0572613238993847
1095.5 1.2481535596146944
1096.0 0.7768712398342734
1096.5 0.9508815367330696
1097.0 1.2877566099300781
1097.5 0.8361522684487066
1098.0 0.7874438494762155
1098.5 1.6602396759498084
1099.0 2.301409347581588
1099.5 1.353920819628248
1100.0 0.7559303223627344
1100.5 0.7059413221475315
1101.0 1.5589883544589218
1101.5 1.4258814459034415
1102.0 0.9031901176402755
1102.5 0.760429481010578
1103.0 1.3648628062559713
1103.5 1.6170497064842047
1104.0 0.9874952919569995
1104.5 1.274695196667778
1105.0 0.8990002665720884
1105.5 0.8908330291491537
1106.0 0.5861146344191902
1106.5 0.7194223724114887
1107.0 1.6701637142853087
1107.5 1.1711065023063734
1108.0 0.875541253721611
1108.5 1.4414326457472995
1109.0 1.2816863499125186
1109.5 0.5280554577973485
1110.0 1.573753548756687
1110.5 0.7419003732603853
1111.0 0.40463379620036877
1111.5 1.0776965587219909
1112.0 1.9496621521160185
1112.5 1.6153562677881275
1113.0 2.3455885038627953
1113.5 1.9543273697927495
1114.0 1.159439864755535
1114.5 0.6633971083525088
1115.0 0.9721079930971162
1115.5 1.4585894543066589
1116.0 0.9337409863911926
1116.5 0.8105461469387742
1117.0 0.8097413788425525
1117.5 1.2194922024576975
1118.0 1.1792261543465652
1118.5 0.2
1119.0 1.6481630400154654
1119.5 0.2589502879228478
1120.0 0.275201049477366
1120.5 1.2267327580247853
1121.0 1.201348027796913
1121.5 0.7632719552227243
1122.0 0.8977883208582055
1122.5 0.9358926838240509
1123.0 0.9639016434494432
1123.5 0.8698461268450612
1124.0 0.9850997196396984
1124.5 0.6946356153592627
1125.0 0.9673347569413724
1125.5 0.977047726425416
1126.0 1.7401624945442131
1126.5 0.9996957173643191
1127.0 0.9647140319385971
1127.5 1.1299519844395405
1128.0 1.099332043390845
1128.5 1.0177818197652322
1129.0 1.0221699101214665
1129.5 0.3352745874488965
1130.0 1.603812652440582
1130.5 0.872669655858811
1131.0 0.6736319168305367
1131.5 0.6101055788053389
1132.0 1.4915837010452113
1132.5 0.7866212778252399
1133.0 1.668060914192652
1133.5 1.2416978159425847
1134.0 1.1678899553169597
1134.5 1.149372078043363
1135.0 0.8780542271539689
1135.5 0.9058474275764596
1136.0 1.3432440875548919
1136.5 1.3360940267917534
1137.0 0.7022229589878455
1137.5 1.0200850345741546
1138.0 0.7820691144281363
1138.5 1.4247681919980977
1139.0 0.7862932509532701
1139.5 0.9998254977790882
1140.0 0.7455489694049169
1140.5 1.0041325226256936
1141.0 1.1313276515391912
1141.5 1.7871223734465465
1142.0 1.0658308015888156
1142.5 1.367483246374989
1143.0 1.1482132480962972
1143.5 0.6506711703419965
1144.0 0.8801985381841112
1144.5 1.427408797355573
1145.0 0.981753481829952
1145.5 1.0331146139651355
1146.0 1.3181723204239075
1146.5 1.542410068105978
1147.0 1.3869734338150428
1147.5 0.9259315768750704
1148.0 1.3525319195992989
1148.5 1.6972515344610444
1149.0 0.749405335826973
1149.5 1.1423299760299037
1150.0 1.2483938148334617
1150.5 2.4839569079715136
1151.0 0.8966196116685181
1151.5 0.9064515028325162
1152.0 1.2792052918246126
1152.5 0.941870686288896
1153.0 0.6961559101255306
1153.5 0.8412863152261281
1154.0 1.0547525180254997
1154.5 1.7657664938507394
1155.0 1.2274691294632125
1155.5 1.5845369495704258
1156.0 1.1029998576188051
1156.5 0.8265399532852097
1157.0 0.9538056188114239
1157.5 0.9293935494124519
1158.0 0.9868160558475365
1158.5 0.6288085144360014
1159.0 1.3388268204348261
1159.5 0.5377528248873428
1160.0 1.1554923519424065
1160.5 1.019212560501434
1161.0 1.603431513132778
1161.5 0.6235077170210811
1162.0 2.2158034166237544
1162.5 1.684763170824732
1163.0 1.1167060403182338
1163.5 0.7922513043877908
1164.0 0.287005130588464
1164.5 0.8633856919644973
1165.0 1.0491329615099636
1165.5 1.9235605417619241
1166.0 0.7384964161866134
1166.5 0.891872503025372
1167.0 1.155282594209232
1167.5 0.7403307572010807
1168.0 0.4700470796615924
1168.5 1.4891354867823536
1169.0 0.7251565559360111
1169.5 1.7461931891173936
1170.0 0.2
1170.5 1.3198371589766742
1171.0 0.7361197442433092
1171.5 0.9729027580557252
1172.0 1.0387202163942855
1172.5 1.2279314771756966
1173.0 0.9952882622002528
1173.5 0.9271652908214505
1174.0 1.0178407207325442
1174.5 0.9845844634756585
1175.0 1.2939011354326602
1175.5 0.9843409513245681
1176.0 1.1843546415232595
1176.5 0.7414717829924298
1177.0 0.7872365997385045
1177.5 1.2350086197413566
1178.0 0.9874405994281497
1178.5 1.0940172847503746
1179.0 1.6101963418358527
1179.5 0.627767013929382
1180.0 1.2612341481617055
1180.5 1.2398927010973675
1181.0 1.2966533163914502
1181.5 0.5322748141825919
1182.0 0.891097482011447
1182.5 0.4238585612825566
1183.0 0.7765766709445934
1183.5 1.5435497035358337
1184.0 1.385015494018793
1184.5 1.633545175831677
1185.0 3.050995970536304
1185.5 0.7983858284818529
1186.0 0.9162585222493398
1186.5 0.8284611023796525
1187.0 0.8751485673961397
1187.5 1.879790336248913
1188.0 1.6743411841527245
1188.5 1.1184260833428952
1189.0 0.777134150415034
1189.5 3.1365441263787925
1190.0 0.9174277594727307
1190.5 0.38360819278211494
1191.0 0.2992667089436683
1191.5 0.7893706353744285
1192.0 0.7988287668952438
1192.5 1.2111324578324016
1193.0 1.7918770763059135
1193.5 1.319965325935525
1194.0 1.0141907936018553
1194.5 1.4392087061121868
1195.0 0.6796869792606703
1195.5 0.5782121192787432
1196.0 1.960162831498291
1196.5 0.9243376941014191
1197.0 0.5495134888070039
1197.5 0.9250079710628729
1198.0 1.238674034285589
1198.5 1.1091674446220547
1199.0 2.5658482088364543
1199.5 1.3842384262027778
1200.0 1.3612262253869611
1200.5 0.7753693256745822
1201.0 1.027242700230741
1201.5 1.3557343590805315
1202.0 0.9907845611875448
1202.5 0.8896577966669874
1203.0 1.6484086189102665
1203.5 0.8316545740754389
1204.0 0.7508399175661371
1204.5 1.2766978911708722
1205.0 1.67416471876478
1205.5 0.87571524709678
1206.0 1.7513393272435858
1206.5 1.458264040643754
1207.0 0.7153582089173115
1207.5 0.9926271219132832
1208.0 0.539151647545596
1208.5 1.308229564301828
1209.0 1.8623030819129154
1209.5 0.8419230101580006
1210.0 1.0816040219109224
1210.5 1.4201679454098226
1211.0 0.718213340978278
1211.5 1.0121040242746666
1212.0 0.5275421169356942
1212.5 0.7829688501925096
1213.0 1.3408944207458
1213.5 0.9663840667076682
1214.0 0.5987325860419848
1214.5 1.1143856551248756
1215.0 0.9592706495094798
1215.5 0.8447567350594339
1216.0 0.4222947651255601
1216.5 0.6094628365403749
1217.0 0.805250434595586
1217.5 0.5459468421362708
1218.0 1.7362967789176398
1218.5 0.6075786117796556
1219.0 1.068863009689811
1219.5 0.8113304723107411
1220.0 0.6631545533531302
1220.5 1.4138793668228407
1221.0 1.828945687265683
1221.5 0.8641448667097074
1222.0 1.08970475887469
1222.5 1.370775471199393
1223.0 0.8994501566457038
1223.5 0.5795136980700648
1224.0 0.6499952879315134
1224.5 1.2599342110365244
1225.0 0.2
1225.5 1.0215602406964444
1226.0 0.8859168750036408
1226.5 1.298596317600575
1227.0 1.4538550722776444
1227.5 1.5088508023986087
1228.0 0.575739430976049
1228.5 2.5584282437489803
1229.0 1.7880101086888578
1229.5 1.1361230510710525
1230.0 1.1749605954371567
1230.5 0.8016706823905495
1231.0 0.7708994023243516
1231.5 1.5697537770946188
1232.0 1.7801908845034855
1232.5 0.817244213006005
1233.0 1.4412890713087378
1233.5 1.756423684228266
1234.0 1.6995213453095732
1234.5 0.9441614912063296
1235.0 1.0025539836577224
1235.5 0.7544869911172423
1236.0 1.3688319015026422
1236.5 0.9045380378320074
1237.0 0.3098018998942046
1237.5 2.0506843283735607
1238.0 1.103790526548646
1238.5 0.823889900387349
1239.0 1.2573988153304703
1239.5 0.9985870563910623
1240.0 1.0066465810153506
1240.5 1.6251492170987585
1241.0 0.9555856161146734
1241.5 0.8523024797331948
1242.0 1.9665541695868556
1242.5 1.0136726156704823
1243.0 1.5577931118223665
1243.5 0.7110888573147927
1244.0 1.0160138585579441
1244.5 0.7843499743960354
1245.0 0.30357113153996096
1245.5 1.2050125885602363
1246.0 1.4190431265021002
1246.5 0.5978546825609321
1247.0 2.0504797995399375
1247.5 2.0611924604797336
1248.0 0.9095410323577342
1248.5 0.6485512457828264
1249.0 0.7573782968622532
1249.5 1.0921453787151527
1250.0 0.8155061349207111
1250.5 0.44728130070243344
1251.0 1.077680315158474
1251.5 0.6931561075136896
1252.0 0.7132715630182496
1252.5 1.4117622368838953
1253.0 1.3189938601771891
1253.5 1.1234958687691239
1254.0 0.8629934607108947
1254.5 0.7602942211233334
1255.0 0.5564052379759531
1255.5 0.6978508278685929
1256.0 1.7319662017053101
1256.5 1.2056559651611671
1257.0 0.8221133523061039
1257.5 0.6184833248066345
1258.0 1.1512273049317243
1258.5 0.8067353512606921
1259.0 1.4156304181577668
1259.5 0.787536161182676
1260.0 0.8839775888514265
1260.5 1.3001127418725673
1261.0 1.2049561573678038
1261.5 1.9527960906445192
1262.0 0.9377754315322326
1262.5 1.911450049725491
1263.0 1.6700415894912464
1263.5 0.6930009841505683
1264.0 1.241676538634338
1264.5 1.1034744209048442
1265.0 0.6118660228940249
1265.5 1.9358082020368448
1266.0 0.7997078657892296
1266.5 1.2328735923927654
1267.0 1.089975692948084
1267.5 0.7848286309928689
1268.0 0.2
1268.5 0.9611626609573213
1269.0 1.4054952209118725
1269.5 1.5451243171823434
1270.0 3.00012580762698
1270.5 1.1998076455825424
1271.0 0.5803804473530209
1271.5 1.0409684591020156
1272.0 2.3484001807232406
1272.5 0.766916854767572
1273.0 1.5563760062315344
1273.5 0.9300587053792293
1274.0 2.4907723151842482
1274.5 0.47121498361335834
1275.0 0.7606208162400083
1275.5 0.6211732837240012
1276.0 0.6905993556019029
1276.5 1.5809982046018456
1277.0 1.7302864914158196
1277.5 1.9833754074682153
1278.0 0.8519682226642737
1278.5 0.4189665016572208
1279.0 1.1163019555914904
1279.5 1.4826004097893248
1280.0 1.6932264378286612
1280.5 0.23471010446011853
1281.0 0.8969722492008352
1281.5 1.8189495521302756
1282.0 0.53910810820827
1282.5 0.9177596648076825
1283.0 0.5666429567375424
1283.5 0.6020006709588879
1284.0 0.905209142031522
1284.5 1.2738365850997195
1285.0 1.1297058017069364
1285.5 1.4143272740072976
1286.0 0.7703330931274308
1286.5 1.3586445568861627
1287.0 0.8177885315034268
1287.5 0.7796343245521913
1288.0 0.6227038458327605
1288.5 1.0586671889372754
1289.0 0.7244419177282799
1289.5 0.5840382513845073
1290.0 1.4099592094204696
1290.5 1.1813525935011686
1291.0 0.2
1291.5 2.1814272616828454
1292.0 0.9218876564745835
1292.5 1.5341583310820623
1293.0 1.3071594085792233
1293.5 0.9053886838777769
1294.0 1.2287445949444031
1294.5 0.981690572113554
1295.0 0.8367330295190998
1295.5 1.5089559206743646
1296.0 1.0883692787153907
1296.5 1.231549636692622
1297.0 1.2428333729137626
1297.5 1.3059022570169256
1298.0 0.5391407263681788
1298.5 1.513707156528095
1299.0 0.7452175820480744
1299.5 1.4813668913808273
1300.0 1.8639199835334108
1300.5 1.4471731619142854
1301.0 0.6771066881499378
1301.5 1.4549942131353353
1302.0 0.7863491818357222
1302.5 0.9065249707554128
1303.0 0.675790666091942
1303.5 0.8561467275208525
1304.0 1.148543823912183
1304.5 0.6181204667853992
1305.0 0.8648718815772407
1305.5 0.5749695110171387
1306.0 1.487612625907462
1306.5 0.9224927470453734
1307.0 1.0172910971104638
1307.5 1.5105866177547593
1308.0 1.4334773273478754
1308.5 1.5398436225500967
1309.0 0.7909002041691604
1309.5 0.9019539204285665
1310.0 0.8917661834504034
1310.5 1.0524031414050947
1311.0 1.1028251550977135
1311.5 1.0985120179768473
1312.0 3.3395799884169053
1312.5 1.2028797957463548
1313.0 1.2017293406881389
1313.5 1.3591121368753047
1314.0 0.9243423080726372
1314.5 1.0903426149466262
1315.0 1.1522471668086318
1315.5 0.5920100343124387
1316.0 0.8597862450198789
1316.5 1.4523103648223372
1317.0 1.062162728347023
1317.5 1.0446348230504547
1318.0 1.2932724037021788
1318.5 0.8464329372503829
1319.0 0.9165529778450423
1319.5 0.9440128725573593
1320.0 0.4821927499354222
1320.5 1.271700388133738
1321.0 0.9305491171840115
1321.5 0.9060880373058231
1322.0 0.770906338210561
1322.5 0.7969797491598118
1323.0 1.5410991091783193
1323.5 1.6684491900285767
1324.0 0.9567075357990296
1324.5 1.0077918372661132
1325.0 0.6961657861187533
1325.5 0.7426098671419576
1326.0 0.7973799977943228
1326.5 0.8366445023335111
1327.0 1.104261234778191
1327.5 0.9769779585025581
1328.0 1.1965920944201334
1328.5 0.6501182451674035
1329.0 1.734569209920335
1329.5 1.5858432466428123
1330.0 0.7871102699286333
1330.5 0.46924512124455875
1331.0 1.3879945069143762
1331.5 1.089851414398886
1332.0 1.1340341530853895
1332.5 0.8566853467497861
1333.0 1.0713761170902172
1333.5 0.9920717226568767
1334.0 1.4094013750318104
1334.5 1.2149616437641675
1335.0 1.2254678624919801
1335.5 1.1269307244537414
1336.0 1.5109225120585112
1336.5 1.018394767091597
1337.0 1.2455006218148292
1337.5 0.36654573168140925
1338.0 1.221102567355078
1338.5 1.8058629779949886
1339.0 1.150362373863625
1339.5 1.670589104246562
1340.0 1.3232279631984185
1340.5 0.5674326910039127
1341.0 0.5106271441181774
1341.5 1.111462125510233
1342.0 1.8917412650152865
1342.5 1.3508319334093217
1343.0 1.331718299545214
1343.5 2.2515992953293633
1344.0 0.8283414511658316
1344.5 1.263494734034052
1345.0 0.7765432333443671
1345.5 1.0058793109092483
1346.0 1.2700622455390138
1346.5 1.1473427415370043
1347.0 1.5535772311077993
1347.5 0.70356622448457
1348.0 0.8979359912790191
1348.5 1.1415198668444997
1349.0 1.0188067882935656
1349.5 1.5998879666817507
1350.0 0.5129520165641421
1350.5 0.8359250177705294
1351.0 0.8547855784144516
1351.5 0.5460230679911056
1352.0 0.3366521733588759
1352.5 1.2477676385516778
1353.0 1.28463923237876
1353.5 0.6885086574479871
1354.0 1.1168897241891584
1354.5 1.99738009908832
1355.0 0.8726342899727695
1355.5 1.1380493138865433
1356.0 1.4570189835872425
1356.5 1.576410171450418
1357.0 1.2164654333348741
1357.5 1.3527269799582773
1358.0 1.6132292744872636
1358.5 1.0978095587213885
1359.0 1.8017215923766385
1359.5 1.669504090375986
1360.0 1.4595160572408759
1360.5 1.1514473937611587
1361.0 0.70836924776204
1361.5 1.0773261071156086
1362.0 0.2
1362.5 1.1892047062682827
1363.0 2.144820067006469
1363.5 1.701716003250067
1364.0 1.2167570349160428
1364.5 1.8989480598529833
1365.0 0.8810328926055527
1365.5 1.5864597604620756
1366.0 1.1385769391944787
1366.5 0.7946338294561817
1367.0 0.6005744416535311
1367.5 1.4884224695580164
1368.0 0.9102916693820977
1368.5 0.7814667450655917
1369.0 0.753875062874027
1369.5 1.1856864381757812
1370.0 0.7381439681233544
1370.5 0.8636865733218595
1371.0 0.5153951162477803
1371.5 0.9207892113581662
1372.0 1.1831765523207478
1372.5 1.1348396758578545
1373.0 1.3625285956069235
1373.5 0.7215257673451778
1374.0 0.9257567675007325
1374.5 0.733107319178475
1375.0 1.0239930951085205
1375.5 1.5726906767867956
1376.0 1.140504850327934
1376.5 0.6073598427489169
1377.0 1.7049455871937507
1377.5 1.5144270497005374
1378.0 0.8620380996945602
1378.5 0.6968841084209555
1379.0 0.3889359430118567
1379.5 0.6224340116981975
1380.0 1.2270129968046017
1380.5 1.2976221948427398
1381.0 0.8221113163210396
1381.5 1.139643769287882
1382.0 1.9516083763534442
1382.5 1.433847675808794
1383.0 1.4060675566041558
1383.5 1.1567623687545114
1384.0 0.8934972130371155
1384.5 1.8485886294255207
1385.0 0.5964417929006287
1385.5 2.02673237934043
1386.0 0.7303545519810636
1386.5 0.9634197050133382
1387.0 1.7735596894481214
1387.5 0.5916432119219155
1388.0 1.4274626063994964
1388.5 0.8574890517488234
1389.0 0.8948833167373484
1389.5 1.452187255943198
1390.0 0.9810815905728609
1390.5 1.0694307992766985
1391.0 1.8593935329278612
1391.5 1.0733157888327836
1392.0 1.0102227407325997
1392.5 0.8036188365321582
1393.0 1.2739125214316345
1393.5 0.9686973120136271
1394.0 0.5075161103487922
1394.5 1.518266713178697
1395.0 1.0319505774850355
1395.5 0.8437113502561471
1396.0 1.194189175251268
1396.5 1.3158864861622428
1397.0 1.2579881847801742
1397.5 0.2093340889189068
1398.0 2.1913293085182293
1398.5 1.9289519384070917
1399.0 0.7478076905863744
1399.5 1.667946103261278
1400.0 0.7156698203324072
1400.5 0.7362596494290137
1401.0 0.8644952796235982
1401.5 2.21848871302475
1402.0 1.6886217783600843
1402.5 1.2029267875164258
1403.0 1.3901505075484955
1403.5 0.708865774683937
1404.0 0.9433982538897124
1404.5 0.8650909931133506
1405.0 1.353220676226764
1405.5 2.364632927596289
1406.0 1.2416725254608596
1406.5 1.1272698267499233
1407.0 0.8355966422454806
1407.5 1.3358756728146988
1408.0 0.7459706467961533
1408.5 0.6929007280749042
1409.0 1.8977103204575982
1409.5 0.8772004756989815
1410.0 1.0723885925147556
1410.5 0.674895646725154
1411.0 0.7048669181173248
1411.5 1.6507125077539115
1412.0 1.4687152852823881
1412.5 0.8830132317111528
1413.0 1.2891235489800552
1413.5 0.6525942742322368
1414.0 0.5851677599318127
1414.5 1.4489382278013347
1415.0 0.6369285917787674
1415.5 1.3582857545016953
1416.0 1.2412843162419942
1416.5 1.4080666919194136
1417.0 0.7788394061265949
1417.5 1.68368596677955
1418.0 1.1097219919159576
1418.5 0.8913995493451885
1419.0 1.3623584208697426
1419.5 1.012915944864328
1420.0 0.44460909384865355
1420.5 1.8528037545174187
1421.0 1.1751467438234813
1421.5 0.8308861400259218
1422.0 1.2244228228308152
1422.5 0.8248806178104923
1423.0 0.6995034205598327
1423.5 1.2021814401493756
1424.0 1.2820731387359812
1424.5 1.64412983689059
1425.0 1.4377916621840072
1425.5 0.6787353574170302
1426.0 0.9821236665219943
1426.5 1.266333061350118
1427.0 1.0586581931557102
1427.5 0.7987835035846447
1428.0 0.7192239806934566
1428.5 1.5407869610224032
1429.0 2.990057480178665
1429.5 0.9512287252760139
1430.0 0.8584226735839291
1430.5 1.2397576498658578
1431.0 1.4213007660524868
1431.5 1.7806803809916891
1432.0 0.8032036561654567
1432.5 0.9993653834849161
1433.0 0.701026909873929
1433.5 2.2052319481623446
1434.0 1.1046851406774216
1434.5 1.7808436811747845
1435.0 1.4294688474082875
1435.5 0.2
1436.0 0.6808764548859039
1436.5 0.7248596472733826
1437.0 1.012973589200459
1437.5 0.6426289081420018
1438.0 1.3099400320323422
1438.5 0.2
1439.0 1.199834114952767
1439.5 0.9796854742820618
