0 0.7326677836908374
0.5 0.5996340256712331
1.0 0.6767845908247139
1.5 0.8337569485859027
2.0 0.9552314042342396
2.5 0.6193958457193496
3.0 1.0019315242234268
3.5 1.1397476307079928
4.0 0.9634894960371105
4.5 0.7949424748990754
5.0 0.860086966811523
5.5 0.8305434242181187
6.0 0.7267039880736257
6.5 0.8496796950070145
7.0 1.1238428584013433
7.5 0.6539916514340575
8.0 0.7322122345223345
8.5 0.6507591111106066
9.0 0.9911549143306471
9.5 1.2587379317207201
10.0 0.67702194604994
10.5 1.2673728838480238
11.0 0.6608271988208707
11.5 0.9977155546826466
12.0 0.7058366977596178
12.5 0.8209097699387433
13.0 1.1184361026447056
13.5 0.5865214559592788
14.0 0.6198193406282435
14.5 1.2342193469620575
15.0 0.6920855577871687
15.5 0.6332495725323148
16.0 1.3368055061090252
16.5 1.0384745269257873
17.0 1.2941017173446552
17.5 0.45038980896159936
18.0 0.653016503973384
18.5 0.8920569507288008
19.0 0.7131987105170614
19.5 0.8337938572762147
20.0 1.2145494740509388
20.5 0.6298853098913244
21.0 0.633313356774669
21.5 0.781392625686401
22.0 0.698691956024637
22.5 0.7029338893725533
23.0 0.6457564248310133
23.5 1.0309037340393203
24.0 1.0016470976575735
24.5 0.9406079233092854
25.0 1.2059848647138542
25.5 1.4713329505594364
26.0 0.6862408252547936
26.5 1.090623514314942
27.0 0.6639580985278208
27.5 0.5617159446406155
28.0 1.0467467141864284
28.5 0.6543633697413906
29.0 0.6467560434718782
29.5 0.5601931829911508
30.0 0.6333223199786666
30.5 0.9010701880684993
31.0 0.7972862011889716
31.5 0.9420381782080742
32.0 0.734973912190406
32.5 0.8147070768787239
33.0 0.9280433210293388
33.5 1.3602768608732323
34.0 0.9299121253476865
34.5 0.6527165261956296
35.0 0.8606491627081161
35.5 0.6606190986805965
36.0 0.6497775739008675
36.5 0.8818922225590561
37.0 0.9646146448302924
37.5 0.717693360404341
38.0 0.753908163925435
38.5 0.9980331546027901
39.0 1.1484375283871975
39.5 1.1159577651081967
40.0 0.9267575667897514
40.5 1.3761296958454674
41.0 0.9472147357390954
41.5 1.1537579282051629
42.0 1.1687670587781886
42.5 0.8969279272067081
43.0 1.0531529916112128
43.5 0.7479539966935407
44.0 0.819690849130521
44.5 0.9306002072248005
45.0 0.9832603735264818
45.5 0.9196598998954937
46.0 0.8124163701604386
46.5 0.5572804421848283
47.0 1.1192091549888363
47.5 0.5512789100698305
48.0 0.7754939501036
48.5 0.6581715260551597
49.0 0.8688968584081342
49.5 0.6437877362466625
50.0 0.7932669629199545
50.5 0.8266011711700878
51.0 0.8345139764769118
51.5 0.9545791295963508
52.0 0.8155525557960823
52.5 0.9131109952951717
53.0 0.8480552347998447
53.5 1.0407055866904433
54.0 0.8815094889777544
54.5 0.7902483069879063
55.0 0.5265444954395704
55.5 1.1793203225498214
56.0 0.8607446749869028
56.5 1.0788547611383323
57.0 0.7773831501343362
57.5 1.1637603382734263
58.0 1.1987957632908122
58.5 1.192420843226749
59.0 0.6189514074072698
59.5 0.7985059562354233
60.0 0.42859925585209374
60.5 1.2888915259804747
61.0 1.1509062147030942
61.5 1.7086295355070948
62.0 0.6750383613586691
62.5 1.0097530092686424
63.0 0.7890307959049653
63.5 0.6880481340089284
64.0 0.756271263794957
64.5 1.2876251180503826
65.0 0.6992934779569666
65.5 1.1486567141899775
66.0 0.9089858525731318
66.5 0.6609916670294143
67.0 0.6111437852801767
67.5 0.9718955934580404
68.0 0.8439300737542323
68.5 0.9444090103957647
69.0 1.1568589667134814
69.5 0.7549380487523563
70.0 0.7134889998811567
70.5 0.9224841011692482
71.0 0.9267210201134408
71.5 0.9061520829541765
72.0 1.0086309987699786
72.5 0.3217100310859324
73.0 0.903859101632452
73.5 1.3504472924810733
74.0 0.940980224335207
74.5 0.8488401671837991
75.0 0.5656981050755805
75.5 1.1039353989021923
76.0 0.8638049384676718
76.5 0.5042821269058837
77.0 1.0171649084160135
77.5 0.5506796719715835
78.0 0.9126547960238356
78.5 0.6707298006699822
79.0 0.7936367443877486
79.5 0.7798829959682301
80.0 0.8123223469117216
80.5 0.9093397874976563
81.0 0.4585018282168054
81.5 0.7902160298864261
82.0 1.144084286164751
82.5 0.9294356728402293
83.0 0.9315349986415766
83.5 0.8587446826011793
84.0 0.517383052775984
84.5 0.7700965032445262
85.0 0.7293457160475123
85.5 0.6017496834163267
86.0 1.0726498194909484
86.5 0.569592593907913
87.0 0.5454759514891843
87.5 0.5251635980887448
88.0 0.8868366906743204
88.5 0.6566360820245785
89.0 0.9156698772826208
89.5 1.1565712256356881
90.0 1.0792408824326638
90.5 0.9193864943348367
91.0 0.7502456369848283
91.5 0.7181011738189947
92.0 0.8234707861012125
92.5 0.607773218857522
93.0 0.6100965113110621
93.5 1.0428478652840594
94.0 1.033328031090921
94.5 1.1962220989469157
95.0 0.6703093378781634
95.5 0.9229749128496192
96.0 1.1660823776841072
96.5 0.7987466697072088
97.0 0.7530319814857245
97.5 0.20238751942694705
98.0 0.8431172316050977
98.5 1.4638717926604126
99.0 0.8602208014152946
99.5 0.5285616611295516
100.0 0.5503407809625243
100.5 0.835454448509968
101.0 0.6361056354152854
101.5 0.7837927173195256
102.0 0.8960090260982483
102.5 0.7424013951308304
103.0 0.7107986256650731
103.5 0.7733208044262433
104.0 1.0342083302224105
104.5 0.9955488927229952
105.0 1.4384952859585651
105.5 1.0209670098397885
106.0 0.9754240883363376
106.5 0.8465250250513354
107.0 0.9015287912184502
107.5 0.736039481200379
108.0 0.9753454551356502
108.5 0.6193996143177425
109.0 1.1728959920169666
109.5 0.8528639878360544
110.0 1.5604578363470323
110.5 0.7417238620801613
111.0 0.36223594501554207
111.5 1.0444459796440133
112.0 0.7717252029410518
112.5 1.0345737553975616
113.0 0.5352796628752439
113.5 0.6323411794122331
114.0 0.9777477541945292
114.5 0.9296842303049442
115.0 0.5592022466074913
115.5 1.039177171042452
116.0 0.9151266190260703
116.5 0.8932865541781327
117.0 0.6281672253114877
117.5 1.292579538585665
118.0 1.4038693495362042
118.5 0.9502299265193557
119.0 1.2613620566136088
119.5 0.46547139943079874
120.0 0.6707117399574531
120.5 0.9165859483737651
121.0 0.6613113142866358
121.5 0.6983103728836537
122.0 0.765938083317371
122.5 0.9440769267541436
123.0 0.8273435113721039
123.5 0.8286077933840552
124.0 0.7450862786699866
124.5 0.7195552029542382
125.0 0.8604582412661292
125.5 1.4661584912100813
126.0 1.1047268018293814
126.5 1.2036219491757147
127.0 0.7095898721474948
127.5 0.9946867617028967
128.0 0.7058215664841656
128.5 0.8074341400721969
129.0 0.9856454280146763
129.5 0.6744416133748856
130.0 0.5284332131331106
130.5 0.6586867080199688
131.0 1.276483538816237
131.5 0.6432077054142469
132.0 1.1184097959863808
132.5 0.9114207360368716
133.0 1.1815011678807308
133.5 0.651190352521352
134.0 0.9405262494482902
134.5 1.0815834502919996
135.0 0.6293203015713067
135.5 0.5060541934633971
136.0 0.9624603117678792
136.5 0.6223773279503073
137.0 0.9302084613198247
137.5 0.9185623877939117
138.0 0.7797922904246415
138.5 0.7789015073907692
139.0 0.691666226257974
139.5 0.8769543435213472
140.0 1.287557787058334
140.5 0.33794515170778133
141.0 0.6701798781388921
141.5 1.020532949638329
142.0 0.9141947906188885
142.5 1.113953050152411
143.0 0.7781015398654365
143.5 1.265846045696804
144.0 0.2461061666347984
144.5 0.5477228236424473
145.0 0.2857963253423255
145.5 0.8406895403129108
146.0 1.0884084098993438
146.5 0.8375752416383946
147.0 0.5613956308956993
147.5 1.240278123049378
148.0 0.9865027315780059
148.5 1.0185844040052285
149.0 0.8259647288596066
149.5 0.9839056029983717
150.0 1.053326699480957
150.5 0.8557970299818497
151.0 0.7474753963104461
151.5 0.922419934443065
152.0 0.6829005066198182
152.5 0.6276138976798438
153.0 0.7177468035669803
153.5 0.6569564304541924
154.0 0.6977394067627158
154.5 0.6734898843039054
155.0 0.9990426212249672
155.5 1.0047103525429246
156.0 0.7959110493196861
156.5 0.9734680643448061
157.0 0.8311262514304487
157.5 1.0374022812150907
158.0 1.089655434143895
158.5 0.9493658249335841
159.0 0.6796184449518209
159.5 0.8696865008769339
160.0 0.6766697335538707
160.5 1.3873182447560009
161.0 0.9122029568081063
161.5 0.7403269908276049
162.0 0.8445721843847069
162.5 0.6831745960236695
163.0 0.4255176961110207
163.5 0.6405752681505117
164.0 0.6362431573295488
164.5 0.8722605140032635
165.0 0.5941259955879099
165.5 1.6500322582061837
166.0 0.6915718823397201
166.5 0.8227774033047146
167.0 0.6877171746858715
167.5 0.8167475107011382
168.0 0.9396300116796446
168.5 1.5927303616072843
169.0 0.7724787791868457
169.5 0.9738717008143738
170.0 0.6572646501823223
170.5 0.6365950305574439
171.0 0.8769074440136571
171.5 0.9822991075569716
172.0 0.7226617399457073
172.5 0.750808773183467
173.0 0.8588111403875964
173.5 0.6162115903471863
174.0 0.7224144401877173
174.5 1.0791764308413738
175.0 1.1361770384239898
175.5 0.7076562830866492
176.0 0.8830859522629355
176.5 0.6158688276594526
177.0 0.5620354924347264
177.5 0.8462991432823173
178.0 0.7669419671066533
178.5 0.8097472482680523
179.0 1.0812142507880755
179.5 0.7872338873211093
180.0 0.7983261942463413
180.5 0.7439667846350044
181.0 1.1915483036858607
181.5 0.9666078093392516
182.0 1.1259141034161357
182.5 0.8092285519585749
183.0 0.9084783991858725
183.5 0.9834301201214919
184.0 0.874942122320788
184.5 0.8662945547487928
185.0 0.7757930000982076
185.5 0.9632170624938781
186.0 0.707577665359518
186.5 0.6013835305589981
187.0 0.8018614076073769
187.5 0.8572332681764574
188.0 0.733715828048555
188.5 0.8419431718108972
189.0 1.3750521425672604
189.5 1.251711717396028
190.0 0.7738952560173962
190.5 0.632435325422668
191.0 0.7334309717414569
191.5 0.8382357665904085
192.0 0.9642348259551925
192.5 0.7054637176585368
193.0 1.236961043073878
193.5 0.7504479699751472
194.0 1.0386543968888502
194.5 1.0968637490348758
195.0 0.8977209243306865
195.5 1.1122939621884729
196.0 1.081868062912363
196.5 0.5690822900767918
197.0 0.40472661454332437
197.5 1.4357863662198749
198.0 1.0519798839959065
198.5 1.3100461811172959
199.0 0.43914021986303825
199.5 1.1236795374180033
200.0 0.8091691574090039
200.5 0.8186625729917552
201.0 0.9041311907300669
201.5 0.6216667904963605
202.0 0.7540984392542449
202.5 0.744493838855501
203.0 1.2547878464029347
203.5 1.2397558031272145
204.0 0.8219008244130039
204.5 1.060782127350014
205.0 0.7051030001804854
205.5 0.9728600323793146
206.0 1.052308473233456
206.5 0.9815036805000663
207.0 0.8512523094706949
207.5 0.8142610927771614
208.0 0.717363533548375
208.5 0.7097812332195417
209.0 0.8772617206394631
209.5 0.6096232170449394
210.0 0.8041808188709334
210.5 0.7634443952542109
211.0 0.6473264326703252
211.5 0.7104972207361981
212.0 0.9283296585532577
212.5 0.7628272616677394
213.0 0.6842984593178196
213.5 1.0055500799117054
214.0 0.6113964505182066
214.5 1.020628715995703
215.0 0.6933105478525525
215.5 1.2395831123976353
216.0 0.6032999132702255
216.5 0.7924016552931048
217.0 0.6004838750159429
217.5 0.9708015050597245
218.0 1.1546666851106628
218.5 0.7217369020574329
219.0 1.296844729712669
219.5 1.4377853819369064
220.0 0.8223599920408429
220.5 0.493251919868439
221.0 0.9311803976066686
221.5 0.6181655471957923
222.0 1.0865942615832982
222.5 0.9188204214876012
223.0 0.9386439837903318
223.5 0.6099240300077098
224.0 0.9925025125391456
224.5 1.2845585865743332
225.0 0.90343073369398
225.5 1.1692023945708936
226.0 0.8048384601616564
226.5 0.6279302664190873
227.0 0.9109131318483608
227.5 0.8540579130692252
228.0 1.1757013827796943
228.5 0.9581666192213412
229.0 0.7664181629577951
229.5 0.4633440256781642
230.0 0.6697820359228597
230.5 0.5168019028181194
231.0 0.8959325249911902
231.5 1.2067455927389257
232.0 0.6480270869254598
232.5 0.8599803608624776
233.0 0.9075267005330965
233.5 0.67846182592853
234.0 1.1093230868328596
234.5 0.5744034873232993
235.0 0.6521520261499376
235.5 0.8304812885557102
236.0 0.9125798476245159
236.5 0.5945613798941038
237.0 0.7750581214330103
237.5 1.1653900901324745
238.0 1.074365751435154
238.5 0.8844279975812381
239.0 0.8661621882879567
239.5 0.9392654056734717
240.0 1.2043916879709022
240.5 0.6903656611241575
241.0 1.1393845013281136
241.5 1.106764950586267
242.0 0.863156451973806
242.5 0.7375529868073392
243.0 0.7953916785097666
243.5 0.8582068301825425
244.0 1.6403446165991533
244.5 0.6592973345475114
245.0 0.7431258589600476
245.5 0.8322879624998906
246.0 1.2348880885926174
246.5 0.5376398634525958
247.0 0.8526583762768991
247.5 0.8972428013299079
248.0 0.8194175102741608
248.5 0.8339370144906921
249.0 0.8543385328112671
249.5 0.8585721749583477
250.0 0.7768316882303308
250.5 1.2343064524621563
251.0 1.300084702279889
251.5 1.2629018351374743
252.0 1.2463672500425285
252.5 0.7468589222938191
253.0 1.1318886274205424
253.5 0.9816579023127046
254.0 1.1470946335649956
254.5 1.366676162241038
255.0 1.1423516821289321
255.5 0.801604686864223
256.0 0.6335469582587623
256.5 1.0900471789478516
257.0 0.9197473883590613
257.5 0.8786847366825778
258.0 0.6923760651607802
258.5 0.9505045210751362
259.0 0.9886518401885742
259.5 0.9792703390205351
260.0 0.7975711514786485
260.5 1.2425028903168325
261.0 0.7214849598419052
261.5 0.874407456296115
262.0 0.7215839042237151
262.5 0.7875539099756439
263.0 0.4614162304957312
263.5 1.1231890945821557
264.0 1.1342720382447529
264.5 0.682312910989132
265.0 0.6267555819747521
265.5 0.8680951683644293
266.0 1.3092592714159164
266.5 1.6631522988345957
267.0 1.0192319291228744
267.5 0.7754300189469097
268.0 1.075783766784532
268.5 0.5907821255527184
269.0 1.3069585874594534
269.5 0.8792846240826564
270.0 0.9033862248457363
270.5 1.055784684829555
271.0 0.7837484581656025
271.5 1.250587627608794
272.0 0.7414218006718863
272.5 0.8739463396418072
273.0 0.7973885498718339
273.5 0.7541452845010888
274.0 1.373217112778855
274.5 0.6290605507633833
275.0 0.7260425409897541
275.5 0.5146656868111483
276.0 0.9781402321922623
276.5 0.8156492991424116
277.0 0.5378401600885385
277.5 1.0840190509322978
278.0 0.5943861478981254
278.5 0.6905882822185483
279.0 0.6417661856508068
279.5 0.542446241768285
280.0 0.594890656063803
280.5 0.5908712366521447
281.0 0.582164120360198
281.5 0.4472123502807091
282.0 0.9036319906502053
282.5 0.8363972434707392
283.0 1.0116001921256543
283.5 0.9181383799825743
284.0 0.7885127678391612
284.5 0.7521111477081054
285.0 1.4367540041778057
285.5 1.2245584473074518
286.0 0.6642229907253034
286.5 0.8757804789695254
287.0 0.9952276573994325
287.5 1.1542857748183961
288.0 0.5152113012462907
288.5 0.9724554109329697
289.0 1.1877782946907847
289.5 0.9143580520616506
290.0 0.7898220937227116
290.5 0.9394241550002029
291.0 0.9784139037929533
291.5 0.531729592167498
292.0 1.1694575058211814
292.5 0.9315087114603902
293.0 0.9322163663446954
293.5 0.8863994977550635
294.0 1.3616462924394244
294.5 0.9753786451938433
295.0 0.5587710049417407
295.5 0.8747275802586849
296.0 0.690462074211454
296.5 1.0101865036899835
297.0 0.5964831945345748
297.5 0.6718579668632162
298.0 0.713672516505168
298.5 0.6902669902463302
299.0 1.076713851443101
299.5 0.6212714511344157
300.0 0.6668961182765321
300.5 0.6471460276117802
301.0 1.1066086833629645
301.5 0.9348704197325619
302.0 0.553902618459575
302.5 1.1922636693187603
303.0 1.2567603746000406
303.5 0.8226083355199449
304.0 1.0092422678142747
304.5 0.7774876990183344
305.0 0.8521401210535849
305.5 0.7015428652989042
306.0 0.7592328589264734
306.5 1.0725895865089141
307.0 1.0688469554266686
307.5 0.7859124323469835
308.0 1.308532057616564
308.5 0.8043057788261223
309.0 0.6865068263251615
309.5 1.0215185158175704
310.0 0.9965236213919875
310.5 0.9219208141572235
311.0 1.031954168514805
311.5 0.789302216738313
312.0 1.0962955114547281
312.5 1.0529798651125029
313.0 0.4448621013347186
313.5 0.8594082349404355
314.0 0.546272257057536
314.5 0.8684183504352416
315.0 1.0954214497521784
315.5 0.8030980777661916
316.0 0.49570227797441285
316.5 0.4770909693974012
317.0 0.7427779061771089
317.5 1.0622896502113117
318.0 0.6511055929620405
318.5 0.7094631949486805
319.0 0.5735722323510029
319.5 0.6474399361675028
320.0 0.910813610177176
320.5 0.607131196425905
321.0 1.0550747986432207
321.5 0.48460607844090237
322.0 1.0006460142956353
322.5 0.688122533340223
323.0 0.6168802575626022
323.5 1.6626229816828506
324.0 0.9012359731444939
324.5 0.9878856618853542
325.0 0.7100846536908345
325.5 0.9002455902735653
326.0 0.7783645483974362
326.5 1.0388805501810938
327.0 1.369141476831712
327.5 0.9643434195316318
328.0 0.7930667308590713
328.5 0.5359153351147241
329.0 0.9837852925083286
329.5 1.0688567735279697
330.0 0.6119579728200747
330.5 0.9090405863851543
331.0 1.2492711086655197
331.5 0.6374848079903201
332.0 0.7335157292958592
332.5 0.6987634210703934
333.0 0.6822556696391189
333.5 1.0677939992957233
334.0 0.9945446382121854
334.5 0.8662741532442666
335.0 0.9389960319587716
335.5 0.6733194683373515
336.0 1.2969812121607225
336.5 1.4574993914593115
337.0 0.7208846034214855
337.5 1.2710705538044835
338.0 0.6723430745641851
338.5 0.9112187337603757
339.0 0.715936099919336
339.5 0.5180631948731056
340.0 0.8940383153513856
340.5 0.9037515736262896
341.0 0.7246541191581239
341.5 0.7876852412472628
342.0 0.7489901730802896
342.5 0.6458067512185629
343.0 0.7489561460077543
343.5 0.9367573386288446
344.0 0.9704392618817888
344.5 1.3645080605791968
345.0 0.7398068404335267
345.5 0.7186728662087812
346.0 1.1684136633501896
346.5 0.9255683494056541
347.0 0.9803486293885779
347.5 0.9325930542274639
348.0 0.5817648279893477
348.5 0.5727885498576768
349.0 0.9978272682124234
349.5 0.8852598875365953
350.0 1.0892178291533159
350.5 0.9370334792205326
351.0 1.097164376191036
351.5 0.7808294512078748
352.0 0.5343847828003816
352.5 0.5529490273603147
353.0 0.6895939452859721
353.5 0.5986930246691893
354.0 0.8002727475567064
354.5 0.8025608300570175
355.0 0.6220016501743704
355.5 0.949196120112838
356.0 0.8717542694245464
356.5 1.1353841646360843
357.0 0.6163766678835281
357.5 1.054241401139228
358.0 0.7317253999261397
358.5 0.6199311377632953
359.0 0.7498148607051205
359.5 0.6959205890948941
360.0 1.119593106886193
360.5 0.7964672547843077
361.0 0.9116774995873236
361.5 0.9198854668114194
362.0 0.8427088218002867
362.5 0.7277594485180836
363.0 0.7389858331563657
363.5 0.9175827826781606
364.0 0.5802020654286562
364.5 1.1618770408575665
365.0 0.7870070549270602
365.5 0.6678308280205809
366.0 0.8458726803742407
366.5 0.943638479641357
367.0 0.5937083999685407
367.5 0.4316877248419862
368.0 1.179960613667723
368.5 0.45090095075284464
369.0 0.7566950697150191
369.5 0.6358082458046945
370.0 1.2159287860969017
370.5 0.780169738715851
371.0 0.8727981421190076
371.5 0.8954371227418783
372.0 0.7158337684938185
372.5 0.6761042026819171
373.0 0.6171669711328268
373.5 0.8447720093471778
374.0 0.9830730076586922
374.5 0.7567480507886718
375.0 1.175973439640191
375.5 1.1980816122874276
376.0 0.8473655644671085
376.5 0.8985492725195598
377.0 0.8832525716849353
377.5 1.2035856447519626
378.0 0.7635113410807381
378.5 0.635220994287962
379.0 0.898194126615482
379.5 0.9838153794107112
380.0 0.8519314340175261
380.5 0.8557768166504249
381.0 1.494376847184633
381.5 1.0301152632193877
382.0 1.213905879228428
382.5 0.8679720434493301
383.0 0.912751364132169
383.5 0.744936704712112
384.0 0.561417613909535
384.5 0.8013935587111619
385.0 1.2858445366020916
385.5 0.8564976836563873
386.0 0.9421104876064913
386.5 0.8043512989528545
387.0 1.2122392233954955
387.5 0.8570964713857692
388.0 1.120180952371965
388.5 0.9126342481264453
389.0 1.4367852331224948
389.5 0.9553463872701917
390.0 0.6283128570504143
390.5 0.8187807526450817
391.0 1.0305764311925512
391.5 0.8764105918005136
392.0 0.6726039041220264
392.5 0.9187669531806031
393.0 0.7760255510025846
393.5 1.1465443180087131
394.0 0.8682446188280359
394.5 0.7310129115890194
395.0 1.5332358801747064
395.5 0.8448289038303807
396.0 0.9946214755308058
396.5 0.7760856000824774
397.0 0.948774869501551
397.5 1.437801862874631
398.0 1.1886081518949787
398.5 1.1559011842500475
399.0 0.822991874295709
399.5 0.5739538226532885
400.0 0.9240964810442234
400.5 1.2773081586247443
401.0 0.5593823758627203
401.5 0.6116905769191033
402.0 1.085494162687892
402.5 0.7270515127552011
403.0 0.9320641181832887
403.5 0.6819008722701365
404.0 0.8045139829564252
404.5 1.207235928068872
405.0 1.1727821127623683
405.5 0.3498886226591979
406.0 0.7610358993025494
406.5 0.6399192517268293
407.0 0.801194137497898
407.5 0.9169089888596667
408.0 0.9093888558970309
408.5 1.359907894071134
409.0 0.9223131057985672
409.5 0.7681345757882074
410.0 0.4671481692822304
410.5 0.8704344154158523
411.0 0.8643121444672079
411.5 0.9749460962672412
412.0 0.8452208484556357
412.5 0.5799570564206104
413.0 1.2720714385240166
413.5 0.6988512436955132
414.0 0.9815288995625457
414.5 0.504216843428386
415.0 0.6341132141113202
415.5 1.2165707319392394
416.0 0.8784004764984992
416.5 0.8351723102617994
417.0 1.0539867720599356
417.5 0.7176774495716658
418.0 0.9385366491196003
418.5 0.3198040500652473
419.0 0.7923033144811509
419.5 0.38279806856047854
420.0 0.8721350065973916
420.5 0.847046210726419
421.0 0.5479766526578826
421.5 0.7446679041374011
422.0 0.7181048322921619
422.5 0.6653311975326062
423.0 0.4759910195479636
423.5 0.45024749618082405
424.0 1.0984868077177892
424.5 0.6977792639850897
425.0 0.9420744698829322
425.5 1.103980874822704
426.0 0.3802766700242097
426.5 0.5986843872028633
427.0 1.171928691758157
427.5 0.9298127855908922
428.0 1.056969318543687
428.5 0.9457369826523567
429.0 0.9321089739810517
429.5 0.8012290959272408
430.0 0.9145980951816033
430.5 1.2920976986406838
431.0 0.6847585234127329
431.5 0.6889052962663903
432.0 0.5720054615327659
432.5 0.7593827384028242
433.0 1.5868933172818993
433.5 0.8912429202426471
434.0 0.46485069116185707
434.5 0.5890521694597677
435.0 0.8126710634916037
435.5 0.7425169479108452
436.0 0.632926348409838
436.5 1.3625262595892071
437.0 0.8839392048238126
437.5 1.3439076024486374
438.0 0.9667770387072405
438.5 0.5672273240203856
439.0 0.6989755758130543
439.5 0.7013778602078362
440.0 1.0146552210128985
440.5 1.0374988813281767
441.0 0.8368414877786394
441.5 0.41108170867391347
442.0 0.7517236147701051
442.5 0.7166917293338548
443.0 0.6034277619042689
443.5 0.9925666768109163
444.0 0.5615238421240087
444.5 0.620541993918862
445.0 0.7685243220273181
445.5 1.168649338237312
446.0 0.7971028956781308
446.5 0.8270320141300112
447.0 1.0523076000248215
447.5 1.011985975853851
448.0 0.8498993954032974
448.5 0.7712468831133286
449.0 0.545591640866135
449.5 0.746720454681387
450.0 0.7998564147653553
450.5 0.9026164571713238
451.0 0.7673810088953128
451.5 0.9221262710774722
452.0 0.6999908310782159
452.5 0.6510027077814629
453.0 0.60337542411802
453.5 1.1862619790502122
454.0 0.4489181125453687
454.5 0.8776300737115696
455.0 0.5331565038409034
455.5 0.4643060709495476
456.0 0.28152252461123933
456.5 1.3500222086827376
457.0 0.6595918651961867
457.5 0.5550435954478043
458.0 0.7667044892259549
458.5 0.4866800954967202
459.0 0.7712367237265011
459.5 1.1623415732674105
460.0 0.7979286559973944
460.5 0.86760562276883
461.0 0.7135133565317688
461.5 1.0651067580427445
462.0 0.7340433850206493
462.5 1.223673314052163
463.0 0.8543668136203776
463.5 1.0312709788943712
464.0 0.5960894526609866
464.5 0.9476047989339695
465.0 1.2111989633013587
465.5 0.9773127979058482
466.0 1.01206782269542
466.5 0.6018589495995659
467.0 1.2356946528290806
467.5 1.416288853548928
468.0 0.8205901330578746
468.5 0.9422277540067281
469.0 1.0256013960366333
469.5 1.2749036448488003
470.0 1.2391533303292328
470.5 1.207766322012814
471.0 0.9139832162869193
471.5 1.0134430220018864
472.0 0.8896358152146377
472.5 0.8728682225271744
473.0 0.8696478040866202
473.5 0.7310422368881253
474.0 1.0440680259468431
474.5 1.021656835442755
475.0 1.0434190369833434
475.5 0.9564800734491319
476.0 1.03258367479277
476.5 0.9607488459275717
477.0 0.7672901115799298
477.5 0.8483924400179119
478.0 0.674837720807896
478.5 0.8386672097020513
479.0 1.1503073386136895
479.5 0.877565623974421
480.0 1.0364467898072645
480.5 0.6965524559494929
481.0 0.8000597754297387
481.5 0.5810011377711863
482.0 0.8334482869923645
482.5 0.6338525681666534
483.0 0.5711411572170537
483.5 0.8566272480832695
484.0 0.43849722390950163
484.5 0.8500844868502309
485.0 0.7157232434499998
485.5 0.7197967759527356
486.0 0.8028571196097789
486.5 0.877691409141752
487.0 0.8144206057405399
487.5 1.060191890204845
488.0 0.9167944243345427
488.5 0.8010661673390709
489.0 0.6805455720007838
489.5 0.8752263435394665
490.0 1.5526415219573562
490.5 0.3816809658062775
491.0 0.6375707132245878
491.5 0.6694595388225761
492.0 1.3488319010399645
492.5 0.9307490285967375
493.0 0.9298571516921379
493.5 0.8114244287533205
494.0 0.7315264407892614
494.5 0.44614635514710416
495.0 0.9727188796065698
495.5 1.3902343454574981
496.0 0.8982525040364338
496.5 1.0624702765310499
497.0 0.8658424889869538
497.5 0.8031024953738235
498.0 1.0079734714392574
498.5 0.7303932919271724
499.0 0.7393800919493883
499.5 1.0644464466110017
500.0 0.7328057381237336
500.5 0.6557625093524805
501.0 0.9348200404285871
501.5 1.2354553640081374
502.0 0.8807104186992611
502.5 0.47054042623327774
503.0 0.5756011351791093
503.5 0.7623560883899585
504.0 1.3245751325123682
504.5 1.256842482011362
505.0 0.48862047281928883
505.5 0.6916786720043926
506.0 1.1699581010586855
506.5 0.7417904151335685
507.0 0.9699526407080121
507.5 0.5866612578156495
508.0 0.9826715731826439
508.5 1.020888079785733
509.0 1.1607782997453444
509.5 1.2175240897257558
510.0 0.8709514800632676
510.5 0.9834460150238848
511.0 0.8361641292842252
511.5 0.9465516641417786
512.0 0.669810921193859
512.5 0.8507503520593698
513.0 0.8890587657578468
513.5 0.9943072929717132
514.0 0.6730389145652315
514.5 1.1713786445144003
515.0 1.0283101080450319
515.5 0.8781910264752033
516.0 0.9724895662096442
516.5 0.9308971856611059
517.0 0.9984879119228423
517.5 1.1904033136701309
518.0 0.734928224053446
518.5 0.9901755214958672
519.0 0.9448666163722113
519.5 0.8223663810353095
520.0 0.7083422828662609
520.5 0.596885263167312
521.0 0.916784025065333
521.5 0.6599324926533254
522.0 1.1522001419582537
522.5 0.7467331210641794
523.0 0.7480029067690792
523.5 0.6875225808784553
524.0 0.635328059753814
524.5 1.14376893870209
525.0 0.6793710890098938
525.5 1.0289182445795073
526.0 0.8200292880060869
526.5 1.2362652888179215
527.0 1.3026678364518511
527.5 0.6643763874240236
528.0 0.8217938513702692
528.5 0.7799488899235251
529.0 0.7534985320600109
529.5 1.0636549685167482
530.0 1.1820092166949185
530.5 0.8210032361048663
531.0 0.6676245523801807
531.5 0.7495335547624653
532.0 0.9053426753749931
532.5 1.0360103554690228
533.0 0.8041126835613637
533.5 0.8886150962279566
534.0 0.8400323109141398
534.5 0.5266400535409994
535.0 1.090386381073466
535.5 0.7901993011285018
536.0 0.6227649695702976
536.5 1.073338796589077
537.0 0.9365957210173097
537.5 0.958450814686307
538.0 1.1696023382855523
538.5 1.3193328175567516
539.0 0.6909456731052297
539.5 0.4997284742364491
540.0 0.761632816261846
540.5 1.0186967919867214
541.0 0.5345629435876496
541.5 0.8390144083129023
542.0 0.6463573535936347
542.5 0.8616550893746284
543.0 0.7774613088681401
543.5 1.0942429285675854
544.0 1.0750759502476361
544.5 0.7106777478355539
545.0 1.1667732670704996
545.5 0.6971951438440279
546.0 0.6515848900097868
546.5 1.125801533224717
547.0 1.0256480320213963
547.5 1.1573092169769263
548.0 1.313438819682592
548.5 0.9513305259751605
549.0 0.9952427874592151
549.5 0.4104670938701241
550.0 0.6371947807314349
550.5 0.9145235165309216
551.0 0.9442735941729739
551.5 0.43863205990160636
552.0 0.6336984297297223
552.5 0.846164813756922
553.0 0.60019788662911
553.5 0.7250493631481687
554.0 1.0415061425548526
554.5 0.6883535225562973
555.0 0.9615973539757074
555.5 1.1951090101322182
556.0 0.5266067122912438
556.5 0.6353244486667291
557.0 1.0012917724185226
557.5 0.8416823724891282
558.0 0.8877360929603488
558.5 0.7456924723669137
559.0 1.3517470819594666
559.5 0.8251203555981963
560.0 0.8881050506258061
560.5 1.4190238125504462
561.0 1.2530044691793063
561.5 0.8573688427271671
562.0 1.1899306972429067
562.5 0.9715943515248344
563.0 1.0942221744622422
563.5 0.8531189801371495
564.0 0.7097783338104324
564.5 1.0040141550734392
565.0 0.3369877420478809
565.5 0.5557555803627356
566.0 0.45983661745005566
566.5 0.8313240258888618
567.0 1.0341931417638137
567.5 0.9062349462616099
568.0 0.8256734856182117
568.5 1.4158856322546451
569.0 0.9833410411776777
569.5 0.3253172605703239
570.0 0.8401459161569949
570.5 0.946938817976229
571.0 0.6986524798783701
571.5 0.8320675388392638
572.0 0.9186494702431356
572.5 0.82615471220098
573.0 0.5178395154880713
573.5 0.7410773908361504
574.0 1.4009160297750356
574.5 1.0695519866870857
575.0 0.9807665785763924
575.5 0.6448166792070533
576.0 0.5648606626967804
576.5 0.6542021470290698
577.0 0.9117562403284285
577.5 0.5978888286041799
578.0 0.9783059491216759
578.5 0.9511643127715663
579.0 0.741809724908207
579.5 0.7120001828344598
580.0 1.003769252711386
580.5 0.7412611172389914
581.0 0.5137000800924665
581.5 0.7549251697113566
582.0 0.6674947304952328
582.5 0.6162377593162292
583.0 1.0175496265182806
583.5 1.1742868921382057
584.0 0.5981225051356325
584.5 0.6692874588247439
585.0 0.4817864719450603
585.5 0.7851152015664464
586.0 0.4012076735756032
586.5 0.6920946224097073
587.0 0.7999626740956891
587.5 1.2866805706206095
588.0 1.2966348183291312
588.5 0.8936489660800789
589.0 0.6313407994489866
589.5 0.6224023210775858
590.0 0.6287120718950963
590.5 0.6819515088508202
591.0 0.7337122572586063
591.5 1.0623588996059494
592.0 0.6848597546842332
592.5 1.0335246954559583
593.0 0.8652096549177617
593.5 0.9946909006707323
594.0 0.583073405724325
594.5 0.7412868225679494
595.0 1.0057792222614492
595.5 0.9423870227993781
596.0 0.5416191991453849
596.5 0.5757457453719692
597.0 0.7387619280411261
597.5 1.1338703955530496
598.0 0.9078470789681214
598.5 0.8599545811237241
599.0 1.7303898194784175
599.5 0.8061221638119136
600.0 0.9213657799775948
600.5 0.7868548296674484
601.0 0.9142785566004203
601.5 0.879820496659702
602.0 0.5746268597794368
602.5 0.8946535196403151
603.0 0.5748033872755096
603.5 0.8911490100664967
604.0 0.777958863564701
604.5 0.6762576923956107
605.0 1.2339518756664065
605.5 0.4298053208867861
606.0 1.0221894725949947
606.5 0.7065738189807538
607.0 1.3143737121450842
607.5 0.8804699210226385
608.0 0.8706324823523122
608.5 0.8347564762995456
609.0 1.1807201266995628
609.5 0.5625401516383326
610.0 0.6470327829540057
610.5 0.7069323927879587
611.0 1.143029790170143
611.5 1.204932430391866
612.0 0.8693767315239418
612.5 0.3555764743581868
613.0 0.7323159997344812
613.5 0.6888230159995228
614.0 0.8418676110730297
614.5 1.1220677002711108
615.0 0.7891627990698002
615.5 1.0691102946158126
616.0 0.8339085412181622
616.5 0.887151965029908
617.0 1.0191482837333519
617.5 0.8055507577551937
618.0 0.5628484515263938
618.5 0.7280781968937837
619.0 0.8106433533449968
619.5 0.9129309113413451
620.0 1.052846887097797
620.5 1.249628515791819
621.0 0.6611222854599534
621.5 1.0148846414718542
622.0 1.149778290910343
622.5 1.3838310744815707
623.0 0.5677936618353397
623.5 1.279014438441208
624.0 0.6808446118352474
624.5 1.0036170832932656
625.0 0.8274166757061707
625.5 0.5929399566210294
626.0 0.7516425104102398
626.5 0.937767348165585
627.0 0.6899957807469749
627.5 0.8653733252689793
628.0 1.1897095372923507
628.5 0.7442406425991628
629.0 0.9868724218322842
629.5 1.0617347399089594
630.0 0.4536495818756518
630.5 0.5599721494197079
631.0 1.0041776350969822
631.5 0.5736426819431213
632.0 0.85628787432303
632.5 0.9269888123718295
633.0 0.9698086777728889
633.5 0.7551553432401628
634.0 0.5238471103217203
634.5 1.0711656452980791
635.0 0.76490343457644
635.5 0.71879319284125
636.0 0.7024752532068925
636.5 0.8307162507004799
637.0 1.08543950807264
637.5 1.0463094694974868
638.0 0.977068427748758
638.5 0.3025943477986744
639.0 1.059002539871421
639.5 0.6151539164893518
640.0 0.48669430270387526
640.5 1.0360507720317036
641.0 0.5715826299504423
641.5 0.6839396192343155
642.0 0.6522764563265921
642.5 0.6492702331756377
643.0 0.9205152320123375
643.5 0.8019817079210785
644.0 0.9409341460927305
644.5 0.8706437050216527
645.0 1.1445652889676343
645.5 0.9913690268864315
646.0 1.424128378827687
646.5 0.8331429508863413
647.0 0.7482241471346467
647.5 0.8895056545959243
648.0 0.5523820236767131
648.5 0.6198279552853934
649.0 0.9159546120927937
649.5 1.0004692131254145
650.0 0.9974247123318927
650.5 1.1901384542385485
651.0 1.0852280211101606
651.5 0.6410226861288273
652.0 0.7043483192734712
652.5 0.8178404384708682
653.0 0.920483037524747
653.5 0.8023668050666601
654.0 0.9797087654234047
654.5 0.6963603030214189
655.0 0.9113758654347615
655.5 0.9118663311503146
656.0 0.7278763698347466
656.5 1.0119271451773555
657.0 0.863349487976101
657.5 0.5655774028511253
658.0 0.8575075929273261
658.5 0.9414056322377387
659.0 0.9213487809806706
659.5 0.5095560952008297
660.0 0.6748833449719047
660.5 1.2039914860123164
661.0 0.6985233975318978
661.5 0.9788546149544302
662.0 0.6302296635576106
662.5 0.8515904709363903
663.0 0.6474986424247794
663.5 0.979217106266852
664.0 0.4227472534681324
664.5 0.8041863451850935
665.0 0.7573942346233443
665.5 0.8870899412588582
666.0 0.7978395745422104
666.5 1.1761933443854768
667.0 0.8564532926793982
667.5 0.6393933261286768
668.0 0.9782434996788876
668.5 0.7210723329268565
669.0 0.7738101018220032
669.5 0.819776683622603
670.0 0.8767168283717965
670.5 0.8980677941972455
671.0 0.758023558026649
671.5 1.1807594125779934
672.0 0.9772818346237018
672.5 1.43059070948314
673.0 0.9412592002603388
673.5 0.8932178782460956
674.0 0.6160573806155464
674.5 0.6577990670030693
675.0 1.00050026692032
675.5 1.135397683510451
676.0 0.8267573392547045
676.5 1.4252670830243237
677.0 0.8590172488755974
677.5 1.1214589634235852
678.0 0.9070532179633426
678.5 0.6915567572058576
679.0 0.8979569134386107
679.5 0.67021108274944
680.0 0.7412290311741967
680.5 0.6808916854743507
681.0 0.5132271152106596
681.5 0.7611642167823289
682.0 1.012349951827065
682.5 0.525042547998511
683.0 0.44410102463704026
683.5 0.8751410304899034
684.0 0.9072884491086426
684.5 1.1010273202174732
685.0 0.8556217508069139
685.5 0.46953083076455027
686.0 1.0470179257597354
686.5 0.5750091114415954
687.0 0.3609577037718625
687.5 0.8442443459385087
688.0 0.8053497633447328
688.5 1.0723628137338388
689.0 0.7721609600362098
689.5 0.8533570420504757
690.0 1.0716794539915013
690.5 1.1072857036217811
691.0 0.9539042900477945
691.5 0.5633933053459894
692.0 0.711846800556649
692.5 0.7243709036117307
693.0 0.7091044966093931
693.5 1.033040847727646
694.0 0.794186161178186
694.5 1.0069618257728705
695.0 0.5125122765943567
695.5 0.6144319804069733
696.0 1.4204542665253133
696.5 0.7256434586037306
697.0 1.0571811059153065
697.5 0.7927605730863713
698.0 1.5275519521707346
698.5 0.45773502850069486
699.0 0.9399933162382841
699.5 0.9991262831698331
700.0 0.8559209169005939
700.5 0.887198896632835
701.0 0.7495020673709116
701.5 1.3132426720157653
702.0 1.1412763581291094
702.5 0.8988222997353492
703.0 1.0571417330994424
703.5 0.6239970757345498
704.0 0.35639330566842237
704.5 1.5278765578140445
705.0 1.2163303763656026
705.5 1.2118186624278646
706.0 0.6189764148218926
706.5 1.2228943585491228
707.0 0.6484890916067705
707.5 0.6009325251749076
708.0 0.9466126772552546
708.5 1.2950658553776704
709.0 0.7011091757058626
709.5 1.2221731062420238
710.0 0.529994448309187
710.5 0.9646208631308322
711.0 0.9524363615453819
711.5 0.8251179451442662
712.0 0.9629910935529856
712.5 0.8337865530333208
713.0 0.7609864473850312
713.5 0.6766045758508267
714.0 0.8111933033778935
714.5 0.5812491656322831
715.0 0.6104991813186487
715.5 0.7360982975561441
716.0 0.6613832454106015
716.5 0.7223758024935656
717.0 0.6231642147779801
717.5 1.2159542702133173
718.0 0.761676562573223
718.5 1.0182844472979478
719.0 0.919910053112097
719.5 1.0026784432992297
720.0 0.9467062818563652
720.5 0.7481173987139305
721.0 0.9362426894689815
721.5 0.785423909820183
722.0 1.1358499586744448
722.5 1.205230107689969
723.0 0.8273815506517224
723.5 0.668581755315172
724.0 0.5458459309408229
724.5 0.9746622399283484
725.0 0.7874121712357398
725.5 0.5804321752098733
726.0 0.773700256074436
726.5 0.9778362157131413
727.0 0.959321344472184
727.5 0.9824600519303575
728.0 0.9884581322204911
728.5 0.9952842136038715
729.0 0.7523598277151315
729.5 1.053613702458769
730.0 0.8739404614598104
730.5 0.7679974726697609
731.0 0.7368463622650865
731.5 0.7934470909396232
732.0 0.9908587470401047
732.5 1.2389734530456507
733.0 0.5345765463562049
733.5 0.7766293202744856
734.0 1.28932952286379
734.5 0.9915638323691671
735.0 0.8132538161876972
735.5 0.8411234824460705
736.0 0.5099831029880091
736.5 0.8290079212987098
737.0 0.6441530565821872
737.5 0.8438146011407417
738.0 0.681338185696106
738.5 0.7367575351860207
739.0 0.881897860527459
739.5 0.8333046311615465
740.0 0.6742606585786661
740.5 0.836765809861411
741.0 1.1112384250384364
741.5 0.6465812771424757
742.0 0.7847534426270262
742.5 1.0997051260266761
743.0 0.8718479519202496
743.5 0.8508723143839614
744.0 0.3597485209463564
744.5 1.6066085295280395
745.0 0.7833212150560207
745.5 0.6606952801052953
746.0 0.29226062449053786
746.5 1.1339671267208593
747.0 0.6444380126989868
747.5 0.9227080481835948
748.0 0.6766983200806156
748.5 0.9684149436101901
749.0 0.8122867938952412
749.5 0.7382673774824156
750.0 1.0358253152408152
750.5 0.939120218438978
751.0 0.7153262862493943
751.5 0.7557426492613231
752.0 0.6372937863516368
752.5 0.9904823235074689
753.0 1.2338418906198616
753.5 0.8795109966716965
754.0 0.8492094946480984
754.5 1.1182456795476918
755.0 0.9143097163775546
755.5 0.8527655395956599
756.0 1.0876857722647237
756.5 0.5695834131466633
757.0 1.0848238008266597
757.5 1.0480890549315658
758.0 1.2268814233272474
758.5 1.2801546830553898
759.0 1.1310656312351728
759.5 0.48363254935802097
760.0 0.8402521579041204
760.5 0.5214664958801332
761.0 0.7501479170636043
761.5 0.7974216530596772
762.0 0.789768510106018
762.5 0.6137618491232388
763.0 1.0347049943272306
763.5 1.0988526537671677
764.0 0.7422998595597105
764.5 0.9506288748758682
765.0 0.7695635646287875
765.5 1.0720858541371425
766.0 0.8541717503830666
766.5 0.7472435125032013
767.0 0.944206818076186
767.5 0.8620062929856852
768.0 0.9188920003417933
768.5 0.7862477978144842
769.0 0.9680070851103071
769.5 0.5917468387664067
770.0 0.8220903624659057
770.5 0.7072218371815808
771.0 1.002188518033415
771.5 1.2849458683964923
772.0 0.7255441917979542
772.5 0.9431887370102108
773.0 0.8405038181724587
773.5 0.9554237363196916
774.0 0.9573874964259317
774.5 1.1436765652723544
775.0 0.6316247329571352
775.5 0.4744855762704734
776.0 0.5758953759243575
776.5 0.5377215282249742
777.0 0.8501140678112642
777.5 0.6886634436188583
778.0 0.881166310022877
778.5 0.7307172253382102
779.0 1.1421279179417516
779.5 0.6319561115339278
780.0 0.8411186694379376
780.5 0.906531863277441
781.0 1.2810387430172443
781.5 0.957630187462596
782.0 0.792848354408396
782.5 0.8561457702768249
783.0 0.883837149553847
783.5 0.9876830428815059
784.0 0.31902863189756353
784.5 0.5866087835843157
785.0 0.825240923596282
785.5 0.8513540495071125
786.0 0.8626423174839648
786.5 0.5564991785787463
787.0 0.5391183277565675
787.5 0.6179038098717825
788.0 1.0830406825421461
788.5 0.9300157893362062
789.0 0.33676017977647166
789.5 0.7341626382085547
790.0 0.6549675332187042
790.5 0.6230140837602589
791.0 0.8110548982051891
791.5 0.9670038289544025
792.0 0.6832129056525572
792.5 0.9913035501882586
793.0 0.5774329020863578
793.5 0.6063855898843129
794.0 0.8465554092009215
794.5 0.9586412216673714
795.0 0.7539206655467985
795.5 1.05886646554382
796.0 0.8687537068053703
796.5 0.8652705044522917
797.0 0.5683278740752333
797.5 0.5372740775233893
798.0 0.7019048809005799
798.5 0.5265867017192836
799.0 0.4974576545070733
799.5 0.9225827837404061
800.0 0.9358871553342147
800.5 0.797178994794274
801.0 0.9662883253201864
801.5 0.585848896195484
802.0 0.942184558731145
802.5 0.799857327364113
803.0 1.233090682466766
803.5 0.8400653359661332
804.0 1.3828567724340786
804.5 0.7413048707224685
805.0 1.0320155538118427
805.5 1.0076841792763938
806.0 0.9994272474235513
806.5 0.8134081753942093
807.0 1.3393019570807296
807.5 0.8695850698032348
808.0 0.9916869376030499
808.5 0.7534223169196885
809.0 0.7646517127147385
809.5 0.9354779091076653
810.0 0.7727838911236853
810.5 0.611692637917562
811.0 0.8877938153873124
811.5 0.8111344661705855
812.0 0.7782095057730956
812.5 0.9615429714568553
813.0 1.325303383760582
813.5 0.7724454762484179
814.0 0.6514067450156785
814.5 1.0505222546809456
815.0 0.8322906366458835
815.5 0.7448679126621507
816.0 1.0419284920576986
816.5 0.9194520556904437
817.0 0.5502369122870077
817.5 0.7653523023633362
818.0 0.6596102333788769
818.5 1.042810340516715
819.0 0.45929257178252453
819.5 1.3924665788349673
820.0 0.80448589895453
820.5 0.6825896408409309
821.0 0.695497271217618
821.5 1.2024552724849544
822.0 0.9721310961043654
822.5 0.44788821489513847
823.0 0.8081597073851823
823.5 0.6776349349324593
824.0 0.4910910949780191
824.5 0.9089500667304728
825.0 0.7380790130143637
825.5 1.0626644927077364
826.0 0.8729494398136923
826.5 0.8931893104305253
827.0 0.37853598199386423
827.5 1.1584081517658833
828.0 0.9461850944431576
828.5 0.9454467114691267
829.0 0.6852290074642001
829.5 0.7265491628165555
830.0 0.5160118677858181
830.5 0.8004583315570049
831.0 0.7947045401155068
831.5 0.7840947749700817
832.0 1.2168271101951595
832.5 1.1038294623381526
833.0 0.8178446493947354
833.5 1.0825795366471247
834.0 0.8404301214552905
834.5 0.6034201981772145
835.0 0.8647428086241121
835.5 0.8357091397660465
836.0 0.7680521472738937
836.5 0.6928002433298271
837.0 0.7044019551774929
837.5 0.6646126096528022
838.0 0.6797877133654973
838.5 0.8792967051108871
839.0 0.7347697415467714
839.5 1.0964326119218188
840.0 0.9519589779124675
840.5 1.3149654990932067
841.0 0.6929296080069403
841.5 0.8067419088791298
842.0 0.9266210575763556
842.5 0.7334671733026257
843.0 0.803183022555666
843.5 0.3505441051489628
844.0 0.98975087183572
844.5 0.8648190152613573
845.0 0.6857326515760183
845.5 0.8155078517237166
846.0 0.9589624254445454
846.5 0.7581785448478089
847.0 0.9834571243219621
847.5 1.336358331024831
848.0 0.9426907314191768
848.5 0.6594436986514942
849.0 0.5074391342057505
849.5 1.3622518382368576
850.0 1.2314059804056865
850.5 0.8254198922230762
851.0 0.770460131486685
851.5 1.082108298596217
852.0 1.1140238011271033
852.5 1.00460844358598
853.0 0.6019961097126176
853.5 1.09432728984646
854.0 0.81616608939364
854.5 0.7725957256130704
855.0 0.9990266279335298
855.5 1.0924323437325507
856.0 1.01107597668695
856.5 0.6575326846079245
857.0 1.1991840772822249
857.5 0.5422803286292702
858.0 0.5558583004238984
858.5 0.6963481955279204
859.0 0.9109001214808228
859.5 0.8320436731007708
860.0 1.058767683865935
860.5 0.43407890185938264
861.0 0.9821516144657965
861.5 0.8265399332178462
862.0 0.7884139960713925
862.5 0.8215119566108688
863.0 0.945678404817468
863.5 0.854931642687998
864.0 1.0158252458874601
864.5 0.570879079209808
865.0 0.7121030836202055
865.5 1.151167152977792
866.0 0.919060488965876
866.5 0.8816847893047481
867.0 0.7026876810112526
867.5 0.9063446280977672
868.0 0.6143969507143738
868.5 0.8605350583256683
869.0 0.8115829365233662
869.5 0.6915920506027614
870.0 0.7897578879008089
870.5 0.7130992188212983
871.0 1.0626744175483922
871.5 0.7001222155464291
872.0 0.8181742532434082
872.5 0.9642027493744354
873.0 0.7563560046100297
873.5 0.72585819767672
874.0 1.3284549566033323
874.5 0.7084192107667273
875.0 1.2766704327980352
875.5 0.6156340155471522
876.0 0.8034394328783974
876.5 1.0848966482808213
877.0 0.6282538518227689
877.5 0.7801817879284858
878.0 0.7299390888444592
878.5 0.9822305129088484
879.0 0.5601180650847828
879.5 0.867467436479235
880.0 0.8751389205617588
880.5 0.9060926286260749
881.0 0.8611362315985442
881.5 0.7192722279173865
882.0 0.7994247106167307
882.5 0.6083318276844143
883.0 0.9642109107883454
883.5 0.8389229519839743
884.0 0.6923006959848996
884.5 1.1349446833305799
885.0 0.8526368217952582
885.5 0.861863073340019
886.0 1.280836214486958
886.5 0.515359485066473
887.0 1.207188426489444
887.5 0.8107906313634483
888.0 0.7903865086188391
888.5 0.6538899694425075
889.0 1.0738235235438294
889.5 0.8102077520590318
890.0 0.9200313245128202
890.5 1.0289039201228585
891.0 0.7460548691240332
891.5 0.793135948033528
892.0 0.9777592547571001
892.5 0.3633764627786092
893.0 0.6753235455285648
893.5 0.5660557646684252
894.0 0.8668533905647673
894.5 0.996302105631709
895.0 0.8009828223632653
895.5 0.6193694783984958
896.0 0.9132955621266681
896.5 0.805992078191806
897.0 0.8395152713945395
897.5 1.0694998488507415
898.0 0.7795379094442925
898.5 0.6507022283021071
899.0 1.2838876830608852
899.5 0.38541525233328144
900.0 0.6734422818881285
900.5 0.5058729990197722
901.0 0.7920868789516529
901.5 0.8127551722628439
902.0 1.1028462349442556
902.5 0.575889022219394
903.0 0.9471529287307223
903.5 1.2063066325891745
904.0 0.8012750707079737
904.5 0.8453381772826889
905.0 0.695842572381858
905.5 0.4809981426545989
906.0 0.558747835902736
906.5 0.855245745611046
907.0 1.4090578143622914
907.5 1.138279184200202
908.0 0.8894293063987927
908.5 0.6018819763137929
909.0 1.4613777662333847
909.5 0.7628127857651741
910.0 0.7524193408223947
910.5 1.0688169163007375
911.0 0.8268316791353321
911.5 0.788989152702839
912.0 1.081384650192391
912.5 0.45279758279654664
913.0 0.7107641226104382
913.5 0.7819277314481452
914.0 0.5501260068851362
914.5 0.9724172550375054
915.0 1.2193399084462255
915.5 0.6786596876066906
916.0 0.8010023750356514
916.5 0.9061439701179637
917.0 0.9011144680267396
917.5 0.7411113050784377
918.0 0.98663877226949
918.5 0.738895455770824
919.0 0.7686113182386574
919.5 0.5999668577724675
920.0 0.9547872365425121
920.5 1.1146425448758897
921.0 1.2411625530004118
921.5 0.9054434435897831
922.0 0.9327998115800196
922.5 1.114170261074485
923.0 0.9720305206771906
923.5 0.7652107490369128
924.0 0.9514348514791884
924.5 0.9281252984550126
925.0 0.5814620026030004
925.5 1.2075874618382936
926.0 0.8409497021607253
926.5 0.8478826622313984
927.0 0.8432590460266305
927.5 1.023161539023559
928.0 0.5944608489965768
928.5 0.7562088622747858
929.0 0.7126777440442122
929.5 0.8258974936164081
930.0 0.4034821597090585
930.5 0.8251713544323758
931.0 0.41101554480551206
931.5 0.8257431220478333
932.0 0.787918858711923
932.5 1.0322344093763705
933.0 0.5733245307969944
933.5 0.8990268989478671
934.0 0.8955275909217045
934.5 1.118658921825135
935.0 0.786672079172424
935.5 0.7144939038453948
936.0 0.5663964556509812
936.5 1.0875911886746132
937.0 0.7110170429509877
937.5 0.5643760483283167
938.0 1.0693056519510922
938.5 0.6652287778119506
939.0 1.0940963093165932
939.5 0.7443025087494068
940.0 0.7701991894883846
940.5 1.0583400056388237
941.0 0.6560199507451352
941.5 0.8212541161821958
942.0 1.104724366877341
942.5 1.2345369000400295
943.0 0.9155426512147569
943.5 0.8350705626075958
944.0 0.9016975974480803
944.5 0.6625891618773017
945.0 1.7343893638664174
945.5 0.6692349006618019
946.0 0.6661816243641656
946.5 0.7598266074483875
947.0 1.0016827820808643
947.5 0.6933874616458261
948.0 1.162606868815424
948.5 0.7688981582350574
949.0 1.229511068386702
949.5 1.0356881356757568
950.0 0.9987634911480328
950.5 0.80456387206316
951.0 0.8934933411382555
951.5 0.8445484759078832
952.0 1.162850897206357
952.5 0.727713831924194
953.0 0.4424748260480188
953.5 0.8701173519447218
954.0 1.0544403717685225
954.5 1.1682438068362953
955.0 0.9180843293520995
955.5 1.0641247469182826
956.0 1.0327861958443743
956.5 1.5935306274936745
957.0 0.7904490224495048
957.5 0.8700083550783453
958.0 0.8510323162360676
958.5 0.8734124218093591
959.0 1.0897021900507222
959.5 0.9447364758115224
960.0 0.8644589327144501
960.5 0.9522427265755689
961.0 0.6397938467569007
961.5 1.0626495982463027
962.0 0.6719650957601937
962.5 0.824348715182623
963.0 0.8766927296535325
963.5 0.5139729951483601
964.0 1.26359506221235
964.5 0.8193438651268183
965.0 0.7883513183281223
965.5 0.9811499046509928
966.0 0.5484306475656462
966.5 0.7933967490842462
967.0 0.9227939955417119
967.5 0.9672870824488073
968.0 1.5928012625523489
968.5 0.8840582885637442
969.0 1.3921372682608693
969.5 1.0874454693455609
970.0 1.4136520830719936
970.5 0.7501410128190913
971.0 0.5599656181047417
971.5 0.449206963964395
972.0 0.7812397889437712
972.5 0.9831528489606027
973.0 1.198030813754358
973.5 1.004729096854046
974.0 0.9044798329240125
974.5 0.7124476517440514
975.0 0.39485873857738996
975.5 0.8771793336807236
976.0 0.9185522615296731
976.5 0.8591220723381234
977.0 0.7024410042953888
977.5 1.2929897699814028
978.0 1.0328830213546027
978.5 0.7017136819325658
979.0 1.0583061181125963
979.5 0.5098481888729025
980.0 0.9143674048070982
980.5 1.3346243244343197
981.0 1.4117203831175031
981.5 1.0964522023695211
982.0 1.0403045807655957
982.5 0.6782513219586186
983.0 0.8422514174912953
983.5 0.6876128239883472
984.0 1.1447169799864496
984.5 1.268329325822676
985.0 0.7335971636974511
985.5 0.4855244443427333
986.0 1.1602382895181969
986.5 0.7374873745676236
987.0 0.6167622528946867
987.5 0.9756280469641583
988.0 1.2080443149157432
988.5 0.8318698448950091
989.0 0.595076859120117
989.5 0.5565191962825788
990.0 1.0945474126358035
990.5 1.3056592948121928
991.0 0.761601620361839
991.5 1.0190115896821497
992.0 1.26800059474053
992.5 1.0876543260182747
993.0 0.917278040354143
993.5 0.7137528302575106
994.0 0.33836800829841873
994.5 0.8439571094771137
995.0 0.5705003656299366
995.5 1.1950959469700622
996.0 1.0899002257457964
996.5 1.0330817254246418
997.0 1.3397902532255233
997.5 0.8814378891314021
998.0 0.6648234623252598
998.5 0.7336280713109355
999.0 0.8089057864301359
999.5 0.7081213065189365
1000.0 1.0788319701380769
1000.5 0.6153477478396021
1001.0 0.9354878711645602
1001.5 0.5940591671059097
1002.0 0.46267423085129594
1002.5 1.1938236085982747
1003.0 1.086270482801682
1003.5 0.9174999128141503
1004.0 0.963913120690532
1004.5 1.1913701360259614
1005.0 0.909872247050748
1005.5 1.0191874025162995
1006.0 0.8134575904171399
1006.5 1.037743530338194
1007.0 1.0528266237222648
1007.5 0.7076900597091609
1008.0 0.5070850944216786
1008.5 1.0584936287769287
1009.0 0.9598327874779109
1009.5 0.6284741784373913
1010.0 1.0703277055186857
1010.5 0.8506724758104625
1011.0 0.7560273180530253
1011.5 0.7850332423034253
1012.0 0.8785011565038117
1012.5 0.6782920777711302
1013.0 0.7950534451990794
1013.5 0.657964916031492
1014.0 0.74247840500609
1014.5 1.2721043513040822
1015.0 0.5404957275370311
1015.5 0.45068846944299423
1016.0 0.6792570448673654
1016.5 1.337298581893132
1017.0 0.791273797412795
1017.5 0.9381290025959291
1018.0 1.1071233267254592
1018.5 0.58598190084515
1019.0 0.8582177763179546
1019.5 0.6607046429752239
1020.0 0.7806219174285657
1020.5 0.8251819456188341
1021.0 1.0195255198883988
1021.5 0.8508479329624625
1022.0 1.0835541962394033
1022.5 0.8108226951779671
1023.0 0.7429797543272576
1023.5 0.6174670812815322
1024.0 0.4282916403625882
1024.5 0.7087567832289768
1025.0 0.8868980550700811
1025.5 0.8094079174500302
1026.0 0.9075760671775878
1026.5 0.9060374642013842
1027.0 0.9164816566000565
1027.5 1.6858410972457034
1028.0 0.9292428635409202
1028.5 1.0692522474283583
1029.0 1.1700485066658266
1029.5 0.8617421281430891
1030.0 0.7919428849583832
1030.5 1.219408308780139
1031.0 0.9826375303370762
1031.5 0.459716915350719
1032.0 0.6197684339399149
1032.5 0.8272663413624695
1033.0 0.7206474756248196
1033.5 0.7184089162576854
1034.0 0.7579824101993755
1034.5 1.3185156539528602
1035.0 1.0131512396490756
1035.5 0.7107632207478789
1036.0 1.1909721669218014
1036.5 0.5580600458104878
1037.0 0.8112046387198154
1037.5 1.3372947361766374
1038.0 1.0256507588060977
1038.5 0.8157343642559309
1039.0 0.8685176252664608
1039.5 0.9699961382063167
1040.0 0.9779822007786303
1040.5 0.9081052597960725
1041.0 1.2327501537256944
1041.5 0.8027511232237379
1042.0 1.1952279862720852
1042.5 1.0594926103258713
1043.0 1.0370801345189762
1043.5 0.6202125354501844
1044.0 0.7460452552980322
1044.5 0.7692436221185712
1045.0 0.6449569391028834
1045.5 0.8463404456272106
1046.0 0.8065418208596482
1046.5 0.8696023972022047
1047.0 0.7225762371863169
1047.5 0.5422825435053773
1048.0 1.3130557711047393
1048.5 0.6794782621549736
1049.0 1.3076204845092976
1049.5 0.8163620002860517
1050.0 0.9643581911576169
1050.5 0.8364194418962576
1051.0 0.9468604902308813
1051.5 0.5310981560801705
1052.0 0.795068948443949
1052.5 0.9438816791504585
1053.0 0.43007121797828146
1053.5 1.070373055053994
1054.0 1.1760560921569578
1054.5 0.6687104514782225
1055.0 1.1955230216286368
1055.5 0.8485695820358075
1056.0 0.7092375207607015
1056.5 1.0461729663326687
1057.0 0.8489047634070673
1057.5 0.7863065553594866
1058.0 0.6760442092640677
1058.5 0.7325573116364525
1059.0 1.166582478985291
1059.5 1.0257860878970808
1060.0 1.032644649061299
1060.5 0.7263246141491573
1061.0 0.8512908125144272
1061.5 0.8314099297102844
1062.0 0.9141178094316669
1062.5 0.6325295655852468
1063.0 1.1234630121541251
1063.5 1.1690210701352155
1064.0 0.5647616815099554
1064.5 1.0456616430720134
1065.0 1.3821924644882535
1065.5 0.9006436743984643
1066.0 1.0336078350349465
1066.5 1.3690425871320326
1067.0 0.7004151897662059
1067.5 1.1241884819572152
1068.0 0.8626878416889562
1068.5 0.7329584628747031
1069.0 0.6192682988467357
1069.5 0.5204741487924578
1070.0 0.8408071551551173
1070.5 1.033956344122107
1071.0 0.9283553586484812
1071.5 0.6003035921618327
1072.0 0.7128293521351221
1072.5 0.6423024035484579
1073.0 0.8676440744183891
1073.5 0.9792692126823455
1074.0 0.7108785699062399
1074.5 0.8936475659753718
1075.0 0.46123935906339525
1075.5 0.7836963268716037
1076.0 0.6341881640622652
1076.5 0.9666292975004696
1077.0 0.6688108898006839
1077.5 0.8639299892965298
1078.0 0.7738511283151657
1078.5 0.8639736682846758
1079.0 0.8375212965019365
1079.5 0.8048358827588291
1080.0 1.0799511294394413
1080.5 0.5569912558644216
1081.0 0.9062136284424469
1081.5 1.120371706806478
1082.0 0.7542184985896963
1082.5 0.6405690875031316
1083.0 0.5375217477017035
1083.5 1.0232582694121728
1084.0 1.0986912579906745
1084.5 0.8200819863430395
1085.0 0.8068837999035197
1085.5 0.9508975505321747
1086.0 1.042505707184396
1086.5 0.5995809142168246
1087.0 0.8866587699471535
1087.5 0.7667293312855725
1088.0 0.3768521392455819
1088.5 0.8004933764234311
1089.0 0.9533441677781214
1089.5 1.389000517474205
1090.0 0.8176660606867803
1090.5 0.9666196960041387
1091.0 0.928928679763039
1091.5 0.6988765361607192
1092.0 0.6630753782528478
1092.5 1.3931222820962994
1093.0 1.0072380076081238
1093.5 1.0595210153477141
1094.0 0.7657790365775736
1094.5 0.8603896771716224
1095.0 0.8271421489998183
1095.5 0.5585478367824184
1096.0 0.9860041945100146
1096.5 1.109258670292203
1097.0 0.527505997218912
1097.5 1.2974521838222968
1098.0 0.6216189712994962
1098.5 0.8840563342397616
1099.0 0.6256766210619475
1099.5 0.8924526786923808
1100.0 0.9896802100894548
1100.5 0.8244758252929552
1101.0 1.2966779617755977
1101.5 0.8409490959833532
1102.0 0.8651951486606139
1102.5 1.0514857542073133
1103.0 0.5963564744575025
1103.5 0.7601773192344202
1104.0 0.9203347711008656
1104.5 0.736356596769083
1105.0 0.8878357588048071
1105.5 0.6547824641016049
1106.0 0.4239433860843861
1106.5 0.8034263558461718
1107.0 0.8326930411244353
1107.5 0.8082330756384748
1108.0 0.4970255926235361
1108.5 1.1605990636369086
1109.0 1.0812153823402133
1109.5 0.9206936485645916
1110.0 0.9977405484731425
1110.5 0.8052321111040306
1111.0 0.8623050051656613
1111.5 0.7371989746470873
1112.0 1.3273089319827778
1112.5 0.9721467302777702
1113.0 0.844272323637872
1113.5 0.8219296446917987
1114.0 0.9607786209768594
1114.5 0.9360135429334091
1115.0 0.9701003310834069
1115.5 0.2893755307943973
1116.0 0.6449881277696425
1116.5 0.8848601940611794
1117.0 0.6841541534896742
1117.5 0.7152497518478045
1118.0 0.5747352295991282
1118.5 0.9517722802517117
1119.0 1.1445181984138604
1119.5 0.7987637104381509
1120.0 0.7308154908706291
1120.5 0.7615289041962696
1121.0 1.1641201122535307
1121.5 0.9237742433107845
1122.0 1.048345534796663
1122.5 0.8734955501744808
1123.0 0.8390903657351074
1123.5 0.7437933273787731
1124.0 1.1553420703701773
1124.5 0.5597828399325462
1125.0 1.1359980518142985
1125.5 0.7991809947357089
1126.0 0.8326082208196082
1126.5 0.9023188177246682
1127.0 0.8747071991352466
1127.5 0.8413378793047552
1128.0 0.9164076701727373
1128.5 1.1017841929033674
1129.0 0.7747167572821712
1129.5 0.8201066395240143
1130.0 1.0562742216240082
1130.5 0.7086274825613553
1131.0 0.3727138969371256
1131.5 0.8160283764457137
1132.0 0.9432484044792397
1132.5 0.6347121097713446
1133.0 0.8190856953908159
1133.5 1.1746212023620306
1134.0 0.9434191016609883
1134.5 1.1046315457056355
1135.0 0.3832897370811351
1135.5 1.0134020167310178
1136.0 1.356161308433173
1136.5 0.6901955204395587
1137.0 0.8163993176646944
1137.5 1.5202719062445702
1138.0 0.6252669952724725
1138.5 0.672878861076566
1139.0 1.8790612188789606
1139.5 1.0952074288762164
1140.0 1.0389353667091044
1140.5 0.9947347446598649
1141.0 0.8439664913446838
1141.5 0.6012077529833066
1142.0 0.6248648440484433
1142.5 1.4835906290807965
1143.0 0.7255216971744838
1143.5 1.0306076015259285
1144.0 0.7566818240154328
1144.5 0.633072370871324
1145.0 0.8503327716246731
1145.5 0.738600183299915
1146.0 1.1316701126993338
1146.5 0.9001070665955573
1147.0 0.7083540406015434
1147.5 0.880004380204451
1148.0 0.9292299622976872
1148.5 1.1723505107551682
1149.0 0.8908316351688834
1149.5 0.930443755199515
1150.0 0.9971237603554544
1150.5 1.0368429106440455
1151.0 0.8724396222136179
1151.5 0.9901994673766013
1152.0 0.837648474731693
1152.5 0.8645936620479104
1153.0 0.7468187216776676
1153.5 1.3978215852539793
1154.0 1.043372328436502
1154.5 0.5807576731203912
1155.0 0.5469394474913898
1155.5 0.6439692999564559
1156.0 0.731489046766663
1156.5 0.8652499105084668
1157.0 0.7292409693439844
1157.5 1.194801877001406
1158.0 1.1064625576641953
1158.5 0.790114425163257
1159.0 0.6899738703799976
1159.5 0.9528303610802233
1160.0 0.6296550287823801
1160.5 0.7109942384018044
1161.0 1.054664276571404
1161.5 0.9114081871235489
1162.0 0.6366957428365632
1162.5 0.5829445912215625
1163.0 0.5776991120812182
1163.5 0.9858485668105166
1164.0 0.9434511419386804
1164.5 0.6144212720509947
1165.0 1.0664942393676544
1165.5 1.1672220454311906
1166.0 0.6039304541385078
1166.5 1.12161674626248
1167.0 0.9780120480042782
1167.5 1.052286939129291
1168.0 1.318769858191812
1168.5 0.7445959363338039
1169.0 0.5708879758918279
1169.5 0.8352566950827409
1170.0 0.7777155860415061
1170.5 1.1037119417353036
1171.0 0.6881786485541058
1171.5 0.8869341032692711
1172.0 0.8108148077283739
1172.5 0.6475622666203621
1173.0 0.7352181442098902
1173.5 1.0531302911649791
1174.0 0.7157175473560711
1174.5 1.0421858401793536
1175.0 0.6285758320487811
1175.5 0.5870256705856807
1176.0 1.0499705996126234
1176.5 0.8547522574671769
1177.0 0.7916670613062626
1177.5 0.48005554584203675
1178.0 0.9424906626863172
1178.5 0.9925363971549008
1179.0 0.7374407338292113
1179.5 1.0881477173622311
1180.0 1.0251511554465147
1180.5 0.4747306546520999
1181.0 1.186478548052094
1181.5 1.1287128862894609
1182.0 1.002019734332818
1182.5 0.65188442039424
1183.0 0.6604229323624158
1183.5 1.199163622603795
1184.0 0.7441586261240762
1184.5 0.8843925423537427
1185.0 1.0775649365377937
1185.5 1.345613927312888
1186.0 0.5639154352505145
1186.5 0.7532108732914082
1187.0 0.9595468894321262
1187.5 0.6878087485751836
1188.0 0.7100058467180017
1188.5 0.23264207016052824
1189.0 0.617670849035471
1189.5 1.014081689067554
1190.0 0.7413103600939225
1190.5 0.7161621997494236
1191.0 0.6820272682008517
1191.5 0.8680340451528608
1192.0 0.9731351687111134
1192.5 0.7586638722279193
1193.0 0.6166659257573205
1193.5 0.9465760323201844
1194.0 0.7464914394385356
1194.5 1.196223898835579
1195.0 0.8163295961854988
1195.5 0.8143637186842496
1196.0 0.89806521451297
1196.5 0.9330131656891483
1197.0 0.7989032449743378
1197.5 0.7956552489764317
1198.0 0.6133514171920553
1198.5 0.5376075426020934
1199.0 0.818948474848262
1199.5 0.9196887388770543
1200.0 0.9753189340459585
1200.5 0.7661249842120146
1201.0 1.0226496496476298
1201.5 1.132160601322982
1202.0 1.154173062945614
1202.5 0.8485968272096656
1203.0 1.1947376815593418
1203.5 0.809648194208078
1204.0 0.7882026287659536
1204.5 0.7121152723284165
1205.0 0.863640759305774
1205.5 0.6487062929515965
1206.0 1.4279530089029921
1206.5 0.7627157034985128
1207.0 0.962920818033727
1207.5 0.9041771383033403
1208.0 0.9468655484144162
1208.5 1.1153278603967325
1209.0 0.766242488889868
1209.5 0.8498530982858294
1210.0 0.8032686930451558
1210.5 0.9881051567558974
1211.0 0.3998370676846678
1211.5 1.0497088261402672
1212.0 0.975702047726863
1212.5 1.2163053567454456
1213.0 0.6428569914839477
1213.5 0.7583650968143165
1214.0 0.6613303996166566
1214.5 0.8605937067649703
1215.0 0.7938034754844003
1215.5 1.110789272865335
1216.0 0.6683945975472929
1216.5 0.9545868887997155
1217.0 0.999130512929808
1217.5 1.0988277314040515
1218.0 0.8066785963959557
1218.5 0.6802128045843246
1219.0 0.9373560055191992
1219.5 1.2534744536028657
1220.0 0.5389877169197005
1220.5 0.5252306054329303
1221.0 0.9584950147189368
1221.5 0.40517531994901546
1222.0 1.0542079808278917
1222.5 0.8670623870224037
1223.0 1.192414773622041
1223.5 0.9009399358863124
1224.0 0.7885463493108491
1224.5 0.6436562908742265
1225.0 0.9925131667661313
1225.5 0.7843883911785798
1226.0 0.6894423959040218
1226.5 0.6811134782453332
1227.0 0.940307125676789
1227.5 1.1835002471500011
1228.0 0.9515337556518331
1228.5 0.9467442927326557
1229.0 1.027805612953071
1229.5 1.071159595031486
1230.0 0.5764914568197346
1230.5 0.5595505226099902
1231.0 0.7007602388839902
1231.5 0.9889749399938788
1232.0 0.7521560166066634
1232.5 0.8137076924001398
1233.0 1.1573444966628585
1233.5 1.044585212105893
1234.0 1.0000475134485782
1234.5 0.5777664712493609
1235.0 0.9889539749213816
1235.5 1.1148676009811729
1236.0 0.6352288705141522
1236.5 0.8315941869904856
1237.0 0.6603280756790648
1237.5 1.519335475492923
1238.0 0.8237300123528635
1238.5 0.6784964911440803
1239.0 0.8681345451020519
1239.5 1.1983849512173603
1240.0 1.2193689861374941
1240.5 1.4104905018258005
1241.0 1.1848402233129283
1241.5 0.5989515800746066
1242.0 0.6236616574457551
1242.5 0.9406728654610125
1243.0 0.7202786864118977
1243.5 0.9327094005115919
1244.0 1.0570440937749221
1244.5 1.1337983076424214
1245.0 0.8710548986456434
1245.5 0.860175500905094
1246.0 0.8648575905258098
1246.5 1.084454954543521
1247.0 1.0658132842607446
1247.5 0.9152126565813183
1248.0 0.9595784926026036
1248.5 1.226913894016065
1249.0 0.7534492706024298
1249.5 0.7580548367014313
1250.0 0.5712839229780569
1250.5 1.0325876116954968
1251.0 0.5380224677942165
1251.5 0.8576362480499358
1252.0 0.7667429816318547
1252.5 0.8686837167337818
1253.0 1.088113478456917
1253.5 0.6926283371430559
1254.0 0.8864826388241454
1254.5 0.5155927492489591
1255.0 0.852094040647692
1255.5 0.7001257636210501
1256.0 0.7670398646140479
1256.5 0.8104116703287918
1257.0 1.0553629756866547
1257.5 0.8232171710716376
1258.0 0.6531164136018042
1258.5 0.710918163986286
1259.0 1.0148823172641754
1259.5 0.7372311464274544
1260.0 0.8534629496538393
1260.5 0.8599185192862191
1261.0 0.8006819250321102
1261.5 0.6651047543129396
1262.0 0.7377058835833215
1262.5 1.3575262737297176
1263.0 0.9482664123520785
1263.5 0.8360352571864191
1264.0 0.9066899019480337
1264.5 0.7258553102370071
1265.0 1.1235617432126705
1265.5 0.7797109370529645
1266.0 0.9513119564511168
1266.5 0.9954201024888187
1267.0 0.6383496603005997
1267.5 1.01699668514057
1268.0 0.83490722818477
1268.5 0.6517537975797001
1269.0 0.8780741168125505
1269.5 0.8388322547335012
1270.0 0.6651102845928726
1270.5 0.8994239551282153
1271.0 0.8597578137302924
1271.5 0.9808892614765488
1272.0 1.289070257090337
1272.5 0.804495049086555
1273.0 0.5866420751858035
1273.5 0.6657061354602138
1274.0 1.1336066822012216
1274.5 0.5454307283752302
1275.0 0.6182373645636859
1275.5 0.758717474935614
1276.0 1.063781460525087
1276.5 0.6751736203622629
1277.0 0.7365253152299585
1277.5 0.9477322108296169
1278.0 0.8551057991640469
1278.5 0.5760738387142857
1279.0 0.7545329365638387
1279.5 0.7358693171381867
1280.0 0.7740020983701251
1280.5 0.9412635303447525
1281.0 0.7391966534817823
1281.5 0.5394940534892743
1282.0 0.6601881278043042
1282.5 0.8719842801980959
1283.0 1.1917106714793864
1283.5 1.3771140755106335
1284.0 0.8952727872177653
1284.5 0.5970935503275289
1285.0 0.838460376869048
1285.5 0.5609468596690372
1286.0 1.0774678147697305
1286.5 0.8281865260355097
1287.0 0.9288574155319402
1287.5 0.4456992278237479
1288.0 0.5792484006637183
1288.5 0.6501042417750851
1289.0 0.8931848628928236
1289.5 1.0005132400302028
1290.0 0.8172990492595285
1290.5 0.6831486434039356
1291.0 1.0407036437005557
1291.5 1.3410570013689478
1292.0 0.7141778395320002
1292.5 0.8002202247617307
1293.0 0.8236735235384587
1293.5 0.6166577624918228
1294.0 1.1128277801137754
1294.5 0.9750782410984451
1295.0 0.820091678778927
1295.5 0.8890550299341631
1296.0 0.5081810075509341
1296.5 1.285363791959204
1297.0 1.0121817273302127
1297.5 0.6781666370339583
1298.0 0.828504364890913
1298.5 1.1998087378158364
1299.0 0.7640702156842025
1299.5 0.39109483061985056
1300.0 0.7691264371759823
1300.5 0.6191040749446513
1301.0 0.8737291219605692
1301.5 0.399390080944854
1302.0 0.4172854507095009
1302.5 1.0739270919329722
1303.0 0.8527518404845491
1303.5 0.8699625091463722
1304.0 0.831647570417265
1304.5 0.5420840549970474
1305.0 0.8208199157698703
1305.5 0.8962324575653315
1306.0 0.6237054978814704
1306.5 0.7172542152549646
1307.0 0.8177869992871114
1307.5 0.4673962645450099
1308.0 0.4526655821501646
1308.5 0.8799643816164372
1309.0 0.7067872496051887
1309.5 1.3206351183720877
1310.0 0.89942465157295
1310.5 0.8065962108796818
1311.0 0.8376961106583699
1311.5 0.8188922957123781
1312.0 0.9309215645330204
1312.5 1.2909386846090036
1313.0 0.8572209969401954
1313.5 1.2064972934416698
1314.0 0.7008092444312353
1314.5 1.0001701595831127
1315.0 0.9929875276364075
1315.5 0.8963082633601231
1316.0 0.5700425514708263
1316.5 0.6310176751809164
1317.0 0.7243633340022282
1317.5 0.7094536345978499
1318.0 0.6058913762578286
1318.5 0.6779922028345167
1319.0 0.5129257329582693
1319.5 0.8291298088971952
1320.0 1.066903424682187
1320.5 0.7262272287340319
1321.0 0.8964952544191206
1321.5 0.9064013911441444
1322.0 0.8145955173547932
1322.5 0.7870185460956162
1323.0 0.9330805565514446
1323.5 1.2052595314955372
1324.0 1.1129033719968133
1324.5 1.0535753677280424
1325.0 0.6180803584938304
1325.5 0.9536155854870882
1326.0 0.9119476188325839
1326.5 1.4466647628771352
1327.0 0.8522717461152469
1327.5 0.8382408211925032
1328.0 0.47407386224639875
1328.5 0.45376039034766075
1329.0 0.5859469058149072
1329.5 1.0254400430164015
1330.0 0.7703162393628187
1330.5 0.840724732275415
1331.0 0.9843672651453355
1331.5 1.2414524541318939
1332.0 1.1378575422294936
1332.5 0.9433721233074763
1333.0 0.6266374380558646
1333.5 0.8259133756685273
1334.0 0.7981507239124495
1334.5 0.8537203708819296
1335.0 0.6167767866224998
1335.5 0.997296479877299
1336.0 0.5913469847585267
1336.5 1.1244260149083354
1337.0 1.1199551096719838
1337.5 1.0005837006801934
1338.0 0.7512668158689284
1338.5 0.7187386694793485
1339.0 0.9498120722703951
1339.5 1.1668548522660651
1340.0 0.7039249404035837
1340.5 0.7450004313760117
1341.0 0.5781332657817105
1341.5 1.1729944194197932
1342.0 0.865835946063793
1342.5 0.5851422461293607
1343.0 0.5121297535938221
1343.5 0.7665530668913159
1344.0 0.5704726882512372
1344.5 0.40328343814968115
1345.0 0.8537875213082069
1345.5 1.080473540361179
1346.0 0.9544750468003746
1346.5 0.5469434728980967
1347.0 1.3020632871058173
1347.5 0.5607940219616543
1348.0 0.785660421319718
1348.5 0.5487216198983003
1349.0 0.9543069488415774
1349.5 0.7297862766106266
1350.0 0.6388241973641381
1350.5 1.5572877183916052
1351.0 0.9160413943071544
1351.5 0.5184490031894884
1352.0 1.0403387438376979
1352.5 1.0878587353187448
1353.0 1.2338835473965903
1353.5 1.1263217701035595
1354.0 0.34138519270894324
1354.5 1.3253187712103647
1355.0 0.6492507441325259
1355.5 0.669376747379471
1356.0 1.1002037098034765
1356.5 0.8712035398871918
1357.0 0.2732953255284562
1357.5 0.8706550078876867
1358.0 0.7789747699692364
1358.5 0.6926153095653121
1359.0 1.1442702238250344
1359.5 0.6997691418687455
1360.0 1.281980544725859
1360.5 0.8583649799393975
1361.0 1.2022321072388875
1361.5 0.8234474413970103
1362.0 0.8475965755779842
1362.5 1.0497115757417266
1363.0 0.8664265404194007
1363.5 1.0599887394930287
1364.0 0.9987945992805864
1364.5 0.8252023567114384
1365.0 0.7799211097481074
1365.5 1.435268498733196
1366.0 0.7309445581723768
1366.5 1.1359177137871999
1367.0 0.8948821507540743
1367.5 0.9379789773228187
1368.0 0.6470179663439066
1368.5 1.0108034203900735
1369.0 0.5335286891604072
1369.5 0.7849648567917438
1370.0 1.0020976085008106
1370.5 0.6565309901243308
1371.0 0.8175546688776458
1371.5 0.7498550602266794
1372.0 0.5704997325607987
1372.5 0.925785213809212
1373.0 0.6043920801589228
1373.5 0.7319674126597258
1374.0 0.6793782027960595
1374.5 0.8151434348246744
1375.0 0.8727695851998569
1375.5 1.090271752828085
1376.0 0.6986212756211444
1376.5 0.5557035425626717
1377.0 0.43291863193363206
1377.5 0.8448949299840494
1378.0 0.9101220599765121
1378.5 0.8507713837301714
1379.0 0.6130862679821094
1379.5 0.47238410899149896
1380.0 0.6679776183585875
1380.5 1.0308772529961032
1381.0 0.7203521031523135
1381.5 0.789616988842103
1382.0 0.9291189381268095
1382.5 0.2539210396084893
1383.0 0.5841332088846772
1383.5 0.7524551278649676
1384.0 1.2082198452079556
1384.5 0.36911948987548493
1385.0 0.581477236507228
1385.5 0.7612748169749515
1386.0 0.7251232646134895
1386.5 0.5544029523373024
1387.0 0.8546098976111154
1387.5 1.2177038389399915
1388.0 1.0305930807924186
1388.5 0.6505509183157852
1389.0 0.6114560816429158
1389.5 0.6877976052311795
1390.0 0.6662818690344047
1390.5 0.5533511978949045
1391.0 1.0265893327385416
1391.5 0.6635385929551165
1392.0 0.9909729281518791
1392.5 0.5132966193075366
1393.0 0.8280144993987264
1393.5 1.4071761558212281
1394.0 0.7907568847231743
1394.5 1.1991768290274476
1395.0 1.4070231287844388
1395.5 0.9835599411712741
1396.0 0.7603096804206804
1396.5 1.1403161541913434
1397.0 0.871483728635666
1397.5 1.1828934476332926
1398.0 0.773764979397124
1398.5 1.2402088718583388
1399.0 0.8224255186545588
1399.5 1.0025226496025474
1400.0 0.644920039779961
1400.5 0.6075675241423569
1401.0 0.6606318030047313
1401.5 0.9036146392611868
1402.0 1.1388727462889272
1402.5 0.9949793159364566
1403.0 0.6548295829901165
1403.5 0.7612440381023463
1404.0 0.8415872533675286
1404.5 0.7162612675359981
1405.0 0.6810224113404137
1405.5 0.4299718518784147
1406.0 0.7986688944769367
1406.5 0.5526387460583462
1407.0 1.068295089123764
1407.5 0.9753247251850132
1408.0 0.9303771290751164
1408.5 0.6693199458861196
1409.0 0.6813343080315366
1409.5 1.228328402874575
1410.0 0.7331618585711748
1410.5 0.7124740193148906
1411.0 0.9289203846613898
1411.5 1.0347931703230624
1412.0 0.728604400076237
1412.5 0.8634942854862213
1413.0 0.9923954586404762
1413.5 0.8112801297702734
1414.0 1.0095725525223065
1414.5 0.5747418496508103
1415.0 0.8821813738639619
1415.5 0.9252380284699447
1416.0 0.6587560960869177
1416.5 0.7057291090554159
1417.0 0.9781524197774636
1417.5 0.9504153573940968
1418.0 0.8930968016887644
1418.5 1.0140984052187814
1419.0 0.7306232898589793
1419.5 1.09148310760684
1420.0 0.6492060701869007
1420.5 0.838672119535727
1421.0 0.433852954114618
1421.5 0.8767228556223963
1422.0 0.800354103767539
1422.5 0.9987743212133984
1423.0 0.9560213465612555
1423.5 1.0154852476747347
1424.0 0.6691482358332019
1424.5 0.8914816393842184
1425.0 0.6039125902271236
1425.5 0.763207293925044
1426.0 0.7041537871454171
1426.5 0.9467112607080668
1427.0 0.8294251714339897
1427.5 0.6052023398964874
1428.0 0.5783257437775005
1428.5 0.6677074914097224
1429.0 0.7145051976112011
1429.5 0.342371861059879
1430.0 0.7710055474001294
1430.5 0.8544490150035502
1431.0 0.872993577290214
1431.5 0.7570261314848366
1432.0 0.7433219287800437
1432.5 0.5801996453077674
1433.0 0.807208060577995
1433.5 0.8429082198431733
1434.0 0.9150676184483446
1434.5 0.46767902419770085
1435.0 0.7038393674382122
1435.5 0.9280706032139527
1436.0 0.763490213729435
1436.5 1.0666303565087614
1437.0 0.8022967595106445
1437.5 0.6942191701318361
1438.0 0.9725824236908802
1438.5 0.9111033226779546
1439.0 0.6986456200176479
1439.5 0.7915176599919589
