0 0.8626872352414845
0.5 0.754685414042233
1.0 1.4793689537574832
1.5 1.1787382210923645
2.0 0.7130826004200039
2.5 1.1026810352608027
3.0 0.7662148715505975
3.5 1.0736162051191722
4.0 0.8105052241493899
4.5 0.9683560898861346
5.0 0.9145512157928967
5.5 0.8346588036808633
6.0 0.9825640499831679
6.5 0.6749309583168834
7.0 1.0042831198138382
7.5 0.8205478150643402
8.0 0.76358108046022
8.5 0.9942541707939236
9.0 1.784805907247228
9.5 1.502370700087532
10.0 0.8889068179889896
10.5 0.8981881698138257
11.0 0.7489732059863115
11.5 1.0106228720533579
12.0 0.9691949820141111
12.5 0.978620180310717
13.0 0.9192815752086758
13.5 0.9543962204995714
14.0 1.799386867892959
14.5 0.8864923938288489
15.0 1.5578616854184086
15.5 1.2011308130854172
16.0 0.27209320367336953
16.5 1.021151129998966
17.0 0.7718118949025768
17.5 1.7736208206703066
18.0 0.777346602493711
18.5 1.0286180964348564
19.0 0.5719921958146484
19.5 1.0492979618098723
20.0 0.8938300206567262
20.5 0.8488676454508538
21.0 1.3535582554891747
21.5 0.7848499137748078
22.0 0.7826443635054212
22.5 0.9149814836044068
23.0 0.73433436981771
23.5 0.6979648064958219
24.0 0.983716380792064
24.5 1.009107307407768
25.0 1.0942036640274102
25.5 1.397974116715956
26.0 0.935003454636073
26.5 0.8830780110409522
27.0 1.603530071620252
27.5 0.8720238409181584
28.0 0.8813551069680969
28.5 0.8389760454805975
29.0 1.0675991445767234
29.5 0.5093651303767422
30.0 1.8189258037276672
30.5 0.5215460453803763
31.0 1.0334942049864204
31.5 0.7606195402109979
32.0 1.4794437437542745
32.5 1.7268304437124944
33.0 1.1911444054011204
33.5 0.9174914740975944
34.0 0.9610178911476441
34.5 0.5090498401618608
35.0 0.7380764173655192
35.5 1.0009688064596451
36.0 0.38822888223000196
36.5 1.4553170134414515
37.0 1.4474167424257347
37.5 1.0994300406131758
38.0 1.086226043703006
38.5 1.1441917423352361
39.0 1.014798040204155
39.5 0.8359924938802774
40.0 1.2632138167800275
40.5 0.9208980162004141
41.0 0.594039540874189
41.5 1.3847807376255248
42.0 0.7136577833772918
42.5 1.9577548942553653
43.0 1.2996976354465992
43.5 1.2264475138829218
44.0 0.990870602879864
44.5 1.1191618567388533
45.0 1.416861374441078
45.5 1.3568367190295145
46.0 0.9362793541011825
46.5 0.8286436301418547
47.0 1.674210528472743
47.5 1.0658205446390219
48.0 1.3016319256385347
48.5 0.6974986409574628
49.0 1.1324320726641683
49.5 1.0524842046712979
50.0 1.6753154172818485
50.5 0.9949107090423196
51.0 1.7317767495420213
51.5 0.8333705501416868
52.0 0.5615601918787996
52.5 0.8409349049940211
53.0 0.7338229520582249
53.5 1.1257672679865927
54.0 1.1851981850119488
54.5 1.0110774107763456
55.0 2.108323760762654
55.5 1.534920403517762
56.0 1.2089798606888964
56.5 1.4743107154763049
57.0 0.711327837036877
57.5 1.1073729663240557
58.0 0.9422015396192593
58.5 0.7270505537905043
59.0 0.7147598836426323
59.5 0.8513769383602348
60.0 0.7634076361171362
60.5 1.1986235016993132
61.0 1.7381895021487526
61.5 1.921519355825473
62.0 0.6546843908642369
62.5 0.7230622199758273
63.0 1.27207557993321
63.5 1.0319956224683564
64.0 0.8857879480096126
64.5 1.0684323600847843
65.0 0.6389831563512747
65.5 0.4801759402051117
66.0 1.2243942516934936
66.5 0.7421979057700011
67.0 0.7895858855346538
67.5 0.5364025871492102
68.0 0.9134486462927652
68.5 0.7768060806562584
69.0 1.357621356832437
69.5 1.3435332834218618
70.0 2.1203668987658535
70.5 0.9274490485273825
71.0 0.9573879604419296
71.5 0.6029931751884614
72.0 0.2
72.5 0.8264897675777946
73.0 0.861181217865621
73.5 0.3966987416341963
74.0 0.5449837032178669
74.5 0.5617515786139192
75.0 1.2381588279526867
75.5 0.6372725746794119
76.0 0.9252454441600022
76.5 0.7990213159226702
77.0 1.1072883827335775
77.5 0.8628306761411287
78.0 1.417353589529077
78.5 0.4494980874618192
79.0 0.6418057679378768
79.5 0.7009228708194521
80.0 0.8443784063719262
80.5 0.7632730837312913
81.0 0.804129833946498
81.5 1.0434270065698301
82.0 0.787537767894438
82.5 1.3931837389484922
83.0 1.586789265798877
83.5 1.0342303933802561
84.0 0.7175402629292645
84.5 0.6196490130263833
85.0 0.8805229007978842
85.5 0.6397760602516034
86.0 0.709463551608071
86.5 1.2322906308869757
87.0 1.8335722656177689
87.5 0.8594231205431471
88.0 1.7714065747913907
88.5 1.3667649552996104
89.0 0.9509517491091873
89.5 0.7547150751623696
90.0 1.1488606738451979
90.5 0.8530462898866715
91.0 0.9270034142511985
91.5 1.4262623906614667
92.0 0.9916944717181807
92.5 1.0721982167021218
93.0 1.233285328057403
93.5 0.814996583839906
94.0 0.9939457821910144
94.5 0.8238969247506216
95.0 1.2612423458589919
95.5 1.088554146612232
96.0 0.7121193042148826
96.5 1.248602274243766
97.0 0.6913144313395636
97.5 0.7282991540039647
98.0 1.112466394440571
98.5 1.4507996713627271
99.0 1.5724494883016331
99.5 0.9010578563022973
100.0 0.5589970153587813
100.5 1.5322359994285417
101.0 1.0064978005799068
101.5 0.6976315420453374
102.0 0.9647156493476404
102.5 1.1036985376622117
103.0 0.7085826250575232
103.5 2.0979464223794015
104.0 1.2860817405685432
104.5 1.472015629762938
105.0 0.681841780973612
105.5 0.8706509176630928
106.0 1.2940858141669564
106.5 0.604625447377077
107.0 1.1490788427018264
107.5 1.0528215159082763
108.0 1.0429341777793724
108.5 0.901305368611056
109.0 0.7103148367762964
109.5 0.5339995726839835
110.0 0.9569159406626558
110.5 0.7947174069221776
111.0 1.1566091746986809
111.5 0.9542171614825924
112.0 0.8029692860558585
112.5 1.085899669761417
113.0 0.934561264573526
113.5 1.0855821220150057
114.0 0.7567942393377988
114.5 0.7346287251278377
115.0 0.965912571989203
115.5 0.8533504456349162
116.0 0.6779785248654968
116.5 1.4105711741560372
117.0 0.9996181871835328
117.5 0.7458522113137922
118.0 0.5187478650662524
118.5 0.7578338826172564
119.0 0.9307053069049139
119.5 0.7033313021424168
120.0 0.5518593074164229
120.5 0.9290962430032461
121.0 0.9335907171514207
121.5 0.8079020344714998
122.0 0.5415741837178617
122.5 1.059201454986374
123.0 1.2264036838987669
123.5 1.1380426163087027
124.0 0.6537116517073306
124.5 0.21691615603712766
125.0 1.4480330342422247
125.5 0.826067826502848
126.0 1.0237328303405104
126.5 0.9608010361457336
127.0 0.8026010422065843
127.5 1.2161157011622605
128.0 1.4946960080178306
128.5 1.0962860284653857
129.0 0.7790271450920949
129.5 0.8124731925714519
130.0 1.8320624689134082
130.5 1.2819222344334884
131.0 1.5689428111948924
131.5 0.6036535922986828
132.0 0.9471147874757909
132.5 1.4857003575593284
133.0 0.8136345490603685
133.5 0.43483242674013334
134.0 1.1255314481690606
134.5 0.7939569970601217
135.0 0.905189695788615
135.5 0.6659872131357238
136.0 0.2
136.5 0.9872064429870601
137.0 0.8034359495219601
137.5 0.9158297778165534
138.0 0.6169745911834661
138.5 0.6599858601315337
139.0 0.9381001569203192
139.5 0.6718225904969615
140.0 0.8770483056765465
140.5 0.6671042967299015
141.0 0.8768359820064832
141.5 0.8957235582786409
142.0 0.5145534021560341
142.5 0.9241336062731011
143.0 0.8420611858221717
143.5 0.9103784537158464
144.0 1.0326676864461914
144.5 1.1029521285269503
145.0 1.0890528450654848
145.5 0.5508916955534753
146.0 0.6800184316941421
146.5 0.8333012744755101
147.0 1.4148132695759865
147.5 0.6685681624189328
148.0 0.837524038746206
148.5 0.9593587451319938
149.0 0.7896704800397022
149.5 0.8506683046579406
150.0 0.7547206201361245
150.5 1.8102146148624771
151.0 0.773100849077558
151.5 1.0264302957661773
152.0 1.029878575155549
152.5 0.8933969797430411
153.0 0.9729952289908986
153.5 1.39061137919163
154.0 0.9355425801247249
154.5 1.355883983047847
155.0 0.8924980715409888
155.5 1.006556352615489
156.0 2.032245653573635
156.5 0.7990155390691839
157.0 0.8251919369705634
157.5 1.1406726288401474
158.0 1.601598770498018
158.5 1.1244689595967046
159.0 1.047089980377617
159.5 1.0151967542664189
160.0 1.1703799767373892
160.5 0.9079764049524502
161.0 1.501766361610871
161.5 0.6299467864196955
162.0 1.1890787963848557
162.5 0.3377524304583779
163.0 1.5170672213451615
163.5 0.7107820248102539
164.0 2.1238161402982065
164.5 1.7083279020521336
165.0 0.640509807046727
165.5 1.212470216798189
166.0 0.926245435513637
166.5 0.9270036766021363
167.0 0.6633354060558757
167.5 0.9655834528302469
168.0 1.2101750075774
168.5 0.940127894915378
169.0 2.5537568519780205
169.5 0.727930689800214
170.0 1.3632659599883432
170.5 1.0699293426137366
171.0 0.9795560632923223
171.5 1.3224612370750968
172.0 0.6935666908811831
172.5 0.6187657449448176
173.0 1.5132514998289888
173.5 0.9332725852474173
174.0 0.9964463832475399
174.5 0.5832718477740465
175.0 1.014877223357478
175.5 2.009918467349876
176.0 2.008778055658291
176.5 1.6895821472292085
177.0 1.646531058000205
177.5 1.6626691386376686
178.0 2.212023827865664
178.5 0.9238337666706851
179.0 1.6455629864233812
179.5 1.8095377705709002
180.0 1.2356307378716977
180.5 1.2903414647270344
181.0 0.5496670229995593
181.5 0.9143433121824925
182.0 0.93343153456975
182.5 1.0488204702669575
183.0 0.9047387799359521
183.5 0.7126490776313201
184.0 0.48371812982458695
184.5 0.6908570468933602
185.0 1.6955660519819822
185.5 1.1844873334228443
186.0 1.4804049978034435
186.5 0.8825117665766095
187.0 0.8783327518773626
187.5 1.072135101863413
188.0 0.7508298911547839
188.5 0.6181452180175602
189.0 1.1894665594291265
189.5 1.2479351334303699
190.0 1.4109183943044865
190.5 1.001230834307776
191.0 1.108775171387025
191.5 1.310084792063169
192.0 0.5236866042879922
192.5 0.3305692824792733
193.0 0.897067343717386
193.5 1.2657904329260767
194.0 0.7386066273135203
194.5 1.26149813351432
195.0 0.9471538327678245
195.5 1.1602006511155727
196.0 0.6592312858139564
196.5 0.9342435385508895
197.0 1.477684012356241
197.5 1.1296936776745368
198.0 1.1550608329839602
198.5 1.161030313579774
199.0 1.6757758172969224
199.5 0.9001547366329241
200.0 1.5493729109534606
200.5 0.7681249159342461
201.0 1.3769009720375225
201.5 0.9616715548759847
202.0 0.5919047653399746
202.5 2.2759821392056816
203.0 0.7250823278243659
203.5 0.581005007179453
204.0 1.2247432197243353
204.5 0.9164366673161382
205.0 1.5686763916009516
205.5 0.9541137592765446
206.0 0.8694714515905717
206.5 1.3775876407660443
207.0 1.2704290837621652
207.5 0.9924047401226198
208.0 0.7748809631846078
208.5 1.4332585234341262
209.0 0.9769193967008701
209.5 1.5296507318369543
210.0 0.4996661515179004
210.5 0.8079697143530555
211.0 0.6869554102827803
211.5 0.8497801339262014
212.0 1.204095667680179
212.5 1.2707492445378252
213.0 0.955448797105428
213.5 1.6021804489638583
214.0 1.1116605604587333
214.5 0.5386388015996169
215.0 1.2671569593159542
215.5 1.270427499237325
216.0 1.242079626861807
216.5 1.1798493875372507
217.0 0.7521657757411064
217.5 1.0621091602483914
218.0 0.9406392806944639
218.5 1.2470090380120342
219.0 1.4649870565434175
219.5 1.038295279392155
220.0 0.935857997799471
220.5 0.8470744618996516
221.0 1.235902328504108
221.5 1.0009388615014003
222.0 0.759335425638245
222.5 1.086669812666458
223.0 1.2418104641225993
223.5 1.5789560539215568
224.0 1.1646327667754828
224.5 0.9005135134440233
225.0 0.8637305055000097
225.5 1.0400580920473264
226.0 1.5145958805793347
226.5 0.7624765986051463
227.0 0.5976734708330257
227.5 0.9448909764266863
228.0 1.4365487761836917
228.5 0.8247934221477742
229.0 0.553282016629886
229.5 0.886700647612229
230.0 1.4212939036918337
230.5 1.085477470572315
231.0 1.0335531316190598
231.5 0.7690367261921156
232.0 1.5143211459221917
232.5 0.8178703635621132
233.0 0.8556923976721647
233.5 1.6422794344570912
234.0 0.5533455803388025
234.5 1.199228293962911
235.0 1.1870513794113478
235.5 1.361094626219804
236.0 0.5674361282173581
236.5 1.107948809222929
237.0 1.0343965723028075
237.5 1.165062162537847
238.0 0.9623441011328785
238.5 1.7606112778521816
239.0 1.1666358288726872
239.5 0.4853554556938774
240.0 1.0401478051542212
240.5 0.5211049780104416
241.0 0.9208692743535427
241.5 0.8102025247709855
242.0 1.2444624740451156
242.5 0.7143917808653284
243.0 1.434393021108512
243.5 0.4758079821509366
244.0 0.7403958855976689
244.5 1.0243206258674862
245.0 0.9807951455379574
245.5 2.188605955668626
246.0 1.337564547821282
246.5 1.1705100514782631
247.0 0.5232645054694601
247.5 1.0813379532617917
248.0 2.4320461364367447
248.5 0.7044850637359761
249.0 0.8237278730632815
249.5 1.2029326900566986
250.0 0.8030490482601376
250.5 0.6946423012645985
251.0 0.6892251665119045
251.5 0.7630219813786026
252.0 1.2552430013823606
252.5 0.721036485983875
253.0 1.2269597461270685
253.5 0.6634877551988904
254.0 0.4543708829748048
254.5 0.7446767613121746
255.0 1.4544075363975284
255.5 1.0363290754452543
256.0 0.9625548514575165
256.5 1.1869354478944993
257.0 1.9175115026602993
257.5 0.7886834426876517
258.0 0.8011804966397376
258.5 0.8230114755580153
259.0 0.35970093757058896
259.5 1.0004077613828597
260.0 0.5596021320685146
260.5 1.0974199369754412
261.0 0.7691078073099811
261.5 1.4878239309226347
262.0 0.9116722427791103
262.5 1.0058798493685241
263.0 1.44143261473603
263.5 1.1080016309570837
264.0 0.6148017639294967
264.5 0.5065264132036029
265.0 1.2113049383441952
265.5 0.8297169939190726
266.0 0.8884636397933332
266.5 0.7942038188090318
267.0 1.2779995317505803
267.5 1.6075524576105198
268.0 0.701462081665019
268.5 1.2291134392271585
269.0 1.1778505999583744
269.5 1.33738256467262
270.0 1.010084529230863
270.5 1.110556333114447
271.0 0.8878462045386329
271.5 1.1538196720188538
272.0 0.7538606875349081
272.5 1.0941347054127988
273.0 1.135049758172625
273.5 1.1854356378733737
274.0 0.7412290742211242
274.5 0.8828347276037456
275.0 1.0993898664936963
275.5 1.2321650339181525
276.0 0.6207325837304399
276.5 0.9044112481681563
277.0 0.899373214391614
277.5 0.516782750491005
278.0 0.8014789960087616
278.5 1.3455080384380418
279.0 0.9009238538570362
279.5 1.2133621369275494
280.0 1.1677821504391033
280.5 1.6498448518785165
281.0 0.6228444281541493
281.5 1.3804131141468905
282.0 0.9910129858786645
282.5 0.5211483882110117
283.0 0.8727448736252162
283.5 1.132680897920853
284.0 0.7938002210993687
284.5 1.3224077642932217
285.0 1.0744740895347693
285.5 0.655953319909965
286.0 1.5403867590249338
286.5 0.6564571831560568
287.0 0.9658848794826103
287.5 1.1502846504654518
288.0 0.8181351164390512
288.5 0.8114556693586938
289.0 1.1190122177564286
289.5 1.1982182459396447
290.0 0.6788391673322705
290.5 1.0394749695655385
291.0 1.1720765824263983
291.5 0.36289602076008953
292.0 2.17834607276374
292.5 1.3215299049735392
293.0 0.8940552106694771
293.5 0.7891456772546046
294.0 1.3093764850433054
294.5 1.891841191922929
295.0 1.679019367431605
295.5 0.7451017410400667
296.0 0.5320947663968244
296.5 1.0973687800251968
297.0 0.9044569362954546
297.5 1.1847183817248443
298.0 0.999023957524181
298.5 0.9648770931835923
299.0 1.1617443119143727
299.5 0.7795160579496143
300.0 0.4121655497362716
300.5 1.411289069686914
301.0 0.6402913210235095
301.5 1.833331826284315
302.0 0.506523152697006
302.5 1.8278166760115067
303.0 1.0685597641827336
303.5 0.69056088669546
304.0 1.1942623091604587
304.5 1.2463238581101268
305.0 0.7849477505680501
305.5 0.7955391970154388
306.0 0.8952498905949979
306.5 1.0691882484207262
307.0 1.1385391705901444
307.5 0.9454108163588846
308.0 1.0655869542261514
308.5 1.6391710398112673
309.0 1.6050137467758363
309.5 1.1311855807563038
310.0 1.2456528201141535
310.5 1.3626817087465941
311.0 1.800562728559631
311.5 0.7423755911784506
312.0 1.159644405237
312.5 0.4756036016821027
313.0 0.902623396758215
313.5 0.6122709922586028
314.0 1.1799066413004058
314.5 0.8342722539687493
315.0 1.3890705856442207
315.5 0.8076644274764673
316.0 0.9017049463099509
316.5 1.0433750675043112
317.0 1.183216638326679
317.5 0.520523922366475
318.0 1.8913789758965818
318.5 1.258374431033338
319.0 0.9061648825530713
319.5 0.607425267509082
320.0 0.902524511779832
320.5 1.1323235199483237
321.0 2.0342097250547964
321.5 1.432934127137984
322.0 1.366049152463618
322.5 1.0894355769039548
323.0 1.0208909461749696
323.5 0.7202746098428858
324.0 1.4384092831938409
324.5 0.8583888559379313
325.0 1.1753560142176522
325.5 1.0247025845942566
326.0 0.8082149591206362
326.5 1.5242542930386973
327.0 1.0190293490736688
327.5 0.5038343376942853
328.0 0.9943050952942459
328.5 1.0383545238359801
329.0 1.1392268222475304
329.5 0.9743992447784879
330.0 0.7409817853799305
330.5 0.8242576555627015
331.0 1.0408687222924957
331.5 1.3439314792810633
332.0 0.9585544538864591
332.5 0.6959067027120138
333.0 0.7088618803907398
333.5 1.0975628994118098
334.0 0.9629226106803535
334.5 0.6692171025969119
335.0 0.43334511431723455
335.5 0.9403913552770655
336.0 0.8065455545600577
336.5 0.8039305014749879
337.0 0.646306240671892
337.5 0.9965496775848144
338.0 1.526845670890001
338.5 0.45724094886799427
339.0 1.3545954087546779
339.5 0.4960916337110013
340.0 0.8894106843630561
340.5 0.8516184532928999
341.0 0.9585086731427759
341.5 0.49018070500493205
342.0 1.0615628362252938
342.5 1.202454123339474
343.0 0.8606742233019359
343.5 1.8336382471856152
344.0 1.1354747889504773
344.5 0.6418729012925677
345.0 0.5725598348681025
345.5 0.5511806000725452
346.0 1.0247816393949285
346.5 1.0352661396921503
347.0 1.0318997421489504
347.5 0.6734057600961938
348.0 1.0519787844605797
348.5 0.8000750937858239
349.0 0.9441024933733008
349.5 1.0696438956663736
350.0 0.9712849906325586
350.5 0.5578824063312249
351.0 1.1305075886682392
351.5 1.2150529803366523
352.0 0.9064419178517933
352.5 0.8963656566560954
353.0 1.0230244769037264
353.5 0.8506658504356863
354.0 1.7008369531523995
354.5 1.670085497035532
355.0 0.5771628052342628
355.5 1.0008881112350265
356.0 0.8277656137555572
356.5 1.6228370397010368
357.0 0.3112284259073945
357.5 0.9624256842965949
358.0 0.786356342024035
358.5 0.8424568202602611
359.0 0.8267600531070591
359.5 0.7278819808308905
360.0 0.6580466014553
360.5 1.304149327199306
361.0 1.3963454235636963
361.5 0.8994938294992367
362.0 1.3160021260070844
362.5 1.6904510631873273
363.0 1.1124256958360814
363.5 0.8572400450940088
364.0 0.5717627923425357
364.5 1.5422619927287702
365.0 0.9735690460809648
365.5 0.539384925894757
366.0 1.0202622330096247
366.5 0.536350127880555
367.0 0.9958094639064077
367.5 0.9257957234047594
368.0 0.9429336297950532
368.5 1.092718703618115
369.0 1.344583030910068
369.5 0.9511418669368076
370.0 0.981008404683857
370.5 1.3824058375619903
371.0 0.7048934169874461
371.5 1.1330886690839939
372.0 0.9316821372039634
372.5 0.7352537594668733
373.0 0.8874571533180329
373.5 1.0509121978376679
374.0 0.4027567188958888
374.5 1.6835218476351415
375.0 0.7949353918303849
375.5 0.9108755518733143
376.0 1.0378865461173437
376.5 1.7933917732816842
377.0 0.5698932860706076
377.5 1.1353272459197088
378.0 0.7593070843023205
378.5 0.7942427216297574
379.0 0.9025048094440338
379.5 2.1171434085876375
380.0 0.7347853887966012
380.5 1.2932382555329007
381.0 1.0751135329005224
381.5 0.9222403310541792
382.0 0.407671036793366
382.5 0.9949979738147064
383.0 1.147043934810346
383.5 0.7576780769020628
384.0 0.6395382044969028
384.5 1.52928338851389
385.0 1.0242563399858144
385.5 0.701775129731637
386.0 1.0035370398957724
386.5 1.0605593319619016
387.0 0.9324146920387298
387.5 0.8288924517203855
388.0 1.2045215148884667
388.5 1.1961531002393786
389.0 0.8576083534977221
389.5 0.8777881239901152
390.0 0.6883597098810424
390.5 1.1483974274746158
391.0 0.8505452961019109
391.5 0.8436261200019164
392.0 0.7428496268499616
392.5 1.3070949598447608
393.0 1.4280676081353327
393.5 1.1144063339800847
394.0 0.7638363770189742
394.5 0.7803132962711273
395.0 1.4160760477985446
395.5 1.392220926559636
396.0 1.0722990367265806
396.5 0.5859963154209101
397.0 1.1034876122169406
397.5 0.8303743075809311
398.0 1.3381344111882973
398.5 1.0906055490836293
399.0 1.0958033430402803
399.5 1.0604934417495815
400.0 1.15704450712456
400.5 0.6791194557739297
401.0 1.3111968508383758
401.5 0.9489641837371988
402.0 1.1866446172339271
402.5 0.7434490201044381
403.0 1.1374492190578462
403.5 0.7135333794036693
404.0 1.8943160156236387
404.5 1.332354095262234
405.0 0.7206471670745194
405.5 1.501956449414938
406.0 1.360431146475022
406.5 0.9745404332685923
407.0 1.0055650543286654
407.5 0.9039422251059817
408.0 1.0879683612102298
408.5 1.2056144093219068
409.0 0.972430824821946
409.5 0.730086613276324
410.0 1.5614298828347746
410.5 0.8252652687754365
411.0 1.0514576656712422
411.5 1.617873813971181
412.0 0.6413666472034141
412.5 0.9585066129260561
413.0 0.9113817917971619
413.5 0.7344904350961196
414.0 1.407459414063216
414.5 1.1982417072116456
415.0 0.9665478900684595
415.5 1.0364268427469923
416.0 1.4147653499659933
416.5 0.4289009611241305
417.0 1.706440832057003
417.5 0.39456259596771215
418.0 0.6649289353360435
418.5 0.9614114263630146
419.0 0.44638444244908476
419.5 1.250823223527963
420.0 0.6053222901008705
420.5 1.31531728171025
421.0 0.9731322112638957
421.5 1.2557639815243995
422.0 0.8110580251748011
422.5 0.6424049101026259
423.0 0.8559193916917256
423.5 1.376640290245838
424.0 1.252140113712441
424.5 0.8620694735153979
425.0 1.1929876166477158
425.5 1.008655907659504
426.0 1.4230390062466949
426.5 0.6102701501274463
427.0 0.8137372284156271
427.5 0.8014350526870333
428.0 1.0447991287023544
428.5 0.7269078911760491
429.0 0.7572457731182504
429.5 0.4686389995669302
430.0 0.804685548897086
430.5 1.169907725681293
431.0 0.8706096231587215
431.5 1.7006155948728803
432.0 1.3062232479116056
432.5 0.8245152010907432
433.0 1.1722573459358743
433.5 1.3012053985837877
434.0 0.907195327977704
434.5 2.049508143842707
435.0 0.5487978824232714
435.5 0.62701003152795
436.0 0.8836814217530315
436.5 1.4514462469184917
437.0 1.2107901243091934
437.5 1.343449917809845
438.0 0.4962419867330713
438.5 1.2088389017280377
439.0 0.9629712911788206
439.5 1.3833256785786483
440.0 0.4862266052398465
440.5 0.6879611746691913
441.0 1.519561436249302
441.5 1.288746824333317
442.0 0.8894326354482565
442.5 0.6548633202604595
443.0 0.9883141033604261
443.5 0.6250460084350902
444.0 0.8927170278917297
444.5 0.2
445.0 0.7168131905536346
445.5 0.6554055513773948
446.0 1.4434938051368902
446.5 0.8008251371525313
447.0 1.1937367777296153
447.5 0.9936316539751997
448.0 0.7426571036495933
448.5 0.7137905225806009
449.0 0.8011916119617781
449.5 0.5351329489154342
450.0 1.383844783225939
450.5 1.302040373256557
451.0 1.5915567522667744
451.5 0.3926448527324947
452.0 1.6233273697647586
452.5 0.666334802162319
453.0 1.1298603040070818
453.5 0.44900778564794624
454.0 0.44823974853076043
454.5 1.335178527836491
455.0 1.0915954152901013
455.5 1.4515250310162113
456.0 1.3513311116844764
456.5 0.8505333211125434
457.0 0.6444192476820139
457.5 0.6908500853071324
458.0 0.6098756031145542
458.5 1.1587026518821912
459.0 0.6072180533067787
459.5 1.2260796539881111
460.0 0.9237112965249412
460.5 1.5887431368556733
461.0 0.5228680165419697
461.5 0.5960591832350244
462.0 1.3864779953604955
462.5 0.7522525924511609
463.0 1.2634305565843382
463.5 1.1674417670026673
464.0 0.9781068754173453
464.5 0.9670351365157582
465.0 0.5012049621141035
465.5 0.6999636589719227
466.0 1.287048120591376
466.5 0.91004968065072
467.0 1.4622886186047257
467.5 0.6576523402255265
468.0 0.7644446406157717
468.5 0.44681580451335645
469.0 1.3619054170649458
469.5 0.712520564927726
470.0 0.8786666764041828
470.5 0.7233896279480079
471.0 1.3385407718577191
471.5 0.89359630126845
472.0 0.6350934712043103
472.5 1.358177031051901
473.0 1.2792192865732064
473.5 1.0155741372723635
474.0 1.4298731231446267
474.5 1.1334653272018138
475.0 1.145421767865948
475.5 0.6928585630804918
476.0 0.5365230868360886
476.5 0.8105121402842539
477.0 1.580404865341391
477.5 0.9732196897740132
478.0 0.41204803478371776
478.5 1.035059461599944
479.0 0.9573927673729233
479.5 0.8406018127483303
480.0 0.3170554820483835
480.5 0.8506581528198883
481.0 0.9379109575765942
481.5 1.2057898330248826
482.0 0.5295680699943266
482.5 0.7053183955001829
483.0 1.0829977095568055
483.5 0.8046650091194091
484.0 0.722893962228523
484.5 0.9485986086193413
485.0 1.2189966026903343
485.5 1.4046626250895704
486.0 1.319292271939376
486.5 0.827170956883215
487.0 0.6731279738370226
487.5 0.8192444780011435
488.0 0.907997653850576
488.5 0.7872144261760331
489.0 0.9372875691443415
489.5 1.599674288174392
490.0 1.2926025928863514
490.5 0.7017666976611925
491.0 0.6103691470508009
491.5 0.7841951786671495
492.0 1.0407744485448631
492.5 1.0884236008438841
493.0 0.8570975910450773
493.5 1.6684412782150355
494.0 1.0182054403180092
494.5 1.194782647049573
495.0 1.2581264870835822
495.5 2.008297774538146
496.0 0.8285324393264059
496.5 0.5775982083237561
497.0 0.837596920338449
497.5 1.6492936526081161
498.0 0.7571830695631161
498.5 0.3983453591749926
499.0 0.2232464857535741
499.5 0.8473686961011373
500.0 1.5072000097224736
500.5 1.6438075104408307
501.0 0.8833800141517286
501.5 1.8245981288426227
502.0 0.38270821036679536
502.5 0.7140053416157223
503.0 1.7558339994754957
503.5 0.7846374165896219
504.0 0.7166762318002992
504.5 1.7577908253971226
505.0 1.9339052499924478
505.5 0.6548822753658661
506.0 0.841777500757006
506.5 0.49972948391126204
507.0 0.9807728247710402
507.5 1.02524825270109
508.0 0.7327244515889894
508.5 1.1196949121404536
509.0 0.2934933331293469
509.5 1.0317984995967167
510.0 1.142639957618206
510.5 1.1513870283877772
511.0 1.2335714949057013
511.5 1.4916856257581266
512.0 0.5464632846434822
512.5 0.9800818168510821
513.0 1.433472435082307
513.5 0.8380093376705409
514.0 0.8439854170381722
514.5 1.1502586050879553
515.0 1.0661707508517404
515.5 1.3628910810620276
516.0 0.5722020886606096
516.5 1.1300666652394145
517.0 0.9530846321654286
517.5 1.3467281285769928
518.0 0.597585625533091
518.5 0.7919968662305614
519.0 1.8583263538829566
519.5 1.1465452139338186
520.0 1.0251862738973458
520.5 1.279244146432829
521.0 0.9721090667553527
521.5 1.2345350430828348
522.0 0.8916164846706871
522.5 0.9877719466816484
523.0 0.8099811817982111
523.5 2.1736918570863324
524.0 0.8729780124192159
524.5 1.0309354376300606
525.0 1.4013192453845718
525.5 0.6510033784522815
526.0 1.019394154671962
526.5 0.99247591596784
527.0 1.4176390137214834
527.5 0.8277643142688226
528.0 1.3138367037266296
528.5 0.8633010214894122
529.0 1.4166125433927483
529.5 0.8425125041004339
530.0 1.6701858016884223
530.5 0.7300264437707358
531.0 0.8195471552243364
531.5 1.169963673827111
532.0 1.0769691612191095
532.5 0.938689905639722
533.0 0.929489222712834
533.5 1.0031905590093038
534.0 0.523612396266184
534.5 1.0669855076195498
535.0 1.0674772224692473
535.5 0.7333300362865498
536.0 1.179586251396885
536.5 0.8530743676535482
537.0 1.523448494623263
537.5 0.7986744425514039
538.0 1.1192176403430478
538.5 0.8790317426410079
539.0 0.8339365590690792
539.5 1.209407812495538
540.0 1.1455254160311303
540.5 1.0578590417704103
541.0 1.388224955467161
541.5 0.7278532640077606
542.0 1.0930628647585732
542.5 0.7896229497583166
543.0 1.0932861792537532
543.5 1.941614830635753
544.0 0.8489843063574505
544.5 0.9240934025117726
545.0 0.8613010778367997
545.5 0.695296984072391
546.0 0.5871221911704257
546.5 0.6486813291258419
547.0 1.9729717935737456
547.5 1.0356382622160307
548.0 0.9957210059889336
548.5 1.060728174549379
549.0 0.643733843334457
549.5 1.3284820057882971
550.0 0.9313735493578288
550.5 1.1758980902934373
551.0 0.23842544898115525
551.5 1.05580980248175
552.0 0.7452833170210293
552.5 0.8664332033976476
553.0 1.2761222755926043
553.5 1.0755855096895872
554.0 1.3097608755705261
554.5 1.1326635462863197
555.0 1.2950422197593983
555.5 0.8422373543436408
556.0 0.7018684354053135
556.5 0.5667223834987041
557.0 0.9788787945875322
557.5 0.9488956399528735
558.0 0.8058806658581239
558.5 0.6329947030335394
559.0 0.9863113285469209
559.5 1.4769438443672795
560.0 0.7793573409331183
560.5 1.1547293845760118
561.0 0.7996449232324228
561.5 0.44146048057711607
562.0 0.8792428697404544
562.5 1.3367846151364011
563.0 1.324188674870509
563.5 1.6675525191765903
564.0 0.8920763950338558
564.5 0.7954641774231223
565.0 1.089879273553937
565.5 1.2181962979931857
566.0 1.5233032369407127
566.5 2.0115143309922394
567.0 1.221203957455304
567.5 1.1285053571875356
568.0 1.8998934293853336
568.5 0.6591462830432575
569.0 1.6175572851802729
569.5 0.6988225218891168
570.0 1.7332860648350112
570.5 0.7621983665315608
571.0 1.3637291878545623
571.5 1.667801289013921
572.0 0.5873720448705605
572.5 1.4783610963664002
573.0 1.1313357433961684
573.5 1.3632647584965858
574.0 0.558145905386901
574.5 1.0078554060073222
575.0 0.9248081057081734
575.5 0.975863493892393
576.0 1.780705645132655
576.5 0.8163238033570216
577.0 0.8279534897466934
577.5 0.8038374112564453
578.0 1.421274942691375
578.5 1.1586007858784702
579.0 0.9289335639888906
579.5 1.1383159286417326
580.0 1.2306088673970903
580.5 0.9894046177428889
581.0 1.1329894870723216
581.5 0.832835556350798
582.0 1.1939108413149495
582.5 0.8287146686583646
583.0 1.3486079680427503
583.5 1.1317089846453372
584.0 1.360628788218042
584.5 1.0149054733761123
585.0 1.5108096184563413
585.5 0.6181615855502094
586.0 1.8619066087331406
586.5 1.0484951722306055
587.0 1.0706996669628084
587.5 1.131932244734612
588.0 1.0544136499324477
588.5 1.5814004525362146
589.0 0.7499554143047299
589.5 0.49239016110769956
590.0 0.8667449109046172
590.5 0.640834082463339
591.0 0.9484568563580613
591.5 0.8644791039634976
592.0 0.7376105019390323
592.5 0.6223816600251685
593.0 1.2670466315111502
593.5 1.2164554591489525
594.0 1.0910931496093532
594.5 0.6549209020767103
595.0 1.227529736660217
595.5 0.5817329956261126
596.0 0.7536701261170218
596.5 0.5868154606709695
597.0 1.1589943228849484
597.5 0.8300806086057948
598.0 0.48938821370483276
598.5 1.2624690935535123
599.0 1.7419162252958276
599.5 0.41133356391891474
600.0 0.2
600.5 1.5382693956541407
601.0 1.222521190657098
601.5 0.7057786865433537
602.0 0.8066869385667036
602.5 1.5005528188094561
603.0 0.954044567453562
603.5 1.2564280032056285
604.0 1.3073211449147388
604.5 0.9669054005218781
605.0 0.3224793405101727
605.5 1.013611728498364
606.0 0.9044726423414605
606.5 0.9104017718831151
607.0 0.755477722375443
607.5 0.6820655425830895
608.0 2.0035231332345065
608.5 1.2592383510526097
609.0 1.8448010627352578
609.5 1.287069334327927
610.0 0.8961539121684023
610.5 0.6093383763062186
611.0 0.9525739283797466
611.5 0.8030073940984777
612.0 1.307654877894429
612.5 1.31872121976871
613.0 0.7912424444551291
613.5 0.7058230970599257
614.0 1.1710869536187298
614.5 0.4633045961745268
615.0 1.269004448516889
615.5 0.9391737952124379
616.0 1.7662979158718812
616.5 1.6747805541755452
617.0 0.487062883095897
617.5 1.1289070270100774
618.0 1.1899310478768212
618.5 0.6730963026016051
619.0 0.6233006372288039
619.5 0.5569203180564025
620.0 0.7284210593905325
620.5 1.4042430395013652
621.0 1.3432823760804178
621.5 0.2
622.0 1.2828779317127876
622.5 1.3226720250586552
623.0 1.3160647118227065
623.5 0.6596861206721094
624.0 1.0947226030767725
624.5 1.6592789167835913
625.0 1.0851061746880506
625.5 0.8146676060705353
626.0 1.3895445964246365
626.5 0.8696168444787544
627.0 1.4258788403724072
627.5 1.0793556944042801
628.0 0.8536218877912127
628.5 1.0262679445937715
629.0 0.66255780475871
629.5 0.9319581303682116
630.0 0.8661552296579269
630.5 0.6415098016621334
631.0 1.4249023525575781
631.5 1.0153193717817102
632.0 0.837158751249566
632.5 1.3077241832244928
633.0 1.327002276224925
633.5 1.8576382572747634
634.0 0.9007954658557923
634.5 1.1559701152454602
635.0 1.3613228855551665
635.5 0.9914523814156906
636.0 0.8532795652919385
636.5 1.1384835846777237
637.0 1.089341514564605
637.5 0.8787940643777322
638.0 0.9951600101076614
638.5 0.6266226551949861
639.0 1.365188502697942
639.5 0.8504151459217912
640.0 0.8784928114022432
640.5 0.6948994646802077
641.0 1.163386479707888
641.5 0.7031328325549707
642.0 0.41087974422752827
642.5 0.6915575778742173
643.0 0.41142400907147825
643.5 1.2025003187329828
644.0 1.7806657849964398
644.5 1.3944538671819817
645.0 1.1250552192309948
645.5 1.3791222458869377
646.0 1.1725696606123732
646.5 0.7300225254993239
647.0 0.8773433046544143
647.5 1.599138644626294
648.0 0.3856367961710142
648.5 0.8413535271200883
649.0 0.4422600344015944
649.5 1.422812281664719
650.0 0.2
650.5 0.8084068218243309
651.0 0.9159575534869502
651.5 0.8352618306159347
652.0 1.156258611346257
652.5 0.5246119380285328
653.0 0.689182393735373
653.5 0.8319035810005436
654.0 1.0944414854446853
654.5 1.2459953019988566
655.0 1.9869775742355809
655.5 1.2623162354139272
656.0 0.5178502665995469
656.5 1.2797131888702
657.0 0.801639030059856
657.5 0.7954412103827713
658.0 0.9653305013874106
658.5 0.6471010708379218
659.0 1.529502869269563
659.5 1.1561943999990658
660.0 1.8600186782897339
660.5 1.0338139908986084
661.0 1.018712478829432
661.5 0.9222500873133297
662.0 0.4734021814932138
662.5 0.6441242488342225
663.0 1.0219003147990935
663.5 0.7159836511565778
664.0 1.2089153773697612
664.5 1.4544120801002993
665.0 2.1516677211487862
665.5 0.9761072092950117
666.0 1.5038747122952736
666.5 1.6016468136133684
667.0 1.413227098511737
667.5 1.2241889951991114
668.0 0.3019642050783886
668.5 0.9412401698428641
669.0 1.2077018098523884
669.5 0.6972331657240929
670.0 1.4035271222614023
670.5 0.4324422334188879
671.0 0.8571509242972835
671.5 0.7087916133284691
672.0 0.718163711073038
672.5 1.4248921989002996
673.0 1.4918530143090658
673.5 0.9707065992768391
674.0 0.703947115623529
674.5 2.004574828358495
675.0 0.8602230303539045
675.5 1.396465008453512
676.0 1.1087037743650192
676.5 1.101779081232408
677.0 0.5780507178782675
677.5 1.5495164979631912
678.0 1.6743421429139107
678.5 0.804105736966849
679.0 1.1594897930374524
679.5 1.0118778365717096
680.0 0.6833355870729084
680.5 0.8598960780575027
681.0 0.5733801590737535
681.5 1.0049633938705245
682.0 1.1340081332282548
682.5 1.4061320407143532
683.0 0.5437737585063949
683.5 0.25447293644432956
684.0 1.2733091020973177
684.5 0.7962840461580879
685.0 1.0506978359307806
685.5 0.9451858318312235
686.0 1.663656862109321
686.5 0.5544021857079062
687.0 0.7825751739291239
687.5 0.7381507190278935
688.0 0.6817243233390922
688.5 1.5899670434264737
689.0 1.2323011224639662
689.5 0.4361197686268583
690.0 1.5431937223196592
690.5 2.159749330118199
691.0 0.2
691.5 0.9105510217446678
692.0 1.3599559688199547
692.5 0.73483012578032
693.0 1.8136737433765537
693.5 1.3013735456689874
694.0 0.878413544945866
694.5 0.9427796880831284
695.0 0.6866565279450301
695.5 0.9955684617040933
696.0 1.5985496175171194
696.5 1.0957976074728824
697.0 0.5849766356989508
697.5 1.3989933852308263
698.0 0.9500073028283664
698.5 0.7548419924705476
699.0 0.9252826265489659
699.5 1.2675951297935026
700.0 0.6928403127194851
700.5 1.0796987351601002
701.0 2.5059992780671476
701.5 1.0475192824183999
702.0 0.7043095476676678
702.5 0.7686794425384452
703.0 1.0713440309758973
703.5 1.1299978367789243
704.0 0.6360165303243548
704.5 1.0974774870796211
705.0 0.7424717321007184
705.5 1.0499028905714116
706.0 1.5560055712022076
706.5 0.7834577731301076
707.0 0.9007154370601241
707.5 0.9786497708618906
708.0 0.713509157974654
708.5 1.0416787317386031
709.0 0.8670515417595406
709.5 0.7478708585466434
710.0 0.8091692347351115
710.5 0.9774762655854327
711.0 0.9954963077594393
711.5 0.9200521330647834
712.0 1.4619740448817198
712.5 1.284278879466061
713.0 1.7096129702174645
713.5 0.8621424681223616
714.0 0.7069315929978246
714.5 0.860148668162331
715.0 1.2163220310629703
715.5 1.5377082436300977
716.0 1.217465853195952
716.5 0.8272901769841629
717.0 1.2611068247971366
717.5 1.1377311535988492
718.0 1.6820537781077576
718.5 2.1331017043582294
719.0 2.1322976054805634
719.5 0.7782918774892935
720.0 1.4869421545326427
720.5 0.6863325719167211
721.0 1.366211407900371
721.5 0.5985509770103677
722.0 0.6792350725575085
722.5 2.6074693772503834
723.0 0.6811482357174534
723.5 0.582737542941661
724.0 1.6936939101224349
724.5 0.6740234319714251
725.0 1.5841798497719615
725.5 0.6014545288180079
726.0 1.438002210582904
726.5 0.3665440121286494
727.0 1.130524264466715
727.5 1.3477661740416633
728.0 1.7456165377307449
728.5 1.6882837924831757
729.0 1.788464188251544
729.5 0.8789389141879735
730.0 0.8318500308255139
730.5 0.8245787948402559
731.0 0.9244253689401178
731.5 0.7271620905972257
732.0 1.4570037989589892
732.5 0.5496452278068459
733.0 1.4960645193197548
733.5 1.0721391849453763
734.0 0.8425858975150653
734.5 1.6349435725620896
735.0 1.6871582971494528
735.5 0.8092986558361445
736.0 1.699387623480502
736.5 0.9157909614686742
737.0 0.9841625894690984
737.5 1.7415906975983932
738.0 0.6448382721416391
738.5 0.9260155862411595
739.0 0.4629023201246907
739.5 0.7918312875346359
740.0 0.43440411763399933
740.5 0.7221378555447302
741.0 0.8634052103311786
741.5 1.18453804882423
742.0 1.4705183774590604
742.5 0.6749103575627767
743.0 1.1537983651419124
743.5 0.8456977443755858
744.0 1.0604711495073584
744.5 0.7480915816230282
745.0 0.6923372031403755
745.5 0.8835384613529618
746.0 0.4849495369068623
746.5 0.6626814449155792
747.0 0.9899725996566144
747.5 0.8021884923853956
748.0 1.0570607229678715
748.5 0.7602895759971313
749.0 0.507572804321502
749.5 0.7630227526793485
750.0 0.8989492213531924
750.5 0.7661810794162991
751.0 1.9600523768292017
751.5 1.0422418678926908
752.0 0.6542693780728158
752.5 1.1993706766434467
753.0 0.3585554361121627
753.5 0.684488199004162
754.0 0.8740794175936153
754.5 0.9401031870555654
755.0 0.9630829394521887
755.5 1.037549072993785
756.0 0.5648334522713125
756.5 0.5772908720864964
757.0 0.3171520248421441
757.5 1.1858870537217556
758.0 0.9773064496612472
758.5 1.3107045265370594
759.0 1.4513929119641835
759.5 0.8315142268993652
760.0 0.8492050377694955
760.5 1.5822975365922463
761.0 0.8968204794992248
761.5 0.884480102084578
762.0 0.5037144604107483
762.5 0.4848175369488195
763.0 0.44409960024140704
763.5 0.6937348298367858
764.0 1.6764915654503358
764.5 1.5154075937672729
765.0 1.2304068498779506
765.5 1.0471970016003604
766.0 0.4248394031567288
766.5 1.2436335209495168
767.0 0.8347342990534186
767.5 1.1020342553980762
768.0 0.5070849508050876
768.5 0.7971702592094871
769.0 0.6295959577352899
769.5 0.7578963004241549
770.0 1.1284669447988582
770.5 1.8711343695106755
771.0 1.2331361222721595
771.5 1.1976713620373989
772.0 1.6637347272574947
772.5 1.548858531113289
773.0 1.6561742698543194
773.5 1.2030550102212942
774.0 1.4187209120930326
774.5 0.6328574307784687
775.0 0.9551637186556452
775.5 0.5524595774129833
776.0 0.8458111530022024
776.5 1.8237065319009842
777.0 0.8279034580427563
777.5 0.64535557527109
778.0 0.8478214890947289
778.5 1.6409535457529754
779.0 1.0220822208604292
779.5 1.5236779665103897
780.0 2.2205228589705412
780.5 0.963156106313301
781.0 0.7907386091094053
781.5 0.46339262178382457
782.0 0.35619585590031755
782.5 1.3388087139068563
783.0 1.3368755526007483
783.5 0.8605386761966353
784.0 0.9287722996163233
784.5 1.380537446413479
785.0 1.8250231008987874
785.5 0.5465863063318807
786.0 0.9885383534894154
786.5 2.1516694707377475
787.0 1.4241388831637183
787.5 1.0177422165579686
788.0 0.8997963144895968
788.5 0.6789667920912973
789.0 0.8158485016408228
789.5 2.3225509941498075
790.0 1.1701753617127308
790.5 1.6277432109887977
791.0 1.1911771603365855
791.5 1.1084804418861065
792.0 0.8676412253583328
792.5 1.1911570444174704
793.0 1.7394958929940354
793.5 2.0468905220258535
794.0 1.0298536586366958
794.5 1.8075879548195575
795.0 0.9092675451674188
795.5 1.3242999422385031
796.0 0.5603872700660779
796.5 0.8298065551837129
797.0 0.7000886672564087
797.5 0.41344504405997196
798.0 1.1069784076458
798.5 0.5102375200133128
799.0 0.5434268103697243
799.5 0.30335965133023124
800.0 1.198575168640168
800.5 1.0590174381292448
801.0 1.069914200594814
801.5 0.2
802.0 1.2067320254945106
802.5 0.2
803.0 1.007741252568736
803.5 1.1887068013185318
804.0 1.4447905302585924
804.5 0.6158489757804266
805.0 0.9112996652660297
805.5 1.4005900991060636
806.0 0.5068616968015709
806.5 0.6220321772564265
807.0 0.9732622872026938
807.5 1.8101497357447265
808.0 0.7401094275436277
808.5 0.8690959648416037
809.0 0.6453078539403885
809.5 0.5273805234892079
810.0 1.7711283235186746
810.5 0.7106978312828043
811.0 0.9975831731093887
811.5 0.5171538825012387
812.0 0.900159807900097
812.5 0.9134280477867814
813.0 0.8461090166369417
813.5 1.3352869276908805
814.0 2.2122902270304206
814.5 1.0628219687930893
815.0 1.273960762868552
815.5 0.8098133038137731
816.0 0.8420277867663999
816.5 0.9959592971660554
817.0 1.4594863979500914
817.5 0.7991850114834933
818.0 1.2643825526739239
818.5 1.1634962337296062
819.0 0.6393095848363793
819.5 0.5437318730508061
820.0 1.2502814151285264
820.5 0.6100392550497822
821.0 0.9218115997108759
821.5 0.2950783773612413
822.0 1.02430637651733
822.5 0.6855829653525138
823.0 0.9791162761687903
823.5 0.9318179324393162
824.0 1.2560221511501082
824.5 1.0495229837959799
825.0 0.7357062273570736
825.5 0.9060676991632715
826.0 0.9785093458892535
826.5 0.8035945137820577
827.0 0.7488603225820041
827.5 0.6485322013671807
828.0 0.8009501135861072
828.5 0.6082291944730566
829.0 1.0643669605118584
829.5 0.7148217103235548
830.0 0.8251541016999928
830.5 1.024064812318417
831.0 1.0866239390084313
831.5 1.0863605800616067
832.0 1.3271242967091457
832.5 0.7829032475890245
833.0 1.4444650622898534
833.5 1.1484655717654473
834.0 0.7815638953268846
834.5 1.169370758938073
835.0 0.32740548027340344
835.5 1.4681216126296235
836.0 0.6603607976220175
836.5 0.9379467441214316
837.0 0.7580849130502963
837.5 1.8929847089983936
838.0 1.6247901018065525
838.5 0.8054385457169263
839.0 0.3862631783725792
839.5 0.9934855831154982
840.0 0.8271000925711378
840.5 0.8140074171815092
841.0 0.9418550330669305
841.5 0.5863704873704002
842.0 1.3762240869497198
842.5 1.7826452279211393
843.0 0.7209705520479918
843.5 0.7721373983092628
844.0 1.263800438463056
844.5 0.47082400148962833
845.0 1.0617361997064207
845.5 1.0463049707541152
846.0 1.3259671014184948
846.5 0.5300204489163619
847.0 1.2612825741852647
847.5 0.9206424645192662
848.0 1.3495118338825773
848.5 0.6372190795105666
849.0 0.3987053783166209
849.5 0.9084123576778923
850.0 1.85183070228954
850.5 0.8127730694722923
851.0 1.2206737584439762
851.5 1.1680958405599884
852.0 0.8168216765252141
852.5 0.8282964978269829
853.0 1.1857314718439427
853.5 1.4355601818010948
854.0 1.1556540622853095
854.5 1.5358257603915129
855.0 1.6138851899003543
855.5 1.096757059473405
856.0 0.8979043858789042
856.5 1.172415674089244
857.0 1.1036780570980451
857.5 1.428204470007835
858.0 0.28911956593973165
858.5 1.406352371376519
859.0 1.1977238097869634
859.5 0.9199600306777331
860.0 0.8339161687576016
860.5 0.6326904320986863
861.0 0.6223312344753241
861.5 1.4148669550638635
862.0 1.587737177009458
862.5 0.5176585538373877
863.0 1.9047359722822992
863.5 1.1817820161594335
864.0 1.1322240008710742
864.5 1.7888222243944387
865.0 0.7943331376863094
865.5 0.9987551772569425
866.0 0.36185252470975177
866.5 0.7414023064738415
867.0 2.0019241251833506
867.5 0.6542747304152894
868.0 0.747791566226002
868.5 0.8856913922898564
869.0 1.333326119597112
869.5 1.0542780921669483
870.0 1.7490410474707048
870.5 1.4904364785533861
871.0 0.6226939471382004
871.5 1.1222982864006457
872.0 0.7532749130292349
872.5 0.8076791252805281
873.0 0.3824099432172603
873.5 0.8577284650443351
874.0 1.9256338649849352
874.5 1.0607267939257983
875.0 1.1564960146879373
875.5 0.6455464341748299
876.0 1.4605686179602215
876.5 1.2859603724969126
877.0 1.6328685553099853
877.5 0.9701253918688004
878.0 1.1739820396861118
878.5 1.2203537579536743
879.0 1.1431096884037346
879.5 1.1756774556730325
880.0 1.2488056675512946
880.5 2.1906922524515213
881.0 0.6045696076533746
881.5 0.7819758858735084
882.0 0.6057328971049254
882.5 0.4834528719129882
883.0 0.9850640289038318
883.5 1.484457931084362
884.0 1.635023649541913
884.5 1.3502904179968311
885.0 0.929037401756571
885.5 0.8290156798306214
886.0 0.8117280887868772
886.5 1.959906912863512
887.0 0.8317963297631796
887.5 1.5800950266764309
888.0 0.9067580167360608
888.5 1.0697336041692531
889.0 0.6242380757184963
889.5 1.0276953305416052
890.0 0.7548999704215271
890.5 0.4672978734793431
891.0 0.8768853330975872
891.5 1.0345028115253991
892.0 1.4841229957645998
892.5 1.083331999900242
893.0 0.5371272852448363
893.5 1.1353466256562788
894.0 1.3699293727527775
894.5 1.2285020458542188
895.0 1.0889388376103617
895.5 0.9689011457894282
896.0 0.5984316478688892
896.5 0.5892296033025695
897.0 1.0363412530010823
897.5 2.1163699747944245
898.0 0.647455045099806
898.5 0.5768751332515658
899.0 0.7837581439536796
899.5 1.0236424456245694
900.0 1.7161866293439245
900.5 1.0904240159705243
901.0 1.9517459953708474
901.5 0.6625156581439712
902.0 0.899966813264939
902.5 1.0660972585964128
903.0 0.27793899473334815
903.5 0.8629535840157376
904.0 0.8690587449124406
904.5 0.5505726668556385
905.0 0.9200400302614069
905.5 0.7918283805257998
906.0 1.0464635264360505
906.5 0.9558929956875706
907.0 0.6292605089633851
907.5 0.6086206742925279
908.0 1.0336278223305062
908.5 0.8623657191031753
909.0 1.1850613483647587
909.5 0.7322324121629789
910.0 0.9101582371045338
910.5 1.3663122446786677
911.0 1.2317367888538895
911.5 0.4189832317426674
912.0 0.9380000017972336
912.5 0.9591218447030796
913.0 1.1480296176902733
913.5 0.2
914.0 0.5987650515814724
914.5 0.7243068260735288
915.0 1.9706149388619814
915.5 1.537432908100668
916.0 0.6485053239237621
916.5 1.4577144140029525
917.0 1.2482214989912923
917.5 1.894534466986042
918.0 1.2601520870683145
918.5 1.2638573112847227
919.0 1.058192109936841
919.5 1.361164782936625
920.0 0.9381648613459228
920.5 1.0383810276090366
921.0 1.0429015549964291
921.5 0.9700329175247298
922.0 0.9671124099273183
922.5 0.6946698853988449
923.0 1.1188282099141005
923.5 1.121081765924679
924.0 1.040685183826163
924.5 0.784775210228568
925.0 1.0818028288926065
925.5 1.3692504983792197
926.0 0.7035843721614499
926.5 0.8420387758879553
927.0 0.6643780437818542
927.5 2.117108261607043
928.0 0.4689181720113683
928.5 1.26273801152473
929.0 1.0250257629027566
929.5 1.0514650249332809
930.0 1.6846917329962041
930.5 0.8633227746708709
931.0 0.6205240348118839
931.5 1.5418517148100261
932.0 0.6512846625420174
932.5 0.7965237944711263
933.0 0.785427072799884
933.5 0.7884752459058546
934.0 0.9625927273335841
934.5 1.3957362475708315
935.0 1.2494589225837949
935.5 0.5513488093394694
936.0 0.5845487747622747
936.5 0.7281274991329663
937.0 0.46925795748530613
937.5 0.9232241853488472
938.0 1.3373684753468855
938.5 2.267013125389382
939.0 1.710587135604957
939.5 1.2381805907349568
940.0 0.8213658972708374
940.5 1.7512576877612855
941.0 0.8611848001695388
941.5 1.5810350449724941
942.0 0.9602073027858792
942.5 0.9190034445638058
943.0 0.944247967961869
943.5 0.9327130393431564
944.0 0.6628246016010036
944.5 0.9167869272177694
945.0 1.8551577960131644
945.5 1.2138654397050013
946.0 1.5338313059450275
946.5 0.5380217835358416
947.0 0.7892341439857307
947.5 1.5497120095918615
948.0 1.1495964582805487
948.5 1.3822389474376977
949.0 1.45119115975425
949.5 1.7081144034400553
950.0 1.360610919495579
950.5 0.8477702684652032
951.0 1.199331865934544
951.5 0.4953342393033343
952.0 1.1718260875188906
952.5 1.722781868846564
953.0 0.5116927950776984
953.5 1.820347714211739
954.0 0.7505384110617256
954.5 1.5345641016518723
955.0 1.4560407614314652
955.5 0.622400668673041
956.0 0.6751608568644307
956.5 0.5539634638118862
957.0 1.4067845471707145
957.5 0.8328222086310254
958.0 1.0737393711021892
958.5 1.601112506556364
959.0 1.731911550658356
959.5 1.2427132236969225
960.0 0.9750187949615635
960.5 0.9558914165473176
961.0 1.5199970806858483
961.5 0.987112149660401
962.0 1.2323718480686114
962.5 0.8689773063316111
963.0 1.2578910592554498
963.5 0.7137948461664059
964.0 0.9394535673654897
964.5 1.1470315917177039
965.0 0.8690755912471542
965.5 1.0625690633879854
966.0 1.5213403434055666
966.5 0.5132573893493416
967.0 1.1320396582735484
967.5 1.4823540184537918
968.0 1.048145095197726
968.5 0.7956261516632146
969.0 1.3103627244280722
969.5 1.11367676384182
970.0 0.8322082129908681
970.5 0.6549873955924557
971.0 1.4319819985364042
971.5 0.9812211995737415
972.0 0.9595418191714336
972.5 2.018377918768123
973.0 1.5575637557930055
973.5 1.159117344262936
974.0 0.5793057329922398
974.5 0.9586482162280563
975.0 1.2733995690460977
975.5 0.8325568214929304
976.0 1.0173773020765602
976.5 1.0910408527198778
977.0 1.3449650649096108
977.5 0.8588785183287806
978.0 2.2181087857798243
978.5 0.9990965092935074
979.0 0.9965684271091322
979.5 1.382786761661269
980.0 0.8259368199895429
980.5 1.4670856084350077
981.0 0.5749736170722364
981.5 0.670595437025024
982.0 1.04337655277858
982.5 0.6711307011605988
983.0 1.489535015493455
983.5 0.9673110456132258
984.0 1.004577650350916
984.5 0.6264669589052843
985.0 1.1907429138550405
985.5 0.6917527370364928
986.0 0.9498781266491807
986.5 1.1475676713318048
987.0 1.4553170226925924
987.5 1.0881234205953105
988.0 1.2050082844603582
988.5 0.8297108843773597
989.0 1.3451228593869469
989.5 0.2
990.0 1.8891916433984641
990.5 1.1892594972082933
991.0 1.0014075587610622
991.5 0.9192455380063653
992.0 1.2082493518636324
992.5 1.4050583760290354
993.0 0.8670905166282382
993.5 0.4639009669574292
994.0 0.8831230681094884
994.5 0.7380903947747097
995.0 0.9119644198220483
995.5 0.5135991781400205
996.0 0.8037569467475045
996.5 0.9330730035806185
997.0 0.7780094019914521
997.5 0.8286804333529773
998.0 0.9267439778651521
998.5 0.6623945045205093
999.0 1.2331742461254405
999.5 1.4475020364598365
1000.0 0.8974797364553422
1000.5 1.0464622263846253
1001.0 1.450535881548077
1001.5 1.406104474980692
1002.0 1.9093227298616626
1002.5 0.7486516710716328
1003.0 0.7387576718156609
1003.5 0.8808729644826947
1004.0 1.590949653537887
1004.5 1.2168193681840802
1005.0 0.9967525724095638
1005.5 0.6676298324153647
1006.0 0.9904024728372024
1006.5 0.8840528899372249
1007.0 0.7911777025279131
1007.5 0.7700547889448218
1008.0 0.7633559243960877
1008.5 1.2817922647263869
1009.0 1.2066505061140678
1009.5 0.953204741869945
1010.0 0.788150429387567
1010.5 0.8390748296568609
1011.0 0.8842754839383041
1011.5 0.7330498503149474
1012.0 0.9105051510516595
1012.5 0.4071859028264936
1013.0 1.4218082121235984
1013.5 0.9323428732039463
1014.0 1.1779639634172405
1014.5 0.6655794579994674
1015.0 0.6000059347261342
1015.5 0.2
1016.0 2.4045995087771033
1016.5 0.7561043970889205
1017.0 0.7856435201300686
1017.5 1.0359166541648812
1018.0 1.0647802442290442
1018.5 0.45517102938756954
1019.0 1.0336085158504629
1019.5 1.4128816351039961
1020.0 0.5183780772599036
1020.5 1.4526743935813764
1021.0 1.038583691623504
1021.5 1.2477237991377654
1022.0 1.4020056655225703
1022.5 0.7418054505947433
1023.0 1.1838301639061575
1023.5 0.6497074467146418
1024.0 1.2729751285187487
1024.5 2.1414901734154306
1025.0 1.2155079841017224
1025.5 1.0817143494963233
1026.0 1.205414741208455
1026.5 0.7515934670155041
1027.0 0.7159089137755437
1027.5 0.7700895812462736
1028.0 0.7178469398173977
1028.5 1.2789841858961273
1029.0 0.6645179632944344
1029.5 1.3616086364777296
1030.0 0.7827355323035678
1030.5 0.8512752286042428
1031.0 0.6391984427280987
1031.5 1.3005321790981985
1032.0 0.7925909525201067
1032.5 2.0826331544824974
1033.0 0.9785399141754452
1033.5 1.0988765312002395
1034.0 1.3875154386630797
1034.5 0.6445032483399495
1035.0 1.5362504356955333
1035.5 1.2908436212720995
1036.0 0.7964282889416006
1036.5 0.8829769852109637
1037.0 0.7890548728268412
1037.5 1.1164786354659095
1038.0 1.0291112095214539
1038.5 0.6063755893969446
1039.0 1.2752516913573286
1039.5 1.0190021104830573
1040.0 1.365317950017313
1040.5 0.6467033986689041
1041.0 1.5292859558435286
1041.5 0.8773607289536636
1042.0 1.3081781790622404
1042.5 0.2
1043.0 0.7698697492600486
1043.5 1.2301022967790416
1044.0 1.0044997613111213
1044.5 0.8421813818260505
1045.0 0.5276102813063612
1045.5 1.0500768585267923
1046.0 1.0121373329045364
1046.5 0.7963806868945424
1047.0 1.311263105508218
1047.5 1.000840241098996
1048.0 1.349765669498375
1048.5 0.7999442145334745
1049.0 0.9086451051721409
1049.5 0.8191030690711101
1050.0 0.8661624926004395
1050.5 0.9364792006783936
1051.0 2.29374619080384
1051.5 0.7014714800502551
1052.0 0.7397150355619271
1052.5 0.8087775831024997
1053.0 0.831533695516866
1053.5 1.4393305351272176
1054.0 0.7686642110979223
1054.5 0.9673571423202403
1055.0 1.0171253107350993
1055.5 1.1098309895413185
1056.0 1.0288151114186255
1056.5 0.9305104909436626
1057.0 1.016364704563038
1057.5 0.8478303337457329
1058.0 2.1230963854433065
1058.5 1.9099478309511517
1059.0 0.5485852582236544
1059.5 0.8696643613763775
1060.0 1.2862115232589246
1060.5 1.0197169127754377
1061.0 1.1021103958708116
1061.5 0.9470997578975736
1062.0 1.0640224090057462
1062.5 0.7936510580084357
1063.0 0.729873583499524
1063.5 1.2451685831083528
1064.0 1.012079150583607
1064.5 0.6328109085537859
1065.0 1.2264642758949305
1065.5 1.283056461045092
1066.0 0.8959159775099211
1066.5 0.8540750205976234
1067.0 1.22271417090733
1067.5 1.877955584854368
1068.0 1.0189921045978472
1068.5 0.8277990808267914
1069.0 0.8382243490906744
1069.5 2.0557524088194787
1070.0 1.4762150853700655
1070.5 1.1488352624648097
1071.0 1.5321640876813118
1071.5 0.51962278246381
1072.0 1.104062348703256
1072.5 0.9143409165644173
1073.0 1.2696487531988878
1073.5 0.8886989809106267
1074.0 0.8131754972056794
1074.5 0.9996773182473728
1075.0 1.130912115653712
1075.5 1.4206886432584316
1076.0 0.9337652648038642
1076.5 1.336946794174084
1077.0 0.7107383135105312
1077.5 0.6460621945758049
1078.0 1.1873785930721068
1078.5 1.5364688378945797
1079.0 0.6040415054951602
1079.5 0.7516594595491712
1080.0 1.0979475982673164
1080.5 0.9466506363075355
1081.0 1.2077405140049873
1081.5 1.840281601481982
1082.0 1.674335717818979
1082.5 1.4716722932487323
1083.0 1.6214657563491426
1083.5 0.4014123794603189
1084.0 0.9633048901284171
1084.5 0.7526466533161216
1085.0 0.9663491593752569
1085.5 1.0186067777943524
1086.0 0.6323296508197345
1086.5 1.1325198880675136
1087.0 0.4298402876218996
1087.5 1.5121848670347562
1088.0 0.7112753959342987
1088.5 1.1666735707706086
1089.0 1.5868241620412369
1089.5 1.4675436902844594
1090.0 1.2878901592470173
1090.5 0.8638830603602655
1091.0 1.2593384565323662
1091.5 0.42615448100689135
1092.0 0.8423106966632686
1092.5 0.5320779952551722
1093.0 1.4288754359048594
1093.5 0.5606668112617261
1094.0 1.6136341015846778
1094.5 1.3866746395744327
1095.0 0.8265892790160261
1095.5 2.0156523220275253
1096.0 2.2204607345572382
1096.5 0.9916445475556822
1097.0 0.8842118438618976
1097.5 1.0876720888408582
1098.0 0.7055043654972886
1098.5 0.6369558348546164
1099.0 1.5256714887802083
1099.5 1.68222127246734
1100.0 0.6331913250780858
1100.5 1.0835105049071387
1101.0 1.1128818247473058
1101.5 0.8132687048631646
1102.0 0.7240058494960688
1102.5 0.55950662223493
1103.0 1.2389857642861721
1103.5 1.0053615376538327
1104.0 1.0838257424151727
1104.5 0.951740492210911
1105.0 1.3470101275183266
1105.5 0.5716217866729469
1106.0 0.7845988732407065
1106.5 0.4922377937793819
1107.0 1.2100963525684327
1107.5 0.9216703520515537
1108.0 0.7513849335062062
1108.5 0.7644249448195009
1109.0 0.8331943225743232
1109.5 1.1979610432983723
1110.0 0.8257021607514597
1110.5 0.8594458471034483
1111.0 0.7545656682927502
1111.5 1.6702173193618317
1112.0 0.595578377005312
1112.5 0.7242011087523899
1113.0 0.8296854329644543
1113.5 0.8811049063412996
1114.0 1.2265023608321972
1114.5 0.7706193760054326
1115.0 1.3021443869594127
1115.5 1.1521397455057072
1116.0 1.8390530936640623
1116.5 1.2358620963604892
1117.0 0.5610264945635273
1117.5 0.5589398223297573
1118.0 1.1394338811660805
1118.5 1.1479063470221047
1119.0 0.9612600507354052
1119.5 1.327237685888349
1120.0 1.4675055145955544
1120.5 1.5205123289904732
1121.0 1.0187320040648224
1121.5 0.6021732534472674
1122.0 0.9434268983403482
1122.5 1.8509170544671272
1123.0 0.8853485969846726
1123.5 2.3112557995260814
1124.0 1.0933049978160834
1124.5 0.9897951613432413
1125.0 0.8783736411720588
1125.5 0.3767079215221042
1126.0 2.1815136819709187
1126.5 1.0393149112438227
1127.0 1.3988450867642936
1127.5 1.7688327858938826
1128.0 0.8858125503076931
1128.5 2.3037399107170247
1129.0 1.1476772012377143
1129.5 0.9623214475113289
1130.0 1.5085706912862031
1130.5 0.5659660685027217
1131.0 1.5948866258058247
1131.5 0.7122908311819464
1132.0 1.0086417493028836
1132.5 1.4688571457440358
1133.0 0.6007797512825943
1133.5 1.0310966147103757
1134.0 0.8769861703067261
1134.5 0.6645250331378608
1135.0 0.7286129852044092
1135.5 0.8580961359437931
1136.0 0.9997721212731019
1136.5 1.134608593942688
1137.0 0.59478688407494
1137.5 1.253864683244457
1138.0 0.5221370983051256
1138.5 1.2980501570214922
1139.0 0.7494784063366249
1139.5 1.133837370136399
1140.0 0.8436878332187467
1140.5 0.6612516795219006
1141.0 0.7384987621983448
1141.5 1.514520401779138
1142.0 0.47874696925056437
1142.5 0.7535969535891835
1143.0 0.7369062584532691
1143.5 0.7893735098000578
1144.0 1.0565899721034615
1144.5 1.7544753812885272
1145.0 1.273282880782161
1145.5 1.269897485905994
1146.0 1.4635621148275402
1146.5 1.1101757705353643
1147.0 0.7960379294939954
1147.5 0.8099763812113652
1148.0 1.114945129931605
1148.5 0.7823107355247048
1149.0 1.4429700349895076
1149.5 0.9588435104666189
1150.0 1.7094419318313894
1150.5 0.9141184525247015
1151.0 1.7508886575447482
1151.5 1.0282459106392055
1152.0 1.4144796724443691
1152.5 0.9252201358260675
1153.0 1.8021310293309551
1153.5 0.6626762793720068
1154.0 1.2444440081475516
1154.5 0.6215677551993946
1155.0 1.1847991763242989
1155.5 0.9975606064686844
1156.0 0.7826988581306709
1156.5 0.7309859054013055
1157.0 1.0145388336468029
1157.5 1.2134482773565685
1158.0 0.7914025558239765
1158.5 0.3277315931720417
1159.0 2.0596889274319223
1159.5 1.2612073925679739
1160.0 0.8299958278245732
1160.5 0.7214976967774883
1161.0 0.7721434683595276
1161.5 0.8425738930485039
1162.0 0.951133249088321
1162.5 0.8404552455353965
1163.0 0.21070036079771304
1163.5 1.0912722225844855
1164.0 1.0966603354185125
1164.5 1.196576322961787
1165.0 1.2249682612202477
1165.5 0.7265773878475732
1166.0 0.6212905130369109
1166.5 0.6502716197132064
1167.0 0.901026189369626
1167.5 1.437218025486509
1168.0 0.8466453717554807
1168.5 1.169022037991457
1169.0 1.4100968791590964
1169.5 0.5037927832875817
1170.0 1.075537140311957
1170.5 0.9450685730018716
1171.0 0.878206917780435
1171.5 1.4464220287889131
1172.0 0.9401837526654606
1172.5 0.9153521272749657
1173.0 1.5021629945495643
1173.5 0.7072169641705169
1174.0 0.7229236211799721
1174.5 0.8200698895286194
1175.0 0.5203942075929456
1175.5 0.6093335631237564
1176.0 0.7921545018180838
1176.5 0.5709808084054658
1177.0 0.3774520744094533
1177.5 0.950390961738885
1178.0 0.890765242384623
1178.5 0.7757904469623147
1179.0 1.3726402637109785
1179.5 1.5555508667664286
1180.0 1.0246931798283287
1180.5 1.0819814281867886
1181.0 1.3669911324304453
1181.5 1.2964080846136623
1182.0 1.4394847831147959
1182.5 1.8342839192779699
1183.0 0.5807202989228287
1183.5 0.6455678533385536
1184.0 1.122295382311703
1184.5 1.2104657353875934
1185.0 1.6926079536363838
1185.5 0.46642704622076625
1186.0 1.0907370994631949
1186.5 0.6624542104778306
1187.0 1.3198594345200876
1187.5 0.9217259567859081
1188.0 1.112298818765351
1188.5 1.1910777117172362
1189.0 1.0989841387181163
1189.5 1.0147564233294406
1190.0 0.6740535794396505
1190.5 0.803282787155482
1191.0 1.5280176108683465
1191.5 0.8910352219048817
1192.0 1.3102294710263749
1192.5 0.8956708414625403
1193.0 0.5656691970572527
1193.5 0.8526419592287738
1194.0 0.6631503196807312
1194.5 0.6008744482932087
1195.0 1.174640238830647
1195.5 0.41774645853571013
1196.0 1.7175287793824752
1196.5 1.9794420342616723
1197.0 0.6543455489193322
1197.5 0.9916845392761935
1198.0 1.038494040117083
1198.5 0.5352649499947538
1199.0 0.23828931155042887
1199.5 1.2621629349643584
1200.0 1.7865262973026343
1200.5 0.9437098624982313
1201.0 0.49918657505556474
1201.5 0.6808979851535282
1202.0 1.437229147549394
1202.5 1.3748578454513116
1203.0 0.8192561391782152
1203.5 1.1119691951323167
1204.0 0.8675110441098378
1204.5 0.9278526119001302
1205.0 0.5253297400871111
1205.5 1.2686057575181624
1206.0 0.7469985356202162
1206.5 1.2584092787918624
1207.0 0.8910713238528576
1207.5 0.938528183425697
1208.0 1.5467492020132636
1208.5 0.5721055692146928
1209.0 0.8992205731998973
1209.5 0.7650382928159114
1210.0 0.7127441700533983
1210.5 0.8629429937874484
1211.0 1.162591234696851
1211.5 1.0619379004854514
1212.0 1.132644652769271
1212.5 1.1176622201142845
1213.0 0.9181085560634732
1213.5 0.7867339337646858
1214.0 0.34064359876240524
1214.5 1.24078216552936
1215.0 1.4253547005066252
1215.5 1.816258195330799
1216.0 0.9670721645195873
1216.5 1.1113252993210525
1217.0 1.4463707778030659
1217.5 1.1225536140150898
1218.0 1.7996132370829496
1218.5 1.056266214026958
1219.0 0.8515157377410986
1219.5 0.7709434691637901
1220.0 0.7266313916740107
1220.5 1.3707820769394399
1221.0 1.0284808399182501
1221.5 0.5032904461975504
1222.0 1.1784916274172819
1222.5 0.9707445346943689
1223.0 0.4663550524336939
1223.5 0.26342406700965804
1224.0 1.030643605489888
1224.5 0.6303277323573813
1225.0 1.6379442181838981
1225.5 0.49554099419800873
1226.0 0.8606355201918652
1226.5 1.2450673106458923
1227.0 0.8503805851857171
1227.5 1.2658264313756027
1228.0 0.963504077590179
1228.5 1.0734683423730498
1229.0 1.0925249474239547
1229.5 1.2045587208008515
1230.0 0.5919449974017071
1230.5 0.4498171096671889
1231.0 0.704773036477139
1231.5 1.4003855151075937
1232.0 1.008181415578012
1232.5 1.6010817433680433
1233.0 1.0351256366454962
1233.5 0.8846280708403005
1234.0 0.5334191547731966
1234.5 1.0441218868208184
1235.0 1.2432883069757041
1235.5 1.3247714414650917
1236.0 0.46837303151707177
1236.5 0.7458032193729676
1237.0 0.6303614181045581
1237.5 1.1229105395074335
1238.0 1.2724315308316168
1238.5 0.6748782226900764
1239.0 0.7507817501541914
1239.5 1.1631809962151038
1240.0 0.8271377570657731
1240.5 0.5264419510855888
1241.0 0.8909591096188618
1241.5 0.9645815841761975
1242.0 1.0948322469251197
1242.5 0.8965231116161791
1243.0 0.5611119399850568
1243.5 1.2681467730856602
1244.0 0.9622909255863124
1244.5 1.4505201081840013
1245.0 0.5042466943001968
1245.5 0.2
1246.0 1.136142566048857
1246.5 0.9170998658028143
1247.0 1.2454208693561912
1247.5 1.1071968664137288
1248.0 1.450234708158645
1248.5 0.7303635581183048
1249.0 1.0276408805911277
1249.5 0.8014894799522376
1250.0 1.6002549002598352
1250.5 0.9404540116316155
1251.0 1.0664937070502658
1251.5 0.8490018400318621
1252.0 1.7154780215642136
1252.5 1.4055103627084438
1253.0 1.258324693764551
1253.5 0.6077507569587312
1254.0 1.0558000982878335
1254.5 1.7645304783174356
1255.0 0.4817542027286993
1255.5 0.7266038281608351
1256.0 0.5723762448235741
1256.5 1.1588598566503308
1257.0 1.1464876793861516
1257.5 1.5887183485752172
1258.0 1.7795170584368973
1258.5 1.671981242882385
1259.0 1.381199969222671
1259.5 1.384448463377106
1260.0 0.593349826356102
1260.5 1.4243187282172007
1261.0 0.5558670392982368
1261.5 0.7875412438348043
1262.0 0.41133868150226327
1262.5 1.146505034835802
1263.0 1.1818375734449416
1263.5 1.0134541150291843
1264.0 1.6372310403755757
1264.5 0.8598552122864874
1265.0 0.6791987972859921
1265.5 1.2298721627949658
1266.0 1.225792575724596
1266.5 0.8235257197723743
1267.0 1.211789826882908
1267.5 1.162072639296009
1268.0 0.8296823318214206
1268.5 0.8113742349393845
1269.0 0.6457442562333704
1269.5 1.4114988970742464
1270.0 1.0089774139174466
1270.5 0.9339067041470591
1271.0 0.8798849653354432
1271.5 0.8551162598541735
1272.0 0.946124341909928
1272.5 0.7689105167345776
1273.0 1.2394321811756248
1273.5 1.754094314223786
1274.0 0.9534298526129121
1274.5 1.0759225261179899
1275.0 0.7719620112131305
1275.5 0.5056350135411719
1276.0 0.7836036036723018
1276.5 1.3708456705912906
1277.0 0.5209829877022139
1277.5 0.7566732894351271
1278.0 0.7662172417247878
1278.5 1.5408216175279752
1279.0 0.8835541385303269
1279.5 0.5458786147521967
1280.0 0.9915401206000907
1280.5 0.7760352235526439
1281.0 1.1152016623593233
1281.5 0.849407353910604
1282.0 1.1248763188406736
1282.5 0.7569301867212217
1283.0 0.38539397277922405
1283.5 0.7374736228519926
1284.0 1.1016867149176393
1284.5 0.2
1285.0 1.144187733554086
1285.5 0.9233230748943961
1286.0 0.8180266875432305
1286.5 1.3372737831908583
1287.0 0.7606358557614991
1287.5 1.178767477547035
1288.0 1.4223775550717876
1288.5 1.337204797427343
1289.0 0.5626223784404724
1289.5 0.8665125158558341
1290.0 1.0314554561077973
1290.5 0.6408735792025522
1291.0 1.5000581832727593
1291.5 1.0669991315001495
1292.0 0.8631400465884271
1292.5 1.456261668542341
1293.0 0.8347087695344935
1293.5 1.3930805691104358
1294.0 0.7566953073485603
1294.5 0.6061737391743446
1295.0 0.731406764820346
1295.5 0.77656580294361
1296.0 1.0810015879432124
1296.5 0.5696693946091806
1297.0 1.387590566432253
1297.5 0.8492140996292689
1298.0 0.734068795563968
1298.5 0.6513440539212274
1299.0 1.0335826368242431
1299.5 1.8610486824005381
1300.0 1.1505048472678845
1300.5 0.9652834213253595
1301.0 1.1223907133281992
1301.5 0.762956104905083
1302.0 1.106939662800765
1302.5 1.0319115812371387
1303.0 1.0563087614627438
1303.5 1.63440255229487
1304.0 0.7944707372650075
1304.5 0.9832801410956233
1305.0 0.5802381272788195
1305.5 0.7973681606732486
1306.0 0.7712955736209032
1306.5 1.3001575062714275
1307.0 0.698770603266361
1307.5 0.5380061646831844
1308.0 1.8223261718240935
1308.5 0.9526017892063325
1309.0 0.8935571756945507
1309.5 0.688285554360222
1310.0 0.7613711651720825
1310.5 1.2567564247676466
1311.0 1.1454652290848406
1311.5 0.6455424832104366
1312.0 0.70784582271992
1312.5 0.7620032980654641
1313.0 0.5709390146513624
1313.5 0.5905666816958826
1314.0 1.119449258661434
1314.5 1.3777399171895721
1315.0 0.9868421187515459
1315.5 1.3776838475759847
1316.0 0.8160684800414363
1316.5 1.195663929812318
1317.0 0.5774817081299779
1317.5 1.0121264075296619
1318.0 0.8675843506667539
1318.5 0.3504018856972014
1319.0 1.0011179444293785
1319.5 0.7971051335498989
1320.0 1.2056942078551665
1320.5 1.0093014644809934
1321.0 0.9888236933997157
1321.5 1.7012409096449583
1322.0 1.4804154850079803
1322.5 1.4759292685567755
1323.0 0.7786207703541954
1323.5 1.4185748129280265
1324.0 1.0153397977925471
1324.5 0.9976726120933187
1325.0 0.9062635603915836
1325.5 1.1824835130414093
1326.0 1.2265473406646858
1326.5 0.8539249786556242
1327.0 0.6892067744006504
1327.5 1.0143305805681413
1328.0 0.5490864123852568
1328.5 0.7884029195425006
1329.0 0.9498686798524302
1329.5 1.4243972405299063
1330.0 1.592862987089617
1330.5 0.6155696651526945
1331.0 1.0786072950329255
1331.5 1.4453201633315622
1332.0 0.7252206166901672
1332.5 0.781193883420548
1333.0 1.0634455842223882
1333.5 1.1364251377685206
1334.0 0.7544239291556181
1334.5 0.988399745581998
1335.0 0.8545712710711761
1335.5 1.1780343846019798
1336.0 0.9738915218443404
1336.5 0.4989683632061031
1337.0 1.3601484510694757
1337.5 1.6106361926157966
1338.0 0.5786501258667702
1338.5 1.3805570919039982
1339.0 0.815489433995047
1339.5 0.8915417717787542
1340.0 2.1275320717961685
1340.5 0.7992242685336274
1341.0 1.0240885231634835
1341.5 1.327104796345636
1342.0 0.9705451871080373
1342.5 0.6382543842194444
1343.0 0.8187815913464915
1343.5 0.9969773183411259
1344.0 0.9786220326619557
1344.5 0.4451698973557922
1345.0 1.2964310471863079
1345.5 1.2733899779020583
1346.0 1.010749050081209
1346.5 0.9214207885342133
1347.0 0.9383178480227397
1347.5 1.199533344250182
1348.0 1.3767249608540206
1348.5 1.0823452739837591
1349.0 1.2205234196402284
1349.5 1.246861152264294
1350.0 1.1927348537925366
1350.5 1.1430280379511273
1351.0 2.0258461204309315
1351.5 0.9999280493467836
1352.0 1.0163292458658317
1352.5 1.2229607798590227
1353.0 0.5822567914658614
1353.5 1.22133216621202
1354.0 0.9440469424505578
1354.5 1.3385756775497195
1355.0 0.8362638881154234
1355.5 0.8106503755315612
1356.0 1.4335025332000608
1356.5 1.0661317112503967
1357.0 0.46062916246782454
1357.5 0.8155001731781626
1358.0 1.0894998836238456
1358.5 0.7947379778221101
1359.0 0.7621678513320818
1359.5 0.7577149006881515
1360.0 1.1429501890100728
1360.5 1.1989369797125948
1361.0 1.1518869914066205
1361.5 0.5483990961883436
1362.0 0.9887056375128181
1362.5 0.5494615218337608
1363.0 0.7482456698155338
1363.5 1.5145489260124165
1364.0 2.0518780131870407
1364.5 1.0565707840450207
1365.0 0.7987710651730926
1365.5 0.6122926097519676
1366.0 0.6017349112608564
1366.5 0.7829707987216072
1367.0 0.6640978371081641
1367.5 1.1891130273401456
1368.0 0.733301725356633
1368.5 0.9444724554133297
1369.0 1.215993596593736
1369.5 0.3909500368835154
1370.0 1.2451276289031263
1370.5 0.9707297178597293
1371.0 0.7993125604646352
1371.5 1.2166340158554294
1372.0 1.3373177581573943
1372.5 0.707539023947787
1373.0 0.6864964770361217
1373.5 0.9414344065071052
1374.0 0.9754917600080091
1374.5 0.7795045503116165
1375.0 0.8503344784144148
1375.5 1.172293407321876
1376.0 0.6580011551957616
1376.5 1.300976043735226
1377.0 0.9731903117452773
1377.5 0.7866532421236083
1378.0 1.1822054767479075
1378.5 1.2642371319121573
1379.0 0.8660809431726134
1379.5 1.059427024373325
1380.0 0.7482973656433283
1380.5 0.7275612254918749
1381.0 1.3794934999073705
1381.5 0.9962504936361344
1382.0 1.4688848787145807
1382.5 1.0335238342630013
1383.0 1.3300226250777722
1383.5 1.3924180457815734
1384.0 1.0645973435666651
1384.5 1.641746299802787
1385.0 0.5512737761803761
1385.5 0.7669072344138008
1386.0 0.9302246265375266
1386.5 1.1417346961094048
1387.0 2.098603018559025
1387.5 1.4141315149379916
1388.0 0.9442295260606471
1388.5 0.8683318202991199
1389.0 1.0372048938656537
1389.5 0.8720947653520756
1390.0 1.4820736297911312
1390.5 0.8779457476387891
1391.0 0.9870921315249197
1391.5 1.3376030319214873
1392.0 1.0240425325792875
1392.5 0.8489434600720882
1393.0 0.30821074789599334
1393.5 1.5988685913260796
1394.0 1.700281954829546
1394.5 0.6579586513773318
1395.0 0.8947392737228236
1395.5 1.202808466990305
1396.0 1.0686865509724794
1396.5 1.048985900494384
1397.0 0.8611146872895871
1397.5 1.5622182555816688
1398.0 0.8399003675907246
1398.5 0.5620260954617894
1399.0 1.6720933925581192
1399.5 1.3346119102575575
1400.0 0.752143461346569
1400.5 0.7307752147322307
1401.0 0.4647434521399576
1401.5 1.3463096412185642
1402.0 1.075076174031115
1402.5 0.8724292092165269
1403.0 0.3523036490619723
1403.5 1.2348563647759054
1404.0 1.117862944151104
1404.5 0.2
1405.0 1.6026707870124288
1405.5 1.3265205514100764
1406.0 1.2980178471207982
1406.5 0.6168576638089871
1407.0 1.2536304495143988
1407.5 0.7711547184831914
1408.0 0.7210177382336744
1408.5 0.7065998576370506
1409.0 0.7393730711273088
1409.5 0.814417819884166
1410.0 1.037481259015651
1410.5 1.2987098746702475
1411.0 0.7441228933413364
1411.5 1.3966261990697295
1412.0 0.768103451279157
1412.5 1.442418540564351
1413.0 1.2298954901290147
1413.5 0.4548919599770216
1414.0 0.6573817192524287
1414.5 1.3231036579486808
1415.0 0.6792121346839076
1415.5 1.092850783572986
1416.0 0.7394194534036369
1416.5 1.3058045603935629
1417.0 1.0937551512953667
1417.5 1.0562692760166685
1418.0 0.6689330838753201
1418.5 1.234231488801911
1419.0 0.7232583438274909
1419.5 1.808236863783581
1420.0 1.0146078606146545
1420.5 1.2710490145226205
1421.0 0.688503911150155
1421.5 0.5820052266921218
1422.0 0.799759218277829
1422.5 1.0336548433376453
1423.0 1.1419681290579455
1423.5 0.9523290081163037
1424.0 1.692823981864576
1424.5 0.8497803673891781
1425.0 1.7690690845981716
1425.5 0.9111776504104488
1426.0 1.0075146207449857
1426.5 1.3651841862135714
1427.0 0.6024146573448399
1427.5 1.0764603299837678
1428.0 1.0172966400788348
1428.5 0.5266811234075299
1429.0 0.8089908247516006
1429.5 0.7944748164537141
1430.0 1.3109497236704586
1430.5 1.1131488145823862
1431.0 0.9094111912858559
1431.5 1.0286351430879939
1432.0 1.0820018919351768
1432.5 0.8669150834252921
1433.0 0.8828720497669622
1433.5 1.4061288655689905
1434.0 0.63847884787209
1434.5 0.7098743288834366
1435.0 1.0472176514945128
1435.5 0.7342660359477904
1436.0 0.9088961954351991
1436.5 2.2252822562473944
1437.0 0.6664665367618376
1437.5 0.8212198989821404
1438.0 0.6741028864674842
1438.5 1.524606072921463
1439.0 1.418778265040154
1439.5 0.8824785696907338
