0 1.4572255420471976
0.5 2.169330924457129
1.0 1.0280331360361386
1.5 0.8634711371323077
2.0 1.2498623876878299
2.5 0.7916162132817941
3.0 1.9349499300077193
3.5 0.8182952125585824
4.0 1.0186415479284532
4.5 0.6302059353626636
5.0 1.033890124902674
5.5 0.4293911508536544
6.0 0.8319464065396919
6.5 1.114042075884983
7.0 2.1892465000202237
7.5 1.5443250120968277
8.0 0.7624625916307174
8.5 0.9573408927155826
9.0 1.3647907005723874
9.5 0.49924811756688836
10.0 0.7474542906908599
10.5 0.7491152613428427
11.0 1.3440731857328558
11.5 0.7687056390310743
12.0 1.7003473753346143
12.5 0.5861239075260916
13.0 0.9376990052674611
13.5 1.0418590015079148
14.0 0.9772522935849788
14.5 1.0971955201424821
15.0 0.9201251953368974
15.5 1.0693804760103154
16.0 0.5144803588175185
16.5 0.7025968544478106
17.0 0.8317590991637007
17.5 1.2239164849967779
18.0 1.8260679625973215
18.5 0.8469478929986072
19.0 0.5082246650536397
19.5 0.9080190635433735
20.0 0.2
20.5 1.6132401612705913
21.0 0.9876967726772716
21.5 0.8905184122799636
22.0 1.7932364989375404
22.5 1.238939688901886
23.0 0.7985527472326459
23.5 1.135677758688069
24.0 1.1016354085857616
24.5 0.7134570791290251
25.0 1.4611214848720675
25.5 0.7466479240636013
26.0 0.5114870016349151
26.5 0.9810757961547194
27.0 1.2424434236487514
27.5 1.655974313113611
28.0 0.7734977951815927
28.5 0.8010302922894272
29.0 0.5939607098623655
29.5 0.720301687050687
30.0 1.5019636659739901
30.5 0.8765508679492342
31.0 1.0175931277490784
31.5 0.8023582967488494
32.0 0.7577826467942224
32.5 1.5383237285351572
33.0 0.5875546556462283
33.5 1.640191675020561
34.0 0.6548711830477576
34.5 0.6544762254832921
35.0 1.3492649877341947
35.5 0.7784789426174178
36.0 0.976442474033388
36.5 0.817391645797668
37.0 1.0093956194239353
37.5 0.9146503906841346
38.0 1.7524464784880451
38.5 1.0546554543055806
39.0 1.6899676682734694
39.5 0.47831641408178327
40.0 0.9145295948415473
40.5 1.8805935777834022
41.0 1.3715527855338305
41.5 0.6172696072852608
42.0 0.975766990279989
42.5 0.9806358136804533
43.0 0.7537689241924349
43.5 0.2750536020772766
44.0 2.186694238666435
44.5 1.3296059919548613
45.0 0.7348712260717085
45.5 1.1871307216135643
46.0 0.8344873730185385
46.5 1.2967714264631045
47.0 1.3683136911292921
47.5 1.5797226600754597
48.0 1.0861680387132542
48.5 1.5126413858650907
49.0 1.5283598361998445
49.5 0.8546239605965642
50.0 0.9327508371466441
50.5 0.7338053587753388
51.0 0.6189127678600337
51.5 1.1190546050290706
52.0 0.6537590453240811
52.5 0.5517156807933818
53.0 0.7759136828381642
53.5 2.437407720375918
54.0 1.09888801583898
54.5 0.5713234089446226
55.0 0.9253638188752474
55.5 1.074035629640814
56.0 1.0041244603457096
56.5 0.5106818406226583
57.0 1.1058519587925242
57.5 1.3873272554946663
58.0 0.9072655635906721
58.5 1.0342938071169265
59.0 1.0795134090936107
59.5 0.7564486802624558
60.0 0.9455507848122905
60.5 1.1225243599293973
61.0 1.1462704985412615
61.5 0.8500447643331484
62.0 1.22624351227709
62.5 1.1032461197693118
63.0 0.5159591003446924
63.5 0.7437536874535793
64.0 0.7176864092759598
64.5 0.2
65.0 1.158803258700015
65.5 1.0484824825872308
66.0 1.5244460314472272
66.5 1.3707688706209415
67.0 1.288995056608364
67.5 0.945395282916691
68.0 0.925132436163206
68.5 0.4801357336814369
69.0 1.1046019722761007
69.5 1.738299840094133
70.0 1.7490905171097242
70.5 1.0417224497108672
71.0 0.7072203383167768
71.5 0.4576319463900661
72.0 1.2654708018074656
72.5 1.2802490217853548
73.0 0.9755665118025532
73.5 0.7159128473054197
74.0 0.7733749698435591
74.5 1.4695417908916641
75.0 1.0577072593469556
75.5 0.9010088800230333
76.0 1.0628573244437898
76.5 1.1575646233269614
77.0 1.2710535230536464
77.5 0.9612666268330236
78.0 1.822073129337772
78.5 1.1933567200925155
79.0 1.3867710555349673
79.5 0.7176490469644136
80.0 1.6151331123518666
80.5 1.4773527938568214
81.0 1.2982166550068692
81.5 1.5224172948412296
82.0 0.6125130947509403
82.5 1.0726024751956276
83.0 0.865525214725154
83.5 1.1495803979711248
84.0 1.220698615704129
84.5 0.8011474301912009
85.0 0.8363355969423599
85.5 0.884317972288288
86.0 0.8319076411728965
86.5 0.8100308546293975
87.0 1.9648281529993854
87.5 0.8240584023472122
88.0 0.7301658544370366
88.5 0.9137811959171912
89.0 0.6715133509241503
89.5 0.6754246242119477
90.0 0.8739461173282105
90.5 0.5349718581210696
91.0 0.718859858501099
91.5 0.6902253636636422
92.0 1.5098557254953127
92.5 1.029424604370572
93.0 0.46944683119587594
93.5 1.2413305356192406
94.0 1.1433263436579049
94.5 1.3334049232582643
95.0 0.7453330852530369
95.5 0.9135617764927623
96.0 1.067930798095688
96.5 0.5010124755365206
97.0 0.8420075130545766
97.5 0.7478989449960867
98.0 0.8431116044571388
98.5 0.4709707590941361
99.0 1.2086654952759446
99.5 2.3117825387359705
100.0 1.178580885428394
100.5 1.0760620256085311
101.0 1.0396619683385389
101.5 0.5508836644517275
102.0 0.641013052109701
102.5 0.8286126632700912
103.0 1.2883436237151367
103.5 1.2239523352019326
104.0 0.22590075842967738
104.5 0.9568449245758789
105.0 0.683032967017166
105.5 1.0200196321051394
106.0 0.4670785667450489
106.5 1.1109870314352266
107.0 2.3171307736681728
107.5 1.4945558539949888
108.0 0.47047922187718455
108.5 0.8842497242008607
109.0 1.5103944870898314
109.5 0.6982135658368849
110.0 1.5453579628418166
110.5 0.796351808125261
111.0 1.3689084456620502
111.5 0.7185862231623329
112.0 1.0339015397899631
112.5 1.288609623007102
113.0 0.9751142064575854
113.5 1.816586407328736
114.0 0.9379713282363906
114.5 1.046255256206797
115.0 0.6803890860913966
115.5 0.7122038338043271
116.0 1.036929876815322
116.5 1.1713795760509749
117.0 0.5628072830280353
117.5 0.7195708311839158
118.0 0.6851157704125188
118.5 1.030523325185484
119.0 1.291871120149524
119.5 1.3783945119012762
120.0 1.3526699883191051
120.5 1.6822604777391126
121.0 1.0680264837357982
121.5 1.0659108075271018
122.0 0.7415713064817846
122.5 0.8298326626460799
123.0 1.0169310479170375
123.5 0.7660428465638681
124.0 0.9695255064932157
124.5 0.7261650647300781
125.0 1.0785435428015215
125.5 0.6578257366078435
126.0 2.0271423521406384
126.5 0.6671665202729091
127.0 0.7762064229491098
127.5 1.235149858665229
128.0 1.1398515362279729
128.5 1.1377438078546103
129.0 1.0379071791041738
129.5 0.8835781716755486
130.0 0.8901643825575759
130.5 1.383219863319709
131.0 0.5110625478603391
131.5 0.4575415538961981
132.0 1.5864167774252107
132.5 0.722834864986907
133.0 0.9551844226072889
133.5 0.4192351280993941
134.0 0.748042317904147
134.5 1.1087064832857356
135.0 1.1348490079923836
135.5 0.5276215471132595
136.0 1.8192721514096064
136.5 0.634956945477448
137.0 0.7181995898948226
137.5 1.2764633792627758
138.0 0.905116584550709
138.5 1.0180342419279398
139.0 0.42322170857166685
139.5 1.5933830607662722
140.0 0.6641441187364989
140.5 1.3829114607731565
141.0 1.1451958205403185
141.5 0.7915411987667182
142.0 0.5934041231578795
142.5 0.538816562639551
143.0 0.6999011018385419
143.5 0.9735190054759257
144.0 1.0352548024769734
144.5 1.1134821615130477
145.0 0.722622268243212
145.5 0.9176751359844013
146.0 0.9373623124179258
146.5 1.0226599868545574
147.0 0.9242326083914038
147.5 0.7080980327284635
148.0 1.3167794576143488
148.5 1.3440493461769398
149.0 0.721485411282849
149.5 0.8535675322470024
150.0 0.9754027521288723
150.5 1.5522055876417937
151.0 0.5733986708568839
151.5 1.0656216042147804
152.0 0.8726383110988911
152.5 1.4815184455742698
153.0 0.740560849701172
153.5 1.2333994027944035
154.0 0.9430670307182283
154.5 2.091147148376659
155.0 0.3586974807471969
155.5 0.8404051376733157
156.0 1.001707102569231
156.5 1.0629876946312746
157.0 1.058516756222215
157.5 1.4403354473358299
158.0 1.6679990000615332
158.5 0.7113027667939822
159.0 1.0673288728824084
159.5 0.7458756912377686
160.0 0.9760855787411652
160.5 0.26344319757056023
161.0 0.8332926121085804
161.5 1.2756905023434326
162.0 1.2485303195247461
162.5 1.0811254602074043
163.0 1.274199516250127
163.5 0.8941142292011086
164.0 1.1407425620881542
164.5 1.7963165487811743
165.0 0.5681438800022658
165.5 0.988136452726847
166.0 0.9369438419181987
166.5 1.1393115694468712
167.0 1.1747459051637357
167.5 1.2660164878819753
168.0 1.2630083010146445
168.5 0.8570709971964714
169.0 1.668453270828767
169.5 1.1377957893409159
170.0 1.1417569349250765
170.5 1.2732212058894588
171.0 2.5163621664625735
171.5 1.2119877812989799
172.0 1.5312750516460132
172.5 1.0973407441101615
173.0 0.8055486192694259
173.5 1.0256177633674257
174.0 0.8732133481316631
174.5 1.0718701990576673
175.0 0.8600523330583838
175.5 0.5565476262999731
176.0 1.7996383720811693
176.5 1.0671720802960623
177.0 0.8850406879996493
177.5 0.6955517751837865
178.0 1.2651280951495596
178.5 2.0305886578044494
179.0 1.7301515069744369
179.5 1.1121073465888465
180.0 1.4174735642328176
180.5 0.46408565633008403
181.0 1.0259928018995947
181.5 0.8984480771371105
182.0 1.754535740673293
182.5 0.6090822760672422
183.0 1.4530422181085476
183.5 0.41065933893683104
184.0 1.3693047334326987
184.5 0.574349252371435
185.0 0.84406711525281
185.5 1.1025974170897448
186.0 0.7233817955147095
186.5 1.1367513923029149
187.0 0.678111495772325
187.5 0.7583415850491694
188.0 1.1938808702019652
188.5 0.8385458377445049
189.0 1.2453981163488288
189.5 1.2334787467095651
190.0 1.3362963961376266
190.5 1.4716919525620171
191.0 1.1618237678093077
191.5 0.7567118270901791
192.0 0.889230830931741
192.5 0.9720646519869495
193.0 0.7361357010301126
193.5 0.7469073088934617
194.0 0.5024101462078288
194.5 1.8474726126000074
195.0 1.3075734484382662
195.5 0.7540790280813309
196.0 1.147361591675859
196.5 1.1372008055416443
197.0 1.2139754592218197
197.5 0.7498760024103239
198.0 1.198932298950436
198.5 1.009490706129484
199.0 0.5058265133162072
199.5 1.6788121435738503
200.0 1.6831148042260566
200.5 1.3887070167363644
201.0 0.5978956078771671
201.5 1.3561958106853265
202.0 0.7438374668758416
202.5 0.7352631849609449
203.0 0.7800231892810323
203.5 1.304816185974658
204.0 1.3248631738888927
204.5 0.5389896883096124
205.0 1.161912072079039
205.5 0.8536054937739862
206.0 1.0548469628853003
206.5 1.1123285809134074
207.0 1.0436299001836273
207.5 0.7855494300002388
208.0 1.7132376390623532
208.5 0.8174349340697731
209.0 1.4744646980535534
209.5 1.295857059969722
210.0 1.2698602483715486
210.5 0.7403044041802394
211.0 0.9730875481342285
211.5 0.9223445635562781
212.0 1.241043727839025
212.5 0.7791713456525562
213.0 0.5624105704450127
213.5 0.864986297432579
214.0 1.858634752632745
214.5 0.954278371435231
215.0 1.5392874954241038
215.5 0.9437898122594087
216.0 0.7348310846816692
216.5 0.7644320624525739
217.0 0.7029844999030745
217.5 0.7055363132835375
218.0 0.8050852887536197
218.5 0.42268098846271523
219.0 0.5407281677912915
219.5 1.4412712241802574
220.0 1.1415131213383138
220.5 1.3453954656217015
221.0 0.983340845158881
221.5 1.0623656859557284
222.0 0.7950026924119342
222.5 2.132116308874355
223.0 1.3702488989397676
223.5 1.2728579273123461
224.0 0.6150707542842273
224.5 0.6710427277337458
225.0 1.4940547266724535
225.5 0.8183236315154276
226.0 0.9548854467651571
226.5 1.7589546604774948
227.0 1.1682593062392996
227.5 1.0406948017162727
228.0 0.908950791253902
228.5 0.7856427540081709
229.0 1.456748515537953
229.5 0.6783834690678465
230.0 0.5824094833283971
230.5 0.29451227837811955
231.0 1.075581778144345
231.5 0.5025082136194252
232.0 0.7240163742522702
232.5 0.7609414125773002
233.0 0.5428680599091994
233.5 1.0027268365426887
234.0 1.2398898099511908
234.5 0.6526293655053892
235.0 1.0734180059845295
235.5 0.8726098986950559
236.0 0.6431446045722795
236.5 0.8767349039846818
237.0 0.7857067171711802
237.5 0.5386399402277997
238.0 0.7567440889517603
238.5 0.8498072811877477
239.0 0.8491913402384882
239.5 0.5779717804463644
240.0 1.5100402218641018
240.5 1.005071851526688
241.0 0.9383404206122854
241.5 0.9956819991046204
242.0 0.4803904416984818
242.5 1.5369176527299775
243.0 1.1032082338590332
243.5 0.8459921704053563
244.0 0.9487554585885147
244.5 0.8834168836258067
245.0 0.784721227354448
245.5 1.4129218439596505
246.0 1.0320515752037718
246.5 0.8448077191674702
247.0 0.9451319930847242
247.5 1.3453724895126373
248.0 1.4907027406524187
248.5 1.4262392334327427
249.0 1.3926419986707859
249.5 2.05325562558484
250.0 0.8521808612415247
250.5 0.6831852336148199
251.0 0.9638451523463463
251.5 0.9664807929120475
252.0 1.0801203911037516
252.5 1.2553582564607193
253.0 1.165680455413054
253.5 1.535882909896503
254.0 1.313583284397738
254.5 0.5449481939788648
255.0 1.1545753924935207
255.5 0.9998207511612537
256.0 0.8905470321536124
256.5 0.7244643900977873
257.0 1.1066374367734197
257.5 1.018163492659904
258.0 1.669260409768487
258.5 1.684971179861052
259.0 1.1427838307560725
259.5 0.7678300199550259
260.0 0.8819064468427223
260.5 1.2794072330436639
261.0 1.4691779395964488
261.5 0.6545317544366118
262.0 0.7691054792145848
262.5 0.638495769056499
263.0 0.6870874495228376
263.5 0.7690163819580157
264.0 0.8193393796686133
264.5 0.6455161159398094
265.0 1.4700945686897497
265.5 1.1221785976451752
266.0 1.4877047604094664
266.5 1.3367024392884912
267.0 0.8269023520632184
267.5 0.7009038488081758
268.0 1.5700223959382376
268.5 0.9277878098677752
269.0 0.9190109240421693
269.5 0.7367278200585937
270.0 0.852178560114633
270.5 1.1388159412780303
271.0 1.0069701495582875
271.5 0.8217809064912104
272.0 1.1260417858248177
272.5 0.7217145536804439
273.0 0.8178761376745334
273.5 1.4238040381793877
274.0 0.6995013514759545
274.5 1.132757842399044
275.0 0.6318043107454951
275.5 1.1375587440674066
276.0 0.7167083235328477
276.5 0.573075169041017
277.0 0.6355712592935363
277.5 0.8126224924600158
278.0 0.9864194536695168
278.5 2.2040316101341593
279.0 0.2
279.5 0.9834479785104194
280.0 1.2428394397315636
280.5 0.38419250127927007
281.0 0.9287105257932879
281.5 0.9364167521583824
282.0 1.1255873326021895
282.5 1.7214993190084544
283.0 1.2152918877292278
283.5 1.1464153564403372
284.0 1.2351452466508204
284.5 1.6294282277490453
285.0 1.151551796640836
285.5 0.6473107823575396
286.0 1.2501971822746083
286.5 0.7091529650463053
287.0 1.0156927945856897
287.5 0.5453290687404667
288.0 0.7960930566231478
288.5 1.9685707218498476
289.0 0.7512636504237635
289.5 1.8283033606100103
290.0 1.2311870518295516
290.5 1.3267520666615633
291.0 0.6410489919073372
291.5 0.3972369014640606
292.0 0.8936814049587071
292.5 1.0111956755084481
293.0 0.8720159550702684
293.5 1.4002481408688092
294.0 0.6164093646261568
294.5 1.106041251215645
295.0 1.2913239670503924
295.5 0.7934450838304985
296.0 0.6836199029818606
296.5 0.7684655973627721
297.0 0.6648832648294642
297.5 0.5406438033533403
298.0 0.8088851267201417
298.5 0.3642270425858367
299.0 0.8459146700897153
299.5 1.493608022930847
300.0 0.957210478935591
300.5 0.5011406133228951
301.0 0.7439087419282997
301.5 1.1957155163206177
302.0 0.94289806482397
302.5 0.27045709498417037
303.0 1.0217263370385816
303.5 1.0618995422630433
304.0 0.6760624542683904
304.5 1.3423630903325907
305.0 0.6611948275533969
305.5 0.6921978700755251
306.0 1.019528087281275
306.5 0.8990032343132398
307.0 1.32527517821517
307.5 0.49760637403492186
308.0 1.8295109866018877
308.5 1.2732099382081623
309.0 1.2548950708367892
309.5 0.8083007041147117
310.0 0.8453394651984948
310.5 1.0618309683307288
311.0 1.3269841366327104
311.5 0.8941669443734666
312.0 0.4001263854602435
312.5 0.7069838486988415
313.0 0.7835825257770744
313.5 1.1734869972844666
314.0 0.887565177081518
314.5 1.223391299583385
315.0 1.9593585351433411
315.5 1.3480112783379226
316.0 0.7821762482767348
316.5 1.040148789071419
317.0 1.8437776173158582
317.5 1.382944712002412
318.0 1.4228047949846556
318.5 0.5179978062383206
319.0 0.4575910882097589
319.5 1.6614305802218081
320.0 0.9765707750256529
320.5 1.0618416966757405
321.0 2.0762317664662806
321.5 1.0358034717968114
322.0 1.085615854850882
322.5 1.2190930347946987
323.0 1.201459784131915
323.5 1.2508695190058958
324.0 1.3489545618484335
324.5 0.5443364831748516
325.0 0.4146798392805839
325.5 0.7285092932633683
326.0 0.7444704329596862
326.5 1.2216059456647645
327.0 0.8874788017960051
327.5 1.404634135666818
328.0 1.4697529890455128
328.5 1.2499149632426851
329.0 0.8496275529449703
329.5 1.0588234198190372
330.0 0.674209891044835
330.5 0.8027433847672941
331.0 0.9764046630687027
331.5 1.110077343279015
332.0 1.1195159207952827
332.5 0.8977329462256245
333.0 0.9832054015916986
333.5 1.0642251018694382
334.0 0.5422974959311697
334.5 0.6273181689551819
335.0 0.9007692522924637
335.5 1.452208634366585
336.0 1.3530289531718878
336.5 1.2164754317316808
337.0 1.049531225176656
337.5 0.7066112014581363
338.0 0.7227509976416135
338.5 1.1279560666589235
339.0 1.7354507851773513
339.5 1.298468694295555
340.0 1.3401442526324918
340.5 1.8870138373452274
341.0 0.9442822047940985
341.5 0.8201047669322721
342.0 0.6184202750948806
342.5 0.8784410617579106
343.0 0.6450241149865881
343.5 0.6770919951380241
344.0 1.6235694781054328
344.5 0.693700398153061
345.0 1.4591127509739232
345.5 1.0807586929824593
346.0 0.6167980901331975
346.5 0.6479410590490752
347.0 1.9121344167845464
347.5 0.6411201856655875
348.0 1.227425933191899
348.5 0.7684437088882183
349.0 0.4396154551633388
349.5 1.1374871662231134
350.0 0.40618645774799556
350.5 0.820711184719454
351.0 1.3436789802943214
351.5 0.8144735251867536
352.0 0.8190636769304667
352.5 0.9019152863230324
353.0 1.7233714081338678
353.5 1.054625188048186
354.0 0.7712838434863529
354.5 1.0258808163541593
355.0 1.2682072761226122
355.5 0.8266655515235642
356.0 0.7185849368691763
356.5 0.45526649586954837
357.0 1.5035584683185903
357.5 1.189410419049198
358.0 1.3343465677787734
358.5 0.9025976791023824
359.0 1.130571655545177
359.5 0.819762405514803
360.0 0.8125585731796566
360.5 1.159706761451047
361.0 1.5748501859333457
361.5 0.9517308078814415
362.0 1.088456788843694
362.5 1.1816924929908965
363.0 1.3162461677956174
363.5 0.6883657755449761
364.0 1.4290495369600111
364.5 0.9016386204679091
365.0 1.8359982069562268
365.5 0.8118492155390512
366.0 0.7031871065635258
366.5 0.9018885451316714
367.0 1.477084500144632
367.5 0.7385007996263676
368.0 1.3180234571360514
368.5 0.8081353019299887
369.0 1.1231300767410144
369.5 0.7970301515876271
370.0 0.8440119529644351
370.5 1.2785555512688656
371.0 0.8887535995163806
371.5 0.8720658584654613
372.0 1.0439761286492264
372.5 0.8437470491633496
373.0 1.1341009221062297
373.5 1.0641853739185454
374.0 1.1456379413570972
374.5 0.9216532987980406
375.0 0.7334025330057012
375.5 0.2
376.0 1.388251545208381
376.5 0.7762685063769837
377.0 2.120176240225476
377.5 0.8321192528203674
378.0 1.3077051063824774
378.5 1.109764177484624
379.0 2.0297456811650276
379.5 1.0877821885924241
380.0 1.7964717806097026
380.5 1.2681521208045508
381.0 1.182483217082247
381.5 0.8835798762325675
382.0 1.704118768950028
382.5 1.0118258052045768
383.0 0.7982120965409838
383.5 0.5111951967776918
384.0 1.3283651598837207
384.5 1.0450092081783486
385.0 0.8873683677588122
385.5 0.9688668213733045
386.0 1.0710317474434756
386.5 1.1350313311490419
387.0 0.8311701692510791
387.5 2.054059257724023
388.0 0.6716782336620007
388.5 0.7831217088682294
389.0 1.5347787711942154
389.5 0.8358873623431271
390.0 1.8387972443037484
390.5 0.8796343446927258
391.0 0.5842997248680282
391.5 1.153116110118018
392.0 0.9621698828223804
392.5 1.2492943094506712
393.0 0.45126888060346604
393.5 1.373038902230209
394.0 0.8594174610721104
394.5 0.71613400426131
395.0 0.9808707115067762
395.5 0.7021645179544519
396.0 1.3396233234885528
396.5 0.7511240141073077
397.0 1.1558682116466965
397.5 0.7584638914158373
398.0 0.7843748773650605
398.5 0.7187704173030358
399.0 1.5957599011588988
399.5 1.3571591104111707
400.0 1.0327484130172995
400.5 1.3478311805118413
401.0 1.8768687514451585
401.5 1.1186931953830959
402.0 1.2723091879826038
402.5 1.2623568171454869
403.0 0.533084174259838
403.5 1.148288063939843
404.0 1.7146659501583041
404.5 1.2737278339442053
405.0 0.9408567927459558
405.5 0.7723918835668715
406.0 1.0255950702289711
406.5 0.732921252602587
407.0 1.003052666933415
407.5 0.7145649638381906
408.0 0.8405956581446405
408.5 1.9932078030831395
409.0 0.8694149897162335
409.5 0.6628976768314121
410.0 0.5245401617936307
410.5 0.7640422477374476
411.0 1.4519825312119128
411.5 0.7161587647239428
412.0 0.5350591236080828
412.5 1.2803672552844503
413.0 1.1432510835035692
413.5 1.9236263300118188
414.0 0.9370245538554612
414.5 0.30480525917491774
415.0 1.1833875734961872
415.5 1.2531471035399755
416.0 1.703764824288109
416.5 0.83640586793245
417.0 0.6868903786728
417.5 0.8248458355774433
418.0 1.042068624127905
418.5 0.49014665647217226
419.0 0.9411501673833025
419.5 1.0698300581529296
420.0 0.9164717396092792
420.5 1.455789470076922
421.0 0.8916662505887861
421.5 2.088244561190272
422.0 0.6711600918710598
422.5 1.7187879735898175
423.0 0.7639414309141451
423.5 1.3638686735861292
424.0 1.5297033351403968
424.5 1.4741977656481846
425.0 1.7654397485665179
425.5 0.6902494274300541
426.0 1.1966735294202315
426.5 0.5706415796202191
427.0 1.0983610840022928
427.5 1.3556944491551244
428.0 0.6607131820301406
428.5 0.4761993446859714
429.0 0.5906373401587242
429.5 1.0111866836859407
430.0 0.8460030613101885
430.5 0.6601500715469042
431.0 1.015346421147791
431.5 0.7855430079348592
432.0 1.0466032063058215
432.5 1.016243262668799
433.0 1.1027103839130117
433.5 1.2832362318626367
434.0 1.0418893072314441
434.5 0.8503518533146122
435.0 0.7800181292085381
435.5 1.311410558614153
436.0 0.3756010354307867
436.5 1.5203694323029708
437.0 0.9332684268086557
437.5 1.1354336296863126
438.0 1.5495561241544773
438.5 0.7501822002341788
439.0 0.947851971550096
439.5 1.8363851590238869
440.0 1.171473097481742
440.5 0.9263212455550229
441.0 1.5363652672403032
441.5 1.350723265911789
442.0 1.3115916037294353
442.5 0.92575358372328
443.0 1.0550935394012972
443.5 1.1530822441577508
444.0 1.3468358316963847
444.5 1.122997801640052
445.0 0.6064267476953495
445.5 0.6291601605507549
446.0 1.2810723752532596
446.5 0.8404111060800549
447.0 0.8882795640226325
447.5 0.8873625432802488
448.0 2.119720075992618
448.5 1.0687601672228992
449.0 0.5982659434520834
449.5 0.6730162317895592
450.0 0.7752839970984755
450.5 0.7305831198204633
451.0 1.2627185750803185
451.5 0.6922353719668528
452.0 0.6363596724548916
452.5 0.7745297476841021
453.0 1.2925545491941566
453.5 1.1136695667210028
454.0 0.6215650595478589
454.5 0.679750526541526
455.0 1.2828638789563884
455.5 0.5924596692437699
456.0 1.205790388892415
456.5 1.7921342980347275
457.0 0.9941070729225733
457.5 1.6312820216666715
458.0 1.5593660433102787
458.5 1.6991337047356185
459.0 1.4430749694499818
459.5 0.7444653747174638
460.0 1.1211925382388894
460.5 0.5719484905550603
461.0 0.356952068368016
461.5 1.1925548604093246
462.0 0.8819208173521907
462.5 1.6451208157983146
463.0 1.1388501770098638
463.5 0.749397819070134
464.0 1.4218939187370752
464.5 0.9598536635871264
465.0 1.187948379232029
465.5 0.6962632098092741
466.0 1.2506986298147706
466.5 1.0982965334663313
467.0 1.070296783646992
467.5 1.612933142443154
468.0 1.0910022860686588
468.5 0.9667983604777719
469.0 1.2759020392372342
469.5 1.0910952171686028
470.0 1.810215653333826
470.5 0.8513673880439308
471.0 1.227796750395177
471.5 0.7050463981129782
472.0 1.270401390136338
472.5 0.6836859312079002
473.0 0.6429848767892181
473.5 0.7637405200596479
474.0 1.5906690931928646
474.5 0.9682739071647076
475.0 0.9085293825147857
475.5 0.47932611174446615
476.0 1.1307604690160564
476.5 1.695237984268464
477.0 1.5555434390444622
477.5 1.1611831045564227
478.0 0.8635475714889083
478.5 1.3461825893496173
479.0 0.5604811766435802
479.5 1.006369682278097
480.0 0.8373698974158685
480.5 0.6294111918809491
481.0 1.399285131226728
481.5 0.57583272148709
482.0 0.9227180446554104
482.5 0.8425130228651992
483.0 1.0455942738107347
483.5 1.239701798210758
484.0 0.7184731154930645
484.5 0.7719979931591328
485.0 0.7745778821285749
485.5 1.3295362306436513
486.0 0.9412156627526232
486.5 1.1094547899191158
487.0 2.204372458996732
487.5 1.349824559641588
488.0 0.7248265089146089
488.5 1.0173324688485574
489.0 1.2073644151637906
489.5 0.8087956000639133
490.0 0.6614355346967485
490.5 1.0959554339064317
491.0 1.060171607982693
491.5 1.2731023514759454
492.0 0.7755919197520067
492.5 1.6699244841161942
493.0 1.2647196411873667
493.5 1.2270423701129483
494.0 0.8999631956390999
494.5 0.7351138822646255
495.0 1.3318167190463575
495.5 1.2107319227766542
496.0 0.6318581082300287
496.5 1.0938769868617495
497.0 0.7684555277455966
497.5 1.2350476706873108
498.0 0.8319077356368507
498.5 0.7040216176371479
499.0 0.7003420058327176
499.5 0.9402269564516602
500.0 1.1132838084185581
500.5 0.8372308253581685
501.0 0.7908570673832294
501.5 1.8448667912997578
502.0 0.7549666024359112
502.5 0.5344095840909173
503.0 0.9368903547744667
503.5 1.4753345813347987
504.0 2.068552007368098
504.5 0.7815080072239343
505.0 0.8801625865354703
505.5 1.6542662968220145
506.0 1.4126905827068383
506.5 0.9587865867297749
507.0 0.7635008335345344
507.5 1.1036006311156072
508.0 0.7923021072966675
508.5 1.0767535322236013
509.0 0.5631416073128753
509.5 0.5723462952178695
510.0 1.8785675098572683
510.5 1.5100353562066995
511.0 0.7609435861447803
511.5 1.5189269945666612
512.0 0.6179665304757376
512.5 0.2
513.0 0.7747498270499011
513.5 0.6286545534729165
514.0 0.9821511502549425
514.5 1.2704519814484345
515.0 1.1412302214923467
515.5 0.7372224283046702
516.0 1.8138981623141572
516.5 0.7390244548449778
517.0 0.735483943067127
517.5 0.6438589560865573
518.0 0.9364051873016216
518.5 1.5135060380170793
519.0 1.313830523067114
519.5 0.5939078684091545
520.0 1.0299117552298858
520.5 0.9473892297519445
521.0 1.729409764967195
521.5 1.06162353719878
522.0 0.7049889469877499
522.5 1.5906367196145557
523.0 0.8593337640845001
523.5 0.977789956796233
524.0 0.3812220377884776
524.5 0.7112183001165049
525.0 1.0403883040865936
525.5 1.7949130077699489
526.0 0.772243086752368
526.5 0.7828852239257452
527.0 0.958765980048762
527.5 0.8284880874747236
528.0 0.8285653417305556
528.5 0.2856768532937921
529.0 0.9201819614775508
529.5 1.3936935726643604
530.0 0.8569894447142088
530.5 1.159037048038567
531.0 0.47281158248792127
531.5 0.4029685121883705
532.0 0.7576853175057412
532.5 0.997904863585106
533.0 0.7307870069515788
533.5 1.4085049062098665
534.0 1.3660264555075494
534.5 0.7037538982708116
535.0 0.9003364061652048
535.5 0.9788164908818308
536.0 1.3817431414342884
536.5 1.7159838739579154
537.0 0.2193093598973107
537.5 0.9884836766825997
538.0 0.2
538.5 0.7710395021456914
539.0 0.8786123167120689
539.5 1.3345133428777558
540.0 0.8985620027282012
540.5 1.0907916239804498
541.0 1.2738769435815418
541.5 1.0635769611584858
542.0 0.6225933563550486
542.5 1.2509509736802196
543.0 0.9427162553274497
543.5 0.8842565967305893
544.0 0.6539288485505221
544.5 1.3402761571218997
545.0 0.5933422953361971
545.5 1.4877720462589674
546.0 0.9330071474193566
546.5 1.2663288732977467
547.0 1.51560401485002
547.5 0.5032998866323702
548.0 0.7365130653795247
548.5 0.9071949421295114
549.0 0.747538491975533
549.5 2.4904725928901237
550.0 1.4127821063613606
550.5 1.6079494048746534
551.0 1.0860638873828696
551.5 0.5003895802618342
552.0 1.128074030211456
552.5 0.9196215544574948
553.0 1.5492829833966701
553.5 1.2791488658431476
554.0 0.8135847895849184
554.5 1.0223722909080668
555.0 1.0702030779153642
555.5 1.0376326673132839
556.0 0.7180244705074501
556.5 0.9015038923220942
557.0 0.9591798097469745
557.5 1.0332333683433497
558.0 1.9524264802670244
558.5 0.7404155128276236
559.0 1.0920991052495577
559.5 1.3251223620885866
560.0 1.381499938547623
560.5 1.6253748412730147
561.0 1.2749923207385652
561.5 0.5131797232524128
562.0 1.0255955243905475
562.5 0.5348757719289303
563.0 1.1326590160097938
563.5 1.1926116200205374
564.0 1.3798665232487246
564.5 0.48292282353113114
565.0 0.8249601993603675
565.5 1.1081532904576186
566.0 0.5186533659220265
566.5 1.345439108643181
567.0 0.5572789375390089
567.5 0.9308798376590032
568.0 0.8459814373691439
568.5 1.5813411353204145
569.0 0.9098208471628659
569.5 0.5491692779656708
570.0 1.2103415035816534
570.5 0.9251432152743391
571.0 0.46949593142475
571.5 0.375840503572051
572.0 1.3405997877361227
572.5 0.9742243749050485
573.0 0.3894456336274048
573.5 0.9354199514175396
574.0 1.1413130624559105
574.5 0.6950477524441845
575.0 0.6297877975019162
575.5 2.2069506681430453
576.0 1.270695687545094
576.5 1.2454861324018316
577.0 0.7236735574313176
577.5 0.857032963235212
578.0 1.032262007563428
578.5 1.1808525225248228
579.0 1.1563850934726818
579.5 0.8212891828252189
580.0 1.6537872608099125
580.5 0.7341984521735698
581.0 0.5874089440284396
581.5 1.2230161237546326
582.0 0.981361219833896
582.5 0.9294373749246805
583.0 1.2992957674626613
583.5 0.8838940602513993
584.0 0.6322333426428937
584.5 1.6034638819195974
585.0 0.9455539363198248
585.5 0.5342725929874543
586.0 0.5754758278278739
586.5 1.356903173306769
587.0 1.8159667304470055
587.5 0.6107501362971107
588.0 1.0624224433145626
588.5 0.5025542202623746
589.0 2.1535193511572195
589.5 0.7103944527843319
590.0 1.171902610489787
590.5 0.665316023516229
591.0 1.0140296368934103
591.5 0.5636724118393838
592.0 0.9926819681617095
592.5 0.5592330185719708
593.0 1.564349134647783
593.5 1.4343554967954621
594.0 0.9022930772822574
594.5 1.0432606747668103
595.0 0.8889921466175088
595.5 0.8453573719943246
596.0 0.7096190594527332
596.5 1.0806329239574186
597.0 0.5803387823100092
597.5 0.8386870840422281
598.0 1.3911209206430337
598.5 1.0790685160412705
599.0 1.6588648342533485
599.5 0.5319347869489233
600.0 1.3454010786122854
600.5 1.5282479750660554
601.0 1.2247984244897616
601.5 1.5029096870455785
602.0 2.400730691538298
602.5 0.7801520958254613
603.0 1.3999406384416035
603.5 1.15017699260359
604.0 1.3394760383183164
604.5 0.8983789902429204
605.0 0.7260234043331804
605.5 0.7897852442130149
606.0 0.714149515053762
606.5 1.1793901477068196
607.0 0.47220936170205663
607.5 0.7879022235855615
608.0 0.8590392994777584
608.5 1.0559313550806486
609.0 1.0987632107319727
609.5 1.2700052950659235
610.0 0.6230157831941596
610.5 0.7413606247184079
611.0 1.5715692636099377
611.5 1.4471939405265606
612.0 0.9987190936684857
612.5 1.281579862695628
613.0 1.6828690272910252
613.5 1.0031935585013207
614.0 0.869524970745303
614.5 1.0042221694862628
615.0 0.960212156540941
615.5 0.8890609470013536
616.0 1.2359365383724712
616.5 0.9013300787127394
617.0 0.804356079959436
617.5 0.9962113613368032
618.0 0.49683651190165085
618.5 1.1522931524744557
619.0 1.3591937861758043
619.5 0.6376322792792023
620.0 1.9100422086033664
620.5 0.7418948361690859
621.0 1.201190075600506
621.5 0.6144095743730095
622.0 0.24146132627059547
622.5 1.0721013237393182
623.0 1.326416863826841
623.5 0.8823476133552689
624.0 1.5787972201442053
624.5 0.5420829010847867
625.0 0.8994815752458611
625.5 0.49988917840169844
626.0 0.9255451867706465
626.5 1.1546882172456192
627.0 1.069148591387488
627.5 1.200579983117895
628.0 2.068445920085982
628.5 0.5201730533165407
629.0 1.1594272661090192
629.5 0.9888266247688411
630.0 0.6534850153690245
630.5 1.2152683696850657
631.0 0.7083732974723729
631.5 1.363162330034927
632.0 0.9107181715197157
632.5 1.2027981665184027
633.0 0.8229773293139343
633.5 1.950184400948872
634.0 0.6133966788116563
634.5 0.7210418820000775
635.0 1.4340145237918833
635.5 0.5583007552294463
636.0 0.9617798499849022
636.5 1.1338740383817085
637.0 1.463833783560308
637.5 0.5668434284224536
638.0 1.0362464786674797
638.5 0.755296812952365
639.0 1.57122830143698
639.5 1.945329025454082
640.0 0.9421903171050274
640.5 1.229949904680887
641.0 1.0135848632911502
641.5 1.004581497510217
642.0 0.9030018014179424
642.5 0.6956753936008634
643.0 0.9736698126645831
643.5 0.5595981836117379
644.0 0.9124053489440314
644.5 0.8674521659243342
645.0 1.2799582381295775
645.5 1.395116083463444
646.0 1.1137725703343546
646.5 1.091267512897022
647.0 0.2
647.5 0.784548969889062
648.0 0.873571453654894
648.5 0.66481004087544
649.0 0.9413435678575655
649.5 1.2326555046257641
650.0 1.1276442624178906
650.5 1.0432712270661972
651.0 0.6139234746517088
651.5 0.6408878863756122
652.0 0.7076024108332333
652.5 0.5607013865471977
653.0 1.3030119322682623
653.5 0.8600915547848467
654.0 0.8629518066105082
654.5 0.9180790451866253
655.0 0.9147268315649079
655.5 1.0624542981490752
656.0 1.2826663751260758
656.5 0.8401244833538728
657.0 0.9149160124649964
657.5 0.7146301309946421
658.0 1.256829358386327
658.5 1.9069237887594226
659.0 0.49426585067102313
659.5 1.3137768551318223
660.0 0.6451327154453512
660.5 1.0966374382671336
661.0 1.082884193830862
661.5 1.2676971298445001
662.0 1.5212614411141758
662.5 0.8904076419589304
663.0 0.7006411611469727
663.5 0.7764738746653321
664.0 1.659018278996776
664.5 0.7425424440669011
665.0 0.7025847551479902
665.5 0.738185460505159
666.0 0.32985434749659115
666.5 0.6160005672173335
667.0 1.1159516150798625
667.5 0.9489575056772914
668.0 1.518468343852353
668.5 0.7940234525924502
669.0 0.6648099247112235
669.5 0.9207047749755307
670.0 1.1963499672639704
670.5 0.9778828365821501
671.0 1.2683021736843925
671.5 0.49504534882602813
672.0 1.0279131040228957
672.5 1.198504626608627
673.0 0.7116493977777957
673.5 0.7483939761424314
674.0 1.140547134104776
674.5 0.9448065641100404
675.0 0.9536410296251178
675.5 2.0676702749061855
676.0 0.6617554840178019
676.5 1.1088524152597798
677.0 1.2381024766239965
677.5 0.33771022223455727
678.0 1.2225135290584608
678.5 0.768056027305211
679.0 1.4315360699178457
679.5 1.5846126388720552
680.0 0.6501494902053915
680.5 1.1405413494409482
681.0 1.3686728021765089
681.5 1.5660992875225166
682.0 1.1981576510598655
682.5 1.0283647951080117
683.0 1.5687387282127894
683.5 1.3001220626424443
684.0 0.5978256888781477
684.5 1.2800690017483327
685.0 0.877645114053214
685.5 1.2585657392443532
686.0 1.4005674462874187
686.5 1.183918026128079
687.0 1.0647049460419817
687.5 0.6575033429692019
688.0 0.8971196566066555
688.5 1.021279532169077
689.0 0.8102045334670791
689.5 0.8461402028568245
690.0 0.8666252941815289
690.5 1.0423625847954814
691.0 0.8417047182385365
691.5 0.7182323527547247
692.0 0.6059252366640361
692.5 0.941343511810432
693.0 1.113037696585827
693.5 1.5514558836673973
694.0 0.9613021403071097
694.5 0.6099579133359838
695.0 0.9773560556936527
695.5 0.6293147720954746
696.0 1.011963725910625
696.5 0.6980008798055426
697.0 1.107016151380384
697.5 1.6275435082490914
698.0 0.8365755671767878
698.5 1.2563528903293588
699.0 1.7639450470152371
699.5 0.9947319530883327
700.0 0.8822229749934837
700.5 1.2862042332709263
701.0 0.456689573492717
701.5 1.6947432346597533
702.0 1.8062319313688633
702.5 0.9983222816028364
703.0 1.3797920788930873
703.5 0.7961821667193879
704.0 0.976746569202626
704.5 1.389391855684463
705.0 1.1803311684667483
705.5 0.7762254708564091
706.0 0.8433888947351489
706.5 1.3695390865261925
707.0 1.0090522851784711
707.5 0.5307135329030053
708.0 0.7939902853333229
708.5 0.5856587246716366
709.0 0.8576625152407876
709.5 0.7629726504205382
710.0 0.8421109422379467
710.5 0.7053983575014728
711.0 1.1464697592729798
711.5 0.41285555420359177
712.0 1.1470026036518761
712.5 1.0333581961879508
713.0 0.8491013828413917
713.5 1.9619381842872343
714.0 0.6137587814743689
714.5 1.3979136041110674
715.0 1.065263583688372
715.5 1.830774222576221
716.0 0.9242700539260749
716.5 1.4306208957191568
717.0 1.0134156941360912
717.5 0.8962795578832828
718.0 1.6256620542251796
718.5 1.2849697785198506
719.0 0.9640229343614877
719.5 0.2
720.0 0.9802022643614359
720.5 0.456906548334721
721.0 1.7880307976807908
721.5 1.452417517556079
722.0 0.6517486122096154
722.5 0.829356221270267
723.0 0.4851727029728131
723.5 1.2731016574607044
724.0 1.4608313736046479
724.5 0.9732733067546954
725.0 1.1755381576105381
725.5 1.2313445626290571
726.0 0.4541056401665825
726.5 0.9409574788760411
727.0 1.1615444629481506
727.5 0.9528368852982363
728.0 0.6385405488776696
728.5 0.748788872589462
729.0 0.96308150872653
729.5 1.1092296701366495
730.0 0.7434589481147029
730.5 1.5977207293728144
731.0 0.7924922572807171
731.5 1.8927806416331068
732.0 1.2587460179064653
732.5 0.6909372998022503
733.0 1.092039800877033
733.5 1.0479650163391208
734.0 1.302711606368855
734.5 0.9873726648223314
735.0 2.0568050653806083
735.5 2.1712261659507828
736.0 1.1536416350523908
736.5 1.2560626981784866
737.0 0.7620717066171279
737.5 0.840398879210047
738.0 1.119096104217851
738.5 0.5263106722661666
739.0 0.7149150876852035
739.5 0.915468808213822
740.0 0.7810959246307446
740.5 1.0103355331172943
741.0 1.067024224638232
741.5 1.0804374992090522
742.0 0.48311371551476157
742.5 1.0651867285252499
743.0 1.256979976164049
743.5 1.7575950035284675
744.0 0.9726005558518735
744.5 0.550009830246056
745.0 1.295179373557367
745.5 1.1261285583220615
746.0 0.9388318749147864
746.5 0.5354194813502225
747.0 0.8744703657258942
747.5 0.8290439649911785
748.0 0.7417764810919957
748.5 0.8554490500966735
749.0 1.0966222866311355
749.5 1.4600708989845723
750.0 1.0695412552635835
750.5 0.9242281158302147
751.0 1.2661853403675667
751.5 1.5521042377670131
752.0 0.8200844339444351
752.5 0.6175992162749948
753.0 0.9725610444074979
753.5 1.0834336755023788
754.0 0.5540991614198256
754.5 0.46127431195184787
755.0 1.2235855848519663
755.5 0.8057838372999
756.0 0.4868602329931544
756.5 1.2067747548226015
757.0 0.6896472247515174
757.5 0.9701481570618865
758.0 0.5469815041602972
758.5 1.5340062129558354
759.0 1.3886309699362855
759.5 1.2237877543976736
760.0 1.2596912568385945
760.5 0.6033806646118014
761.0 1.4871924185353107
761.5 1.558746980167058
762.0 0.5758430469824383
762.5 1.0114920213708838
763.0 1.4140594980148835
763.5 0.6711039264690092
764.0 0.9037323482992649
764.5 0.7149286636219474
765.0 0.7008310153836557
765.5 0.9493319616209422
766.0 0.9248973057001793
766.5 0.6293334108182138
767.0 0.8928074995486015
767.5 1.241740184614189
768.0 1.3722560476371832
768.5 1.2334200015426982
769.0 0.3726491432988559
769.5 1.1824648087174112
770.0 0.32696191024371946
770.5 0.4170490289412744
771.0 0.9301933521770519
771.5 0.7924319559209235
772.0 0.8620550516389849
772.5 0.8173896415835902
773.0 1.412683275173582
773.5 1.805931101612896
774.0 1.131485633328848
774.5 1.024541969613005
775.0 0.616263756894534
775.5 1.8798376812720394
776.0 0.9836851316097545
776.5 1.103735312984497
777.0 1.7335543187149758
777.5 0.8809588173491506
778.0 1.3834074403176242
778.5 0.9466345889614052
779.0 0.8505286108990886
779.5 0.8902288995634173
780.0 0.7433757970418757
780.5 1.0043595020366611
781.0 1.092638426374634
781.5 0.6026259495120001
782.0 0.7965899642003154
782.5 0.5358699897508671
783.0 0.6604447711034115
783.5 0.8913063941706931
784.0 0.9758635575954654
784.5 0.9201638706666306
785.0 1.2887430038552918
785.5 1.300870108301762
786.0 0.9998020936987349
786.5 1.6300607707453207
787.0 0.49729196664516606
787.5 2.235433420512251
788.0 1.295293949991088
788.5 0.6320995373529358
789.0 1.265184240636969
789.5 1.046435452315009
790.0 0.8683962091537405
790.5 1.4653271427273862
791.0 1.8150074173683794
791.5 1.4302293149256617
792.0 0.9533783161359063
792.5 0.49550484163950964
793.0 0.8307263577284132
793.5 1.3387512294504766
794.0 1.006548383857449
794.5 1.1181305833946338
795.0 1.1674100336759263
795.5 0.8789227430204046
796.0 1.4231270963612201
796.5 0.7697117768038673
797.0 1.30917776568243
797.5 1.7777571188957713
798.0 0.7504659588771005
798.5 1.1839095927645742
799.0 0.8631635521632626
799.5 1.1978835572972786
800.0 2.2811788479014483
800.5 1.2851892071323783
801.0 1.1092097861069588
801.5 0.6070156657405814
802.0 0.7586457269581909
802.5 1.5234808705547396
803.0 0.6639456623841988
803.5 0.47654213274348717
804.0 0.6072565145717346
804.5 0.7854319858530214
805.0 0.9917018253669087
805.5 1.5212561595087144
806.0 0.6338034376048651
806.5 0.9184624208660432
807.0 1.1766853646678543
807.5 1.2806580288372098
808.0 0.8648083085410596
808.5 0.7972235934989449
809.0 0.607036834299022
809.5 1.538295964633082
810.0 1.602212584998754
810.5 0.5698040134140765
811.0 0.7991656946684955
811.5 0.6162564477287631
812.0 1.2308134882250346
812.5 2.445780501862728
813.0 1.4656572895814692
813.5 0.8781723471071801
814.0 1.5092431994259292
814.5 0.7037216292259366
815.0 1.0565438758358154
815.5 0.755744217728066
816.0 0.6186263094847699
816.5 1.3339825932364535
817.0 1.0829305116805266
817.5 0.8256995121247386
818.0 1.2440183371854352
818.5 1.3685050188024985
819.0 1.5673747027712954
819.5 1.4375246939702038
820.0 0.8545736763273913
820.5 1.7307797015699817
821.0 1.5739629881016048
821.5 0.757685168383825
822.0 1.1327022123484056
822.5 1.3179450717479955
823.0 0.68918536510771
823.5 1.1227991004264144
824.0 0.7640256216884622
824.5 1.0050414173959736
825.0 0.5478411297551425
825.5 1.7680480603795998
826.0 0.7125531486796159
826.5 0.6286735621220663
827.0 0.9715095960323832
827.5 0.799251448610613
828.0 1.1821399696295005
828.5 1.1073302231005395
829.0 0.9983032170065157
829.5 0.8116213025658187
830.0 2.43904338213028
830.5 1.3967796894824096
831.0 1.582632269485214
831.5 1.6415321434854921
832.0 0.710248645391133
832.5 1.2440021889554052
833.0 0.7435437240596945
833.5 1.1935583923332211
834.0 0.9663362478211638
834.5 1.0009668377528316
835.0 1.2414052180957396
835.5 1.5901616262771614
836.0 0.7780564377405648
836.5 1.6883656350222918
837.0 1.2043702735473305
837.5 1.1315408138500334
838.0 0.7452385710149187
838.5 0.7357159078974198
839.0 1.2669438173222345
839.5 0.2
840.0 0.844637889031709
840.5 1.5029729247901007
841.0 0.40626616877340005
841.5 0.7984580600893729
842.0 0.9089346863173239
842.5 1.536138340126084
843.0 0.5756938448708847
843.5 1.3643968123450305
844.0 0.8827981408897139
844.5 0.8323777200614062
845.0 1.3873623059818798
845.5 0.8769492504771604
846.0 1.0004411725061737
846.5 1.7858077732704905
847.0 0.6139838273864171
847.5 0.214671158784855
848.0 0.8545791753354719
848.5 0.8458079935886156
849.0 1.4818641449694292
849.5 1.1012699590321056
850.0 0.9204184263582242
850.5 1.1852695282787558
851.0 1.488468932809353
851.5 0.9787573975703496
852.0 1.0815798888011665
852.5 1.018492690749582
853.0 0.8519072061207136
853.5 1.3012287954767885
854.0 0.6240390676783782
854.5 1.2281503673107985
855.0 0.639551836400444
855.5 0.8595835090138098
856.0 1.6132451445804126
856.5 1.6968951892214958
857.0 0.9427940189072463
857.5 0.6252637483560308
858.0 1.1264558042288675
858.5 0.9083572316671529
859.0 0.9138873925103951
859.5 0.7840769347015838
860.0 1.403210110296338
860.5 0.9551014456519078
861.0 1.533443440236483
861.5 0.5726375339345435
862.0 0.756742594051891
862.5 1.0533377681976996
863.0 0.8173245700930731
863.5 0.4137731996266914
864.0 0.8821184931505814
864.5 1.3479249473058104
865.0 0.2
865.5 0.9170935186108785
866.0 1.7266802519997833
866.5 0.9299839568713708
867.0 1.455529959075367
867.5 1.3140185349318303
868.0 0.48376885695076455
868.5 0.5388906036339283
869.0 0.7236656300050182
869.5 1.9610013095227168
870.0 0.7393443594937892
870.5 0.7891285725199497
871.0 0.9931466604457055
871.5 1.0599277481565483
872.0 0.9258919061128579
872.5 0.8131227992012792
873.0 0.6917526218569782
873.5 0.9543910726605908
874.0 1.0577069129507006
874.5 1.0716156287911676
875.0 1.3536923627459436
875.5 1.0181453167549464
876.0 1.2730453374009827
876.5 1.2012117657191714
877.0 0.9660300033989782
877.5 0.8593630423121933
878.0 0.8222721559056657
878.5 0.6792866410005101
879.0 1.114693719580106
879.5 1.4217469847827324
880.0 0.9783160559443566
880.5 0.7914941031239427
881.0 0.8372546582047015
881.5 1.0255078626389933
882.0 1.9212727002904986
882.5 1.2194624381112313
883.0 0.9275971394318131
883.5 0.9389064592552706
884.0 0.706693469397695
884.5 0.35234319174816287
885.0 0.7219100051850755
885.5 1.3110038806055602
886.0 0.9581769406767991
886.5 0.9074301535489585
887.0 0.8544833686874322
887.5 0.2
888.0 1.073241782424393
888.5 1.273348741107318
889.0 0.724731905827726
889.5 1.707711783414315
890.0 1.1068172530896945
890.5 0.8654144266937928
891.0 0.7029462285848609
891.5 0.9782832200931799
892.0 1.0271219815692074
892.5 1.0427776707939647
893.0 0.8225760180783
893.5 1.816734379444858
894.0 1.2104601576098761
894.5 1.201987254366089
895.0 0.6890800897513464
895.5 1.2591308938779369
896.0 1.614467903149289
896.5 1.3176640392785748
897.0 2.190240297784754
897.5 1.4389434743443
898.0 1.174262158535499
898.5 1.7633250162722651
899.0 0.516577609524754
899.5 1.1091112930786293
900.0 0.8690737786973891
900.5 1.0666188330066935
901.0 1.3080615375842353
901.5 0.8533572362788048
902.0 0.9731903920443041
902.5 0.44846908713634304
903.0 0.5806851585323263
903.5 1.2822932932259223
904.0 0.9424361881727513
904.5 0.8525454851874645
905.0 0.6335059804057878
905.5 0.9188210168171889
906.0 1.1270713116458921
906.5 0.5990016218317248
907.0 1.1174360474287317
907.5 1.3612240283165487
908.0 0.8337922954967765
908.5 1.624090943255421
909.0 0.6018170869815923
909.5 1.5269124989244418
910.0 0.7335723289103175
910.5 0.595169347197412
911.0 0.6848804061619808
911.5 0.8751537990681301
912.0 1.1606815957831103
912.5 0.5029729479692584
913.0 1.3759496453816116
913.5 1.3152947574051042
914.0 1.5602534950248792
914.5 0.2
915.0 1.6862145515711977
915.5 0.6768692610419423
916.0 0.6642467093317715
916.5 1.0305075072917385
917.0 1.051010949507942
917.5 0.47067888038232686
918.0 0.652757644583825
918.5 0.8685229396996219
919.0 0.8726768034384796
919.5 0.661835477973272
920.0 1.0353461222973852
920.5 1.4210385024020198
921.0 0.5266270193521412
921.5 0.6082393320147575
922.0 0.7688060012280746
922.5 1.0000498219576273
923.0 1.6248433826710298
923.5 0.7257300120219511
924.0 1.6151834989591156
924.5 0.818317120691863
925.0 0.6106745477649581
925.5 0.6980550566592194
926.0 0.8123905223044727
926.5 0.9455618952513762
927.0 1.0298526261943381
927.5 1.2965040400710994
928.0 1.5316736118218022
928.5 1.19027319777285
929.0 0.5937613558945469
929.5 1.3190953969005628
930.0 0.9564443623431145
930.5 1.219209640654041
931.0 0.6472519703645185
931.5 0.9019890080568782
932.0 0.6454254319134007
932.5 1.363044025874681
933.0 1.0460251257661257
933.5 1.305230477905976
934.0 0.8024219911001627
934.5 1.0568560250326244
935.0 1.0785535365016852
935.5 0.5033122674049886
936.0 1.1105014357135765
936.5 0.8119972922830477
937.0 0.9550345631380633
937.5 0.6443864454158534
938.0 0.6161170888060614
938.5 0.6568623444366373
939.0 1.0118152764889996
939.5 1.8150083333427864
940.0 0.7278495368720279
940.5 0.5699748126533258
941.0 1.8189042826179973
941.5 1.3661135376658127
942.0 1.7090963183348675
942.5 1.4221097987664275
943.0 1.344258333786764
943.5 1.2533213058957824
944.0 0.7299545479430489
944.5 1.2021238499396234
945.0 2.0877082092117614
945.5 1.0336238715364918
946.0 0.7821167954215631
946.5 0.5085686796239832
947.0 1.7167565456085265
947.5 0.9945830018415037
948.0 0.8624507959466161
948.5 1.0980432910799514
949.0 0.7338394125692552
949.5 1.089018798492147
950.0 1.423058161275088
950.5 1.73959917728531
951.0 0.8766738249757551
951.5 1.018900160840205
952.0 1.305582920378506
952.5 1.5089755501025208
953.0 0.5917702360323327
953.5 0.8068757712535563
954.0 2.024421515404987
954.5 0.7818582505005878
955.0 0.7284924860554787
955.5 1.2393835589099904
956.0 0.49861963446380253
956.5 0.8102124171737725
957.0 0.6689119511230507
957.5 0.6267039737860526
958.0 0.8954099373066771
958.5 1.5147256000619982
959.0 1.2111476373002956
959.5 0.8129582702844195
960.0 0.5738653565260081
960.5 0.8193712960519604
961.0 1.597062479882815
961.5 0.8899533011652231
962.0 1.9231056566530227
962.5 1.1150283824548235
963.0 1.1943461031341487
963.5 1.0060068285092276
964.0 1.0177431044592933
964.5 1.1699782199683482
965.0 1.437660915935499
965.5 0.86242897268954
966.0 1.5423233938751477
966.5 0.8827021901149409
967.0 2.3888992168547536
967.5 1.011826800238948
968.0 1.4819515374733796
968.5 0.9123678137075477
969.0 0.8949227083153362
969.5 1.0298433716453528
970.0 1.2100407107589235
970.5 0.745685245392302
971.0 1.5463890354773846
971.5 1.07517659172071
972.0 1.0190613855011288
972.5 0.6699421613668424
973.0 0.9754895579943083
973.5 0.655352645593315
974.0 1.3295399143618467
974.5 0.9478677342423258
975.0 0.6588709860932346
975.5 1.0074049714312148
976.0 0.9706958712594835
976.5 1.3416485386359183
977.0 0.9521204039608722
977.5 0.5240068580571091
978.0 2.045777171229465
978.5 1.4393692483809626
979.0 0.8961710162055474
979.5 2.044527093902768
980.0 0.8984554395282229
980.5 2.267061603312706
981.0 1.1387344347701789
981.5 1.168442080216263
982.0 0.7674869640342832
982.5 1.1148954999067486
983.0 1.177680879227172
983.5 1.0799813035082848
984.0 1.616216301448823
984.5 0.7424715324445279
985.0 0.5093917876752793
985.5 1.1744531784867323
986.0 1.1605233204753058
986.5 0.3192404874894628
987.0 0.851117048990222
987.5 0.8601223420825528
988.0 0.4897304744081137
988.5 0.7654374556607106
989.0 0.7590111858880095
989.5 1.1378287762019195
990.0 2.2055738075434563
990.5 0.3062459156189743
991.0 0.9018408253523843
991.5 0.7633993448145038
992.0 0.692268981109583
992.5 0.6755282688851499
993.0 1.8201745128307087
993.5 0.9170155528824337
994.0 2.323294650694322
994.5 0.8631177759110308
995.0 1.2313288440134849
995.5 1.0196355578972611
996.0 0.9082016933893915
996.5 1.4690399428211922
997.0 0.9931356756264699
997.5 0.7709677367839487
998.0 1.8202021594301239
998.5 1.805941649605298
999.0 1.1921160836027385
999.5 1.4422017990776617
1000.0 1.127134596540969
1000.5 0.6903237103653047
1001.0 0.7209907468802828
1001.5 0.9363884438376036
1002.0 1.1589981916845633
1002.5 1.2255889594147247
1003.0 0.8635296505197311
1003.5 1.0899084347927441
1004.0 1.0479395479678377
1004.5 1.158194867548322
1005.0 0.7465415995826183
1005.5 0.6394084098312494
1006.0 1.4888459465287087
1006.5 0.7098047236322156
1007.0 0.8700141982152176
1007.5 1.4729566953396016
1008.0 0.8364758665829477
1008.5 0.8622395146208605
1009.0 0.8621397674978228
1009.5 0.3332716547654241
1010.0 1.35589334730445
1010.5 0.7812705547213807
1011.0 0.766195673485651
1011.5 0.9919003076036296
1012.0 1.0943538613839825
1012.5 0.7799272360825339
1013.0 0.6647987633401142
1013.5 0.4185831545373536
1014.0 0.7759805689118837
1014.5 0.6795056540303954
1015.0 1.2131170829317468
1015.5 1.5157517712247652
1016.0 1.2158407344265416
1016.5 1.6936951756139873
1017.0 0.9951085190445605
1017.5 1.2481989850254336
1018.0 0.9738833181701456
1018.5 1.1227125706715277
1019.0 0.354875001196734
1019.5 2.192592650242352
1020.0 0.636619162410149
1020.5 0.5668662099184345
1021.0 0.5270095743354739
1021.5 1.3321241318850694
1022.0 1.0483105679906852
1022.5 0.9813706986855919
1023.0 1.4308155716884965
1023.5 0.8238625471340479
1024.0 0.7682496151370263
1024.5 0.6364974386811229
1025.0 1.1321749438051967
1025.5 1.2372596275102468
1026.0 0.594580060339712
1026.5 0.90221647394985
1027.0 1.0509953389988165
1027.5 1.531760813266545
1028.0 0.5545737979818699
1028.5 0.826968112279714
1029.0 0.8713122514433906
1029.5 1.6117979544593708
1030.0 0.7421383606691856
1030.5 0.7306081518191614
1031.0 0.8578649415719465
1031.5 1.0801858919936853
1032.0 0.7174304821623287
1032.5 0.6893913105697485
1033.0 1.5151924045066671
1033.5 1.7738114766335515
1034.0 1.9758106736854106
1034.5 0.48042294015159426
1035.0 1.2470266769294394
1035.5 0.2
1036.0 0.6159082154598179
1036.5 0.6805606230201695
1037.0 1.3042067158360133
1037.5 0.8757676924028117
1038.0 1.7400431222516088
1038.5 1.0137920896869619
1039.0 1.5262204099636745
1039.5 1.4827411112461597
1040.0 1.1411869448025413
1040.5 0.8436309500357918
1041.0 1.2972574221287019
1041.5 0.7434521148585096
1042.0 1.64110336107606
1042.5 0.842398842015712
1043.0 0.577174068500253
1043.5 0.3380634154224106
1044.0 0.7293368484898543
1044.5 0.2976652086101522
1045.0 1.012346737636307
1045.5 0.7323355181083201
1046.0 1.265026613435079
1046.5 0.9214462935646239
1047.0 0.5961919699424465
1047.5 1.5944943671371439
1048.0 0.9081634466471857
1048.5 1.0608202503356616
1049.0 1.2074296055148892
1049.5 1.2429873420423863
1050.0 1.0075382792472354
1050.5 0.9938507067263327
1051.0 0.7901817783216966
1051.5 1.1646025860139884
1052.0 0.9499167327387439
1052.5 1.0276472642347672
1053.0 1.5818950579480364
1053.5 1.004082264781419
1054.0 0.9570401219410174
1054.5 0.4762461407536652
1055.0 1.019210472007432
1055.5 0.6501732282645856
1056.0 1.02964053032302
1056.5 1.1014292800709835
1057.0 0.5113228557600962
1057.5 1.5130887661041437
1058.0 1.1076848490904838
1058.5 0.8506227495083104
1059.0 1.55516667915233
1059.5 0.7098078262053641
1060.0 0.8264224754454719
1060.5 1.0619726202719861
1061.0 1.103353094633189
1061.5 0.9521852206673717
1062.0 1.833427953846961
1062.5 0.7988174556363549
1063.0 1.0568369269854598
1063.5 0.8072195958420922
1064.0 0.7017754417717537
1064.5 1.12296735338844
1065.0 0.2
1065.5 1.0887428616199624
1066.0 0.6183710285215076
1066.5 1.0633267105808764
1067.0 0.7071728850718223
1067.5 0.5623900719170525
1068.0 0.9850627275127612
1068.5 1.3596938953916247
1069.0 0.7138288631483987
1069.5 0.9478469323810779
1070.0 1.7155656595839672
1070.5 0.9738258155115421
1071.0 0.9296993301513078
1071.5 1.5765991229731477
1072.0 1.6485880513974536
1072.5 0.810199989387045
1073.0 0.539369956971735
1073.5 0.8959148786722344
1074.0 0.9181440292244547
1074.5 1.419958877846645
1075.0 0.878959598458022
1075.5 1.1819350662477732
1076.0 1.0739386797514778
1076.5 1.1108171728365033
1077.0 1.0060945700956427
1077.5 0.7968199862533579
1078.0 1.2833862044545734
1078.5 1.5747238203524483
1079.0 0.9098959597110667
1079.5 0.8599113040461117
1080.0 0.5416978120663651
1080.5 1.5664108006931436
1081.0 0.5537703088015494
1081.5 0.8419947901872875
1082.0 0.6055427349041632
1082.5 0.6710642124056712
1083.0 2.1512016261647675
1083.5 1.181825584887669
1084.0 0.9487456234971103
1084.5 0.8907374884498205
1085.0 0.8214841633752081
1085.5 0.710194866952156
1086.0 1.2630010466521702
1086.5 0.5126045284543432
1087.0 0.2
1087.5 1.1389027575139374
1088.0 0.7136446100160085
1088.5 1.0156941492900002
1089.0 0.4338535431629661
1089.5 2.077811451002055
1090.0 0.6703422381814774
1090.5 0.5422892425956161
1091.0 0.620079873700333
1091.5 1.1582103223619407
1092.0 2.181774651959576
1092.5 0.6048381158298619
1093.0 1.0169329525842126
1093.5 0.8337486775177952
1094.0 0.6284476354189398
1094.5 0.8438996486330737
1095.0 0.5924564444910657
1095.5 0.6047799269058748
1096.0 0.9361810598483915
1096.5 0.9744992649347783
1097.0 0.7301851547237513
1097.5 0.7678610467789307
1098.0 1.0788597772078394
1098.5 0.626791656621094
1099.0 0.7989958499760782
1099.5 0.7350149328706741
1100.0 0.8436059383930328
1100.5 0.4825795635128423
1101.0 0.8366601130921316
1101.5 1.2923975891933814
1102.0 0.9207163378683617
1102.5 0.5474515440397818
1103.0 0.9112851512558333
1103.5 0.6094390551314637
1104.0 0.8600656414658039
1104.5 1.2031899004620183
1105.0 0.3799103388797963
1105.5 0.9574038595239414
1106.0 1.1895804741945057
1106.5 0.9294421597925933
1107.0 1.3895384342397774
1107.5 0.6764105983892914
1108.0 0.692499517971416
1108.5 2.2244603394830262
1109.0 0.5349277191146282
1109.5 0.974469204069542
1110.0 0.9886535705157619
1110.5 1.0087469321151077
1111.0 1.3401176782922541
1111.5 0.730200953302631
1112.0 0.5483235650795619
1112.5 0.6022472995888448
1113.0 1.4182794245070967
1113.5 0.989787190630746
1114.0 1.311269761935254
1114.5 0.8538724279980245
1115.0 1.1321624125162955
1115.5 1.4697753580354518
1116.0 0.6100517946481898
1116.5 0.7758257304666373
1117.0 1.3029811403508904
1117.5 1.1580694053499818
1118.0 1.0889731074730942
1118.5 1.5602271818653213
1119.0 1.193267256207297
1119.5 1.0825365919120382
1120.0 1.2615604230904383
1120.5 0.7626996492867594
1121.0 1.4502694262511902
1121.5 1.1113557039554611
1122.0 0.7438945524652306
1122.5 1.3527233584645502
1123.0 0.6976122611943791
1123.5 1.8852896029379371
1124.0 0.5127489907168881
1124.5 0.7742265044506134
1125.0 0.7146399768364563
1125.5 1.1294387808037685
1126.0 0.7333724094963667
1126.5 0.9013806084855969
1127.0 0.8476966973371091
1127.5 1.2925173891771449
1128.0 1.2250663776045503
1128.5 1.5781117223998362
1129.0 0.7591269065359101
1129.5 1.3287719180314315
1130.0 1.118123678545314
1130.5 1.7656885133923343
1131.0 1.1131533261362945
1131.5 0.8917753995530597
1132.0 1.1721739022137028
1132.5 0.7649086386508586
1133.0 0.9524822511331317
1133.5 0.29466633804437226
1134.0 0.7489442063153684
1134.5 1.950349995207835
1135.0 1.0624015901738173
1135.5 0.8738084492481195
1136.0 1.1255914011545838
1136.5 1.0580460879004705
1137.0 0.7223637564797418
1137.5 0.6516511930496423
1138.0 1.3389239697192639
1138.5 1.249206966383729
1139.0 0.6049261738321763
1139.5 0.6285984473950557
1140.0 1.1258340080917582
1140.5 1.739932309937927
1141.0 1.2315024289891232
1141.5 0.8449453254293506
1142.0 0.7051654755001667
1142.5 0.4089679888880673
1143.0 0.7776659207706982
1143.5 0.7116439726949025
1144.0 1.1375979433042718
1144.5 0.9025340692471993
1145.0 1.442801962392529
1145.5 0.9749397695538616
1146.0 1.2302802979927905
1146.5 1.4324599482750937
1147.0 1.7620233553496036
1147.5 0.599038427858697
1148.0 1.0235631575576305
1148.5 2.0634521574114357
1149.0 1.0371292116304338
1149.5 1.277805361178478
1150.0 0.5226429715667058
1150.5 0.9470518103015795
1151.0 0.602251885888398
1151.5 1.2919715418510378
1152.0 0.7054452231581061
1152.5 1.9642756421527157
1153.0 1.6830889520260075
1153.5 0.8584973790654595
1154.0 1.4345846582424633
1154.5 1.2385609885194215
1155.0 1.370112823065135
1155.5 1.7061977652407303
1156.0 0.7146013996465165
1156.5 0.9921839447351654
1157.0 0.6045280036282508
1157.5 1.2451593014449465
1158.0 1.190490535596286
1158.5 0.8729849027145028
1159.0 0.27672815935246875
1159.5 0.396148024634252
1160.0 0.7975920418247695
1160.5 1.204177429188343
1161.0 1.2072353695514257
1161.5 1.8406088765168191
1162.0 0.6206525564060866
1162.5 0.7585872834176315
1163.0 0.9684052567641019
1163.5 1.6963312388476335
1164.0 1.081855242287817
1164.5 1.3800473715650619
1165.0 1.0053656670097846
1165.5 1.267380657357041
1166.0 1.2477369982827855
1166.5 1.3323987401094586
1167.0 1.5331909594436703
1167.5 0.8432948671519973
1168.0 1.586621320855031
1168.5 0.9495278728730757
1169.0 1.494500749826047
1169.5 0.9717729931821162
1170.0 0.756212451670586
1170.5 0.5910060379878898
1171.0 1.2953147319880474
1171.5 0.7026504911702101
1172.0 0.9453351634490689
1172.5 0.9993270074571678
1173.0 0.9324641576832703
1173.5 0.8744170812415393
1174.0 1.6398186996891342
1174.5 0.9963349689423682
1175.0 1.111831951528726
1175.5 0.7277060153639067
1176.0 0.7755439229841503
1176.5 0.9436161645001291
1177.0 0.755162625729701
1177.5 1.1719734554722274
1178.0 1.1848171696543988
1178.5 2.042213582151136
1179.0 0.5429428128948515
1179.5 0.9195038785119509
1180.0 1.722100919565218
1180.5 0.8528206733119665
1181.0 1.117687453370885
1181.5 0.5053393023841162
1182.0 0.9365930840199231
1182.5 0.6124932554123843
1183.0 1.259177720687636
1183.5 0.6760179822101438
1184.0 0.748466230986893
1184.5 1.6952393788570013
1185.0 0.9467240670694987
1185.5 0.5996060375946533
1186.0 0.6946937333267956
1186.5 1.1994572941709536
1187.0 1.1206060759269096
1187.5 2.1254018926596934
1188.0 0.913621936551614
1188.5 0.4835926021795668
1189.0 1.1005482865511493
1189.5 1.241145583635588
1190.0 1.3879244657509804
1190.5 1.0626695809981839
1191.0 0.9618641696360458
1191.5 1.0378663418549734
1192.0 2.820956379337
1192.5 1.7581375041353242
1193.0 0.7027879823490524
1193.5 0.6777866678418178
1194.0 1.3357514206847636
1194.5 0.7055572771834921
1195.0 1.1907504693617876
1195.5 1.2381227043114333
1196.0 1.9091262141762102
1196.5 1.2757752728034757
1197.0 1.6514727864875989
1197.5 0.8699669734874935
1198.0 0.5731293733083629
1198.5 0.39707796967807407
1199.0 1.0312386031592058
1199.5 1.0016360531196524
1200.0 1.1700686384848806
1200.5 1.142781753357017
1201.0 1.4445720289802635
1201.5 0.7304339608424194
1202.0 1.2166274685372003
1202.5 1.7429281863245811
1203.0 0.5003362655165446
1203.5 0.8662012967056182
1204.0 0.9585446169132892
1204.5 1.2123278099425292
1205.0 1.0151967406597469
1205.5 0.5089393218457461
1206.0 0.6157706284623213
1206.5 0.5542258050252754
1207.0 1.1218553540663483
1207.5 1.4390188950709657
1208.0 1.2672804982142032
1208.5 0.6363241004003801
1209.0 0.8283339193189315
1209.5 0.956482582547987
1210.0 0.7977878056041791
1210.5 1.7569446683468675
1211.0 0.7003680273554572
1211.5 0.7830674926432235
1212.0 0.40401858868709944
1212.5 0.6701776623573338
1213.0 0.8868471118745141
1213.5 1.2128747763443444
1214.0 1.0765266347241536
1214.5 1.3812837041251969
1215.0 0.7862835095054685
1215.5 0.7913873550763728
1216.0 1.326917332429407
1216.5 1.1539728505870006
1217.0 0.7401195046944516
1217.5 0.8576207084186154
1218.0 1.1889678725829618
1218.5 0.7300086954219605
1219.0 0.8140104347120163
1219.5 1.1153634049538381
1220.0 1.2998565483566478
1220.5 0.889714490461413
1221.0 1.1724247087337663
1221.5 1.1037323716043361
1222.0 0.9779701723216642
1222.5 0.520705322692691
1223.0 1.462252500351326
1223.5 1.2419594979216937
1224.0 1.0903586341384797
1224.5 1.4520076888839033
1225.0 1.7669927598052384
1225.5 1.1184026439797479
1226.0 0.4526432488123402
1226.5 0.9624030097903329
1227.0 0.3705112780817448
1227.5 0.8823292609703791
1228.0 1.4544332318441224
1228.5 0.9015261848162408
1229.0 1.1177465875555903
1229.5 1.1636609760674794
1230.0 1.1767670605431015
1230.5 1.3070532583593675
1231.0 0.875306879207764
1231.5 0.46773819723088206
1232.0 0.5876014680999682
1232.5 1.1742234064855515
1233.0 0.9256985808305151
1233.5 0.7027641074733058
1234.0 0.8433782871464788
1234.5 1.205912492068277
1235.0 1.601889591293173
1235.5 0.6901233750553752
1236.0 0.9696776404773553
1236.5 1.043674990154673
1237.0 0.9542443181628784
1237.5 1.1924969282059936
1238.0 1.191419110114706
1238.5 0.9218818221717006
1239.0 0.9019511121231016
1239.5 1.3932855740940662
1240.0 0.6632498523321315
1240.5 0.9631166588355718
1241.0 0.914779483982141
1241.5 0.7807707618241015
1242.0 0.8952743347255268
1242.5 0.7592847824405374
1243.0 1.243016683769317
1243.5 1.1161202641795254
1244.0 1.2175091067341426
1244.5 1.998914026318316
1245.0 0.5518548862522417
1245.5 0.7063823104363709
1246.0 1.669935694675932
1246.5 1.6103590216032493
1247.0 1.5897605677592312
1247.5 1.581474867163465
1248.0 0.6585843809113439
1248.5 0.9736528014746304
1249.0 0.9447696171249347
1249.5 0.9850337806441163
1250.0 0.5643428765684282
1250.5 1.31023867947998
1251.0 1.4140839172460284
1251.5 0.5186754802644518
1252.0 1.3493107402634343
1252.5 0.8369734649321416
1253.0 0.29177101789994586
1253.5 1.5123871972376328
1254.0 1.288753699143681
1254.5 0.42255196562129593
1255.0 1.714690221037912
1255.5 1.298656529796543
1256.0 1.5161399626303567
1256.5 1.9177222530429532
1257.0 1.6086197942610747
1257.5 0.8866971043536784
1258.0 1.5537627884367997
1258.5 1.6895278667199776
1259.0 1.2057428291086487
1259.5 1.1277424219569283
1260.0 0.9967913519203719
1260.5 0.905233851221979
1261.0 0.44969336744323457
1261.5 0.89567138928858
1262.0 1.1091345436736573
1262.5 1.4922212387824163
1263.0 1.2317859365269992
1263.5 1.1308056958411679
1264.0 1.2860306335013059
1264.5 0.6008270445679446
1265.0 0.9190225700023402
1265.5 1.3100442343688798
1266.0 0.6597143364620659
1266.5 1.1642981802287915
1267.0 0.7658598853854943
1267.5 1.1936412398908027
1268.0 1.0298909957633833
1268.5 0.768485503082099
1269.0 0.8752810951131197
1269.5 1.8456912187001984
1270.0 0.8877791138450474
1270.5 0.9045704057300373
1271.0 1.4859202178000959
1271.5 0.9582112318410513
1272.0 0.6144328613368354
1272.5 0.8436314226365724
1273.0 0.3806925148517575
1273.5 1.4418380737434755
1274.0 0.6868068740285417
1274.5 1.0177585048686182
1275.0 0.8610067792708439
1275.5 0.8447611700394471
1276.0 1.8898388781369246
1276.5 1.1159945683986983
1277.0 0.7221579863483237
1277.5 1.2469007913781545
1278.0 0.4337311212488292
1278.5 0.9719434954720528
1279.0 0.22261007058914206
1279.5 0.5367141593721789
1280.0 1.4323231200341602
1280.5 1.2043131663366928
1281.0 0.4505121472254665
1281.5 1.0690790595967656
1282.0 0.8152614232782742
1282.5 1.3201188723175354
1283.0 1.0155568949035683
1283.5 1.7028547820215207
1284.0 0.9389564960756054
1284.5 1.3010208728827828
1285.0 0.9359518468201564
1285.5 1.0349457953773755
1286.0 1.0148864183046182
1286.5 1.0302272648364466
1287.0 1.696851008705135
1287.5 1.1498773733056056
1288.0 0.4531754266176773
1288.5 1.1997522702259116
1289.0 0.4593344239901853
1289.5 0.5270995379355399
1290.0 0.3756456344263128
1290.5 0.7261828325568833
1291.0 0.8042618579867726
1291.5 0.9335663192074806
1292.0 1.5283931478063004
1292.5 0.41093878344463153
1293.0 0.977161807191815
1293.5 0.6525123858084152
1294.0 0.612526028492345
1294.5 1.1971103338764775
1295.0 1.1415639139350513
1295.5 1.254343777631493
1296.0 1.499909006865508
1296.5 0.9922599310078217
1297.0 1.185544804232466
1297.5 1.8823416364528964
1298.0 1.1767732736638963
1298.5 0.49642328764548543
1299.0 0.7268580998210105
1299.5 1.2013584603772016
1300.0 0.7228898576442213
1300.5 0.9179012184701443
1301.0 0.8183394755663992
1301.5 0.9372111959194263
1302.0 1.1123879977117617
1302.5 0.7318215138965549
1303.0 0.8317239215143205
1303.5 1.2148399710512736
1304.0 1.7754162421649888
1304.5 1.0002379971812494
1305.0 1.2017455865213122
1305.5 1.1296284589074301
1306.0 1.7126499146526553
1306.5 1.1201147970715053
1307.0 0.5086151158172294
1307.5 0.8629312788367443
1308.0 0.6604578575115421
1308.5 1.000113132223699
1309.0 0.5412749299093293
1309.5 0.8804906201184945
1310.0 1.026116426128207
1310.5 0.7175547587495208
1311.0 0.9887450476631903
1311.5 0.9589545568236972
1312.0 1.0305394156060883
1312.5 0.7303064820975367
1313.0 0.8828247672800185
1313.5 0.9741429637452278
1314.0 0.8778085108452673
1314.5 0.7026336832483602
1315.0 1.1286579892304474
1315.5 1.55972745316416
1316.0 1.1772454424693848
1316.5 1.1861416091223067
1317.0 0.7192939308793663
1317.5 0.6171492712443059
1318.0 0.882982765171223
1318.5 0.5895558016548672
1319.0 0.8053889324987793
1319.5 1.5093845473133483
1320.0 1.3214024881070077
1320.5 0.6386190824759759
1321.0 1.2961564513645896
1321.5 1.3418845528168633
1322.0 0.572495215799143
1322.5 1.0003130495738977
1323.0 0.48428791415675565
1323.5 1.1854412947068664
1324.0 1.1468274795187936
1324.5 0.8382498004416257
1325.0 0.7458531189387154
1325.5 1.2484150638809401
1326.0 0.22553392126579996
1326.5 1.546771519810079
1327.0 0.5156683499607969
1327.5 0.7903575837615905
1328.0 1.135717260148288
1328.5 1.2167674255442327
1329.0 0.9445758755170771
1329.5 0.9423366376828054
1330.0 0.7812349459382126
1330.5 1.3962501966077991
1331.0 1.226134409049758
1331.5 0.9324460327711205
1332.0 1.4099557581642397
1332.5 2.3320611374018414
1333.0 1.7663042248581537
1333.5 1.2859835777944242
1334.0 1.113875209713675
1334.5 0.697159940539672
1335.0 0.9698621870952564
1335.5 0.3936189345997597
1336.0 0.6480687859525094
1336.5 1.141801373210014
1337.0 0.9485490487419453
1337.5 0.8652782029080586
1338.0 1.4745178213795733
1338.5 1.1903959286134396
1339.0 1.0211422137971864
1339.5 0.7343102455659996
1340.0 0.3216020743057245
1340.5 1.3067211806793546
1341.0 1.4246145519657492
1341.5 1.2186027953048462
1342.0 2.1679509783679083
1342.5 1.5059636883648215
1343.0 1.2697482483362443
1343.5 1.0833349993673078
1344.0 1.2856684298699066
1344.5 0.6701208043768379
1345.0 1.6465466805699713
1345.5 1.0173170312229913
1346.0 0.6685271580976937
1346.5 1.3925654144190194
1347.0 0.5767047156020294
1347.5 0.5314191146956916
1348.0 0.8106207322935348
1348.5 0.5961272279728119
1349.0 0.5525378596272603
1349.5 1.107180103270207
1350.0 0.9351817017887714
1350.5 1.033217765517568
1351.0 0.8667245013403861
1351.5 0.8287365196034854
1352.0 0.5429144227226164
1352.5 0.9723021478044044
1353.0 0.964670455591496
1353.5 0.6222970868590718
1354.0 0.7397150852268222
1354.5 1.6683926226673038
1355.0 0.2555293991274111
1355.5 1.954957772384872
1356.0 1.6861964221544632
1356.5 0.9265486074022099
1357.0 0.7968036433334311
1357.5 1.0719607322255837
1358.0 1.1090363692587069
1358.5 0.9678244683082056
1359.0 0.5772903337997278
1359.5 1.8268247999337257
1360.0 0.5765990116709692
1360.5 0.8527549638301302
1361.0 0.732687857173157
1361.5 0.5922917118683717
1362.0 1.0087751323407461
1362.5 1.2399308389319663
1363.0 0.2
1363.5 1.2300134671349485
1364.0 0.7704974492819119
1364.5 1.061987074338567
1365.0 1.147149652859241
1365.5 1.140464911007077
1366.0 1.0786692430621372
1366.5 1.5757193617460827
1367.0 0.5858295312658277
1367.5 0.6516100498368905
1368.0 1.0259630937445159
1368.5 1.1496571953918289
1369.0 0.40295343359146785
1369.5 0.7348101104887269
1370.0 1.2440648801148884
1370.5 2.496020725294288
1371.0 0.6344529807111969
1371.5 0.8472223286086765
1372.0 0.7349254883783345
1372.5 1.664024750739673
1373.0 0.7037422601774299
1373.5 0.541077301194528
1374.0 0.7798576921901177
1374.5 0.572167502153837
1375.0 0.8961175921216948
1375.5 0.4837797718475514
1376.0 0.8914726950068104
1376.5 1.2404553730353982
1377.0 0.8417251443212157
1377.5 0.7709435020504845
1378.0 0.732751953369683
1378.5 0.8426333439828556
1379.0 1.2285381672127915
1379.5 1.6635621598562356
1380.0 1.1037701614575235
1380.5 1.1768011887245091
1381.0 1.327287455800021
1381.5 1.8348110323377513
1382.0 1.0406272607335367
1382.5 1.1806779968856929
1383.0 0.9498550339618483
1383.5 1.228353027148999
1384.0 0.9020291719097847
1384.5 1.264941289634447
1385.0 2.464538533062987
1385.5 1.7593281681622366
1386.0 1.2135957223490998
1386.5 0.8933048520724891
1387.0 0.7104329658950919
1387.5 1.2821052379703337
1388.0 0.8039089196910267
1388.5 1.3507731219689076
1389.0 0.8565939851827999
1389.5 1.0839222367744907
1390.0 0.8406523431369245
1390.5 1.8943859515776094
1391.0 0.8676128159441714
1391.5 0.9424984080318995
1392.0 0.42567341841938067
1392.5 1.076840696845426
1393.0 0.9525660698887292
1393.5 1.3768501922683152
1394.0 0.843283148243005
1394.5 1.0872585987416965
1395.0 0.683427793716957
1395.5 1.0277090592387998
1396.0 1.1747004965929104
1396.5 0.7721748329944682
1397.0 0.6538452168877913
1397.5 0.906591771185838
1398.0 1.3442114129528058
1398.5 0.8127815865773762
1399.0 0.9056010032949677
1399.5 0.6378813723872371
1400.0 1.1682510462241413
1400.5 0.8026877829696049
1401.0 1.0837585969010426
1401.5 1.3073142360556518
1402.0 0.8011248111980902
1402.5 1.477185510519618
1403.0 1.3997695033362367
1403.5 0.996301678237112
1404.0 1.6879525031558864
1404.5 1.3400183883021524
1405.0 1.1677159293222088
1405.5 1.072212924990398
1406.0 0.3127245080979809
1406.5 0.5854546182234003
1407.0 1.738904104993889
1407.5 1.014284184284116
1408.0 1.429158151468855
1408.5 0.8679101734074912
1409.0 0.8798881813195049
1409.5 0.6554416578191523
1410.0 1.1054513190715047
1410.5 1.0560942419638617
1411.0 1.150440658359585
1411.5 0.9751329690496713
1412.0 1.3336131217188125
1412.5 0.46017779218293975
1413.0 0.5253536974066314
1413.5 0.7539409521674417
1414.0 1.2783210314558913
1414.5 1.9351182750818916
1415.0 0.9242414925715857
1415.5 1.0852621829170186
1416.0 0.7947446156369481
1416.5 0.7268535395837574
1417.0 1.2147445166713076
1417.5 1.5757938636987272
1418.0 0.5581139576443979
1418.5 0.834071349678827
1419.0 0.9315359471331282
1419.5 1.1899673391405008
1420.0 0.6428169829044583
1420.5 1.1232304865856968
1421.0 0.7128053322192578
1421.5 0.8363618722997361
1422.0 0.7239117041931991
1422.5 0.7711367553450882
1423.0 0.5601783058440111
1423.5 0.8252820225498814
1424.0 0.9146775698886284
1424.5 1.1847793393011652
1425.0 0.2
1425.5 1.50839656294984
1426.0 1.5963734175465527
1426.5 1.4112556759742367
1427.0 1.6257634758160369
1427.5 1.0263258923054972
1428.0 1.0645871730276402
1428.5 1.0111059442293011
1429.0 1.3348422006217588
1429.5 0.9415039461793588
1430.0 0.8888323588898212
1430.5 0.6796082099214931
1431.0 0.5650393176070714
1431.5 1.7007585591589391
1432.0 0.8910547050839842
1432.5 0.8311035356769312
1433.0 0.8188424811736316
1433.5 0.6245314673294157
1434.0 0.8000390564859469
1434.5 2.49101080145656
1435.0 1.052258516431677
1435.5 2.615840958435416
1436.0 1.3159348094456167
1436.5 0.542643971448633
1437.0 0.4645332883593595
1437.5 0.7195751675697044
1438.0 1.105518907163637
1438.5 1.0131828261857017
1439.0 1.6792407706412227
1439.5 0.5001850640265783
