0 1.2833930022621534
0.5 0.565940847903806
1.0 1.1321389979436023
1.5 0.6882344005274709
2.0 0.7792316612997094
2.5 2.0448643756390226
3.0 0.9398821097095206
3.5 0.8530041795442697
4.0 1.4119081477838331
4.5 1.0459569028217501
5.0 0.8818739666585855
5.5 1.2565524355150335
6.0 0.9380402614475525
6.5 0.653040286524706
7.0 0.5345408366728048
7.5 0.3933997611427942
8.0 0.6224970258383344
8.5 1.1983312509276716
9.0 1.0695223204663384
9.5 1.4342299997450358
10.0 1.0280274010663097
10.5 0.6830448064085382
11.0 0.8291860485124015
11.5 1.8163777270829846
12.0 1.3326361381665546
12.5 1.935407718839366
13.0 0.7390905685945626
13.5 1.4026662338982914
14.0 0.9284951494180994
14.5 1.3359551129050211
15.0 1.0681583936461978
15.5 0.9466256961613075
16.0 0.9628605039743241
16.5 0.834950230320905
17.0 0.565402968829813
17.5 0.8620168896753423
18.0 1.1710577992417683
18.5 0.7559078622171354
19.0 1.1407442983553864
19.5 0.8088877865887428
20.0 0.7183403545117472
20.5 0.6233883915510121
21.0 1.5670667363796338
21.5 1.1215703548449123
22.0 0.8536500261273516
22.5 0.9444091057194135
23.0 0.7936179804959862
23.5 0.7892944141737878
24.0 1.3028575527768136
24.5 0.9494938434431535
25.0 0.44584828414430233
25.5 0.8889371073014966
26.0 0.9152417487321289
26.5 0.682503722347565
27.0 0.783566747615504
27.5 0.9173786404447879
28.0 1.0762117600487762
28.5 0.7336878743804272
29.0 0.9800027230804612
29.5 0.9629623376533176
30.0 1.5847437092200463
30.5 0.6031245540858031
31.0 0.5279020892571211
31.5 0.5791189574248143
32.0 0.718465033157508
32.5 0.6755344774125037
33.0 0.6038771148926032
33.5 1.0529111692863635
34.0 1.1638969904919056
34.5 0.6464876969358739
35.0 1.6411987849162712
35.5 0.8922040005223484
36.0 0.9046059310314372
36.5 1.2501348662425578
37.0 1.3208695120280378
37.5 2.001132914359911
38.0 1.5496851904766404
38.5 1.3190230123943603
39.0 1.6379792754180587
39.5 1.2197816220353057
40.0 1.2201285133598154
40.5 1.5176260394535876
41.0 1.1075678873621362
41.5 0.894606815257084
42.0 1.1804471294419985
42.5 0.8097268602267259
43.0 0.7836303102728248
43.5 0.6232987368636336
44.0 1.690149077877905
44.5 1.3201995872727985
45.0 1.400745459763053
45.5 0.8191227353352595
46.0 0.8408011301313568
46.5 1.056529640571597
47.0 2.437383577673735
47.5 1.0296102605046669
48.0 0.8990459724405507
48.5 1.288503469243042
49.0 0.7902370528243238
49.5 1.4275529450362878
50.0 0.854873262860171
50.5 0.9826835795732203
51.0 1.1254772491055358
51.5 0.6688770271339741
52.0 1.8982264935567468
52.5 0.977467306352138
53.0 1.635188075977835
53.5 1.3728066570976614
54.0 1.1715245577961502
54.5 1.4985101509245031
55.0 1.001798556201658
55.5 1.4715082100002368
56.0 0.9731011065281032
56.5 0.20299261753180964
57.0 0.6638888902801722
57.5 1.8743941308569028
58.0 0.6247415240097118
58.5 1.6246154410049294
59.0 0.8351879984620971
59.5 1.0753331678068367
60.0 0.295770097721614
60.5 1.5741817990954776
61.0 0.30248057437070397
61.5 0.5903243943468263
62.0 1.0816407111343438
62.5 0.781892290547388
63.0 1.2626130827084685
63.5 0.8111346268569739
64.0 0.7235250080081689
64.5 1.6660855083523018
65.0 1.4415235882431046
65.5 0.5283157216311297
66.0 1.9607792564587379
66.5 0.7549550308231286
67.0 1.5517134948258624
67.5 0.5333125780983327
68.0 0.8015259795606244
68.5 0.9426473255191311
69.0 0.349745446589538
69.5 1.0054959133315657
70.0 1.181793336198705
70.5 0.7251665247344152
71.0 1.036790355431421
71.5 0.7440610596932624
72.0 1.0395141622227848
72.5 0.9102703744050519
73.0 0.6970497014236631
73.5 1.4060774203958764
74.0 1.0281781987070808
74.5 0.7466318290270467
75.0 0.8306699335768106
75.5 0.6700671450331641
76.0 0.6863131124172686
76.5 1.4314517963368638
77.0 1.0027995866349393
77.5 1.0881621410590832
78.0 0.5984730067185015
78.5 0.9788056979136784
79.0 1.517735334432834
79.5 1.246871584689897
80.0 0.7679032328945016
80.5 0.7063771692411036
81.0 1.8161102733395134
81.5 0.6328302989321875
82.0 0.8230080660938519
82.5 1.540187356613635
83.0 0.7440905145809638
83.5 0.7733881165466829
84.0 0.6232798069129603
84.5 0.2787999262838715
85.0 0.7227044807719035
85.5 0.6931826705435493
86.0 0.8806003343998571
86.5 2.3169544660287933
87.0 1.33555846659431
87.5 0.7951013735079915
88.0 1.0000738018397817
88.5 1.0660671044280599
89.0 1.5982463887200198
89.5 0.6830220197563084
90.0 0.6944284409063373
90.5 0.8810156631428625
91.0 1.1083902441724205
91.5 0.2
92.0 1.1413935165293285
92.5 1.3551932513611002
93.0 1.125052972800856
93.5 0.8413476406241789
94.0 0.8315491624240804
94.5 0.9001443362320346
95.0 0.9953884872575239
95.5 1.3939621389401102
96.0 0.816000525872583
96.5 0.9447890869629519
97.0 0.7587539872021507
97.5 0.8275161449178653
98.0 1.5279831650457454
98.5 1.8414807048463868
99.0 0.8531333307397567
99.5 0.6784861429687812
100.0 1.5038515823463916
100.5 1.0631247654053493
101.0 0.6779002243727051
101.5 0.9103642092261235
102.0 1.174441780904948
102.5 1.37634994434472
103.0 1.1177906912092244
103.5 0.949290727011171
104.0 0.6928506342882034
104.5 1.5097951015564666
105.0 1.321067871102642
105.5 2.4671995742226813
106.0 0.7376708193357775
106.5 0.8077862743578312
107.0 1.5977971147944248
107.5 0.8134957591919614
108.0 1.2395498397009717
108.5 0.9702038440983967
109.0 0.563925574424907
109.5 0.8602597971198302
110.0 1.0397643085751433
110.5 0.7782603866006332
111.0 0.8917504186301317
111.5 2.2068181421415147
112.0 0.741948631784975
112.5 1.335526067690902
113.0 0.9697431285053979
113.5 0.7926452508036529
114.0 0.7421410522725483
114.5 0.8523338185135809
115.0 0.6441100046126481
115.5 0.9556858299312317
116.0 1.0413520105314762
116.5 1.3055606604857168
117.0 0.58862551567182
117.5 0.7624101922935582
118.0 0.7357300690835682
118.5 0.6883787208139863
119.0 1.015966861154927
119.5 1.0951327907969814
120.0 1.4093371757253397
120.5 1.5322965394071608
121.0 0.864938309820855
121.5 0.4987364881372321
122.0 1.0590728131739546
122.5 1.2533591513374374
123.0 0.8139765461551851
123.5 0.921959811053278
124.0 1.0646665456797657
124.5 0.8426314074976334
125.0 0.8706727544990701
125.5 0.5464035700054592
126.0 0.8492704575073327
126.5 0.5719693796450216
127.0 0.8554809055296069
127.5 0.6629484211908254
128.0 0.6226524409458571
128.5 1.4364810900451253
129.0 0.9368188747787572
129.5 1.1335666561608728
130.0 0.6573543854043306
130.5 1.8218356706457777
131.0 1.1655626484150496
131.5 1.219902136715713
132.0 1.015095262984353
132.5 0.6812093210599612
133.0 1.5173951864388238
133.5 1.8665310054134636
134.0 0.9750126052844192
134.5 1.035983063772123
135.0 1.1902089032722272
135.5 1.0217097890940479
136.0 0.697109847301793
136.5 0.9404852290736213
137.0 1.1496006350904042
137.5 1.823561377376406
138.0 1.2893156553372285
138.5 1.136480751198254
139.0 1.531002781822395
139.5 1.0762865520913474
140.0 1.1966580272824205
140.5 0.5314478722969346
141.0 1.7637069152478904
141.5 1.6688955036468451
142.0 1.3540443774221405
142.5 1.3029274980206007
143.0 1.2674898007356252
143.5 1.1717715515312295
144.0 0.5518241850098204
144.5 1.2837123576510554
145.0 1.0516766314031147
145.5 0.5344340627469895
146.0 0.706620661238576
146.5 1.0081326953660277
147.0 0.8422302501614072
147.5 0.8995697224194346
148.0 1.2541264902611773
148.5 1.2090651456544004
149.0 0.9234214652545422
149.5 1.8057593912930208
150.0 0.47741113078920827
150.5 1.3812081651384909
151.0 1.0314825829893381
151.5 0.5160472030877372
152.0 0.6118902826096537
152.5 1.3748358114292243
153.0 0.8840162798514222
153.5 1.0470590074779837
154.0 0.5307967475473375
154.5 0.3768060190988904
155.0 1.446644316194798
155.5 1.2568036574043824
156.0 1.8600405608664046
156.5 1.10606837314175
157.0 1.7395876166530289
157.5 1.2629451843971204
158.0 0.5843623815667122
158.5 1.5869888603027031
159.0 1.0040822304650765
159.5 1.1599504428149525
160.0 1.2656024006098536
160.5 1.1931908525794646
161.0 1.26437101019619
161.5 0.9713871194807151
162.0 1.6203342612387686
162.5 1.0610530880610405
163.0 1.1856101055506423
163.5 1.2153778369458441
164.0 0.9807649750584927
164.5 0.8007209807366975
165.0 1.0363823280472446
165.5 1.1526279898732172
166.0 1.8214522817883658
166.5 0.6396497379304442
167.0 0.8169123684277064
167.5 1.3178151305873578
168.0 1.082360990843885
168.5 1.120505645924986
169.0 0.5477186962987105
169.5 1.1508638713571304
170.0 2.2980151078930757
170.5 2.1201004375740133
171.0 0.666387272586239
171.5 0.8453813208506585
172.0 1.7226581437753081
172.5 0.7891635073467724
173.0 0.7825467396240424
173.5 0.706804135920922
174.0 0.8849274493640907
174.5 1.5178967672235455
175.0 0.8062728690660725
175.5 1.3913480993768885
176.0 0.793502440593943
176.5 1.7547673130063055
177.0 0.2
177.5 1.1976960170032278
178.0 1.3158345873843258
178.5 0.9534214741295088
179.0 1.758591645021128
179.5 0.6690866769275563
180.0 1.556208483911961
180.5 1.1388361348454985
181.0 0.8018370536642483
181.5 1.426399508101659
182.0 0.5039637375920362
182.5 0.9764759851908295
183.0 1.2941863882566476
183.5 1.0392844008736057
184.0 0.74228403932597
184.5 1.0083062168771266
185.0 0.7663828736215182
185.5 0.4237565642348779
186.0 0.6832268756173764
186.5 0.3408721179952078
187.0 1.1059503712239858
187.5 0.8525258666444387
188.0 1.0953441472983543
188.5 0.8639209016725012
189.0 0.5891590538433978
189.5 0.8598709879362688
190.0 1.2695114753442336
190.5 1.0959108536730053
191.0 1.04665867538433
191.5 1.1450510270917327
192.0 0.8091755280711561
192.5 1.4323919557152762
193.0 1.3602308429901226
193.5 1.3733202357898557
194.0 0.41579051536550776
194.5 1.579057025580859
195.0 0.7831557134959198
195.5 1.229524644086384
196.0 0.7286287010243209
196.5 0.8484990440376582
197.0 0.937595822310853
197.5 0.5566637136166408
198.0 0.9203806403681144
198.5 0.5048169063880106
199.0 0.5685884782869433
199.5 1.1385046263409209
200.0 1.3015549326071922
200.5 0.8908518443577138
201.0 0.5883458148901605
201.5 0.8236789423557911
202.0 1.0496684018203306
202.5 1.0702393424318408
203.0 0.8557516643374299
203.5 0.6865578664466685
204.0 0.5379536478515824
204.5 1.2481318117426783
205.0 0.5719622687266643
205.5 0.4724210130038048
206.0 0.8939061179590808
206.5 1.1571855317073072
207.0 0.6459477979482441
207.5 0.7600642674267344
208.0 0.8515727578531983
208.5 1.6970091969994368
209.0 1.2449122850484833
209.5 0.71036565967599
210.0 0.8065018375714774
210.5 1.4765576276025598
211.0 1.302592155865875
211.5 0.8943445163372792
212.0 1.754616419207315
212.5 0.7817262211709723
213.0 1.0948089967409214
213.5 0.8882827988335043
214.0 0.8194403971277651
214.5 1.165216328650573
215.0 0.5184755974722126
215.5 0.7233487587792167
216.0 0.4038812642921803
216.5 0.6979825998260596
217.0 0.9246628645915937
217.5 0.5460217740565001
218.0 0.7603286017341013
218.5 1.0648757104134916
219.0 0.747616170778194
219.5 1.1044533545992512
220.0 0.8665286305532257
220.5 1.1167975432131751
221.0 1.9088302005736417
221.5 0.7345996969055233
222.0 1.614266008156378
222.5 0.2
223.0 0.6181447657263729
223.5 1.5771708642907298
224.0 0.9651310684084826
224.5 0.5540761996067278
225.0 0.9427499971956584
225.5 0.9680763546224942
226.0 0.7839559890113845
226.5 1.8161185795234447
227.0 1.4269363543876659
227.5 0.2
228.0 1.4351426899686883
228.5 0.6393612607964309
229.0 0.7963095940880681
229.5 1.4588151991143643
230.0 1.8037793738765653
230.5 0.6429762610904516
231.0 0.8537269497103741
231.5 0.8452270887000612
232.0 0.8592563262326485
232.5 1.0061297840792542
233.0 0.8219865686212936
233.5 0.7680761038634152
234.0 0.8937836648129971
234.5 0.6235753984786191
235.0 0.9602447879139864
235.5 1.2573803746890344
236.0 2.1418251913890636
236.5 1.098573314978291
237.0 0.9759992246357915
237.5 1.3621075289825515
238.0 0.7678405622981593
238.5 0.5298384273305675
239.0 0.9882677316628016
239.5 1.31064365632352
240.0 0.8827776023145579
240.5 0.9838413503613221
241.0 0.9670414624802208
241.5 0.7814778370852238
242.0 0.5260228352897551
242.5 1.6335217488686165
243.0 1.0983740058168265
243.5 0.8523772917331333
244.0 0.581182564249443
244.5 1.182599338788238
245.0 0.9151597724206335
245.5 0.8692225240058619
246.0 0.6815392037456718
246.5 1.1262262031649857
247.0 1.1541793321601013
247.5 1.678273229959712
248.0 0.8261729303932472
248.5 1.0497258615166964
249.0 0.9946798422968823
249.5 0.43241781281449887
250.0 0.9187581683319157
250.5 0.8235226555363084
251.0 1.3779675646406426
251.5 1.3766380575369204
252.0 1.4579419064168253
252.5 0.885092386480907
253.0 0.7584389505385911
253.5 0.6784472761744622
254.0 0.712008746228924
254.5 0.7441316956657905
255.0 1.0609965527116358
255.5 1.0198262210653164
256.0 1.085106764885551
256.5 1.6709301283491131
257.0 1.032376141344811
257.5 0.8860974903050703
258.0 1.1940917632421206
258.5 1.7223880551578037
259.0 1.7334837752112777
259.5 1.0122880981099698
260.0 0.7159706038774598
260.5 0.7439005773329985
261.0 0.988690565179991
261.5 0.6979300565206068
262.0 0.9876577038181432
262.5 0.8058112442167518
263.0 0.41601210731864635
263.5 0.7768420512799918
264.0 1.1428231590303248
264.5 1.152781163194223
265.0 1.1259981542736357
265.5 1.2314090812465939
266.0 1.1568996820994757
266.5 0.5992391899251974
267.0 1.1461002901108897
267.5 0.6774566561156024
268.0 1.9570844415501063
268.5 0.9111574720370251
269.0 1.5161707649847223
269.5 1.5063424215281822
270.0 1.5078036422194045
270.5 1.4785111737217753
271.0 0.7461664852486425
271.5 0.7018915079586827
272.0 1.7903017677628474
272.5 1.3985776342411604
273.0 1.2666457251455214
273.5 0.9929333143072347
274.0 0.7139303673024415
274.5 1.0057828294498112
275.0 1.6548049069785637
275.5 0.7891831599488506
276.0 1.3114998256068682
276.5 0.7796137573266815
277.0 0.8414731799811844
277.5 1.3538518674744862
278.0 1.0802491663907583
278.5 0.5623621167997261
279.0 1.2203719567740943
279.5 0.651613787568895
280.0 0.815483923424031
280.5 1.1540766261032622
281.0 1.7012660964001727
281.5 0.7830024111974143
282.0 0.9896028065400517
282.5 1.0164234278074562
283.0 1.2002804855800684
283.5 0.902263111206056
284.0 1.1495076133734132
284.5 1.1419921792334808
285.0 1.1866748204143964
285.5 0.9306910489324276
286.0 1.1444794675797676
286.5 1.2203301886897888
287.0 0.8656514824879988
287.5 0.8825706733967156
288.0 1.4847440706361383
288.5 0.7363987950132193
289.0 0.8129237279650859
289.5 1.0004747976424626
290.0 0.3735366868346165
290.5 0.662855522351458
291.0 0.7549245670085354
291.5 1.3233793803027443
292.0 0.5792547593227492
292.5 0.6722397340013891
293.0 1.4859123050386525
293.5 0.8184596617992445
294.0 0.9573698529372324
294.5 1.411328186703659
295.0 1.2809723647746367
295.5 1.3145476640847522
296.0 0.963431430788767
296.5 1.1892387163159501
297.0 0.846338978209077
297.5 0.6791305528409717
298.0 1.194659384696681
298.5 2.1873018142922502
299.0 0.7792984689967106
299.5 0.7957101837255376
300.0 1.0335220272401504
300.5 1.0025558404173203
301.0 1.122463716478392
301.5 0.44131525822007184
302.0 0.8574844222173297
302.5 0.8223626947668475
303.0 0.9575256363692896
303.5 0.6339915160308691
304.0 1.2754896830077227
304.5 0.9203775615039974
305.0 1.1322758053204565
305.5 1.517432604139708
306.0 0.7638972696736379
306.5 0.4934147605439633
307.0 0.7906886982855439
307.5 0.7988978125564454
308.0 0.3956390161891842
308.5 0.8900505518921309
309.0 0.9880342925428184
309.5 1.076675481773842
310.0 0.8517826738118915
310.5 0.896065855277498
311.0 0.5741925422598178
311.5 1.0038547011445365
312.0 1.2930209913687167
312.5 1.3707543799378952
313.0 1.1397767529101825
313.5 0.5286009903332223
314.0 1.428006287670717
314.5 1.1301180971892537
315.0 0.6286936115653449
315.5 1.3445051470807505
316.0 1.024808999111127
316.5 0.5643863110250713
317.0 1.204034151537335
317.5 1.0514436230682578
318.0 0.8503267414537927
318.5 1.141427562089067
319.0 1.00457355058917
319.5 0.7839067717738999
320.0 1.061286717676834
320.5 0.6289670835845189
321.0 1.5524357305936545
321.5 1.4186036119354823
322.0 1.2831071752105023
322.5 0.8120095150100073
323.0 0.780490050876486
323.5 0.8395928227723195
324.0 0.8809961627881685
324.5 0.9644588352246067
325.0 0.5814283534294482
325.5 1.1206042613406688
326.0 0.7537584006890878
326.5 0.9862606242669162
327.0 1.347826608245465
327.5 1.2689955200508973
328.0 1.0334640824814838
328.5 0.7689220135967103
329.0 1.1163038977363247
329.5 0.7563707937007085
330.0 0.7792400965015608
330.5 1.0788697118717538
331.0 1.6392167133677251
331.5 1.019853240704244
332.0 0.7544920735375293
332.5 0.7793953055951552
333.0 1.3703510534597076
333.5 1.444931157722456
334.0 0.6283399269793398
334.5 1.56317993473056
335.0 1.8438051350950975
335.5 0.847559763788025
336.0 0.7115633580511775
336.5 1.0833445504145924
337.0 1.1209516583889463
337.5 0.7671831169510122
338.0 2.077550306741439
338.5 0.9393135802787624
339.0 0.7225706895761816
339.5 1.3329371109196049
340.0 1.7032271430045651
340.5 0.8947515346223046
341.0 0.8285837179037344
341.5 0.9257834777550035
342.0 1.9607170295913874
342.5 0.5705864152071828
343.0 1.00184791279677
343.5 0.6295717302383592
344.0 1.2746345044434546
344.5 1.548706782926109
345.0 0.6879764750399425
345.5 1.0662402127538653
346.0 0.903796303604886
346.5 0.6194295903473575
347.0 0.6117932059118042
347.5 0.9728842989332854
348.0 0.9220056427817758
348.5 0.7956401489752304
349.0 0.32038837734297676
349.5 0.9906811572517615
350.0 1.1047526608400773
350.5 1.0617987000741866
351.0 1.6454044245730532
351.5 1.545863734183937
352.0 0.8781623794029375
352.5 0.7106714184134717
353.0 1.50010382026298
353.5 0.938050994668002
354.0 1.7074347117642683
354.5 0.23806860389103157
355.0 1.2326889452654501
355.5 0.9342294230754666
356.0 1.3424776765280058
356.5 1.080232099424551
357.0 0.8596363622164266
357.5 0.9769405351442719
358.0 0.6490213024166199
358.5 1.6755102837012354
359.0 0.44393444167504503
359.5 1.4366214551898357
360.0 0.7433951019630212
360.5 1.049128237308517
361.0 0.5959951904619001
361.5 0.9837117015725126
362.0 1.170765715013587
362.5 0.9072587327898715
363.0 1.2719562061880585
363.5 0.2
364.0 1.1799581517914652
364.5 1.3690809017219827
365.0 0.8953532172102321
365.5 0.9621143049572581
366.0 1.4850357853469252
366.5 0.6630604028753002
367.0 1.2731656065835009
367.5 0.9791794424490285
368.0 1.4073569188248563
368.5 0.9573383678056872
369.0 0.6075935654907734
369.5 1.1422282795156324
370.0 1.9636973959323427
370.5 1.0452425302123882
371.0 0.48309956350250605
371.5 0.8270696048668134
372.0 1.1592382321235548
372.5 0.9254749571435464
373.0 0.9267442384938487
373.5 1.063710537873177
374.0 1.1398974647798563
374.5 1.0562196475833037
375.0 0.9961541147800634
375.5 2.3038341335375936
376.0 0.8116884656942795
376.5 1.4959289382621144
377.0 1.550149706759408
377.5 0.9641751606892867
378.0 1.1901492795437774
378.5 1.8343777545753692
379.0 0.7519104191432784
379.5 0.2
380.0 1.1558192019537774
380.5 1.0675977578244515
381.0 0.93692931997913
381.5 1.0923666939019498
382.0 0.9911470463052526
382.5 0.7847267099832033
383.0 1.5721929321083428
383.5 0.9443286655920613
384.0 0.9732123611612852
384.5 1.0632229399122823
385.0 0.9304992716208775
385.5 0.511620469247564
386.0 1.764636488272195
386.5 1.3929962667631717
387.0 1.3933776785604643
387.5 1.1491903463487072
388.0 0.9551268954905475
388.5 0.5894399776715611
389.0 1.10185148921189
389.5 1.4747253475887772
390.0 1.0208600470129257
390.5 1.1965541290951789
391.0 1.5592769766960162
391.5 1.3815075831885228
392.0 1.8957889427765235
392.5 1.0528158555743765
393.0 0.8262920485508349
393.5 1.0755303699559233
394.0 0.892256975844917
394.5 0.5549515664557658
395.0 0.5487906215598144
395.5 1.2544953469887243
396.0 1.6448790267552007
396.5 1.0921412116831875
397.0 1.5584213661030257
397.5 0.8715159907712527
398.0 1.4113064056913962
398.5 1.5538209765474327
399.0 1.199608913314016
399.5 0.9314103861444619
400.0 1.3228370485599215
400.5 1.1124952008963134
401.0 0.9511571707061139
401.5 0.83445024012073
402.0 0.6308146106917181
402.5 0.2
403.0 2.055856393154796
403.5 0.7460534238355658
404.0 1.965916953419979
404.5 0.7345909865966251
405.0 1.15402379788216
405.5 0.9850515711146957
406.0 0.6048228555995615
406.5 0.6492554080600681
407.0 1.0668483946177596
407.5 1.1748235994529446
408.0 0.9460280052295278
408.5 0.8119147439800056
409.0 0.5671112616081542
409.5 1.2452001952575418
410.0 0.76729996206589
410.5 1.2685195924444859
411.0 1.3490802451440085
411.5 0.8104647935676803
412.0 1.022992357855887
412.5 1.5064367472677294
413.0 1.1308791099173967
413.5 1.0569303182770957
414.0 0.8570874550991106
414.5 1.0316360516089007
415.0 1.096819885022142
415.5 1.015220498625645
416.0 0.7998700883744548
416.5 0.7846379243955061
417.0 0.9569930976718548
417.5 0.22276571142769952
418.0 0.7943577018748684
418.5 0.7712419209179856
419.0 0.8484383516508192
419.5 0.9689591244893074
420.0 0.5862916534342
420.5 1.2262658875571368
421.0 1.6543178450684293
421.5 0.5508720900309668
422.0 1.2729818327070048
422.5 0.8917518350327478
423.0 1.4404345854934753
423.5 0.27807228995688604
424.0 1.8684029092528402
424.5 0.9705546121111839
425.0 1.9926783607254919
425.5 1.0891511290562477
426.0 1.2113583554603
426.5 1.0179725153238643
427.0 0.9512031112689827
427.5 1.4761849981511561
428.0 1.0983390953857732
428.5 1.247580595324639
429.0 0.9783520431303224
429.5 0.7900654283428347
430.0 1.678496350756841
430.5 0.7608574314898409
431.0 0.741616560631007
431.5 0.9947430655099262
432.0 0.9657252090754922
432.5 0.9148518326708382
433.0 0.949909230437633
433.5 0.8769714617859214
434.0 0.6418264796101962
434.5 0.6377175570208947
435.0 0.7969057658884611
435.5 1.2761260395312561
436.0 0.7433918224058791
436.5 0.7437337260196275
437.0 1.3055399140778676
437.5 1.200418641602917
438.0 0.9179213896400941
438.5 0.858578872417035
439.0 0.8382955288843781
439.5 1.3686089623556768
440.0 0.5012148051305099
440.5 0.8012439009576797
441.0 0.7570105754496195
441.5 1.2340926918837862
442.0 1.0604031329493933
442.5 1.2487511873448085
443.0 1.7415607644358055
443.5 0.6553221759260116
444.0 0.42978481951377934
444.5 1.3773620638093145
445.0 0.6929357219194685
445.5 0.7289867997742635
446.0 2.178831841829621
446.5 1.0297747239139372
447.0 0.8561197814367871
447.5 0.3528744263571204
448.0 0.7578503569741417
448.5 1.536284987645562
449.0 1.0172114160991694
449.5 1.518920677603832
450.0 0.8664293792606402
450.5 0.5843821824927216
451.0 0.7349976640378346
451.5 1.1467791805394596
452.0 0.7393472531351971
452.5 1.715701525419162
453.0 1.1256999559967142
453.5 1.2730247448535623
454.0 0.7822111179712574
454.5 0.8875238530980478
455.0 0.9810302823116812
455.5 1.4937140470703332
456.0 0.832556088289822
456.5 1.5598816300460971
457.0 1.2544566981814476
457.5 1.2088832457381935
458.0 1.3079971826282217
458.5 0.6297510065642096
459.0 2.267268634710089
459.5 0.835400213768918
460.0 1.1952918504503218
460.5 1.1753412234829583
461.0 1.1550855789040693
461.5 1.10951268414007
462.0 0.9747270001390926
462.5 1.17620551782258
463.0 1.4515734141202512
463.5 1.7935176429107509
464.0 0.5417716995439035
464.5 0.8213666477584076
465.0 1.3691053186915698
465.5 1.9039321154158784
466.0 1.0061884036871498
466.5 0.850818296185287
467.0 0.6270463726751896
467.5 0.7146862396747324
468.0 1.1317315898221614
468.5 0.8102894664380549
469.0 0.7588283783948953
469.5 0.5710560819686574
470.0 0.48632912710710297
470.5 0.9656186558549715
471.0 0.9876075884495547
471.5 0.7394134663018864
472.0 1.2743059412162907
472.5 1.3139843867206555
473.0 0.2
473.5 1.4684795788953346
474.0 1.4503495101473947
474.5 1.385797275009733
475.0 1.1169429448828214
475.5 0.6566951138711132
476.0 0.9021976156816915
476.5 1.6239489874241833
477.0 1.0221597649838992
477.5 1.0669309445714261
478.0 1.205718814876822
478.5 0.602975573471515
479.0 0.5961225518642868
479.5 1.3299607583573443
480.0 1.1658134604089883
480.5 1.0490690068560133
481.0 1.5685422633304231
481.5 1.1576147806541748
482.0 1.4228459180877997
482.5 0.8922202206170939
483.0 0.49847695299340083
483.5 0.7753105913352382
484.0 1.0209084449846628
484.5 0.7371021752761697
485.0 0.6806015807543495
485.5 0.7467123701608364
486.0 1.7159707248107932
486.5 0.8096739291895811
487.0 0.6069228936716091
487.5 1.496613621963617
488.0 0.7478438053020873
488.5 0.8936012885392866
489.0 0.6521067757584789
489.5 0.7458030628950966
490.0 0.8225567392887277
490.5 1.2417813430240747
491.0 0.8780479545559688
491.5 0.9261307361976974
492.0 1.458213742941247
492.5 0.6239338438348552
493.0 0.79839083137475
493.5 1.230472356167843
494.0 1.2852389676429112
494.5 0.772521228281338
495.0 2.0358992418258457
495.5 0.6664365280556692
496.0 0.5780990791666565
496.5 1.1263583772482957
497.0 0.8585109045913896
497.5 0.5290814513461783
498.0 1.457419578200743
498.5 0.9316309170153438
499.0 0.9847373336082571
499.5 0.8347718818064135
500.0 0.8438031758638329
500.5 0.6517339525690878
501.0 0.8713270679196131
501.5 1.4369733163451677
502.0 0.5427975056888232
502.5 1.0030406290116507
503.0 0.961498508420794
503.5 0.8840286764798115
504.0 0.7651041412108783
504.5 1.4193526506780434
505.0 1.0046891654827093
505.5 0.8525477300683437
506.0 1.405335627375596
506.5 1.0280649891442186
507.0 1.1740699538635373
507.5 0.9664281104936092
508.0 0.9853074867792084
508.5 0.8187702675473124
509.0 0.4886425086828554
509.5 0.9557499331220534
510.0 0.8583883585781772
510.5 1.3499348265008528
511.0 1.2585312637158763
511.5 0.9342351877329308
512.0 1.39262829356251
512.5 1.1303572741615588
513.0 1.2029661729072538
513.5 0.6408257080256976
514.0 1.1813213559557965
514.5 1.5155214617493162
515.0 0.3655826608840306
515.5 1.2163287247525576
516.0 0.9794810430985968
516.5 1.2354973380125167
517.0 2.043830274271922
517.5 0.7841597773668106
518.0 1.9703807499778656
518.5 1.1174244423451176
519.0 1.1700411431606894
519.5 0.3317452606618758
520.0 0.8274998946272881
520.5 0.9752661393770614
521.0 1.347365991874263
521.5 0.5405840740334347
522.0 0.896149477874028
522.5 0.8694348657272453
523.0 0.9573548360218619
523.5 1.455992799539494
524.0 0.8186081218357808
524.5 0.9169146386447348
525.0 0.8991708897900496
525.5 0.7162207842196073
526.0 0.9249222585858853
526.5 0.6212911652517636
527.0 0.8050403896881873
527.5 1.4477533382141121
528.0 0.8248316894057173
528.5 0.7109625628179953
529.0 1.3350323629938683
529.5 1.450279948014694
530.0 0.42690789479918106
530.5 1.628893197219162
531.0 0.7724150320251767
531.5 0.6945448914178771
532.0 1.0138168978314548
532.5 0.703045533565253
533.0 0.5325126220947491
533.5 0.8649073037223907
534.0 1.3286643999824002
534.5 0.9223556892811613
535.0 0.8284893618980994
535.5 1.426649205553303
536.0 0.39103926299574465
536.5 1.1319598161545203
537.0 0.7389541749368387
537.5 0.6349345810897574
538.0 1.455261276173762
538.5 1.1418244911683413
539.0 0.5263354789173802
539.5 0.6233314210591934
540.0 1.6843315617641852
540.5 1.1994940775641074
541.0 1.2930845807678568
541.5 0.9945608016061809
542.0 1.137100055568291
542.5 1.046323914378803
543.0 1.3891207301995752
543.5 1.0467746937804288
544.0 0.7503070596139665
544.5 1.478582111900192
545.0 0.9834421524575292
545.5 1.0955777292380733
546.0 0.7928075145559182
546.5 1.2839501586460913
547.0 0.8100957045560029
547.5 1.9497988531401402
548.0 1.0311410630183588
548.5 1.1057095710895144
549.0 1.3065216279733118
549.5 1.1211199575985533
550.0 1.0746352694737813
550.5 1.1849354994956305
551.0 1.8204894036283648
551.5 1.2184164806931017
552.0 1.8967090691888755
552.5 1.350469025976005
553.0 0.5140702832988723
553.5 1.6775075913572777
554.0 0.7405531956358199
554.5 0.8219538786493865
555.0 1.1559324209825206
555.5 2.019509734915532
556.0 1.0768051891035635
556.5 0.5981406264165365
557.0 0.8069948256356041
557.5 0.9832634503416787
558.0 1.44789988345876
558.5 0.9890132275929675
559.0 0.8980889404797983
559.5 0.8893546123280692
560.0 0.7964310820620379
560.5 0.6886317316877528
561.0 0.9609372468765252
561.5 0.7485258768639456
562.0 1.096831872133821
562.5 1.759098547148779
563.0 1.2856102932706661
563.5 1.0619180070843355
564.0 0.6191304440452001
564.5 1.2879343179613265
565.0 0.8750531962643286
565.5 0.7118046464678318
566.0 1.131158120138048
566.5 0.8155973625861105
567.0 0.8509503918404966
567.5 1.1554531221474673
568.0 0.9344099588717363
568.5 1.0120634557580415
569.0 0.8933518612497987
569.5 1.6495038735534804
570.0 1.7085002594353278
570.5 1.3506412122050921
571.0 0.6489477434255431
571.5 0.9420895159640064
572.0 0.8072938541085458
572.5 0.9873167407766448
573.0 1.1176106759107247
573.5 0.4295644028672092
574.0 0.5543108873596495
574.5 1.0710723779984839
575.0 1.70256191286862
575.5 1.2631265770510287
576.0 1.0603062711808016
576.5 1.1499429689497576
577.0 0.8036108755313012
577.5 1.2359208223821903
578.0 0.9495210219092273
578.5 0.511413407082562
579.0 0.7280085244809329
579.5 0.8345573571339318
580.0 1.6609752824083825
580.5 1.3908493801829898
581.0 0.9530133505992326
581.5 1.4036049062653597
582.0 1.1336503553714687
582.5 0.7579920768318507
583.0 0.7516003273903458
583.5 1.4798496831876666
584.0 1.1266337050445188
584.5 0.6034406777740898
585.0 1.6150357423817514
585.5 1.0638566932778923
586.0 0.9505849687973182
586.5 0.6603322464109437
587.0 0.8199454784322563
587.5 1.520762519634352
588.0 1.1963385171739507
588.5 0.6611963447391269
589.0 0.42162449813672787
589.5 0.9327343052998017
590.0 1.3886549311970242
590.5 0.6675130370082327
591.0 1.337172336314178
591.5 1.1263523671086557
592.0 0.8613184698871476
592.5 0.9513478244762281
593.0 1.3787715577860074
593.5 1.0901816229482482
594.0 0.6197173918276961
594.5 0.9483257586813248
595.0 1.4693545865479485
595.5 0.49283697865311504
596.0 1.0186727807839318
596.5 1.8876629363177906
597.0 0.938042590627806
597.5 0.5823207650437419
598.0 1.02901428563671
598.5 0.6156614252315162
599.0 1.322935278384664
599.5 0.2327807278374604
600.0 1.2065246237068816
600.5 1.3097936518399984
601.0 0.8184688787802452
601.5 0.48274551509666097
602.0 0.9834554012708834
602.5 1.6907226055768114
603.0 1.232723755859272
603.5 0.8503279865525757
604.0 0.9771150205428193
604.5 1.2996819346360846
605.0 1.450686551265684
605.5 1.1988164806162427
606.0 0.6800565639525498
606.5 0.7798551384418622
607.0 2.4394494226228143
607.5 1.0385718865414604
608.0 0.9037887276445431
608.5 0.717618020807212
609.0 0.8831558431711409
609.5 2.5589219080986774
610.0 1.0463689271690257
610.5 1.020057588890743
611.0 1.099914883037604
611.5 0.556412566434585
612.0 0.8991354352954526
612.5 1.3147425742118544
613.0 0.8202289932499989
613.5 1.2225228210602013
614.0 1.670826339459638
614.5 0.48477900093258
615.0 1.4442631717336787
615.5 0.7264796278935928
616.0 1.2998641761813232
616.5 0.8581435356897473
617.0 0.9403790487680139
617.5 0.8341445679730319
618.0 1.1601353990655863
618.5 1.5660777226435458
619.0 0.9849860714379728
619.5 1.1030560713567918
620.0 1.050992678469905
620.5 1.1086100665630039
621.0 0.9105435227380262
621.5 0.5605742395019367
622.0 1.670248375138534
622.5 1.4163158900120814
623.0 1.2254358059310864
623.5 0.95366900164885
624.0 1.8963297411882385
624.5 1.181724331069903
625.0 1.1058291607195767
625.5 0.6869774678855803
626.0 0.7213265130580968
626.5 1.028012658995147
627.0 0.8256985021721368
627.5 0.7760571645619844
628.0 0.687863420318104
628.5 1.6110097520988982
629.0 1.0148537702115352
629.5 0.36350663476412504
630.0 0.7391075732917052
630.5 0.7421724343345866
631.0 1.0641862954667114
631.5 0.9035106174190762
632.0 0.7751581351538358
632.5 1.3055919999364312
633.0 0.38752330174003435
633.5 1.4903704183834057
634.0 1.245561070306377
634.5 0.9534822547773305
635.0 0.6653898115399759
635.5 1.2785137947107401
636.0 1.1928608702644254
636.5 1.4837657822292896
637.0 0.8751740073381264
637.5 1.519123644806231
638.0 1.0392074228948402
638.5 1.5033770377305942
639.0 0.7834334554542752
639.5 0.9432863085700226
640.0 1.7776226781449496
640.5 1.2308969291981438
641.0 0.3987363089824605
641.5 0.706881641418428
642.0 1.80020034932841
642.5 0.8645862299718565
643.0 2.0088866269711416
643.5 1.380049584295377
644.0 1.0989496873894073
644.5 1.002247218228959
645.0 1.30137256774621
645.5 0.9545638920783392
646.0 0.42833152657577617
646.5 0.9287519000218216
647.0 1.4609544013772147
647.5 0.8431996918192199
648.0 0.6465430981303921
648.5 0.4790060435449274
649.0 0.6627650153420324
649.5 0.9267240855237975
650.0 0.8138002886691227
650.5 1.2568243256721958
651.0 0.6269399343183041
651.5 1.0813789505386835
652.0 0.32619810407722416
652.5 0.7002665457608193
653.0 0.6696013892095373
653.5 0.5947250244874195
654.0 1.1269291424576187
654.5 1.3134557886519151
655.0 0.5138263477410273
655.5 0.6874807390148457
656.0 0.687948956543082
656.5 1.4454657729424618
657.0 0.9343595948642406
657.5 1.0842509186689597
658.0 0.7294339826609268
658.5 1.9659793735229671
659.0 1.1189112542449107
659.5 0.8951479691064901
660.0 0.60403207271468
660.5 0.9447794594961703
661.0 1.2182317147133974
661.5 0.6049908900215253
662.0 1.034016535210047
662.5 1.025466863571144
663.0 0.7207826882924611
663.5 0.6737666253282973
664.0 0.7044745453962711
664.5 1.2747068545403994
665.0 0.9144570353075343
665.5 1.160604185857414
666.0 1.1953398718690376
666.5 1.1908521681404358
667.0 1.5281674281540343
667.5 0.984023013173786
668.0 0.4453414642163671
668.5 0.7277131670335256
669.0 0.7802899121302341
669.5 0.5481084555362312
670.0 0.7985769904474675
670.5 1.0889429749802932
671.0 0.8023047956652027
671.5 0.572028386871857
672.0 2.1383872875784355
672.5 0.44987625086188987
673.0 1.056992085823757
673.5 0.8537163956898819
674.0 0.6572864562633702
674.5 1.5934372670531047
675.0 0.8166523063508508
675.5 0.9377177807638659
676.0 0.9677302490809414
676.5 0.7772422217095457
677.0 1.4833113653266037
677.5 1.8880228018063892
678.0 1.0516422132793992
678.5 0.7964769342064475
679.0 0.941534566243802
679.5 1.4558694470763052
680.0 0.4080380483575433
680.5 1.4989194947016387
681.0 0.6629322432040454
681.5 0.7317236898386111
682.0 1.2763591650416735
682.5 0.6453097103439783
683.0 1.1403214564453863
683.5 0.5810429356042615
684.0 1.4126242685529347
684.5 0.2233319411555631
685.0 0.5843070489734776
685.5 0.9761928112260134
686.0 1.5336262009829473
686.5 0.686276018420364
687.0 0.8835860740252252
687.5 0.8112018976876725
688.0 0.7819540036721011
688.5 1.7131525711449749
689.0 1.2546365777389963
689.5 0.6649107346558982
690.0 0.5394756109016305
690.5 1.1024016728642143
691.0 1.1516611481199708
691.5 0.7611980532770267
692.0 1.426871434531329
692.5 1.343900773901612
693.0 0.9092615832305013
693.5 0.9896405867955453
694.0 0.46703934933561075
694.5 1.4037443162241838
695.0 1.169965993616617
695.5 0.6379047426991855
696.0 0.8863499135923991
696.5 0.6147559136168481
697.0 0.8423971326022293
697.5 1.8708542676959308
698.0 1.2400810866928953
698.5 1.0390510065904572
699.0 1.3845472403775423
699.5 1.1517971218113519
700.0 0.8867911565934712
700.5 0.8028676555553953
701.0 1.0160117323775313
701.5 0.8595165000305673
702.0 0.5887265658299153
702.5 1.098474699147011
703.0 1.3928879436858868
703.5 0.8424312350235734
704.0 1.0621340947484996
704.5 1.578515540109736
705.0 1.1419209909304984
705.5 0.9248813147272917
706.0 0.7161994763067365
706.5 0.9123489271723046
707.0 0.5435112737176342
707.5 1.5362879254482076
708.0 1.7672602148808778
708.5 1.5410258561700076
709.0 1.4102036454185685
709.5 0.6652797997266287
710.0 0.5371754508678368
710.5 1.027038897915057
711.0 0.6966779165853025
711.5 1.0030211953178996
712.0 1.1389764031310587
712.5 1.159726895230262
713.0 0.4620791146352615
713.5 1.0468781488924386
714.0 0.8791970966404761
714.5 0.6379445717497769
715.0 0.4160132372956318
715.5 2.4832778760776937
716.0 0.7863296015687826
716.5 0.74476264734769
717.0 0.9299917616168826
717.5 0.9884082988688788
718.0 0.659660786798897
718.5 0.7362344303069733
719.0 0.593438685745118
719.5 0.9721026233209022
720.0 0.6654694929146114
720.5 0.9894059929360179
721.0 1.1742276319249219
721.5 1.1366482165566296
722.0 0.37449151658254587
722.5 0.8872577011438066
723.0 0.9772264316330752
723.5 1.0584430988656401
724.0 0.917247182818367
724.5 0.46274106158442063
725.0 1.2169118166074502
725.5 0.7709502352296373
726.0 1.5341194538291922
726.5 1.0061724000760686
727.0 1.0162279274430248
727.5 1.10988051347602
728.0 1.0524676772969785
728.5 0.8457918910672291
729.0 1.0004665658032028
729.5 0.5455591265940094
730.0 1.1837034175459418
730.5 0.9375000878447377
731.0 0.4692078396535975
731.5 0.9660865472202878
732.0 0.9631327566024783
732.5 1.4368114575235746
733.0 0.9688577433911051
733.5 1.039244779760707
734.0 1.0779204300886596
734.5 0.9532007505230717
735.0 0.8506593565351189
735.5 1.0120991290117993
736.0 1.3100160296173469
736.5 1.2333857464640532
737.0 0.7734231083936856
737.5 0.6577538655894589
738.0 0.6494310889574098
738.5 1.0439539037333043
739.0 0.6746462680927999
739.5 1.6313096485821306
740.0 1.1299455054620324
740.5 1.6016205191101358
741.0 1.533255946468831
741.5 0.8522298604537097
742.0 0.8047112421726057
742.5 0.6199342341659082
743.0 0.8880629261134987
743.5 0.8184380940169271
744.0 1.4972738159749843
744.5 1.6543186529888034
745.0 0.8734379420414304
745.5 0.6982647193968718
746.0 0.4436553392681567
746.5 0.9100604949121294
747.0 0.9751174338788658
747.5 0.9754881797398649
748.0 1.1144579438487905
748.5 1.2317536049216875
749.0 0.7615077158800256
749.5 0.5003262188613546
750.0 0.9127878160419941
750.5 0.933052562501949
751.0 0.7516824983653224
751.5 0.686483147632812
752.0 2.368711962235899
752.5 0.9142278503116087
753.0 0.8767856786969193
753.5 1.4171476512899148
754.0 0.9710186616688777
754.5 1.6015222048197288
755.0 0.5906723837310919
755.5 0.988762408611505
756.0 1.078029996873135
756.5 0.948732029733157
757.0 1.052583707471764
757.5 0.877349911422589
758.0 1.5311213521725922
758.5 0.5901243758317202
759.0 1.1558182345724868
759.5 1.259710116344142
760.0 0.985643141627659
760.5 1.1082940037819786
761.0 1.2674394486501865
761.5 1.052886415364545
762.0 0.8045395530348041
762.5 1.0562612530422912
763.0 0.7398457605215631
763.5 1.0185422877528358
764.0 1.0466706851803598
764.5 0.9326906530951765
765.0 1.641522085252269
765.5 1.2454637567290274
766.0 0.7816855824599154
766.5 0.9432772726395594
767.0 0.5430929524842969
767.5 0.4488298362903992
768.0 0.6205999893012284
768.5 1.240596399437444
769.0 1.150435995032482
769.5 1.1953280950107854
770.0 1.1218435306295238
770.5 0.7151878221439938
771.0 0.5703895516026536
771.5 0.8285025342277463
772.0 0.6363098637346372
772.5 0.7687598732911897
773.0 0.9297412122426204
773.5 0.5878221254987105
774.0 0.9246391407861402
774.5 0.9144623132875528
775.0 1.8047750239892748
775.5 0.9844622296086804
776.0 0.7105904678118176
776.5 0.7675482762000918
777.0 1.0647293106631506
777.5 0.7849105092547886
778.0 0.7731173788159056
778.5 0.5615505122866732
779.0 0.6613272035915304
779.5 1.1100880895341216
780.0 1.2641774695000207
780.5 0.2
781.0 0.7682167865052758
781.5 0.3158866090946175
782.0 0.8893065584085381
782.5 1.460219049937088
783.0 0.5887102951289344
783.5 0.701220005649587
784.0 0.9870768777817058
784.5 0.7762623136218885
785.0 1.2779588618639632
785.5 1.132655608010955
786.0 1.0847784670827139
786.5 1.2210597502929832
787.0 0.9305659613737526
787.5 1.3628526141481074
788.0 0.9767501949359585
788.5 1.6448425554584811
789.0 0.6915118667872715
789.5 1.6949511484130553
790.0 1.4611319087342798
790.5 1.655114164495437
791.0 1.387621410577271
791.5 1.4058721761152753
792.0 0.7026306888021239
792.5 1.1488096441715907
793.0 0.9269515566696055
793.5 1.2415665580970483
794.0 1.6636615377503312
794.5 0.9192943944245988
795.0 1.6545474116600576
795.5 1.528294237146751
796.0 0.8320018953507073
796.5 0.8854495888673226
797.0 0.9145435363234427
797.5 0.34872343253079063
798.0 0.7730598068905425
798.5 1.6851937542865967
799.0 0.5596998152211412
799.5 1.755694226971142
800.0 0.5885885776130957
800.5 2.118658198159779
801.0 1.8686242558271546
801.5 0.8673603065085123
802.0 0.8631505659464632
802.5 0.9841021984991509
803.0 0.8339039821329582
803.5 0.75527691636135
804.0 1.3605040704308455
804.5 1.0976372708381312
805.0 1.2679678922230244
805.5 0.6289651155796254
806.0 0.8959253828825964
806.5 1.5309297006853546
807.0 0.9951248825419645
807.5 0.7228651173776683
808.0 1.1539212506535919
808.5 0.5364463406308405
809.0 0.968614740004688
809.5 1.1022844257031998
810.0 0.9067778004702037
810.5 1.3620909436037751
811.0 1.088194949808826
811.5 0.9072546960286891
812.0 0.4884534354732424
812.5 0.6704808953024961
813.0 1.2202591025364953
813.5 0.4642274629725788
814.0 1.209188087317918
814.5 0.6935607503192041
815.0 0.8729701463149958
815.5 0.8426685650420755
816.0 0.6391100648007266
816.5 2.051472097743414
817.0 0.8567963710820037
817.5 1.0627452391289784
818.0 0.6612688045717078
818.5 0.6213178615882698
819.0 1.4494309064317883
819.5 0.7115912634357382
820.0 0.6566608487080234
820.5 0.8595471984222836
821.0 0.7583670181755731
821.5 0.9945004837210535
822.0 0.7220577048577164
822.5 0.9729833690969422
823.0 1.3868095421183941
823.5 1.1159832567613548
824.0 0.7663665547006419
824.5 1.4675372586504687
825.0 1.2525432947956379
825.5 1.4438355246356416
826.0 0.9453878406337114
826.5 0.7912965409230641
827.0 0.9045050496922085
827.5 1.0144936473003425
828.0 1.0205221463863245
828.5 1.422233200245095
829.0 1.182606970055919
829.5 1.0434496406891012
830.0 1.31556499661232
830.5 0.9904448625065415
831.0 0.8232088945467991
831.5 1.2313041046624837
832.0 1.3591666658509096
832.5 0.7627428120055219
833.0 1.5981139050573825
833.5 0.7913969692236473
834.0 1.3718313831502456
834.5 1.1720304296470148
835.0 1.6661835216626235
835.5 0.7641201553306187
836.0 1.3429013823066729
836.5 1.3443740812623903
837.0 0.9535835582050817
837.5 1.8101307783564087
838.0 0.8774028355090914
838.5 0.6919110568641353
839.0 1.2386814151169565
839.5 1.2343521832099773
840.0 1.008800207537499
840.5 0.6923782263055819
841.0 1.5102641300919637
841.5 1.8707015831321052
842.0 1.226834985264023
842.5 0.8024287034579133
843.0 1.4614231357087593
843.5 1.1336051878453763
844.0 0.5827911601334131
844.5 0.9631009590318179
845.0 1.6362499173076075
845.5 0.8478356873726713
846.0 0.4548502594934781
846.5 0.5774844131515446
847.0 1.65448480763005
847.5 0.45532284834506825
848.0 0.896718750085632
848.5 0.6387433886432521
849.0 1.171749345753729
849.5 0.6904714579519937
850.0 0.261613398911536
850.5 0.897357413586133
851.0 0.7248747206514591
851.5 1.0016852721504477
852.0 1.6958795551967505
852.5 0.6256874956530245
853.0 0.720338743026735
853.5 1.5314045697742387
854.0 1.0197382789936889
854.5 1.0891657229683147
855.0 0.8505062399102565
855.5 1.5036828008351346
856.0 1.5762855681585375
856.5 1.6602513381046755
857.0 1.1556654124283763
857.5 0.6036151454784657
858.0 0.6697528642752955
858.5 0.5288707858391626
859.0 0.5210853601397811
859.5 0.2
860.0 1.1063062995539334
860.5 0.6000055313047166
861.0 1.3034579379614044
861.5 0.3512552027980811
862.0 2.3085772532375057
862.5 0.7620133926585887
863.0 1.1708027184341934
863.5 0.9028143801674519
864.0 0.4427468886499059
864.5 1.2102917731680094
865.0 2.259719489254789
865.5 0.8810002858518322
866.0 0.9895177130729107
866.5 1.0743394174682228
867.0 0.9008310544138106
867.5 1.1003337135515348
868.0 0.6163771156338784
868.5 1.7998658304360986
869.0 0.8829678190639215
869.5 1.544267830822191
870.0 0.7518012909851186
870.5 0.7387306267421379
871.0 0.8176845340847476
871.5 1.5260705163484394
872.0 0.7457830793881648
872.5 1.3053832805799064
873.0 0.7058610770264219
873.5 1.9110749403198994
874.0 1.9683372083404813
874.5 1.2074641045640364
875.0 1.498012946474439
875.5 1.6820259862562517
876.0 1.2936300848512707
876.5 1.0560568351300934
877.0 0.9790399581716156
877.5 0.8234740581618678
878.0 1.0420511956580047
878.5 0.6239752405811205
879.0 0.813512555548874
879.5 0.86001671371765
880.0 1.9408376754423
880.5 1.3793866760437403
881.0 1.2463204857482353
881.5 0.6006116113697646
882.0 1.4274331557226736
882.5 1.3665816056746616
883.0 0.7017424419276449
883.5 1.1408797763002152
884.0 1.2857263608032787
884.5 0.37180229025056033
885.0 0.7118355606837152
885.5 0.7846972714171021
886.0 1.6193164650258338
886.5 1.501671394785316
887.0 0.826244117326667
887.5 0.6721446294876776
888.0 1.2065489240551712
888.5 1.1016048892125023
889.0 1.466062609784947
889.5 0.7906646056570932
890.0 0.9595948202357935
890.5 0.9278842143253792
891.0 0.9436275699072662
891.5 1.7924621462525292
892.0 0.6744346813208579
892.5 1.5339767370640787
893.0 0.9657648814583636
893.5 1.9493465594174069
894.0 0.8463152921803789
894.5 1.2234510950582698
895.0 1.0327909871159595
895.5 1.4597485895359643
896.0 1.0620787577499828
896.5 0.5755318147090187
897.0 0.8622254435664812
897.5 0.8214047066102262
898.0 0.8201042216378311
898.5 0.6612966768025521
899.0 0.7339160672425686
899.5 0.9951027846494076
900.0 0.8079348800596324
900.5 0.9117269215476442
901.0 1.0975001633588457
901.5 0.7902910136713279
902.0 0.8296706678418845
902.5 2.3465110916987824
903.0 0.7203262156220405
903.5 1.1858044173869242
904.0 1.1344794321638336
904.5 0.6680686511070844
905.0 1.0382707652743477
905.5 0.5318960507111368
906.0 0.6841267348382314
906.5 0.9180809784338801
907.0 0.9641993267800157
907.5 1.2763965329981333
908.0 0.613760032620449
908.5 0.6536161039921071
909.0 0.6932320474180165
909.5 0.7953310787279422
910.0 1.9245984118730979
910.5 0.8039060908119509
911.0 0.5177749739096882
911.5 0.830393578259183
912.0 0.7867807783636849
912.5 0.3671218109740577
913.0 1.0876582259243155
913.5 1.1715408424583056
914.0 0.7110371045199921
914.5 1.3677553079613651
915.0 1.4525191752573332
915.5 0.8920573064720816
916.0 0.7827930702683932
916.5 1.0202271902184699
917.0 0.6848360802696086
917.5 0.5741210774949906
918.0 1.5064661059379034
918.5 1.5734425412991961
919.0 0.9794893417616896
919.5 1.3724928594136196
920.0 2.0923969299577445
920.5 0.8642708022096666
921.0 0.8941969219892988
921.5 0.8048959606045338
922.0 0.3435068153208669
922.5 1.219307334466435
923.0 0.7059517895674225
923.5 1.3438617079286692
924.0 0.9248744954967187
924.5 1.0590407177074626
925.0 0.5776862593259064
925.5 1.0683615043116723
926.0 1.2035837054548746
926.5 0.8685382987616812
927.0 1.2244953935300824
927.5 1.0154331055544836
928.0 0.7504926545959805
928.5 1.23558101861494
929.0 1.3124004377041238
929.5 1.6033408978407047
930.0 1.2364879206846795
930.5 1.68251951727806
931.0 0.7963206540306399
931.5 0.8916809896678105
932.0 1.184782062606907
932.5 1.1104369730806551
933.0 0.980122895916145
933.5 1.2273938838321827
934.0 1.4646351476041808
934.5 0.7985276729889825
935.0 0.8874631673332048
935.5 0.7725297017139834
936.0 1.5548865040692372
936.5 0.552043871437315
937.0 1.2586095794876604
937.5 0.9128995559969942
938.0 0.8198290830061531
938.5 0.4090276784426259
939.0 0.8703370162235229
939.5 0.7228288023191785
940.0 0.2
940.5 1.9773876835962985
941.0 0.9346750998241503
941.5 1.1014349369821579
942.0 0.596588945564696
942.5 1.367020729336287
943.0 0.34544917118054996
943.5 1.0132996895189947
944.0 1.151921738881573
944.5 1.1317703578013818
945.0 1.242260407961587
945.5 1.0164287737103306
946.0 0.8131329772825405
946.5 1.0696635996622286
947.0 1.289553628774753
947.5 1.4305379295472291
948.0 1.2409974306993652
948.5 0.5780608611226346
949.0 0.4490020491942157
949.5 1.1817987121125342
950.0 0.6374522858240482
950.5 0.8832333133158323
951.0 1.1868955990851102
951.5 0.9932185622902904
952.0 0.7539226845498217
952.5 1.0285093400028873
953.0 1.1688232583458562
953.5 1.5274641264101754
954.0 1.1181103641829133
954.5 0.5830803266441211
955.0 0.22476557548231324
955.5 1.1954927617161095
956.0 1.0864297970335928
956.5 0.8051360578063786
957.0 0.8246445804213252
957.5 0.8558072456777635
958.0 2.3433031528394728
958.5 0.5245405457490553
959.0 0.8082828799755815
959.5 0.6404449712379767
960.0 1.2681440695639958
960.5 0.9295256232641629
961.0 1.33419375418946
961.5 0.7571194075013066
962.0 1.3935175596110245
962.5 1.4875166983299226
963.0 0.7693720332713951
963.5 0.794785932515016
964.0 0.7773452280660248
964.5 1.4125649101536024
965.0 0.7701719934733754
965.5 1.5711216137552018
966.0 1.2128709548316392
966.5 1.9209488085944302
967.0 0.42205391325692837
967.5 0.9106397622730587
968.0 1.413891354144819
968.5 1.0309239750650259
969.0 1.4993814553095839
969.5 1.029142771808335
970.0 0.8204377947950344
970.5 1.6771547516556327
971.0 0.8177166247405707
971.5 1.370212145786355
972.0 1.2762741542714684
972.5 0.969982709041318
973.0 0.643436931508699
973.5 0.5795298421268777
974.0 1.4023519212449365
974.5 0.7224517842133558
975.0 1.1602758566478517
975.5 2.0818311649890666
976.0 1.0786501786513367
976.5 1.5448909393693904
977.0 2.133370133033098
977.5 0.6899600781087588
978.0 0.9739490483913164
978.5 0.6777125304618095
979.0 0.7055594689062885
979.5 0.7432897589836767
980.0 1.113199872709498
980.5 0.5990238854869454
981.0 0.7436159990946979
981.5 1.7393049378712493
982.0 1.2252953142071998
982.5 0.5516305623189204
983.0 0.8971928963354875
983.5 0.9462374451831489
984.0 0.9594514636256223
984.5 0.6628892570348288
985.0 0.8079833391903757
985.5 0.8567691587167681
986.0 1.2523441213070714
986.5 0.80084519023942
987.0 0.7203225076058482
987.5 1.3525170723679842
988.0 1.2721638258030534
988.5 0.6390419772540025
989.0 0.6483493412848405
989.5 1.1842977723021768
990.0 1.1057929437883878
990.5 0.5165871686335367
991.0 1.0295792785478814
991.5 0.980288754935201
992.0 0.5758978505499073
992.5 1.289796582319156
993.0 1.3371384273747342
993.5 2.48274435582673
994.0 0.5909025221348294
994.5 0.2
995.0 0.9022954234971688
995.5 0.8373999163941686
996.0 1.5728582417169652
996.5 1.5332126015299745
997.0 1.1700497225733475
997.5 1.485886672999471
998.0 0.8639789433553395
998.5 1.1409427370004313
999.0 0.7727239191263755
999.5 0.94372139816018
1000.0 1.134465958773455
1000.5 0.7438421502217163
1001.0 0.9217391505907706
1001.5 0.5665595536762327
1002.0 0.7184554988730096
1002.5 0.6347295804928461
1003.0 1.4571226189160025
1003.5 1.559637646860876
1004.0 1.13103457675102
1004.5 1.154556747360742
1005.0 0.47531733033528306
1005.5 0.8249518782460623
1006.0 2.0113916731540136
1006.5 0.7142892343780698
1007.0 1.1975949855699537
1007.5 1.6531079890688392
1008.0 0.7595785532279171
1008.5 0.8569053960650722
1009.0 0.9904365597251638
1009.5 1.1844545867763432
1010.0 1.1474682465585502
1010.5 0.9684294806166727
1011.0 1.3398823310254175
1011.5 1.0569031552554695
1012.0 0.5990956601404545
1012.5 0.7564556533054335
1013.0 0.9120161445165139
1013.5 1.136964601734995
1014.0 0.7566074933521073
1014.5 1.3877215447543918
1015.0 0.6069848609130766
1015.5 0.6790298556887996
1016.0 0.9393197152154021
1016.5 0.6150155239775703
1017.0 0.7957675653535616
1017.5 1.0032051066929775
1018.0 1.335292232737825
1018.5 0.4631384828302411
1019.0 1.8134350221970106
1019.5 0.3899334089546341
1020.0 1.1844523497923338
1020.5 0.8180564173313194
1021.0 0.8477798722845564
1021.5 0.916319883751379
1022.0 1.1776614955801388
1022.5 1.185321284562821
1023.0 0.8315511957302806
1023.5 0.6931502595886552
1024.0 1.0474794116070911
1024.5 0.5364372932445375
1025.0 0.7035232545615708
1025.5 1.491837108161076
1026.0 0.5914993206405909
1026.5 1.4182167171464242
1027.0 0.8739563338641705
1027.5 0.3673377052969945
1028.0 0.6815908990311897
1028.5 0.8274725981029152
1029.0 0.7504300341752049
1029.5 1.4042223063162322
1030.0 0.7535550549473331
1030.5 0.6547121706112359
1031.0 0.5833537783084428
1031.5 1.772331895077794
1032.0 1.4414489454123016
1032.5 1.1809861951794776
1033.0 1.0817092255787828
1033.5 1.7760605239108167
1034.0 1.363086421086718
1034.5 1.7740759471040546
1035.0 1.3726083998581364
1035.5 1.040270458286225
1036.0 1.5873626218265073
1036.5 0.954950126812899
1037.0 1.2337067954875627
1037.5 0.7276330872866942
1038.0 0.9534316911202988
1038.5 0.7356530453955922
1039.0 1.6784879864305045
1039.5 1.2687729575233426
1040.0 0.5086832521908453
1040.5 0.9151968284262413
1041.0 1.3889872134131687
1041.5 0.6873826813014883
1042.0 1.1308874019457695
1042.5 1.3529071212967296
1043.0 0.94533798515734
1043.5 1.7555259347768306
1044.0 1.1679744652051736
1044.5 0.9487369900388692
1045.0 1.4529678609803272
1045.5 0.9539632572262582
1046.0 0.2
1046.5 0.779847247332667
1047.0 0.8724668113692454
1047.5 0.9543889377880334
1048.0 0.9896144141675388
1048.5 1.8214906892677072
1049.0 1.2647671121073487
1049.5 0.7344347587262732
1050.0 1.1413948813861814
1050.5 0.835591036738476
1051.0 0.9477296866357412
1051.5 0.6025254528223792
1052.0 0.9647676411192664
1052.5 0.9833645844631094
1053.0 0.500461948243151
1053.5 1.0712830539572142
1054.0 0.7144077152743842
1054.5 0.8391248294532685
1055.0 0.6904482385883247
1055.5 1.096641668443374
1056.0 0.8686431470364606
1056.5 0.8437458273472779
1057.0 0.7837001179728493
1057.5 1.0552635864004536
1058.0 1.0207794595301074
1058.5 2.004675595927614
1059.0 1.2557942933645467
1059.5 1.3656784873823682
1060.0 1.2083468671025934
1060.5 1.2801105059920452
1061.0 0.973030537974783
1061.5 1.038026840299823
1062.0 1.2350776283890408
1062.5 1.413392419730568
1063.0 1.3416757673672652
1063.5 1.2613388490143318
1064.0 0.4473722344986124
1064.5 0.7521972239272842
1065.0 1.4301902238464363
1065.5 0.7398771504832495
1066.0 0.6188204329357937
1066.5 1.8805328169262014
1067.0 1.9197593188850677
1067.5 1.2668870418382974
1068.0 1.1000027991751966
1068.5 0.5907690489280257
1069.0 0.8883490744574085
1069.5 0.9802609627320216
1070.0 1.7045826564975126
1070.5 1.264547987695941
1071.0 1.0302860572884731
1071.5 2.1642359586194324
1072.0 1.7931395679244018
1072.5 1.6200668832937177
1073.0 1.06510262376163
1073.5 1.450489336237355
1074.0 0.6980193337995984
1074.5 1.0234107511928925
1075.0 1.6178183846595662
1075.5 1.5046319998368296
1076.0 0.5913474440299689
1076.5 0.7829636434797198
1077.0 0.5547710376832494
1077.5 0.8454771566929705
1078.0 0.6557889358124516
1078.5 1.2756152872071707
1079.0 1.9867709281668464
1079.5 0.7697565094302344
1080.0 0.6120489045764101
1080.5 0.7043672560527553
1081.0 1.0919116753007312
1081.5 1.1876040256663063
1082.0 1.9092370330380994
1082.5 0.9327465871568174
1083.0 0.6313812252419211
1083.5 1.0318099035656956
1084.0 0.7677307493095783
1084.5 1.0814162560947573
1085.0 1.280242684430287
1085.5 1.4759660462441535
1086.0 0.7871046585129042
1086.5 0.8507812476203119
1087.0 1.6761369854205812
1087.5 0.7979066681821598
1088.0 0.7759280504469104
1088.5 0.7432318719568423
1089.0 1.178914535425352
1089.5 0.8046374245403353
1090.0 0.9863345828767804
1090.5 1.5101280359804425
1091.0 1.4115045286872585
1091.5 0.7434413388551058
1092.0 0.9148855023772885
1092.5 1.1297604070499903
1093.0 1.4038323340760543
1093.5 1.153703993604859
1094.0 1.2745248894792178
1094.5 0.9788428014524984
1095.0 0.9999490524220024
1095.5 1.677451871763032
1096.0 0.8410435679144972
1096.5 0.8191491719873933
1097.0 1.7932571118602336
1097.5 1.051751097117187
1098.0 0.7164219963514625
1098.5 0.986197665946025
1099.0 0.6257492522319824
1099.5 0.965661756778499
1100.0 1.4911417363639825
1100.5 0.8201760804973308
1101.0 1.1252246080026684
1101.5 0.7174583982944172
1102.0 1.393876204915578
1102.5 1.8811933950251563
1103.0 1.18129563305851
1103.5 1.0065424652294936
1104.0 0.8751666401638083
1104.5 0.8773825012156451
1105.0 0.8819240456187253
1105.5 1.2625519784133852
1106.0 1.2245249057499752
1106.5 0.760061491804234
1107.0 1.15243493070811
1107.5 1.0581142742157557
1108.0 0.9343818892357405
1108.5 1.7233124633521704
1109.0 1.3094673818034384
1109.5 1.5052927848306608
1110.0 0.5963880074663329
1110.5 1.1775436699493658
1111.0 0.6567363831108849
1111.5 0.9525614451886417
1112.0 1.4706122499484358
1112.5 0.8191882843609746
1113.0 1.1828209988282201
1113.5 0.8548201841649395
1114.0 0.8035999083519625
1114.5 1.3216645573165828
1115.0 0.4820924631530869
1115.5 1.245637899815908
1116.0 0.7402709793024362
1116.5 0.7320038709145515
1117.0 0.8347073327952472
1117.5 0.9694884818715019
1118.0 0.2797708308189334
1118.5 1.068631441523442
1119.0 0.5156927461117217
1119.5 0.989940313107155
1120.0 1.1758928302660707
1120.5 0.5904966635013251
1121.0 0.5814215137729921
1121.5 0.8193958107107704
1122.0 1.2598171970021368
1122.5 0.7521776511557771
1123.0 1.2165327678453859
1123.5 1.406025540591699
1124.0 0.8879804494195216
1124.5 0.7885543908564874
1125.0 1.3847732050931048
1125.5 1.3520179874183524
1126.0 1.6621936875468486
1126.5 1.131196380966142
1127.0 1.4741137597598062
1127.5 0.6235212688963705
1128.0 0.963169115864893
1128.5 1.564419637330619
1129.0 1.4417632878959847
1129.5 0.7151207724775644
1130.0 0.6862560314699568
1130.5 0.8869338287576782
1131.0 1.1637286358226044
1131.5 1.098493784089872
1132.0 1.4755362444517988
1132.5 1.0709047031745866
1133.0 0.7650254886165393
1133.5 1.1574432112048618
1134.0 0.8167095110976095
1134.5 1.3108968417013136
1135.0 0.6506293177073663
1135.5 0.8196758982095267
1136.0 1.2235649539975635
1136.5 0.865400607024621
1137.0 0.5200253849893623
1137.5 0.4691162542835176
1138.0 0.9915394366952893
1138.5 0.7391424103989767
1139.0 0.8890187442287361
1139.5 0.8487733602349001
1140.0 0.7390240272242832
1140.5 1.351707173805794
1141.0 0.6628889581537281
1141.5 1.2842576127249052
1142.0 0.8442939055641888
1142.5 0.8065006794859657
1143.0 0.631363378132783
1143.5 0.3757417633650091
1144.0 1.3365970300222307
1144.5 1.132355485566523
1145.0 0.9938445063076952
1145.5 1.4177362767091672
1146.0 1.3968142667918415
1146.5 0.39298502100689225
1147.0 0.7374110397988762
1147.5 1.1711236500858693
1148.0 1.3359605683347415
1148.5 0.6701750007057052
1149.0 0.7796738599329168
1149.5 0.8395837795483369
1150.0 1.219845722403858
1150.5 0.9574745103223148
1151.0 0.36887333500095
1151.5 0.8128954587032773
1152.0 1.1410268939425219
1152.5 0.5881315955680233
1153.0 0.9523735069221332
1153.5 0.9567917791535692
1154.0 1.7871416137080436
1154.5 1.8620092377395592
1155.0 1.2007120839451932
1155.5 1.3911463788362686
1156.0 0.8994168988706551
1156.5 0.768991348255492
1157.0 0.9848251659941323
1157.5 0.9510249606310969
1158.0 0.8986601415373116
1158.5 1.8480883494945415
1159.0 0.8553811722205598
1159.5 1.3596957537871823
1160.0 1.1654884558308152
1160.5 1.5631640906898614
1161.0 1.7340517020840194
1161.5 1.7063198155292079
1162.0 0.5973805991915453
1162.5 1.050352845243947
1163.0 1.0593121084850363
1163.5 0.93001704979019
1164.0 1.129811707773648
1164.5 1.1483448010851331
1165.0 0.714167935208122
1165.5 1.1192839317848196
1166.0 1.0027113217838732
1166.5 0.2
1167.0 1.2502181895480482
1167.5 1.703867914224996
1168.0 0.7232750937198464
1168.5 0.7701021534212844
1169.0 0.8203101955033334
1169.5 0.9202923276997503
1170.0 1.1795112306115807
1170.5 0.9161877797216114
1171.0 1.0160470720403194
1171.5 0.7452753298554944
1172.0 0.7451998905961961
1172.5 1.037229861284045
1173.0 0.816223442279097
1173.5 1.0757420867628404
1174.0 0.944708755322222
1174.5 1.1576231186559092
1175.0 0.9477280050756012
1175.5 0.6726469125292066
1176.0 0.9265236899132365
1176.5 0.5840007389184849
1177.0 1.1117962558817145
1177.5 1.0776142134680973
1178.0 0.8599855257325002
1178.5 1.1460692045376106
1179.0 1.0038021701498545
1179.5 0.7150456507875931
1180.0 0.2
1180.5 1.2437930402001873
1181.0 1.2841037939791706
1181.5 0.8867332468870728
1182.0 2.2546677050531683
1182.5 0.5653246617147727
1183.0 0.2
1183.5 0.7546527154571623
1184.0 1.1575023861602318
1184.5 0.8676241204961728
1185.0 0.7907064080841977
1185.5 1.514935312699083
1186.0 1.4456063835516924
1186.5 0.9765737867683846
1187.0 0.6816450005459062
1187.5 0.7664361544660567
1188.0 0.7451567408024478
1188.5 1.0096505035816548
1189.0 1.494961671492989
1189.5 0.7208850470275892
1190.0 0.892994729790634
1190.5 0.6826748194735086
1191.0 0.38100877106294473
1191.5 0.9988969272013296
1192.0 0.7857271947613718
1192.5 0.8871498616084932
1193.0 1.7973204174451674
1193.5 1.884077046698665
1194.0 0.5623652573055953
1194.5 1.2913909722470382
1195.0 0.5639640234252643
1195.5 1.020694026789375
1196.0 0.9036415857830367
1196.5 1.3562998633018009
1197.0 0.5137448146792187
1197.5 0.6729632692179507
1198.0 0.8954846134867928
1198.5 1.1112485053759567
1199.0 1.150645977695286
1199.5 1.112932458655077
1200.0 1.5076209387299981
1200.5 1.0190090801745582
1201.0 0.8599287511541438
1201.5 1.140384565464439
1202.0 1.0571945131718663
1202.5 1.7675095571767758
1203.0 0.8244738860684184
1203.5 1.4750990393200523
1204.0 1.046435195301905
1204.5 0.7751708864395108
1205.0 0.8031455939863508
1205.5 0.9881214515209974
1206.0 0.792982783792303
1206.5 0.9774612542449068
1207.0 0.325365503701209
1207.5 0.6893749058118176
1208.0 1.1085932151446882
1208.5 1.2037570433656994
1209.0 0.9251977787871228
1209.5 0.9311527926557364
1210.0 1.0142514503544855
1210.5 0.6114195370768961
1211.0 0.5276308500111537
1211.5 1.0805630307180571
1212.0 0.9504578030950258
1212.5 1.803462136175857
1213.0 0.5536801460792589
1213.5 1.3278767688298858
1214.0 1.325007008189604
1214.5 0.8225304279314465
1215.0 0.9954566292721566
1215.5 1.4505685564434734
1216.0 1.4865015108748127
1216.5 0.7238224346885882
1217.0 1.204142068592066
1217.5 0.8168306803741622
1218.0 0.8248007868699553
1218.5 1.2196301076912355
1219.0 0.6318916294359418
1219.5 0.8989360143548737
1220.0 0.7644206491505497
1220.5 1.6527243335387336
1221.0 1.8832586664827997
1221.5 1.38305774715311
1222.0 1.4005488597498825
1222.5 1.27936993692082
1223.0 0.8023146595470091
1223.5 1.449076589746217
1224.0 0.9057720014196524
1224.5 1.098167711511881
1225.0 0.7340615950726427
1225.5 1.07325064256545
1226.0 1.1607003656377413
1226.5 0.8308312776934845
1227.0 1.5076723617853511
1227.5 1.156108508286616
1228.0 1.959317743791881
1228.5 0.7824080861865192
1229.0 0.804710882604387
1229.5 1.5011675234480566
1230.0 1.493319602274502
1230.5 1.0454530293074042
1231.0 0.7356313476725491
1231.5 1.6090431039110409
1232.0 0.405282322099343
1232.5 1.1821504956441808
1233.0 0.8685802077034946
1233.5 1.8427908260495376
1234.0 0.8573930266767337
1234.5 1.817929612291636
1235.0 1.1472973645439712
1235.5 1.4267957545340733
1236.0 1.2802502574313745
1236.5 0.41761938913724206
1237.0 0.698114172621191
1237.5 0.8209275601544503
1238.0 1.4683924760000333
1238.5 1.5395656864749234
1239.0 1.1969550034218845
1239.5 0.6040540775503105
1240.0 0.8292977244564157
1240.5 0.5248786187866924
1241.0 0.2681429352924837
1241.5 0.5940642473481209
1242.0 0.7178865524719128
1242.5 0.8865771096320411
1243.0 0.8637302548874404
1243.5 1.1180268243642895
1244.0 1.3600389610315011
1244.5 0.6292825368144788
1245.0 1.2985713681698834
1245.5 1.4394966441095467
1246.0 1.2488306384735575
1246.5 0.5625337020596965
1247.0 1.2660463890390332
1247.5 0.2
1248.0 0.8112361380546634
1248.5 1.2964837711348927
1249.0 0.5066450430747242
1249.5 1.2511280570911691
1250.0 1.2825820406738702
1250.5 0.9260792703815908
1251.0 1.0778387916987775
1251.5 0.5549216601697713
1252.0 1.306820641706251
1252.5 0.9832676840087146
1253.0 0.9674970715961727
1253.5 0.5728127641782906
1254.0 0.7098791808274937
1254.5 0.4506827521336539
1255.0 0.8559563262463807
1255.5 1.1752834457712595
1256.0 0.4822297136921766
1256.5 0.892632767121129
1257.0 0.5950328816464603
1257.5 0.9936444390874329
1258.0 1.7031256310855123
1258.5 0.7654009465793579
1259.0 1.1146694396203904
1259.5 1.1629390217073996
1260.0 1.9237198300704161
1260.5 0.49861911250935564
1261.0 0.7965441836182936
1261.5 0.34986089683008637
1262.0 0.6699758156862825
1262.5 0.9221290691413783
1263.0 0.4860472026985755
1263.5 0.7047791365408771
1264.0 1.8582804925877214
1264.5 1.6158319137137025
1265.0 0.6996442162275727
1265.5 1.005640164588271
1266.0 1.3169190352052353
1266.5 1.1088990807610843
1267.0 0.82166169894923
1267.5 1.2982456729502179
1268.0 0.5143417620944672
1268.5 1.086196527533281
1269.0 0.2
1269.5 1.095957204743018
1270.0 1.5056422456289211
1270.5 0.7429165393130834
1271.0 0.6410024071101561
1271.5 0.8983270355876483
1272.0 1.319264592859191
1272.5 1.3558322692523963
1273.0 0.8960126246455868
1273.5 1.24716018584777
1274.0 0.5341147766921819
1274.5 0.6558274652965412
1275.0 0.3040498248425131
1275.5 1.1089963758675792
1276.0 1.4198778342907064
1276.5 1.2495281392595243
1277.0 0.9067083943986796
1277.5 0.9979387541277365
1278.0 0.7023924498375034
1278.5 1.29948787407004
1279.0 1.371072878272865
1279.5 0.6589901830240933
1280.0 1.0203259499420696
1280.5 0.505959461292709
1281.0 1.1955908629905003
1281.5 1.2097120898009979
1282.0 1.0469615775001908
1282.5 2.1963259394335157
1283.0 1.385246956127256
1283.5 1.2362066586512186
1284.0 0.9916159705182802
1284.5 0.7237305975608288
1285.0 1.1786290345360073
1285.5 0.9707291271830326
1286.0 0.5956823951702608
1286.5 0.6252415173992272
1287.0 1.4783039872192765
1287.5 1.7473922033929559
1288.0 0.878305695344984
1288.5 0.7980312260458076
1289.0 0.2553320893149079
1289.5 2.0674224017158234
1290.0 0.8584939885853086
1290.5 1.1298037765511744
1291.0 1.8450967100338378
1291.5 1.6128395540331635
1292.0 0.6547452110464951
1292.5 1.0438862251565322
1293.0 1.6509168882955718
1293.5 0.911602024367288
1294.0 0.8855130746962353
1294.5 1.0382123730167945
1295.0 1.268466133778218
1295.5 0.864861160631551
1296.0 0.6556035841577497
1296.5 1.6726797242879603
1297.0 0.9173189521210652
1297.5 1.9267253752711593
1298.0 1.0586861483125098
1298.5 1.0451509072740017
1299.0 0.8906786222704098
1299.5 1.2649831848924498
1300.0 1.0597273559470666
1300.5 0.5858963155809271
1301.0 1.0069895045825386
1301.5 0.9923975440522409
1302.0 0.72922551312297
1302.5 1.1901524205869305
1303.0 1.1875534846220106
1303.5 1.3754368683984595
1304.0 0.8001053599149683
1304.5 1.4673475606979052
1305.0 1.1892083404953424
1305.5 0.4460613341004359
1306.0 0.2
1306.5 0.914574699524546
1307.0 1.7882518795670634
1307.5 0.7569331768422378
1308.0 0.7605529133920164
1308.5 1.098651397516501
1309.0 0.8830771848432704
1309.5 1.0970408049829574
1310.0 0.6395114585474676
1310.5 1.0797113744063571
1311.0 1.2436564127591154
1311.5 1.2096582076539755
1312.0 2.3445298372445977
1312.5 0.6839587454775597
1313.0 0.817941937275047
1313.5 0.903977728180858
1314.0 1.6399094499074738
1314.5 0.6893714522102551
1315.0 1.2027813411981825
1315.5 1.0102077734331594
1316.0 0.5217641461511666
1316.5 0.7066967568631894
1317.0 0.6841274590940325
1317.5 1.166597257234609
1318.0 0.9626572937606352
1318.5 1.677032350476066
1319.0 1.1342390281255428
1319.5 0.8267351931264373
1320.0 1.5616216802300413
1320.5 0.6313572253423743
1321.0 0.6763587982766832
1321.5 0.7449557661768649
1322.0 1.363872590514793
1322.5 1.1838377454496907
1323.0 1.8272184514956735
1323.5 1.2754241799492085
1324.0 0.9837277118448047
1324.5 0.6836166366418919
1325.0 0.8283956722053728
1325.5 0.8410593790257958
1326.0 1.246713500577307
1326.5 0.958260644656653
1327.0 1.548640840295481
1327.5 0.9452422257818826
1328.0 0.9066110433926511
1328.5 1.3809083522082537
1329.0 0.7828771215536275
1329.5 0.6143330681303911
1330.0 1.2339023187964657
1330.5 0.547012641355657
1331.0 0.9569781823426204
1331.5 0.8604311387957638
1332.0 0.6359117438383699
1332.5 1.1961736835993793
1333.0 0.7539554967741788
1333.5 0.8595026470205668
1334.0 0.8537983634262802
1334.5 0.7521901410173994
1335.0 0.7884092203505619
1335.5 0.7819306256857309
1336.0 1.1164226109804136
1336.5 0.7104346021874521
1337.0 0.5172374523722948
1337.5 0.9045461177511979
1338.0 0.9111328652885545
1338.5 0.7772767177877395
1339.0 0.9850058353103123
1339.5 0.5749906235941624
1340.0 0.9700549232188664
1340.5 1.1235453954921828
1341.0 1.3943600977038528
1341.5 0.6676520928229362
1342.0 1.078591955894155
1342.5 1.1100441836745998
1343.0 0.8481780680067779
1343.5 1.139006352642895
1344.0 0.7933924018886529
1344.5 1.4515904599690885
1345.0 1.2585777940068923
1345.5 0.6294245692501179
1346.0 1.4298610811169175
1346.5 1.7402094769575749
1347.0 0.5458761843500508
1347.5 1.047233894872793
1348.0 1.22375169957111
1348.5 1.1090850954448213
1349.0 1.6534396331380106
1349.5 0.2
1350.0 1.205548257129438
1350.5 1.2881591055757193
1351.0 1.3986275968723327
1351.5 0.584268661612606
1352.0 1.596774179920279
1352.5 1.5525102706105667
1353.0 0.8940506076324641
1353.5 0.8024943210034141
1354.0 1.3899422864739184
1354.5 0.6610157651062575
1355.0 1.010440663249729
1355.5 1.8821120042698438
1356.0 0.6893653524573375
1356.5 1.097591573012251
1357.0 0.6080880952544153
1357.5 0.5672280839487696
1358.0 1.8170037632970226
1358.5 1.1949622191435876
1359.0 0.4360253176508364
1359.5 0.8236769809842993
1360.0 0.9242408599753926
1360.5 0.7783274271681894
1361.0 1.1555297851800295
1361.5 1.3366394435340356
1362.0 1.5349623871962141
1362.5 1.2438237999617674
1363.0 1.0110897835695098
1363.5 1.1379721570545311
1364.0 0.7865657879677596
1364.5 1.3364382505570733
1365.0 0.2
1365.5 0.7445224609958402
1366.0 0.7396319306791301
1366.5 1.1065400305660735
1367.0 1.1803570063506466
1367.5 1.5525076025071893
1368.0 0.8955068112731064
1368.5 1.2078080750876465
1369.0 0.5142403325573353
1369.5 0.5936573850741748
1370.0 0.6841389489262605
1370.5 1.232171186497832
1371.0 0.7587679304512895
1371.5 0.5936234278299557
1372.0 0.8362055673798863
1372.5 0.9748741848617614
1373.0 0.5197529434452992
1373.5 1.880247953808802
1374.0 1.6026550632961465
1374.5 1.745384223951341
1375.0 1.2708684214349448
1375.5 1.314341464421103
1376.0 1.4616327001536842
1376.5 0.998747172755664
1377.0 1.0889917825518802
1377.5 0.7340732789567012
1378.0 0.7831027183510018
1378.5 0.5342874048027408
1379.0 1.0016294209263112
1379.5 0.5006319608140883
1380.0 1.06383607520938
1380.5 0.7837006454488351
1381.0 0.8101193928488258
1381.5 1.1040083166227084
1382.0 1.3942893733452708
1382.5 1.0556651937230235
1383.0 0.4343062629794112
1383.5 1.1009308514315441
1384.0 0.6837736921514312
1384.5 1.505589321320807
1385.0 1.0573500674382252
1385.5 1.3614680629560505
1386.0 1.1525969062446992
1386.5 1.157932986698797
1387.0 0.6084756467250484
1387.5 1.3604825839190697
1388.0 0.8933239219437614
1388.5 0.4585410376832433
1389.0 0.8790037866936563
1389.5 0.46112473660883735
1390.0 0.5741463424658377
1390.5 1.232818769075121
1391.0 0.7445592953195783
1391.5 1.2707688057126405
1392.0 1.0787717182144045
1392.5 0.6444314838228166
1393.0 0.9180863581534204
1393.5 0.8863105368345412
1394.0 0.8671889531824832
1394.5 1.1178624518182714
1395.0 0.7562684407117981
1395.5 0.6416527249165875
1396.0 0.6841850487949155
1396.5 0.9418892999926407
1397.0 0.6650466370559489
1397.5 0.7014894609084296
1398.0 1.691563505496065
1398.5 1.643508296329665
1399.0 0.8108638276825686
1399.5 1.1500039973707297
1400.0 0.8062144569073706
1400.5 1.360232712655037
1401.0 0.9961514017200985
1401.5 0.8743317223815087
1402.0 0.797292817443463
1402.5 1.4075639726636506
1403.0 0.8394936584597555
1403.5 0.6093392068549421
1404.0 1.4089320319132361
1404.5 1.0023318390467975
1405.0 1.3593512273066746
1405.5 0.8290155957040601
1406.0 1.5264168172479597
1406.5 0.6585627306856131
1407.0 0.6793586108439159
1407.5 0.7977203519464104
1408.0 0.6690191706653528
1408.5 1.4670543551278183
1409.0 0.7097716261355993
1409.5 1.2323526139002379
1410.0 0.8176712147575298
1410.5 0.9012343481747267
1411.0 0.4577539515976494
1411.5 0.7380952078748163
1412.0 1.4389802393799842
1412.5 0.9494619298645777
1413.0 0.9240179188418062
1413.5 0.7462686491596352
1414.0 1.8134940505591977
1414.5 0.8444330350098839
1415.0 0.8172906611495994
1415.5 0.9366265859737077
1416.0 0.7322630836740537
1416.5 1.0634261066366055
1417.0 1.311520431667219
1417.5 0.974147511514788
1418.0 0.8598921771285537
1418.5 1.457453650188612
1419.0 0.9270609989653995
1419.5 0.7528084148792737
1420.0 0.9396996263918664
1420.5 0.7435276302672571
1421.0 1.3166408843646682
1421.5 2.0567214096159563
1422.0 0.69644402528186
1422.5 0.8372794192850521
1423.0 0.8880824010892573
1423.5 0.9587353623113046
1424.0 1.258991774304541
1424.5 0.8224187025485722
1425.0 0.7823767640634324
1425.5 0.8717791624268616
1426.0 0.5220121855504491
1426.5 0.9372442363983645
1427.0 0.8747823156707009
1427.5 0.6773883767440733
1428.0 1.2716302921012432
1428.5 1.0718209655312947
1429.0 0.4625924383463683
1429.5 0.5233673754772842
1430.0 0.9885022724072821
1430.5 1.5102123731121626
1431.0 1.5087933239933067
1431.5 1.3205116894673967
1432.0 0.746460996531134
1432.5 0.7788117871624924
1433.0 1.0951412773677531
1433.5 1.3265024341130307
1434.0 0.4620105772799974
1434.5 1.1677046221694054
1435.0 1.049105274483161
1435.5 1.0808380306600542
1436.0 1.1935007882303204
1436.5 0.891916902836589
1437.0 0.5432192168413572
1437.5 1.0238208410764116
1438.0 0.7690577943697608
1438.5 1.0510542857639318
1439.0 1.0425276610664462
1439.5 0.7731075208118969
