0 1.3748952142003823
0.5 0.7874713139101666
1.0 0.7656976689552821
1.5 0.9743104232906346
2.0 0.48913995071880245
2.5 0.9020977053159366
3.0 0.6472665642889429
3.5 0.46883876644822203
4.0 0.8511549109150285
4.5 1.0639118497299762
5.0 1.1910448706912984
5.5 0.62138609010036
6.0 0.6531257181423278
6.5 1.2064706168203212
7.0 0.4348430998772094
7.5 0.6238701117004424
8.0 1.136297155490389
8.5 1.120935397125306
9.0 1.1396004750649267
9.5 1.2202803935781523
10.0 1.5587171088240415
10.5 1.0052833476462915
11.0 0.8183469736513604
11.5 0.704449256648138
12.0 1.074796496778963
12.5 2.6123187538658716
13.0 1.8178323809148207
13.5 0.9008228744721682
14.0 0.5344203256348051
14.5 0.7675479238181201
15.0 2.024309240280102
15.5 1.353697786957348
16.0 1.2971008673140787
16.5 0.9326881134928373
17.0 0.6262718769421993
17.5 0.997707138302328
18.0 1.0776920711693498
18.5 1.0128088263371535
19.0 1.1643903697947042
19.5 0.8318504778324476
20.0 0.6340476352202303
20.5 0.8736259854136071
21.0 1.8306838066795583
21.5 1.7280396403360259
22.0 0.9467937653998012
22.5 1.2534696437551853
23.0 0.8012012280282236
23.5 1.3008077101121263
24.0 1.073586268313705
24.5 0.9140368633534869
25.0 1.5189556595556257
25.5 0.965138427345027
26.0 1.374689234200677
26.5 1.048149745026692
27.0 0.29631628118020104
27.5 0.7639606113000899
28.0 1.0044311454891215
28.5 1.1492252169433421
29.0 0.586098627393853
29.5 0.8348548926879695
30.0 1.221644847433322
30.5 1.1657937798552118
31.0 0.9437853177163792
31.5 0.7165642722230401
32.0 1.76270622541543
32.5 1.3822687364509791
33.0 1.0665190265405398
33.5 1.2937228805408525
34.0 1.22721614363985
34.5 0.642319115472838
35.0 1.1518281645233786
35.5 2.7319175927097143
36.0 1.4306892548810124
36.5 0.9458819103857738
37.0 1.8199043448566008
37.5 1.0774654196306517
38.0 0.7054379528833453
38.5 1.053351874006482
39.0 1.009633633212165
39.5 0.9090499897162049
40.0 1.1008838438411144
40.5 1.1090563094252224
41.0 0.5731010892506021
41.5 0.6510551768477024
42.0 1.2260780383995438
42.5 1.7812770249107204
43.0 1.446480669500309
43.5 0.9704254853430228
44.0 0.8472922903028957
44.5 0.4773421424865609
45.0 0.8377863841183835
45.5 0.7088506103848622
46.0 1.0122556475157234
46.5 1.7571889796134337
47.0 1.0010534380327223
47.5 1.0765410221066318
48.0 0.9021734689643083
48.5 1.7259357665779582
49.0 0.6943208703207563
49.5 0.7505270247213993
50.0 1.3189273197777536
50.5 0.9330068137368914
51.0 1.5116805267432136
51.5 1.8628169965874632
52.0 0.7102735476108799
52.5 0.7273933078483197
53.0 1.0002181883194792
53.5 0.7878668063086426
54.0 0.6630879570705713
54.5 1.4822173743698754
55.0 1.5479638804057316
55.5 0.9049366594381703
56.0 1.271021151703982
56.5 0.7081976875363125
57.0 0.6020940288002743
57.5 0.8315398674725238
58.0 0.784970219039709
58.5 1.251129545123467
59.0 0.8039987402398582
59.5 0.5531353645429491
60.0 1.186055135121047
60.5 0.7552893286874771
61.0 1.0178951681215658
61.5 0.6848966525098726
62.0 0.8009413212569385
62.5 0.884316055299784
63.0 1.1581322963102423
63.5 1.23000964243452
64.0 0.503348083731075
64.5 0.9354400704913617
65.0 0.7304713516657195
65.5 1.176721293306755
66.0 1.1022113097812598
66.5 0.5962286778129167
67.0 1.0402086156703025
67.5 1.1088085886617587
68.0 1.558608113834966
68.5 0.9043800318031354
69.0 0.8701168350477941
69.5 1.2812688367714018
70.0 0.9585580364250748
70.5 0.7982089901704585
71.0 0.7397250590840103
71.5 0.7155090842591416
72.0 0.6311964718907639
72.5 0.6093015767718472
73.0 1.6926181893464465
73.5 1.0097581638645163
74.0 1.1331005506198726
74.5 0.70863270278511
75.0 1.3521323032350159
75.5 1.3848242974013087
76.0 0.7645040512239248
76.5 0.4427978062849107
77.0 0.8588321393516909
77.5 0.7108205109841945
78.0 0.682955876226661
78.5 0.4745773267247942
79.0 0.7378320555512948
79.5 0.6928943277501589
80.0 1.2987837626144865
80.5 1.0474567798369232
81.0 0.7419424395000969
81.5 0.7745132179885752
82.0 0.7512977372211936
82.5 0.6963335770076373
83.0 1.312741461957244
83.5 1.3212476356864515
84.0 1.1326153118761308
84.5 0.9428082790490863
85.0 1.1685819885523645
85.5 1.1067018348849387
86.0 1.0814834031592717
86.5 0.8238213805908772
87.0 0.9943291447985667
87.5 1.328978462263303
88.0 0.6684924310814659
88.5 0.6753984443653152
89.0 0.7417619682420995
89.5 0.81669042058896
90.0 0.75149413329839
90.5 0.6867052685575249
91.0 0.47731209585263235
91.5 0.6163997403953139
92.0 0.8352922851165733
92.5 1.0201361290387987
93.0 1.2709137635081804
93.5 0.5426383394522835
94.0 0.9288032130703824
94.5 0.9596482064792716
95.0 0.6776701903552347
95.5 1.5417616531355867
96.0 1.3515297181160304
96.5 0.9441684841355387
97.0 0.5386389223645457
97.5 0.9582573667999936
98.0 1.1470840378671645
98.5 1.8855876282636936
99.0 0.5507875752446305
99.5 1.42974789833697
100.0 1.2494122832226169
100.5 1.023862621538986
101.0 0.774468371939161
101.5 1.003520870385659
102.0 1.3089558140758664
102.5 1.1897260018239173
103.0 1.0843639016901387
103.5 0.8748164579582351
104.0 0.8857659366656455
104.5 0.6967971683890122
105.0 2.2840908656981282
105.5 0.9224121674590314
106.0 1.1290456499385244
106.5 0.8447970590660341
107.0 0.850672066650363
107.5 0.714594852702455
108.0 1.8604430191247743
108.5 0.6182806671388507
109.0 1.0251891801044417
109.5 0.5515906486938644
110.0 0.9097042600703436
110.5 0.6602994945513644
111.0 0.3013025976269126
111.5 1.184278840378929
112.0 1.1461307263387528
112.5 1.2326905129042358
113.0 1.555399795243126
113.5 1.3161730517712202
114.0 1.2493932002884782
114.5 0.8709192412676168
115.0 1.174022089551976
115.5 1.289333537946384
116.0 0.8240736156721068
116.5 0.5492372465779664
117.0 0.9275399760560231
117.5 1.1593826603953485
118.0 2.1969334959174858
118.5 0.8616494600446557
119.0 1.4260701752194995
119.5 1.0197832424650568
120.0 1.138980134722235
120.5 1.4785009979266652
121.0 1.0175309577938831
121.5 0.8551052107237436
122.0 1.0563556281665343
122.5 0.7876905565791478
123.0 1.2169847912053404
123.5 1.191082151040043
124.0 0.4407822378982289
124.5 0.8567929099918624
125.0 0.47394830541010674
125.5 0.9979660929735157
126.0 0.9499736401565038
126.5 1.2501177635334
127.0 0.984862169945518
127.5 1.0042102268397506
128.0 2.0966045834199614
128.5 1.601026072876321
129.0 0.8688703285650454
129.5 1.194772563136012
130.0 1.7603699727848947
130.5 1.311781442803038
131.0 0.646042966956849
131.5 1.5439335851887304
132.0 0.8060193900154248
132.5 1.0927874873638341
133.0 0.9031377415532429
133.5 0.6291786476344228
134.0 0.662804219686915
134.5 1.020421659621779
135.0 1.5938231811126542
135.5 1.148492113497721
136.0 1.5387876195194803
136.5 1.1034302702801106
137.0 0.837193444970121
137.5 1.1422192409561154
138.0 1.7656894634496973
138.5 0.5928349775741879
139.0 1.4487796402676536
139.5 0.9952540612862361
140.0 0.829814401455709
140.5 1.535515103033172
141.0 0.9611307767417507
141.5 0.831743919491901
142.0 0.714272976423503
142.5 1.2270473400299562
143.0 0.8737514550236534
143.5 0.41430194110588336
144.0 1.003588950502865
144.5 1.379355544240115
145.0 0.5121238115825433
145.5 0.9264067080926588
146.0 0.9231842543620002
146.5 1.2145368218508632
147.0 1.1184686057646929
147.5 0.5871562541429614
148.0 0.8690698720075241
148.5 1.7283784723089801
149.0 1.4866477630170318
149.5 0.5279789979604286
150.0 1.129575080337975
150.5 0.6013792307602774
151.0 1.1893588069096057
151.5 0.8368414786229602
152.0 0.7317577996008153
152.5 1.676742702680328
153.0 1.7426510083675053
153.5 1.200238078007903
154.0 0.7971614425739916
154.5 1.137241631677955
155.0 0.9314938432748378
155.5 1.5728613545285517
156.0 0.7687367450191206
156.5 1.5409897657125737
157.0 1.5110487627383775
157.5 0.8530761584544146
158.0 0.7319018188585296
158.5 1.771430025517191
159.0 1.5036130460381316
159.5 0.5851153662397374
160.0 1.3200933216848774
160.5 1.7952219063880208
161.0 1.2010826161364947
161.5 0.5396522738751043
162.0 1.5202006589613624
162.5 1.537168330422742
163.0 0.7960570691424971
163.5 0.5042322150654034
164.0 1.5257546431503928
164.5 0.7906226786588285
165.0 1.1773197727516589
165.5 0.8847399499546663
166.0 1.2311185982986816
166.5 0.8737404694571222
167.0 1.4489287039202103
167.5 0.9378036446802896
168.0 1.2896326105259353
168.5 1.150545330981767
169.0 0.8770185964583258
169.5 1.328112459406031
170.0 1.600174001690175
170.5 1.2985480592740313
171.0 1.0776790672565615
171.5 1.8323051297265405
172.0 1.092025166055426
172.5 0.6361409821790636
173.0 0.9419268194542402
173.5 0.23278298058744673
174.0 1.4918134105051624
174.5 1.368346640331732
175.0 1.0375702743401183
175.5 0.762558901931084
176.0 1.9938437142665104
176.5 0.6150322238776006
177.0 0.9043077329767938
177.5 1.6437068975992872
178.0 1.972560940624235
178.5 0.722113308394499
179.0 0.7973135083778033
179.5 1.398142872201165
180.0 1.7921813961959816
180.5 1.4600006167716537
181.0 0.9496015776834467
181.5 0.8553544731054628
182.0 0.7658974200276994
182.5 0.8179845396503421
183.0 2.264243411493124
183.5 1.753169354625169
184.0 1.479458995042294
184.5 1.081938499513879
185.0 1.3316769376998434
185.5 0.6577427827000253
186.0 1.1711798051484426
186.5 0.8458171402565098
187.0 1.0832468112628373
187.5 1.3067201776980601
188.0 1.739200292466645
188.5 1.135829487000609
189.0 0.8845211344322379
189.5 1.193772548298294
190.0 0.9438939906485054
190.5 1.3873519523961715
191.0 1.4756339643402587
191.5 0.9192834338265707
192.0 1.4014094508469062
192.5 0.44279067407289274
193.0 1.423126516691735
193.5 0.7244282283679901
194.0 0.794028542198431
194.5 0.5609529627444312
195.0 1.37937883936008
195.5 1.1751814756386412
196.0 0.6172069766838929
196.5 0.8196348232579436
197.0 0.8869014104817478
197.5 0.7290263971399704
198.0 0.6401607490607989
198.5 1.5701566719715352
199.0 1.372159496234484
199.5 0.7446970060981214
200.0 1.461689853085291
200.5 1.3578464020707148
201.0 0.865680631073561
201.5 0.6457628663946348
202.0 1.1366784014617253
202.5 1.819552281030124
203.0 1.3028476525536603
203.5 0.9479462252073685
204.0 0.9031534179955742
204.5 0.9559303743633243
205.0 1.4353281914208584
205.5 0.7956675234474198
206.0 1.32388819586903
206.5 0.7716470303568455
207.0 0.4745405194556882
207.5 0.5567339294866164
208.0 0.9301699409325547
208.5 0.790851477037378
209.0 1.5168163323333028
209.5 0.9281692014972671
210.0 1.7021663125767121
210.5 0.9879398584545633
211.0 1.3230530364793727
211.5 1.1445636533122387
212.0 0.6535849711692213
212.5 1.187627414859514
213.0 1.0419568761714058
213.5 0.7151552465546093
214.0 0.9814677808150338
214.5 0.7880022512444125
215.0 0.7714461139027193
215.5 0.6215026032137809
216.0 1.3464453777009837
216.5 0.6249841971257108
217.0 0.9571754402880233
217.5 1.2341848373890496
218.0 1.5155093251735283
218.5 0.9299446876181465
219.0 0.7660187227750335
219.5 1.1957268354471293
220.0 0.6304403008943205
220.5 0.7971502117494694
221.0 0.8674722945491617
221.5 0.9392322055409346
222.0 0.6097138599772336
222.5 0.9930906899997165
223.0 0.9147925637387361
223.5 0.6981192102748028
224.0 0.9712388422363188
224.5 0.4226151494457221
225.0 1.013974807095262
225.5 0.8574601137063159
226.0 0.6464217607415882
226.5 1.1874946417424659
227.0 0.9509037311702296
227.5 0.9487224562795225
228.0 0.9987638929229435
228.5 0.7750681799831001
229.0 0.5957030602789142
229.5 0.9410239108732261
230.0 1.1926452357194788
230.5 0.5769100536042803
231.0 0.972040124323024
231.5 0.5690669679875804
232.0 1.228119803782076
232.5 1.8610695701469737
233.0 1.057312821740228
233.5 0.6048491054419334
234.0 0.7103519118053966
234.5 0.33908807948588493
235.0 0.6718053032723489
235.5 0.9603222958397898
236.0 0.7380657129939295
236.5 1.09875480141452
237.0 0.6142745819484088
237.5 1.4068596911034088
238.0 1.4641167492450964
238.5 1.8105834667424088
239.0 0.5971205524638795
239.5 0.9051153668326305
240.0 0.587076791016318
240.5 1.4947016960778239
241.0 0.7505881701917336
241.5 1.1071181699473915
242.0 1.1826784816986504
242.5 0.8127779437516041
243.0 0.8132024642304203
243.5 0.8790010582906002
244.0 1.5437804077558257
244.5 1.4479757926815164
245.0 2.2391121340386584
245.5 1.1166424456017991
246.0 1.1706302062513232
246.5 1.3508738867656067
247.0 1.1577024121308148
247.5 0.9025501729678356
248.0 1.277313043838188
248.5 1.4398496367227507
249.0 0.7851959289445472
249.5 0.3292251760732817
250.0 0.9915351848122334
250.5 1.087928307242769
251.0 0.9555894509961362
251.5 0.48042920293165936
252.0 1.3612472601211876
252.5 0.7636233871001367
253.0 0.7674210497072718
253.5 0.7243467080003619
254.0 1.0336181437570433
254.5 0.8609410494049132
255.0 1.0778758258862435
255.5 1.5033397410900187
256.0 1.4502629545689785
256.5 0.543061619958199
257.0 0.7454234830040475
257.5 1.09542016392572
258.0 1.4229472950291135
258.5 0.6822608717381937
259.0 0.7530822597014786
259.5 0.9812100772269767
260.0 0.9615147051976134
260.5 0.5573187418427734
261.0 0.9931744829244603
261.5 1.2393989700831367
262.0 0.6949527935337078
262.5 1.2232628735794266
263.0 1.5467746426649374
263.5 0.6481312142764399
264.0 0.966317740499413
264.5 1.4696335432046799
265.0 0.8341775126455276
265.5 1.0131130011167135
266.0 1.378226234548606
266.5 0.9527825254893836
267.0 0.8273782039122822
267.5 0.5807893670757586
268.0 0.8181796507840051
268.5 0.8733804718613529
269.0 0.9244361409282529
269.5 0.7792041094414848
270.0 1.673039142554637
270.5 0.6658808495691758
271.0 1.088098082350161
271.5 0.7892200179048274
272.0 0.5923362093013971
272.5 1.6032891959917484
273.0 1.135670405674159
273.5 0.7487740150168702
274.0 1.0897473873528907
274.5 0.9859931583786335
275.0 1.4676686441755784
275.5 1.1157730200709026
276.0 1.5124893642552348
276.5 1.2433121799504416
277.0 0.7672473808103477
277.5 1.2031252103840173
278.0 1.4811925098259184
278.5 1.120862183181003
279.0 1.218896207506896
279.5 1.524640207979434
280.0 0.6894487586700426
280.5 1.168064398774927
281.0 0.2
281.5 1.6680212329692212
282.0 1.308822215655769
282.5 1.1050202272976923
283.0 1.4027626621539557
283.5 0.6658437182557791
284.0 0.9107493072761946
284.5 0.8059383995363409
285.0 0.40942717648388505
285.5 1.5764014225648886
286.0 0.9308023856454417
286.5 0.7770812068180628
287.0 1.0787108211554037
287.5 0.9585736992420787
288.0 0.5071503234928143
288.5 1.1202063073482666
289.0 1.0733196585385105
289.5 1.5257330854354518
290.0 0.5266959437764507
290.5 0.47268537480714573
291.0 0.593338732635011
291.5 0.941762705076013
292.0 0.9601775858405659
292.5 0.7188631459484918
293.0 1.0983716877561893
293.5 1.7040466017080949
294.0 0.9634373254443049
294.5 0.9453105119206154
295.0 1.148347273225311
295.5 0.9010128711346852
296.0 1.4007120482191266
296.5 1.030654629670272
297.0 0.7592369712600131
297.5 0.9546034878353231
298.0 0.6563613003813031
298.5 0.8927970018616183
299.0 1.1368987966152524
299.5 0.919421969155939
300.0 0.6025286541684722
300.5 1.2254165976018148
301.0 1.244412162212702
301.5 1.0394838103628552
302.0 2.092233762972702
302.5 0.7754078705519766
303.0 1.0011819972678486
303.5 0.9920578725752552
304.0 1.2547616341691774
304.5 1.1888180733071088
305.0 0.7289926437303644
305.5 0.8844198020433673
306.0 0.9962356376184438
306.5 1.0680000359589097
307.0 0.4163661802965527
307.5 0.718462485360138
308.0 0.7107970743218107
308.5 0.7058926516599401
309.0 0.8367257594858915
309.5 0.63537305931303
310.0 0.7896712178587978
310.5 1.2712720966485676
311.0 0.8971097304193683
311.5 1.1936765857425642
312.0 0.7819147460381676
312.5 0.9739104301887351
313.0 1.177745242385078
313.5 1.2930220289620369
314.0 0.8927863378712922
314.5 1.2154800937771997
315.0 0.8144835779629309
315.5 1.1249399161427014
316.0 0.41220901774529894
316.5 0.8627333274860048
317.0 0.4939870918508926
317.5 1.0912339824918365
318.0 1.2432959688770118
318.5 1.0721423684932627
319.0 0.5622384097667341
319.5 1.128165619003416
320.0 1.3776955410533591
320.5 0.7957060278039663
321.0 1.1246520283304062
321.5 0.4950695222845375
322.0 0.4888548453769981
322.5 0.8785482763517012
323.0 1.7451586203682252
323.5 0.7364318373097273
324.0 0.30493294338009475
324.5 0.9100303595191984
325.0 1.0567890122705264
325.5 0.9110970405808235
326.0 1.7507166012790307
326.5 0.9695839085492161
327.0 0.8530254812107143
327.5 1.0234105162049714
328.0 1.4741165858948864
328.5 0.7221598537970089
329.0 0.5876342529465534
329.5 1.7899022273039997
330.0 0.6935121942718806
330.5 0.823797325342497
331.0 0.6708480241860212
331.5 0.7304675988593572
332.0 0.8275919897736239
332.5 0.7669189583689648
333.0 1.8614688396107244
333.5 1.4102017239884104
334.0 0.9151349638322569
334.5 0.671340751939929
335.0 1.0627361142397764
335.5 1.2849125193046897
336.0 0.5912778723909644
336.5 0.6266071059284223
337.0 0.8226096876060796
337.5 0.898470489892101
338.0 1.1407722173400012
338.5 0.603406899251999
339.0 1.2869391015479492
339.5 0.8879220888603707
340.0 0.9296524068800569
340.5 0.5045616678781749
341.0 1.2465609938903697
341.5 0.6463736670659226
342.0 0.7822884520100749
342.5 0.8523722751451122
343.0 0.8796857771523106
343.5 0.47902837998419817
344.0 0.9976551932860883
344.5 0.3069834149130777
345.0 0.7509824151424038
345.5 0.5829268098054183
346.0 1.091594160993199
346.5 1.4233901547774273
347.0 0.5755404493649827
347.5 0.8493229211818538
348.0 1.2351299225521535
348.5 1.4441547698227692
349.0 1.336193168203872
349.5 1.1543133763098772
350.0 0.6513963224192978
350.5 0.8981071296106891
351.0 0.7760141955697741
351.5 1.2469166625798365
352.0 1.4488966864319797
352.5 0.9846300169018826
353.0 1.3195295888562497
353.5 1.5441338118845416
354.0 1.1172128290980226
354.5 0.7984865782295448
355.0 0.6250412450288261
355.5 1.0224170027416193
356.0 0.6430008830768265
356.5 0.7768981922974519
357.0 1.057640281762229
357.5 0.9764647906905227
358.0 1.1622079935329246
358.5 1.5663895319176122
359.0 2.553844175788733
359.5 1.0127764877942933
360.0 1.1349566358417111
360.5 1.049428331843833
361.0 1.0411148984864709
361.5 1.1080937970064153
362.0 0.7483265949231873
362.5 0.2521239518897026
363.0 1.4191593258718678
363.5 1.928854937686602
364.0 0.5756471509692509
364.5 1.9217187987810447
365.0 1.2052281712690314
365.5 1.3479181187399045
366.0 1.0157960522929925
366.5 0.9162323699907068
367.0 1.2019582563851072
367.5 1.651913956645175
368.0 1.761561525551093
368.5 0.943039245398479
369.0 0.9474514372553593
369.5 0.8110957169381366
370.0 0.4802932814207568
370.5 1.254294364087872
371.0 0.7367920796153865
371.5 1.0371713507284772
372.0 0.5866739776577963
372.5 1.1758261755004527
373.0 1.0350033198987298
373.5 1.0014916448379756
374.0 0.9936198975978784
374.5 0.8666401860785311
375.0 1.0652476935153365
375.5 2.5299898988460194
376.0 0.883116804253042
376.5 1.650786601059513
377.0 0.9980228017954973
377.5 1.1919139892032153
378.0 0.8101637349732963
378.5 0.7654849518860437
379.0 2.348708526177989
379.5 0.8420971662695549
380.0 0.718687812846051
380.5 0.5699126518122297
381.0 0.5178432230024776
381.5 0.6723451256990669
382.0 1.3139692420137328
382.5 1.1624478194001262
383.0 1.4779069246798104
383.5 1.8219031763744198
384.0 0.710917575012728
384.5 1.4770878558839997
385.0 1.3029851989691297
385.5 0.7411306854059044
386.0 0.9602281160156383
386.5 0.8288526558427862
387.0 1.6665233466823808
387.5 0.8189137235468081
388.0 0.7073695703502545
388.5 0.7735902307508163
389.0 1.255726327895367
389.5 1.3410263764355381
390.0 1.3062038232048767
390.5 0.9445110597972459
391.0 0.8174157838255394
391.5 1.3691004407587193
392.0 2.2739313007174626
392.5 0.5971336896014464
393.0 1.0825177253163836
393.5 1.1884812638864428
394.0 0.7502586497645927
394.5 1.2553344757304
395.0 1.4448505587547364
395.5 0.6459271842034031
396.0 1.0968676624442828
396.5 0.8643891570394799
397.0 1.3463502898279867
397.5 1.1426759797478594
398.0 1.1905936694565078
398.5 1.6119498264267529
399.0 1.5605672705874383
399.5 0.7358759581531313
400.0 0.6669397134705451
400.5 0.705278304150784
401.0 0.9629227022528596
401.5 1.4957076655762904
402.0 0.9683309631158135
402.5 1.0217999361968366
403.0 1.8810769487147136
403.5 1.0546986435017691
404.0 0.8660761437678044
404.5 1.3182924055578669
405.0 0.9272926827275082
405.5 0.7442977306386049
406.0 0.989026080711318
406.5 0.6878926716577005
407.0 0.7454756007662735
407.5 0.8939097944760186
408.0 1.0446270582676482
408.5 0.8877771021742543
409.0 1.146333794035173
409.5 1.0067554638657268
410.0 0.9662550728146204
410.5 1.3467185853151835
411.0 1.4408579772950096
411.5 0.9328321178598491
412.0 0.7013453857592371
412.5 1.2558908813297829
413.0 1.845611716615244
413.5 1.7234012188788426
414.0 0.6657106407603239
414.5 0.966728114653714
415.0 0.8620325078164105
415.5 1.650789230377252
416.0 0.717310852112352
416.5 1.879311933597354
417.0 0.9051254362235346
417.5 1.6855653324090594
418.0 0.8659494146267233
418.5 1.0653926929050883
419.0 0.9880687902277292
419.5 0.7193129363539021
420.0 1.499920444501302
420.5 0.5290598363666283
421.0 0.44938472691100206
421.5 1.099575254793245
422.0 1.5954533035479057
422.5 1.1341107442993643
423.0 0.7389790792058977
423.5 0.6659620508122435
424.0 0.8295398023923188
424.5 0.7691807826621707
425.0 1.65317693813072
425.5 1.0714158306623283
426.0 1.4452508165211846
426.5 0.7896035358686269
427.0 0.7217982750367795
427.5 0.657609532663771
428.0 0.8106969588647077
428.5 0.3987307627552076
429.0 1.3930297859032144
429.5 1.2916276304860332
430.0 0.8488058366617253
430.5 0.7552104215746756
431.0 0.9110727461710384
431.5 0.8674501785662597
432.0 1.3153936942688387
432.5 0.7600470019213799
433.0 0.668956716375835
433.5 1.9866495267351278
434.0 0.734407719864709
434.5 1.3094335895072484
435.0 1.099043334019012
435.5 0.7173020442531165
436.0 0.7265715747741208
436.5 1.107350827382806
437.0 0.7258254727164608
437.5 0.6567758432981506
438.0 0.5514644686123067
438.5 0.7416303271711775
439.0 1.2921417522279457
439.5 1.1622891068892611
440.0 1.4852285524574866
440.5 1.1148294843687954
441.0 1.5134129953901203
441.5 0.6081890103356145
442.0 0.6842883429312498
442.5 0.8484239103452673
443.0 1.14623660771947
443.5 0.42348639462087023
444.0 1.0999060037527262
444.5 0.7466344227943891
445.0 0.9668752760578426
445.5 1.189738974311294
446.0 1.2431075362406858
446.5 0.9668075569405152
447.0 0.7835157170414759
447.5 1.0216043322163102
448.0 1.060685394977521
448.5 1.648853196114723
449.0 1.7111561279045242
449.5 1.7239301666420617
450.0 0.6442709552700985
450.5 1.0935859454435177
451.0 0.6114666577370992
451.5 0.706853998640696
452.0 1.058008683205737
452.5 1.1105149567732178
453.0 1.0607261534458639
453.5 0.8699059761603976
454.0 0.9302163554462416
454.5 0.9128362831621019
455.0 0.8180046618710884
455.5 1.2865369934999156
456.0 0.7622028539012967
456.5 0.9277557992687435
457.0 0.8819509126368726
457.5 0.6829577817955838
458.0 1.6013780494386505
458.5 0.869149035859881
459.0 1.0573059148849482
459.5 1.450241918334323
460.0 0.9334826538896416
460.5 1.8007985046057402
461.0 1.1152485218667765
461.5 1.187535042235209
462.0 0.30404708914155537
462.5 1.311416543765696
463.0 1.63032052176982
463.5 0.6536739637840552
464.0 1.4760433974447764
464.5 0.6653995789215376
465.0 0.8920779486590182
465.5 0.8540396838020777
466.0 0.8434341047730033
466.5 1.648854019388554
467.0 0.7771861294024774
467.5 1.0656900046673887
468.0 0.8360550104767025
468.5 1.027219406506806
469.0 0.862819739359798
469.5 1.1892372201171129
470.0 0.9774631565139141
470.5 0.6596673082519117
471.0 1.1548214586888967
471.5 0.635871743666709
472.0 0.7972704329108188
472.5 0.5624954855676412
473.0 1.0019762485105002
473.5 1.2687127516547398
474.0 1.0575065735191647
474.5 1.7067414627000166
475.0 0.8528760209711042
475.5 1.7226244143763938
476.0 0.6658714607362859
476.5 1.357313208143733
477.0 0.6961344861863392
477.5 0.5801310167653924
478.0 1.9526055325409803
478.5 1.4017135049794134
479.0 1.2259715683645878
479.5 0.7646135210319853
480.0 1.1609205098606996
480.5 0.9047945288974315
481.0 0.651919042939699
481.5 0.759362126269679
482.0 0.8010249013386547
482.5 1.1357071784558186
483.0 0.521571599956302
483.5 1.0903062620507233
484.0 0.920834315145343
484.5 1.395434765070012
485.0 0.7803058471920754
485.5 1.1338189071239606
486.0 0.9308346812471964
486.5 0.832360213368025
487.0 1.3972988586706578
487.5 0.9125669161788308
488.0 0.5195891441205092
488.5 0.7795282476281132
489.0 1.7177063309903051
489.5 1.1407489871197205
490.0 0.6416380269715043
490.5 0.5560550639623872
491.0 1.3724574316138778
491.5 1.2876316558843617
492.0 0.5171246386267391
492.5 1.1392642083712792
493.0 2.0857136126210203
493.5 0.2
494.0 0.272747364490865
494.5 0.7454139371895648
495.0 1.477667539666724
495.5 0.415695083087138
496.0 1.1464860624964581
496.5 1.0658956991088115
497.0 0.8073760435141022
497.5 0.9760155200150716
498.0 1.095283629338796
498.5 1.1532020849226088
499.0 0.8130105368079781
499.5 0.5945173336469712
500.0 1.4236816662192648
500.5 1.7300474771939824
501.0 0.8381249961754257
501.5 1.1593452104771989
502.0 1.481165469526136
502.5 0.7320673894871188
503.0 0.6284559916750445
503.5 0.6423365710225004
504.0 0.23031084787393508
504.5 1.0226271510995053
505.0 1.3218941596035707
505.5 1.6667758197669227
506.0 0.823415391363738
506.5 1.3243901524759343
507.0 1.7439937161972032
507.5 1.808558420728919
508.0 0.8023419213994322
508.5 0.43024805777644215
509.0 0.5405782501070302
509.5 1.5043904953560396
510.0 0.954793523351965
510.5 1.2836903498410304
511.0 0.9262535631855158
511.5 0.6951488690424429
512.0 0.5120883800438703
512.5 1.7457870787295025
513.0 1.4860157848635511
513.5 0.6699520857664116
514.0 1.7290743920924077
514.5 0.5430164457305227
515.0 1.0020132074429084
515.5 1.080238318194818
516.0 0.7985962083187623
516.5 1.1111246593495308
517.0 0.7713164245307569
517.5 1.4258576016285172
518.0 2.3059966161765817
518.5 1.2651245585327662
519.0 1.3668054656631394
519.5 1.1515571720899145
520.0 0.8437629261619517
520.5 0.6314602478483129
521.0 1.3106524611776722
521.5 1.1477133771903512
522.0 1.1782170387200357
522.5 0.7262345540194078
523.0 0.7280582393059608
523.5 1.0364811637636149
524.0 1.1140211484323013
524.5 0.7905592015875825
525.0 0.9542885726466448
525.5 1.9726936964596131
526.0 0.7740766869092037
526.5 1.0914501960052052
527.0 0.515294776726061
527.5 0.7092666124505216
528.0 1.6462981886839714
528.5 1.252200280387967
529.0 0.5332575948886754
529.5 0.8993346608799976
530.0 0.45481916643658593
530.5 0.7957819538347947
531.0 0.4605042192007904
531.5 1.2885482285185637
532.0 0.7047835118307324
532.5 1.0679432099126451
533.0 1.7048041680386703
533.5 0.5791915576294433
534.0 1.5763047773769006
534.5 1.4715794130176483
535.0 1.1607605230594933
535.5 1.14335409284181
536.0 0.7999145221164132
536.5 0.48885955304519
537.0 1.0918831045871453
537.5 0.8891987781939807
538.0 1.2702115041184245
538.5 0.8745434992876429
539.0 0.45599765871137354
539.5 1.6542251488235213
540.0 1.2803910645119765
540.5 0.7013420655673279
541.0 1.3022562571818734
541.5 0.794995859928684
542.0 0.5607545595504468
542.5 1.3267999274016686
543.0 0.6592012238875775
543.5 1.4579699400514785
544.0 1.6991019586720637
544.5 0.7120724101761104
545.0 1.171251101172099
545.5 1.10448030589088
546.0 0.9874697864960246
546.5 0.9870180392515204
547.0 0.6534798763320551
547.5 1.06927624146156
548.0 0.6605983664458035
548.5 0.9840738463597063
549.0 0.7407402090097764
549.5 0.7047971212494681
550.0 1.2694717048886974
550.5 0.6820472684713053
551.0 1.3509140951193008
551.5 0.8332205622523967
552.0 1.0918022326839627
552.5 0.8702588670629983
553.0 1.576811874351569
553.5 0.4004090743304197
554.0 0.8768626764438746
554.5 0.6989815665184387
555.0 0.8137250214294762
555.5 0.4484704696250891
556.0 1.0084638232553753
556.5 0.2
557.0 0.9683864144147467
557.5 0.5386920216179325
558.0 1.1345880942333495
558.5 0.7144677901150507
559.0 0.751422552105816
559.5 1.251486001154991
560.0 1.1220497074213007
560.5 0.7100109868224825
561.0 1.957685269539044
561.5 0.969645791383834
562.0 1.4117156900510826
562.5 0.7191600180906693
563.0 1.3633706238756225
563.5 0.767789023402574
564.0 0.6960266778632517
564.5 0.7230404907612292
565.0 1.0363279492999238
565.5 1.9179766509525655
566.0 1.525165401556892
566.5 0.6902624758750868
567.0 1.229048000398429
567.5 1.6336689955865924
568.0 1.2499761038507304
568.5 0.9555451631536939
569.0 0.5517776866486952
569.5 1.0385107435026595
570.0 0.7237224245957063
570.5 0.821246382293465
571.0 0.9768439060701629
571.5 0.7802618453788086
572.0 0.818654556819761
572.5 1.2381291795354623
573.0 1.43710806917582
573.5 1.3061251431967449
574.0 0.7141987596270847
574.5 1.400833819761444
575.0 0.8465433744995606
575.5 0.41708757788488604
576.0 0.5674716094711982
576.5 1.0320543416492636
577.0 1.4438831084910082
577.5 1.3249406399908916
578.0 0.643269381469268
578.5 0.9901612279276678
579.0 0.5854558835365931
579.5 0.629061628979069
580.0 1.4856983993131403
580.5 0.7540372334154467
581.0 0.9196998946762605
581.5 0.969493498144392
582.0 0.7242183877108376
582.5 0.765959612526562
583.0 1.4182288655414799
583.5 1.1405833378150776
584.0 1.705732156874916
584.5 0.8511666836445846
585.0 1.0643669519319827
585.5 0.6784577543841019
586.0 0.9102185918830061
586.5 1.2019948469330686
587.0 0.46855530457550265
587.5 1.0054498210302032
588.0 0.7575082382656474
588.5 0.6289858139981366
589.0 1.459805024905045
589.5 1.1617776542653466
590.0 1.0585883883276588
590.5 1.2740720011433422
591.0 0.9410006390346632
591.5 0.9193756027958113
592.0 1.2371577959748712
592.5 1.0162577006191367
593.0 0.7835788856133811
593.5 0.7602367499876217
594.0 0.9463938762123006
594.5 0.372262285071073
595.0 1.0762962340477291
595.5 1.3417017508899063
596.0 1.0089055021916609
596.5 1.2026053272842958
597.0 0.626271993774994
597.5 1.0982754810655098
598.0 0.5975925865224583
598.5 0.6029969526650747
599.0 1.2276146595152528
599.5 0.6201993213459329
600.0 0.9889906381014106
600.5 0.658136821586401
601.0 0.8320247777398306
601.5 1.925728706560455
602.0 0.6516909143175249
602.5 0.31064594757646324
603.0 0.708442061722459
603.5 1.1264764970649253
604.0 1.0296354577351554
604.5 1.22664341008034
605.0 0.8683172927001791
605.5 1.5036734634234108
606.0 0.8171157075498238
606.5 1.4121305887457236
607.0 1.277072548122195
607.5 1.6890883191381971
608.0 1.0491196501467668
608.5 0.8023622136310917
609.0 0.5889503725304938
609.5 1.002394246468577
610.0 0.7169483414156711
610.5 1.0260508335203693
611.0 0.714556299287312
611.5 0.8518845109073339
612.0 0.6029640878210896
612.5 0.7113225465952588
613.0 1.162975145900466
613.5 1.3651751792576439
614.0 0.9056097182596322
614.5 1.5269290362708499
615.0 0.8292187383027446
615.5 1.4671545930379573
616.0 1.5333814410510709
616.5 0.9377963565510647
617.0 0.2
617.5 1.128709930047612
618.0 1.0549204588291352
618.5 1.673990524257644
619.0 0.6383749110154333
619.5 0.6482082510111353
620.0 1.1015463712960196
620.5 0.5558244305685782
621.0 0.7318023163154922
621.5 0.8829331976217574
622.0 0.8812297841120994
622.5 1.35483341322709
623.0 1.3942284057986205
623.5 1.576712022799604
624.0 0.9857195700352246
624.5 0.7663304090255203
625.0 0.8978987392946146
625.5 1.309388790051433
626.0 1.3312433354616355
626.5 1.4681798077625765
627.0 0.973845547755102
627.5 0.6686578013649401
628.0 0.7513038549067081
628.5 1.8089860842956083
629.0 0.7362311222539494
629.5 1.1327259815445025
630.0 1.4993294526535887
630.5 0.8293753692525463
631.0 0.8780408679323127
631.5 0.6406866650106288
632.0 1.391567720197398
632.5 1.6664832459072256
633.0 0.9841102413365864
633.5 0.9489907717624745
634.0 0.7808536206005646
634.5 0.9603594645182846
635.0 1.1923266811430624
635.5 1.5475454992982942
636.0 0.7903437846801007
636.5 0.8815436388432638
637.0 0.9409575803138104
637.5 1.7885121195769922
638.0 1.042519115053396
638.5 0.42011110236740123
639.0 0.9984606649985471
639.5 1.8123251763121573
640.0 1.3734547365329468
640.5 0.6669831670645029
641.0 1.3483526547492783
641.5 1.6497190270000548
642.0 2.097200037592609
642.5 0.5648451553617996
643.0 0.7927824504862098
643.5 0.9722662270882849
644.0 0.8891516533602073
644.5 0.9917530484911042
645.0 0.6985287914480645
645.5 1.350220099101018
646.0 0.4174001041044997
646.5 0.9068092543471772
647.0 1.1918622707084503
647.5 0.8774206085350069
648.0 1.834606524192028
648.5 1.4276216317175652
649.0 0.8778949640818513
649.5 1.6088825049890694
650.0 0.5786091250386192
650.5 1.0050601328154833
651.0 0.7043894859331502
651.5 0.9003925741496968
652.0 1.2531937870767476
652.5 0.8958478667527257
653.0 0.9634985426373806
653.5 1.2904995835039212
654.0 1.1170372093338776
654.5 0.6985314293632738
655.0 1.5798418529981908
655.5 1.3173916281943676
656.0 0.6841799194503269
656.5 0.5044991069096523
657.0 0.7575824146887777
657.5 0.7928167005124966
658.0 1.1417326256676987
658.5 0.948062195505206
659.0 0.8816922563496727
659.5 0.5285891610643503
660.0 0.8964680456257419
660.5 1.0604006368736822
661.0 0.94047898993907
661.5 1.8048614783602384
662.0 0.9303538674423619
662.5 1.1214842201960868
663.0 1.2763211292573522
663.5 1.310002941528147
664.0 0.9245850151651062
664.5 0.9295908761109286
665.0 1.6395355114896852
665.5 0.9052987008405408
666.0 0.6928640694814864
666.5 1.4653037572958065
667.0 1.2616706562724402
667.5 0.7565508711100104
668.0 1.0042473728474732
668.5 1.2641587789448896
669.0 0.533005798262135
669.5 0.5193649478840553
670.0 1.2194452155819513
670.5 1.1813299393087804
671.0 0.8177097076849401
671.5 0.5207539779905913
672.0 1.495597588481714
672.5 1.358968229529225
673.0 2.2595108010314737
673.5 0.8589226561718704
674.0 0.8538475594313668
674.5 0.5947671049710408
675.0 1.0403153242257812
675.5 1.107973079525264
676.0 0.5021914027920292
676.5 1.030469744324282
677.0 0.9989067114258672
677.5 0.7842680410890065
678.0 1.1144113930741377
678.5 1.1340558740555329
679.0 0.9573350849917276
679.5 0.6396338521440164
680.0 1.2644116417820277
680.5 1.7291159080998368
681.0 1.8925067794391612
681.5 1.4054828061975062
682.0 0.9981519860531859
682.5 0.6580500353948525
683.0 1.301649001211425
683.5 0.9501747763699315
684.0 0.669489098403643
684.5 1.863815354641372
685.0 0.8672853472472833
685.5 0.6676164078038211
686.0 0.7231735222735816
686.5 0.9049296447785388
687.0 1.798133773865802
687.5 0.58591440367063
688.0 0.7137839907398256
688.5 0.6733484831996956
689.0 0.9701776815151952
689.5 0.7553807818124754
690.0 1.0637669649732924
690.5 0.6942343179922561
691.0 1.382532940305142
691.5 1.0870386378432768
692.0 0.7279089659924421
692.5 0.8484683357133733
693.0 1.036455413423774
693.5 1.8969463578481904
694.0 0.8565066484397023
694.5 2.173433838765871
695.0 1.0219163296905769
695.5 1.343818319643904
696.0 0.6599742068880048
696.5 0.4763356800720562
697.0 0.7238518632944595
697.5 1.18267871149337
698.0 0.8379684094846094
698.5 0.7752197272639596
699.0 1.3636311247140012
699.5 2.051420595292188
700.0 0.40510189335268165
700.5 0.819816207911704
701.0 1.3477568845167298
701.5 0.8639645170508673
702.0 0.7684165755951357
702.5 0.8836302810971712
703.0 1.0740427141448778
703.5 1.0427552006643466
704.0 0.49302313880478776
704.5 0.6507049188505225
705.0 1.2096653751751598
705.5 1.7038658174672858
706.0 1.6183304186798115
706.5 1.020971961605741
707.0 1.6676527806993797
707.5 1.0882604267601481
708.0 0.6904853612040798
708.5 1.191129243108711
709.0 0.8746030466331971
709.5 1.1007226565077057
710.0 1.0622408811676687
710.5 0.6307382803857167
711.0 0.5447343838011254
711.5 1.2563282579919806
712.0 1.8013495103005464
712.5 1.2712707339372318
713.0 0.9800362829304414
713.5 0.7927629294187888
714.0 0.8032081406037435
714.5 0.9266529112058047
715.0 1.0080624305430748
715.5 1.1171578269837688
716.0 1.2193743313996703
716.5 1.1124849048263186
717.0 1.1610086701293112
717.5 0.7912010095886454
718.0 1.1486871466514166
718.5 0.5802100329430162
719.0 1.012303568359234
719.5 0.8438299221775369
720.0 1.2927182086055549
720.5 2.20924054109326
721.0 1.121946580272287
721.5 1.3578048504600146
722.0 0.7271365824055226
722.5 0.4548898258409664
723.0 1.5971100923293422
723.5 1.2280713458057448
724.0 0.9904551381477091
724.5 0.8732203012030196
725.0 1.2174181104007533
725.5 0.3692806820917084
726.0 1.004362452800614
726.5 1.0784290869271598
727.0 1.0596164644702037
727.5 0.8409403017507043
728.0 0.7766320838686023
728.5 1.4695997735066348
729.0 0.870520974438753
729.5 1.3376103788576148
730.0 0.24905252195440541
730.5 1.271478233387477
731.0 0.8259130933420468
731.5 1.3883156119063802
732.0 0.8853893154394874
732.5 1.008702570171663
733.0 1.5588767773098038
733.5 0.47693251570112327
734.0 0.5673962561314448
734.5 0.48913024091556434
735.0 0.6772932538023129
735.5 0.7985827933469237
736.0 0.9654978823082343
736.5 1.0069553889804252
737.0 0.7180288744940904
737.5 0.7708809390199813
738.0 1.9781883787719283
738.5 0.7815985640932596
739.0 1.0769077443175772
739.5 1.3496609517467015
740.0 0.698812975416403
740.5 0.8171569815246702
741.0 0.5104543850954704
741.5 0.9741065506729863
742.0 0.7924544867509487
742.5 0.7014521307004449
743.0 0.7353515974234275
743.5 0.7932767589626302
744.0 0.9723011924348876
744.5 1.1649924167956565
745.0 1.1982365430028041
745.5 0.6379702411767053
746.0 0.5085765015290299
746.5 0.6816288995246763
747.0 1.2177590859069989
747.5 1.496585788814261
748.0 1.273543948673399
748.5 0.5995368128668443
749.0 0.8727656545955355
749.5 0.5812912505904799
750.0 0.7561128004179057
750.5 0.7341793721611756
751.0 0.7749737580628221
751.5 1.0629487450161466
752.0 0.7449002105956548
752.5 1.1496403702906255
753.0 0.8659596139973483
753.5 0.8818025829573973
754.0 0.7023627860825095
754.5 1.376620756080115
755.0 0.8909137314709323
755.5 1.211207305358449
756.0 0.8359732520224352
756.5 0.7665654556768666
757.0 0.7834881995245091
757.5 1.251445775760307
758.0 1.252794914438506
758.5 0.7236984694618853
759.0 0.6451580576988765
759.5 0.8138179103097576
760.0 1.5566381697883989
760.5 0.6186057826517151
761.0 1.3923310479011084
761.5 0.47602052036282705
762.0 1.1423280993408467
762.5 1.2854298415481853
763.0 0.917637486456131
763.5 0.793299255983932
764.0 0.9270539756748174
764.5 1.331080897663473
765.0 0.7807760161164652
765.5 0.9598721572213538
766.0 0.9137228943744862
766.5 1.113433046650889
767.0 0.9935191325522641
767.5 1.3421090186595996
768.0 1.355416974047178
768.5 0.4512758531123352
769.0 1.1087967223667796
769.5 0.4697888816256147
770.0 2.4978955410039534
770.5 0.8345028179405615
771.0 0.9043985728795387
771.5 0.6984975651616765
772.0 0.7335377277107222
772.5 0.8053488771693317
773.0 0.4144374638245901
773.5 0.9669893607830686
774.0 1.1811876945220479
774.5 0.598109561818993
775.0 0.9705509169519999
775.5 0.6222950550351196
776.0 0.561404016993091
776.5 0.5222861384021739
777.0 1.2610236312025636
777.5 1.0609501801007715
778.0 0.8947162866965142
778.5 0.7777295585766516
779.0 0.7504704334380696
779.5 1.280566954191054
780.0 0.6402932991927733
780.5 1.1956420565888464
781.0 0.7856395105143422
781.5 1.0140349176032553
782.0 1.22050946100787
782.5 0.5021826733778183
783.0 0.5870385287116735
783.5 1.13577199933062
784.0 0.8168627488062292
784.5 0.7822340575300248
785.0 1.2795572012514311
785.5 1.4852888770007748
786.0 0.6269607145674219
786.5 0.6730763885604383
787.0 0.6421391460155979
787.5 0.9856822641091679
788.0 0.8319830908654295
788.5 1.2340008011438839
789.0 0.7214119013023079
789.5 0.7813418027034784
790.0 0.6023162006299498
790.5 1.3541793222960306
791.0 1.0790675496092577
791.5 0.5473082202670534
792.0 1.5217432599420833
792.5 1.8550657877570051
793.0 1.1149217956762345
793.5 2.2692786402176344
794.0 1.1120548187847377
794.5 0.9024461809783398
795.0 0.980533412627219
795.5 1.6672109823730907
796.0 0.2342729816290321
796.5 2.035865621972119
797.0 0.6820461275622496
797.5 0.986559776013564
798.0 0.4255593919929647
798.5 0.6770141650749194
799.0 0.4450667139815894
799.5 0.875171793955599
800.0 0.6619889799483324
800.5 1.285596827397523
801.0 1.260487808272807
801.5 0.5133838249504136
802.0 0.6534168977662901
802.5 1.2132281256954904
803.0 0.8970021442917763
803.5 0.6568521916381649
804.0 1.145512590235251
804.5 0.4851344371188461
805.0 1.126877325760334
805.5 0.8474932041486662
806.0 0.4310153986335471
806.5 1.2846579809031726
807.0 0.7071893411463538
807.5 0.7151815621134012
808.0 1.038124396428823
808.5 1.5700630600684424
809.0 0.8847618611796058
809.5 1.3962244693871448
810.0 0.9276060376527214
810.5 1.035318289094152
811.0 1.6235745433397035
811.5 2.0110758611791306
812.0 1.0934570592636128
812.5 1.4646231841631039
813.0 1.0530552496497099
813.5 1.6276511127599704
814.0 1.6353491755280736
814.5 0.7427140822403031
815.0 0.9537616496422714
815.5 1.0487603575817932
816.0 1.0254480222520401
816.5 1.4353880269400343
817.0 0.8692047087448013
817.5 0.9827193256288389
818.0 1.5516178083596874
818.5 0.5358169120646891
819.0 0.7679384045934032
819.5 1.0695322561702223
820.0 2.1252263040333665
820.5 0.8153468999244561
821.0 0.7854021747031561
821.5 1.6193776418543937
822.0 1.3154031589640103
822.5 0.6843263505178354
823.0 0.8163619396668382
823.5 0.9216098571373594
824.0 1.8475304361128666
824.5 0.4786638524204694
825.0 0.6503895157653792
825.5 0.7678931810041139
826.0 1.761869361540104
826.5 0.7553043823314693
827.0 1.4856054590920564
827.5 1.089791298804493
828.0 1.5341021690757248
828.5 1.2412276129511537
829.0 1.0193920573332842
829.5 1.121578636834455
830.0 1.3742959773910348
830.5 0.6954010085846528
831.0 1.2827485832988543
831.5 1.1205350782299521
832.0 0.5800859297848784
832.5 1.154357469476627
833.0 1.3145388263548696
833.5 1.142821321609846
834.0 0.6345518089323976
834.5 1.8478595039401617
835.0 1.7534520146900743
835.5 0.8153328922764045
836.0 0.8609108537037419
836.5 0.5200842205810072
837.0 1.503128972067749
837.5 0.989486450816197
838.0 1.5938485206136588
838.5 1.1060187422385928
839.0 1.1765326335310462
839.5 0.7043855740501909
840.0 1.7644529122305102
840.5 1.156571007084286
841.0 1.329277171889447
841.5 0.6532015059500269
842.0 0.7946260288169219
842.5 0.370150053558418
843.0 0.8212478986064485
843.5 0.9409481815706082
844.0 0.857964220518675
844.5 0.7881425406988631
845.0 1.2482776637865927
845.5 1.1545030791956419
846.0 0.6208865071604023
846.5 1.682506394364069
847.0 0.8303236130345054
847.5 0.9840185749478603
848.0 0.9621100016816688
848.5 1.2633567832591774
849.0 1.0058977921884886
849.5 1.0600325948509992
850.0 0.7692112079139877
850.5 0.961621119584887
851.0 0.7398585863068143
851.5 0.9109651399844394
852.0 1.165898214191544
852.5 1.3019033827080162
853.0 0.9231082696389166
853.5 0.38588727948117313
854.0 0.9529296199384862
854.5 1.1410473979438889
855.0 1.7501449452830147
855.5 0.9280670632765136
856.0 0.9121462329238353
856.5 1.8328680639832138
857.0 1.300212192246346
857.5 0.8785811731263964
858.0 1.804795779567086
858.5 1.3877296744625849
859.0 1.4715723023553096
859.5 1.8402945731220792
860.0 1.6686430866646678
860.5 0.9368288847474511
861.0 1.8275921445711867
861.5 1.5807699221439404
862.0 0.6498180402940703
862.5 1.0479642723767622
863.0 0.8352053215174728
863.5 1.0170047449097726
864.0 0.7264783727241222
864.5 0.7269084327414299
865.0 1.1485210507167316
865.5 0.5147152841371762
866.0 1.057264699282372
866.5 0.4813383582433156
867.0 1.3191993638106885
867.5 0.7596967832080038
868.0 0.7951297433792723
868.5 0.7165018481249397
869.0 0.8401542670087375
869.5 0.6430742570666701
870.0 0.510335054700326
870.5 0.7693660455297313
871.0 0.789483462337609
871.5 0.653448182897828
872.0 0.5743669094894973
872.5 1.2831758206532755
873.0 1.2561025534290255
873.5 0.9053001842869371
874.0 0.7402539813904041
874.5 0.8113789117933567
875.0 0.6186074972046818
875.5 0.5303434131396707
876.0 1.6130041395278227
876.5 1.3459849770220933
877.0 1.1344454640331765
877.5 0.8878885538600441
878.0 1.3140036180617876
878.5 1.0937355445745283
879.0 1.5861081907988388
879.5 0.8920807018745895
880.0 0.5689936805228976
880.5 1.050739426114925
881.0 0.7533571008275296
881.5 0.8155490571906299
882.0 1.7198653340687584
882.5 2.1112964205775713
883.0 0.8180840732442125
883.5 0.7375014471139083
884.0 0.7392688806260175
884.5 1.9568219417154915
885.0 0.9062546519511296
885.5 1.2041934192902521
886.0 0.9408202276698181
886.5 0.9300860774412055
887.0 2.29841418413211
887.5 1.165921909468616
888.0 0.9829799161374767
888.5 0.7993684768428344
889.0 1.1083116047577568
889.5 0.7673685070999428
890.0 1.1510158808039161
890.5 0.8373135818749926
891.0 1.1000824293715539
891.5 0.6293078410483579
892.0 0.5502515941781223
892.5 1.1119547446982665
893.0 1.255129734999109
893.5 0.9238106456385374
894.0 0.7169790406997268
894.5 1.2141033137187964
895.0 1.0313263784734892
895.5 2.17676619729879
896.0 1.0897377550819796
896.5 0.9406722790621918
897.0 1.2801306963415975
897.5 1.23854411580051
898.0 1.158432367216727
898.5 0.7705381890821111
899.0 2.0271976592965593
899.5 0.9261059444020882
900.0 0.5604755785885343
900.5 0.8003207478058112
901.0 1.1544548484357593
901.5 0.8217752113381034
902.0 1.6336476476023862
902.5 0.746424282582312
903.0 0.85229891438591
903.5 0.9304823888239973
904.0 1.14657234906592
904.5 1.3603958511673158
905.0 1.0695127465562926
905.5 1.0398441822948556
906.0 0.7852854540901586
906.5 1.2774969356019619
907.0 0.7480858814999433
907.5 0.2
908.0 0.7066128410320562
908.5 0.2
909.0 0.9414201804918113
909.5 1.1469597216565401
910.0 0.7552872146904315
910.5 0.8612683882415637
911.0 1.2771278080451394
911.5 1.3726341609342032
912.0 1.3452856480381796
912.5 1.3097216923657617
913.0 0.9399290587629666
913.5 1.3508399739742756
914.0 0.7888665936909447
914.5 0.8355897258859906
915.0 0.7156316213850502
915.5 0.5028117010126599
916.0 1.3020226058715525
916.5 1.290015534358855
917.0 0.6055896645989329
917.5 0.641794817381123
918.0 0.6028639160462315
918.5 0.9477433042719101
919.0 1.2469631410704174
919.5 0.693089748778171
920.0 1.1343253384367922
920.5 1.3946499319330372
921.0 0.4842305053550274
921.5 1.5664406748803907
922.0 1.8335271478377
922.5 1.7712587573703544
923.0 0.8155065746151926
923.5 0.7060153166240579
924.0 1.3441517914997696
924.5 1.314119215410138
925.0 0.8324039612460963
925.5 1.9675899048178263
926.0 0.8442328246983481
926.5 0.6609750976095461
927.0 0.762161626000387
927.5 0.9510263324419709
928.0 1.4641927001992157
928.5 0.9280038146692908
929.0 1.65943228776049
929.5 1.8005307852130645
930.0 1.1116152611985393
930.5 1.0558210555745509
931.0 0.8731170568548704
931.5 0.8037713537579868
932.0 0.8758918182159404
932.5 0.6999829125204431
933.0 0.9912764669277262
933.5 0.512801689713268
934.0 0.8067184308242673
934.5 1.5208495761034189
935.0 1.830662969396692
935.5 0.7751583839474422
936.0 0.6974986605862936
936.5 1.2864113979782454
937.0 1.5135573207110449
937.5 1.7193391464948227
938.0 0.8827719895760678
938.5 0.7230780074009122
939.0 0.625308048787064
939.5 1.1961468496464027
940.0 0.6291575010931189
940.5 0.9688843195156959
941.0 0.8288065626830239
941.5 0.8830302664631788
942.0 0.7279125426918311
942.5 1.1955681495966157
943.0 0.6166298936718363
943.5 0.6435792728776142
944.0 1.1439557521205175
944.5 0.7299998181965517
945.0 0.7428190970242063
945.5 0.6210609634313523
946.0 1.1272009678964654
946.5 0.7567174198820115
947.0 1.0585336232209492
947.5 0.2
948.0 0.995985737586564
948.5 0.7066779910413821
949.0 0.7491184399536697
949.5 1.104493193171279
950.0 0.7939193682234669
950.5 1.6163761290370946
951.0 0.804479484571051
951.5 1.352798298387187
952.0 1.043445905182157
952.5 0.5274358499163304
953.0 1.3175631572711048
953.5 0.9329136874195902
954.0 1.96721463813041
954.5 1.3048739029876257
955.0 0.7350340886744497
955.5 0.9114092527979927
956.0 1.3618233224980063
956.5 1.4390527174721823
957.0 0.6812319931279427
957.5 0.8125211223035533
958.0 1.0166800970776821
958.5 0.9430003542986386
959.0 1.500958741472835
959.5 1.1499020828215887
960.0 0.2860260473004326
960.5 1.2445168368025097
961.0 0.7129270205628451
961.5 1.7682460401962103
962.0 2.0752569258926625
962.5 0.79822184093686
963.0 1.2770823251883834
963.5 0.8503613361523462
964.0 0.8937120672112979
964.5 0.6784635261705461
965.0 0.6245857709719724
965.5 1.2133294176191947
966.0 1.6923400221567828
966.5 1.114128294620764
967.0 0.903670196159151
967.5 0.9727565339850914
968.0 0.627529820726154
968.5 1.0098211289763142
969.0 0.9546836025639194
969.5 0.45126649042212913
970.0 0.5480352632482212
970.5 0.6811856317226359
971.0 1.4161985147157816
971.5 0.9851958308566134
972.0 1.22963749249833
972.5 0.7058687001620482
973.0 0.8321713484227251
973.5 1.3591348553486196
974.0 0.8018549085850575
974.5 0.910799017404126
975.0 1.0548457849041268
975.5 0.6965728187549531
976.0 0.9599533620036003
976.5 1.0571161894115582
977.0 0.7219715363357648
977.5 1.4458689949058363
978.0 1.9130612545231975
978.5 0.8613110980966064
979.0 0.8244991954440399
979.5 0.9382264951780303
980.0 0.8702563279263464
980.5 0.7361367583860113
981.0 0.8019963235074352
981.5 1.0395515463677434
982.0 1.6812780255214204
982.5 1.4938989690664788
983.0 1.3494309426897968
983.5 0.7799194705883666
984.0 0.8855426650853845
984.5 1.5705214703250503
985.0 1.6794647387518946
985.5 1.22006053993629
986.0 1.5935335631658418
986.5 0.7207335916182837
987.0 0.690759160392123
987.5 1.0069997806714035
988.0 1.980500570748125
988.5 0.8170957979252867
989.0 0.39785345274310424
989.5 0.6651240620751357
990.0 1.3959231028788317
990.5 0.5552242903690944
991.0 0.9316867874821022
991.5 1.2665950197187072
992.0 0.7529710738578399
992.5 0.8969669780665107
993.0 0.7727998165421913
993.5 1.7450195048703279
994.0 1.199486972412961
994.5 1.0184979998102506
995.0 1.1799370210615607
995.5 0.7128002419409512
996.0 0.5566676399280599
996.5 0.7700342956032376
997.0 1.441073685596296
997.5 1.0892941586960512
998.0 0.8962842571354692
998.5 1.2344203934737674
999.0 0.8580456505305756
999.5 1.0624143982995409
1000.0 0.7372283691897903
1000.5 0.8119785894023444
1001.0 0.6868643778736133
1001.5 0.9177859976828711
1002.0 1.4071644722024144
1002.5 0.4242139450593683
1003.0 0.48480879144089956
1003.5 1.209619643746883
1004.0 1.8033887765053866
1004.5 1.428312777421547
1005.0 1.2908289693678117
1005.5 1.0397445028605201
1006.0 1.2020861060127608
1006.5 1.2678370818224707
1007.0 1.220345674323363
1007.5 0.9369349977839267
1008.0 0.49428076028790724
1008.5 1.1618953194832244
1009.0 1.2124195931127044
1009.5 1.1834318672388227
1010.0 0.7066912306415635
1010.5 1.3120698603023082
1011.0 0.8946584034296718
1011.5 0.9810154262175141
1012.0 1.4348975121210805
1012.5 1.7024860784036662
1013.0 0.9730347241552236
1013.5 1.0743335461507084
1014.0 0.5225670922891709
1014.5 0.7730442021492174
1015.0 0.7454620999150676
1015.5 1.223873079876717
1016.0 0.5485878106187951
1016.5 0.9364269211707392
1017.0 0.2
1017.5 0.6304104208499913
1018.0 0.715427701624257
1018.5 0.7017098612799779
1019.0 0.9606536458451495
1019.5 1.5568871151406576
1020.0 1.4435737563262059
1020.5 0.6332374300795862
1021.0 0.7247463589599615
1021.5 0.3622283634068594
1022.0 0.7579892681842131
1022.5 0.8373736444563629
1023.0 0.8179646315114704
1023.5 1.079066791798634
1024.0 0.6414828588930755
1024.5 1.1008137430398883
1025.0 0.8461613337471605
1025.5 1.490044197752031
1026.0 1.0546922765005156
1026.5 0.917365947203756
1027.0 0.512344565127541
1027.5 1.0262677927084547
1028.0 0.8500908633124125
1028.5 0.8314946426426097
1029.0 0.9516113577167596
1029.5 0.8201497874777592
1030.0 1.1758308278930953
1030.5 0.6032714046375579
1031.0 1.8248667306191888
1031.5 0.9211658434385855
1032.0 1.184713923577692
1032.5 0.5675830827293258
1033.0 1.7747996512927893
1033.5 0.9037024132694633
1034.0 1.0218125212414986
1034.5 1.0525330993296005
1035.0 1.028824658297179
1035.5 0.9002344592532384
1036.0 1.0888452513280833
1036.5 1.3075182207883569
1037.0 1.1487930461653386
1037.5 1.3269880076867204
1038.0 1.5390442744054154
1038.5 1.0019534834489194
1039.0 0.9154250327092369
1039.5 0.813083775933199
1040.0 1.9047647197428779
1040.5 1.3927472590167769
1041.0 1.3745415806452823
1041.5 0.8955140927662604
1042.0 1.6416401264358602
1042.5 0.6571897020341935
1043.0 1.7083033468199735
1043.5 1.2957909026518228
1044.0 0.5762798470679308
1044.5 1.476417271286015
1045.0 1.0541812487644038
1045.5 0.9256600603127136
1046.0 0.9278495626744451
1046.5 1.0876437039805251
1047.0 0.8384483399696863
1047.5 0.702137752615468
1048.0 0.6415225087834541
1048.5 0.8444595053199893
1049.0 0.7791985724710127
1049.5 1.0056379175321575
1050.0 0.5087707372779858
1050.5 1.3364531701391917
1051.0 0.9596167253265048
1051.5 1.0393701523122862
1052.0 1.2857053207874256
1052.5 0.983914379171819
1053.0 1.4321766933175293
1053.5 0.586349321830841
1054.0 1.5084567953812855
1054.5 0.9272070063893899
1055.0 1.9113540328537462
1055.5 1.3469978884612135
1056.0 0.8506326196378339
1056.5 0.8359083818281409
1057.0 0.7852170647464614
1057.5 0.8977636699387682
1058.0 0.817775452611764
1058.5 0.78824384553528
1059.0 1.2873573749319576
1059.5 1.027830960867837
1060.0 0.8315288870424776
1060.5 1.1905791248153879
1061.0 1.4486657731278525
1061.5 0.402835306239276
1062.0 1.0651369196657354
1062.5 0.6331890535982613
1063.0 0.9417706373725241
1063.5 0.7893531487968504
1064.0 1.25246871163912
1064.5 1.270122416215056
1065.0 0.8767788074012853
1065.5 0.9880539431513344
1066.0 0.5775990787307058
1066.5 1.0755765147094727
1067.0 1.1787407269410792
1067.5 1.0477564542121627
1068.0 0.8987148058069269
1068.5 1.7176327167961727
1069.0 0.7505343813982933
1069.5 0.9616220865968861
1070.0 2.367388932156372
1070.5 0.9510541840032268
1071.0 0.6684101276101758
1071.5 0.8882034784877608
1072.0 0.6948487424259986
1072.5 0.7887164754907205
1073.0 1.5243318506033647
1073.5 1.2801144709281713
1074.0 0.8513095946020448
1074.5 0.6867140635682225
1075.0 1.2843525715253685
1075.5 1.1117383647636152
1076.0 0.663670134039958
1076.5 0.7380131128125957
1077.0 0.5662859136708244
1077.5 0.688162607920525
1078.0 0.5132789842348818
1078.5 0.6912386158723118
1079.0 0.42920053949971004
1079.5 0.6866962921539488
1080.0 0.8590892413995018
1080.5 0.771432645436941
1081.0 0.7921280545165583
1081.5 0.9382351106956375
1082.0 1.176556119760954
1082.5 0.852073527227061
1083.0 0.879969090909553
1083.5 1.343538154672745
1084.0 0.7493616995881393
1084.5 0.576503599984475
1085.0 0.9194677760888608
1085.5 1.0430593719153516
1086.0 1.1654645094446057
1086.5 1.2267222267039108
1087.0 0.6366476012158128
1087.5 0.7284534141976965
1088.0 0.8813786068098292
1088.5 0.9636897751760307
1089.0 1.1313363432191645
1089.5 0.756326212742932
1090.0 1.352362943129086
1090.5 0.6803991772115037
1091.0 1.6544249076315425
1091.5 1.3718750755286908
1092.0 0.7072341115024969
1092.5 1.0426471201131813
1093.0 1.4138765081999096
1093.5 0.340946495600678
1094.0 1.5178043220760373
1094.5 1.0654038737372635
1095.0 1.4441240682765315
1095.5 0.9554878904692402
1096.0 0.9759194961060822
1096.5 0.6748662781044976
1097.0 1.0155984320617846
1097.5 1.794745390569616
1098.0 1.1594059456589134
1098.5 1.3607546610735817
1099.0 0.8964571311037864
1099.5 0.7636826068458442
1100.0 1.1093936968637672
1100.5 0.7990656672059308
1101.0 0.23674011448609822
1101.5 0.8029858947839973
1102.0 0.3663686071865391
1102.5 0.89930543608199
1103.0 1.5255604174053028
1103.5 1.203701802388716
1104.0 0.5920550634657901
1104.5 0.899645194812434
1105.0 0.7198211009602923
1105.5 0.779646318223043
1106.0 0.9673509350347358
1106.5 1.0159623726781732
1107.0 1.1359856197669962
1107.5 0.673338648458661
1108.0 0.9023138000054582
1108.5 0.674719839193594
1109.0 1.5305405521104642
1109.5 0.6217014985492044
1110.0 0.4062138493189654
1110.5 1.602528671547471
1111.0 0.4230525852398216
1111.5 1.421371912036352
1112.0 1.021330127692309
1112.5 1.0918492767336172
1113.0 0.9750867011105433
1113.5 0.9314176440960706
1114.0 0.6211842780203533
1114.5 1.81449174906236
1115.0 1.151351965067044
1115.5 0.8301076586096159
1116.0 0.6005388795469989
1116.5 1.0756077116240446
1117.0 0.891429093364773
1117.5 1.404926279809295
1118.0 1.0620540145980653
1118.5 1.005424247148218
1119.0 0.8752625158597584
1119.5 0.7689046617309081
1120.0 0.4981088459599307
1120.5 1.7048820101893347
1121.0 0.8077760705269268
1121.5 1.1593644837997132
1122.0 1.1087347293977443
1122.5 1.484572315913943
1123.0 1.8949184059015534
1123.5 0.6945276965326855
1124.0 2.373988884423549
1124.5 0.9060377749462328
1125.0 0.641756149250525
1125.5 0.7477958276326206
1126.0 0.7158878844171104
1126.5 1.0835795060171818
1127.0 1.05974189827824
1127.5 1.1558455927415867
1128.0 1.154620264474019
1128.5 0.5306399763774956
1129.0 1.1682132197587203
1129.5 0.8948903715904116
1130.0 1.287442324429401
1130.5 1.1015166355995536
1131.0 1.2952589971338333
1131.5 1.2579923771281334
1132.0 0.9589398349322994
1132.5 1.5432277592977757
1133.0 1.0605981001861453
1133.5 1.3043806624569179
1134.0 1.2329395175615467
1134.5 0.6447332183910113
1135.0 1.0439226087102003
1135.5 0.550207399019426
1136.0 1.2061500788690704
1136.5 1.446127997230994
1137.0 0.6783541103359519
1137.5 0.6011055195110802
1138.0 0.6845310873596016
1138.5 0.5245809862016784
1139.0 1.3907402005518699
1139.5 1.4920998655313356
1140.0 0.6999061916859788
1140.5 0.4019814608017076
1141.0 0.43001866316569104
1141.5 1.0007878882407018
1142.0 0.7710764350983842
1142.5 1.0892362982943595
1143.0 0.7295640781652981
1143.5 1.3290406979773337
1144.0 0.6972920154325571
1144.5 0.5619415260337592
1145.0 0.6340323876566468
1145.5 1.091950330910341
1146.0 0.9793180481057022
1146.5 0.5176625091118257
1147.0 1.5324493566731587
1147.5 0.9623853797248658
1148.0 0.8070312976725751
1148.5 0.8195843411223059
1149.0 1.409658678561939
1149.5 1.8139397002141604
1150.0 1.1303045391875282
1150.5 1.1595546570491697
1151.0 0.5621764000561111
1151.5 0.8980732055038406
1152.0 0.8045706615462354
1152.5 0.6615824160344318
1153.0 0.9615713294027126
1153.5 0.867510943649876
1154.0 0.9254144502002061
1154.5 0.7709574720293833
1155.0 1.2574361683745683
1155.5 1.6421212541727943
1156.0 0.896644921396986
1156.5 0.6145660802397753
1157.0 1.059769479025848
1157.5 0.8092937810693277
1158.0 0.9117024736893549
1158.5 0.972894935425789
1159.0 0.8072174277303714
1159.5 1.194801053515727
1160.0 0.9060441979260323
1160.5 0.3955997144405864
1161.0 1.4742372045982783
1161.5 2.145967396702384
1162.0 0.7466164712047259
1162.5 1.0974918060711523
1163.0 1.731885364804322
1163.5 1.6153950236668622
1164.0 0.7067059455396778
1164.5 0.5540361817617009
1165.0 0.7376756004751712
1165.5 0.5145221384622625
1166.0 1.4431193008976253
1166.5 1.670848465397961
1167.0 1.4570278465702087
1167.5 1.0828873165851158
1168.0 0.8399774230736001
1168.5 1.057522368637385
1169.0 1.2111886110638348
1169.5 1.6389406317070518
1170.0 1.3425175817518595
1170.5 1.0273039151875942
1171.0 0.9119593469797451
1171.5 0.6687546136301467
1172.0 0.7252976387461254
1172.5 0.5489283338928546
1173.0 1.101914387230328
1173.5 1.7151284621234333
1174.0 1.102154923696806
1174.5 0.7965444537928094
1175.0 1.3291992519303735
1175.5 0.9486075345536991
1176.0 1.2651568852212747
1176.5 0.6648553487189339
1177.0 1.1131720208771794
1177.5 0.9947076586400964
1178.0 0.8114432549551549
1178.5 0.6942674101273629
1179.0 1.4389334461029777
1179.5 0.8457567201811702
1180.0 1.2571156077911225
1180.5 1.1240794862980805
1181.0 1.4422849516127858
1181.5 0.984957086967883
1182.0 0.45536089107903455
1182.5 0.732883568789251
1183.0 1.0953305451750115
1183.5 2.338516617629888
1184.0 0.956614118823751
1184.5 1.817730296801825
1185.0 1.7477234544989555
1185.5 1.026594241172198
1186.0 2.003047229895358
1186.5 0.7318261024199175
1187.0 0.5429504929822261
1187.5 1.082581450288812
1188.0 0.48423002765396983
1188.5 0.9541966778729783
1189.0 1.5061842217211225
1189.5 0.6852680601455403
1190.0 1.1936112783729955
1190.5 0.8709663170844983
1191.0 1.4357974336132218
1191.5 1.9468696702647437
1192.0 0.8990002722385237
1192.5 0.9467792913132765
1193.0 2.2045392392347387
1193.5 0.6155166792752533
1194.0 0.9141185656358687
1194.5 0.7608528136390678
1195.0 0.7949148722809734
1195.5 0.9402983909570987
1196.0 0.9664653908142015
1196.5 1.0003763319404297
1197.0 0.6198583789667995
1197.5 0.8179396908618692
1198.0 1.006694402225662
1198.5 0.808707913481318
1199.0 1.3270746450452342
1199.5 0.5647747043682323
1200.0 1.4545337047549896
1200.5 1.026415835716905
1201.0 1.068194631165789
1201.5 0.6779343890131004
1202.0 0.8037585239453297
1202.5 1.1622350513299262
1203.0 1.1701566040840408
1203.5 0.9783732477055441
1204.0 1.4327639259225486
1204.5 0.808869934810412
1205.0 1.294058399370305
1205.5 1.0960267974486482
1206.0 0.8587771720177021
1206.5 1.1851297297186452
1207.0 1.404805851110551
1207.5 0.9175150643665602
1208.0 1.3705052655349192
1208.5 0.6198007168293808
1209.0 1.145031499423332
1209.5 0.5954157250987187
1210.0 0.8171769361545583
1210.5 0.4951709331357167
1211.0 1.26107293276347
1211.5 0.6306799062323751
1212.0 0.7491632592705328
1212.5 0.6078175367302769
1213.0 1.5091937498676895
1213.5 1.0730588383046686
1214.0 1.0223508808264719
1214.5 0.8719076979072493
1215.0 0.7768266281672481
1215.5 2.3949993600059427
1216.0 0.9640613938041886
1216.5 0.8514178176566048
1217.0 0.665586298985645
1217.5 0.22201237040015764
1218.0 0.5646327532985249
1218.5 0.9159382946539281
1219.0 1.2000345749372496
1219.5 0.9780797565486009
1220.0 1.1963260801619646
1220.5 0.9753603733234684
1221.0 1.3637610537555336
1221.5 0.8377043432802681
1222.0 0.5723093080826233
1222.5 0.802739504277157
1223.0 0.427796313479435
1223.5 1.2184730839189513
1224.0 1.2845880096456843
1224.5 1.850531095392126
1225.0 1.2982628095982673
1225.5 1.005764849874584
1226.0 1.6805677823716958
1226.5 1.7790307546305606
1227.0 0.5648162117409683
1227.5 0.2
1228.0 1.4590087951061999
1228.5 1.438267834367866
1229.0 1.5716144421111613
1229.5 0.9700715499841491
1230.0 1.8624434989530658
1230.5 1.306149251599162
1231.0 0.5381903201443197
1231.5 1.2143418164894655
1232.0 1.6876470977602454
1232.5 1.9735803157955125
1233.0 0.8565617929295801
1233.5 0.9736619585260041
1234.0 0.9578973086302685
1234.5 0.693333971659458
1235.0 2.796433760589932
1235.5 1.013448561068186
1236.0 1.2086864522167944
1236.5 0.882621329147327
1237.0 0.7346928388684236
1237.5 0.7967807540512154
1238.0 0.8627512584064819
1238.5 1.655742615659162
1239.0 1.5023285085870342
1239.5 0.7398910679863062
1240.0 0.9244547100082406
1240.5 2.1443427638142887
1241.0 1.0895368814818265
1241.5 1.2646746066282648
1242.0 0.6716563030528793
1242.5 0.7356273993834916
1243.0 1.2210545126753054
1243.5 0.5911751163544923
1244.0 1.1527136968769827
1244.5 0.7672223539278149
1245.0 0.5416859545764448
1245.5 0.7658831350509339
1246.0 2.447194500229342
1246.5 0.6489451438518865
1247.0 0.7482096427256952
1247.5 1.5412633668668638
1248.0 0.694622139207286
1248.5 1.01321461099606
1249.0 1.4577959442188773
1249.5 0.7804865749470118
1250.0 0.8961143284754401
1250.5 1.7631983527302744
1251.0 1.451416132017248
1251.5 0.5350397789075212
1252.0 1.4372739672961763
1252.5 0.7262311863429564
1253.0 1.8896596203301348
1253.5 0.8467866090941965
1254.0 0.8767967974898517
1254.5 0.7467919316371449
1255.0 1.0682447253181597
1255.5 1.0451636915349072
1256.0 0.5734765047000975
1256.5 0.5548797099329967
1257.0 1.0190603741616155
1257.5 0.566279292699721
1258.0 0.8909675995368581
1258.5 0.5410212690532676
1259.0 0.767027214820651
1259.5 0.9682305441978898
1260.0 0.788857930597453
1260.5 1.7657125554613557
1261.0 1.1916357930442405
1261.5 1.110142936336889
1262.0 1.0942280226594736
1262.5 0.4289298273122154
1263.0 1.0365316053209748
1263.5 0.7293987941958848
1264.0 1.0340053510584877
1264.5 1.0183989480155216
1265.0 1.0892072804883357
1265.5 1.0263854520124744
1266.0 0.7817527285953243
1266.5 0.5274380770637905
1267.0 1.3890917594534673
1267.5 1.197560984915684
1268.0 1.7243511024799512
1268.5 0.734749355156352
1269.0 0.587545307983026
1269.5 0.8723224604967256
1270.0 1.34454938797831
1270.5 0.8808629332178075
1271.0 0.5959265319912512
1271.5 1.5727560619846632
1272.0 1.1067787184101712
1272.5 1.9032151298457447
1273.0 0.8536525303687137
1273.5 0.694377153588303
1274.0 0.42877946111951465
1274.5 0.9179984076047956
1275.0 1.2544937571153316
1275.5 0.9678901224387841
1276.0 0.3388319296157519
1276.5 0.990001624879328
1277.0 0.8833624996257178
1277.5 0.7873775702903351
1278.0 0.8795823240660896
1278.5 1.0223466256813976
1279.0 1.6021290915556374
1279.5 1.7447210909617596
1280.0 1.1696533842269292
1280.5 1.7427861108472773
1281.0 1.8779078796892703
1281.5 0.7381111936584634
1282.0 1.0263529028211908
1282.5 0.7217661426075291
1283.0 1.3483275720413535
1283.5 1.0611255283053915
1284.0 0.8911874119521042
1284.5 1.35538794025305
1285.0 1.0111894830684378
1285.5 0.9084204977012112
1286.0 1.4686726895353543
1286.5 1.4431040838606548
1287.0 0.8852548955618974
1287.5 1.0868946839664506
1288.0 0.9457818123138145
1288.5 1.3411078756916175
1289.0 0.2
1289.5 0.6122258891499404
1290.0 1.0824417475305164
1290.5 1.151468905225931
1291.0 1.4130603129841544
1291.5 1.0102436128777228
1292.0 0.7890745775875164
1292.5 0.8198627920528513
1293.0 0.8926010263302182
1293.5 1.5980851913490883
1294.0 1.1786917685026994
1294.5 0.6812376335722756
1295.0 1.0236164726893136
1295.5 0.825191213302263
1296.0 1.2237938500974717
1296.5 0.7602014560384599
1297.0 0.7080566714444587
1297.5 0.961705016461473
1298.0 0.8753683740548251
1298.5 1.036294091409439
1299.0 0.936303777227617
1299.5 0.8364883247521688
1300.0 0.5440570590723889
1300.5 1.0059411782244565
1301.0 0.7368443420927844
1301.5 1.171132481165705
1302.0 1.0945687327846645
1302.5 0.40566009183326335
1303.0 0.7315856754586662
1303.5 0.6954125529140623
1304.0 1.15287336282517
1304.5 1.1963341213717404
1305.0 1.4233250544177944
1305.5 0.9581151943519526
1306.0 1.8430215695787617
1306.5 1.092731309466428
1307.0 1.4668918157490278
1307.5 0.6012943335555312
1308.0 0.8698132309466293
1308.5 1.2874691373422467
1309.0 0.5588259973914859
1309.5 1.2527730419988323
1310.0 0.7151380985175382
1310.5 0.812300112390306
1311.0 0.6447633065298644
1311.5 0.6303135036124577
1312.0 1.6340870578563784
1312.5 0.8500038180132705
1313.0 0.9870096411790203
1313.5 1.1531324630982578
1314.0 1.015094338063683
1314.5 0.962199438716987
1315.0 0.6640551224463405
1315.5 1.7072493397789144
1316.0 0.6363318578009404
1316.5 0.7968188793878581
1317.0 0.4858772242121535
1317.5 0.8843934251271914
1318.0 0.5815317370046229
1318.5 0.8131356782149352
1319.0 1.3163836540451246
1319.5 0.9923054885663211
1320.0 1.1945131739910941
1320.5 1.7836482453660643
1321.0 0.6000294300221752
1321.5 0.8168004588223305
1322.0 1.19994766422799
1322.5 0.6296766049795728
1323.0 1.2693317262923545
1323.5 1.3030680695766366
1324.0 1.2760977221505865
1324.5 2.047786853120445
1325.0 0.5932299518889631
1325.5 0.9285890278664944
1326.0 0.8379707404114125
1326.5 0.7650015896342712
1327.0 0.8374768522105145
1327.5 2.742903811752557
1328.0 0.8427541144572216
1328.5 0.8143719830551172
1329.0 0.5437453789448904
1329.5 1.255052321649016
1330.0 0.9257618899499664
1330.5 1.1106685496431314
1331.0 0.9869002581696632
1331.5 0.8587216760723326
1332.0 0.97517695673831
1332.5 1.833532570517328
1333.0 0.6074501890440953
1333.5 1.5019336530181027
1334.0 0.9241373973598986
1334.5 1.2137353633727264
1335.0 0.5946725058517719
1335.5 1.3335843699733365
1336.0 0.5703776301527615
1336.5 0.7236722495456098
1337.0 1.3657674663639305
1337.5 0.7676559708582624
1338.0 1.804996759497182
1338.5 0.4236227983101141
1339.0 0.6672541278251078
1339.5 0.6288199102294
1340.0 1.2135063545255564
1340.5 1.0687383105522525
1341.0 0.43377844858068526
1341.5 1.1656161017801172
1342.0 0.8338251025800456
1342.5 1.55516044233616
1343.0 0.9408344940870547
1343.5 1.8391371005523909
1344.0 0.8622763691902295
1344.5 0.5699672777451831
1345.0 1.4722916693445631
1345.5 1.3034873257027106
1346.0 1.2650248524161176
1346.5 1.2902290283406215
1347.0 1.0807724314621456
1347.5 1.0032904609427824
1348.0 0.9048120770992629
1348.5 1.2394916492361898
1349.0 0.9821045458874639
1349.5 0.5907764860738396
1350.0 0.7266956847170284
1350.5 0.5262475864535758
1351.0 1.3035238597345125
1351.5 0.7470739271401573
1352.0 0.7064009127797315
1352.5 0.6561754657571112
1353.0 0.5829585298932426
1353.5 0.8526759437984378
1354.0 1.6604658573009363
1354.5 0.6056119589748572
1355.0 0.7541327708992527
1355.5 1.4345700051727386
1356.0 0.331459304168934
1356.5 0.9565668169143238
1357.0 1.2468114228220726
1357.5 1.4120830494064394
1358.0 1.5448638957587417
1358.5 1.1944544038827853
1359.0 1.9941050489819774
1359.5 0.8262164363696126
1360.0 0.798287272058405
1360.5 1.6603190853463716
1361.0 1.0091369199413207
1361.5 1.0835396039337355
1362.0 0.6346639313301982
1362.5 1.2838885291969668
1363.0 0.6556461907636394
1363.5 0.7933337600466587
1364.0 0.736736463618955
1364.5 0.9350009549773232
1365.0 1.297065134714963
1365.5 1.657385768099865
1366.0 1.1852774029941564
1366.5 1.2058103338867
1367.0 0.945095319906669
1367.5 1.849076186405981
1368.0 0.9238133872509557
1368.5 0.8207807678844499
1369.0 0.652944034574666
1369.5 1.3600932824833982
1370.0 1.4567153888180355
1370.5 0.6876710328365797
1371.0 1.0714141394232024
1371.5 1.7014081363861306
1372.0 0.8140987644357291
1372.5 2.09585731613258
1373.0 0.909537214602665
1373.5 0.9643730392815656
1374.0 1.5944448421630684
1374.5 0.8437085375692841
1375.0 0.7217474889261439
1375.5 1.1879718811343247
1376.0 0.8246216823371035
1376.5 0.6041332380819288
1377.0 1.1853226911916637
1377.5 1.1045134963942655
1378.0 1.3901073055077422
1378.5 0.4447251142312754
1379.0 1.5754408920635712
1379.5 0.7289202161278538
1380.0 1.6979573781384678
1380.5 0.8101896545554941
1381.0 1.064296935043786
1381.5 0.9898558971096629
1382.0 1.145627031998692
1382.5 0.8051320652385087
1383.0 1.0998650422220178
1383.5 0.7458022152882136
1384.0 1.0198385435405288
1384.5 0.7407401863710217
1385.0 0.39857381078377385
1385.5 0.8321875599337378
1386.0 0.9840092785946494
1386.5 1.199503978589618
1387.0 0.8411772482398967
1387.5 0.6691295197177265
1388.0 0.8114120694710827
1388.5 0.559411605894754
1389.0 2.4132366288130647
1389.5 1.8932353848894765
1390.0 1.429474922330328
1390.5 0.5894082427610863
1391.0 1.365729050485744
1391.5 1.1947540511457064
1392.0 1.0151612716611735
1392.5 1.2158785778452708
1393.0 0.7926762215259752
1393.5 1.0136712508837076
1394.0 0.8405262985820292
1394.5 0.9746009918605364
1395.0 1.6724053345641299
1395.5 0.8097943162760776
1396.0 1.217386139604282
1396.5 1.4508109511229694
1397.0 1.0278600168305565
1397.5 0.8606493033285538
1398.0 1.6197976784109416
1398.5 0.7327974614711477
1399.0 1.199639348736798
1399.5 0.9880117773542056
1400.0 1.501330896497414
1400.5 1.085294702015679
1401.0 0.6250061521510621
1401.5 0.7073912343591713
1402.0 1.1916806952854335
1402.5 1.4781628380012943
1403.0 0.9671883976739819
1403.5 1.2533784910779278
1404.0 0.9219955075929657
1404.5 0.7556812544061554
1405.0 0.5107613198706964
1405.5 1.390094200737535
1406.0 0.966734040815197
1406.5 1.265362726052747
1407.0 0.8491437827126879
1407.5 1.4528731828328332
1408.0 0.7906917669379766
1408.5 1.274963051049545
1409.0 0.9948139622640849
1409.5 1.2587660909704823
1410.0 1.2249483123061107
1410.5 1.4266535842178185
1411.0 0.9528542251505221
1411.5 1.4808886619123975
1412.0 0.9978321630147021
1412.5 1.23106478974642
1413.0 0.5352994360638993
1413.5 0.43791580596494334
1414.0 1.0049041472692308
1414.5 1.133720423330605
1415.0 0.7832102512971194
1415.5 1.5890131096282807
1416.0 0.9180763027233269
1416.5 0.8782938293222011
1417.0 0.9941884217765803
1417.5 1.9202071952046444
1418.0 0.9595352582905264
1418.5 1.185098508093886
1419.0 0.9458390476812358
1419.5 0.8964680460551925
1420.0 0.9306135622886995
1420.5 1.0733342836789366
1421.0 0.7733087879478046
1421.5 0.3639353611756695
1422.0 0.6344438927531878
1422.5 0.8119663859648953
1423.0 0.8921064275873481
1423.5 0.7985222455480613
1424.0 2.399533034445208
1424.5 0.9046523971691455
1425.0 0.575269958704657
1425.5 0.48482922788679356
1426.0 0.9362588965827913
1426.5 0.9779019640298778
1427.0 0.9298516668487041
1427.5 1.1649817098818784
1428.0 0.7759813112438142
1428.5 0.9849887614530388
1429.0 1.0119432076305337
1429.5 0.9881555704664124
1430.0 0.9017161562950947
1430.5 1.0000520042432708
1431.0 0.7372972108326125
1431.5 0.7304383507125416
1432.0 0.5525778875822516
1432.5 0.6650995904294821
1433.0 1.27649632822339
1433.5 1.1197246956350182
1434.0 1.0635391445075681
1434.5 1.0282977275554401
1435.0 0.7638739173845333
1435.5 0.7871501039440468
1436.0 1.5612173265778164
1436.5 1.0779320467095537
1437.0 0.7866320384375731
1437.5 0.5286571729023255
1438.0 0.7280246531338774
1438.5 1.27437476166241
1439.0 0.9542493227747753
1439.5 0.8425607493342578
