0 1.5898725271526388
0.5 1.060020470694587
1.0 0.6238001030758226
1.5 0.9756568547525646
2.0 0.8044978473526063
2.5 1.0867101868919509
3.0 0.7849725571033461
3.5 0.7918351350358417
4.0 0.9161055930014321
4.5 1.771560031668605
5.0 0.8615997972256144
5.5 1.1631836860046358
6.0 1.8334790838793076
6.5 0.5365759844264555
7.0 0.7273722397761166
7.5 1.1604425531962819
8.0 1.2079482535954584
8.5 0.8663156045089957
9.0 1.2830486162601509
9.5 1.055112001247652
10.0 0.2
10.5 0.4240485851620348
11.0 0.8711736838242764
11.5 0.8783109821202875
12.0 0.9723206654609375
12.5 0.614600863029908
13.0 1.365693293231645
13.5 1.7119214037309214
14.0 1.0744302863844881
14.5 1.3050741079894204
15.0 0.7251184251004026
15.5 1.2299843176243601
16.0 0.9104378094434964
16.5 0.8880630157034151
17.0 0.8846745318278012
17.5 1.5027768704745248
18.0 0.9562528405997345
18.5 1.0164293677882947
19.0 0.6707870890731581
19.5 0.9458641297075875
20.0 1.7486057519748357
20.5 0.9527418546211539
21.0 1.8189622205958873
21.5 1.8819107131326889
22.0 1.0479063578336234
22.5 1.69629895018763
23.0 1.0768825515342892
23.5 1.4265629848757388
24.0 1.3528027186414748
24.5 1.0517600702800065
25.0 0.31515156796068955
25.5 1.0942638364783797
26.0 1.5108245735781236
26.5 1.7737790848944472
27.0 0.4908149256562495
27.5 1.4858674359672173
28.0 1.504319450557254
28.5 1.1350442506292242
29.0 0.6205307604825767
29.5 1.6799714872469145
30.0 1.1442149270377948
30.5 0.6010367192472829
31.0 1.2433795936200758
31.5 0.9021586090093405
32.0 1.385048828778515
32.5 1.0326175828564037
33.0 1.240163768564405
33.5 1.3190211903000275
34.0 1.0815312096832235
34.5 0.8489877001711146
35.0 1.0570428063975215
35.5 0.7613980335266288
36.0 1.4542800788435393
36.5 0.9373688384008948
37.0 1.4374924035048005
37.5 1.448874407524138
38.0 1.0948723963090283
38.5 0.9473807687702243
39.0 1.0746828844005356
39.5 0.8233952663007258
40.0 1.5775438236307697
40.5 0.7691021238909441
41.0 0.347730603166129
41.5 0.8030301806138321
42.0 1.1115324337076324
42.5 0.7113682942664232
43.0 0.6921906615842678
43.5 1.0330712307937335
44.0 0.9908132070448679
44.5 1.3260710037149226
45.0 0.9318096170863877
45.5 1.4158769044819883
46.0 0.86897387444762
46.5 1.5939760100138587
47.0 1.0676010009043853
47.5 0.8679921639354352
48.0 1.1001242908307622
48.5 0.4796856732397332
49.0 0.8608053246600192
49.5 0.9327245792858921
50.0 1.3835375360632183
50.5 0.9840833335056742
51.0 0.7605604536246627
51.5 1.3246339901944966
52.0 1.0084237831889926
52.5 1.252877352723389
53.0 1.7233520208083077
53.5 1.0313003848557742
54.0 1.3187526851737856
54.5 1.0378785898415717
55.0 0.8645514389908204
55.5 1.3171904995948647
56.0 1.4331428316068147
56.5 0.6403144615867954
57.0 1.561944474839406
57.5 1.028886973511296
58.0 0.8109251626204083
58.5 0.8333886716887187
59.0 1.2245331346786403
59.5 1.2080500450518137
60.0 1.0178459755575346
60.5 1.0310503699713345
61.0 1.0887761191577896
61.5 0.43231955847621434
62.0 0.7403773390310857
62.5 1.3180272903271937
63.0 0.8306496617535013
63.5 1.681646589807194
64.0 1.5572534641114881
64.5 0.2
65.0 1.2177439124471485
65.5 1.2128860600817228
66.0 1.5581092620684966
66.5 0.6718668523870872
67.0 1.6806068388481143
67.5 0.9639420340278787
68.0 0.605712415272113
68.5 0.7999552453981553
69.0 0.5186737243942778
69.5 1.7244223127125133
70.0 1.0442792594313435
70.5 1.0105977424656807
71.0 1.7105696104548556
71.5 1.0846912916948859
72.0 1.917485834433402
72.5 0.7110942027734924
73.0 1.5424694150523517
73.5 1.3958698350170744
74.0 0.5173786546091717
74.5 1.0191163357516202
75.0 2.032024682355584
75.5 1.2645061487536324
76.0 0.8170730016739229
76.5 1.66804296704127
77.0 0.4905716275933599
77.5 1.0594980092134887
78.0 0.9954793562504962
78.5 1.8833153033047116
79.0 1.51681645801773
79.5 1.1530808378522794
80.0 1.191443609716849
80.5 0.6682490363366231
81.0 1.4964881402728616
81.5 1.273722311070661
82.0 1.471218908309048
82.5 0.7916179381140884
83.0 0.8754649660826876
83.5 0.9962524928312808
84.0 1.2622791798853874
84.5 1.054693892338617
85.0 0.6630186780096182
85.5 0.6644740362061786
86.0 0.5679100996235882
86.5 1.8675022623997415
87.0 1.0104007131124721
87.5 1.2504902059770098
88.0 1.5481264677537485
88.5 0.5678661754995462
89.0 0.8939568630655687
89.5 0.48499600312084695
90.0 0.6747197129793672
90.5 1.5541457676026185
91.0 0.8419076836167454
91.5 2.0166985359929304
92.0 0.8342728347475568
92.5 0.4205799088173162
93.0 1.2653102754126664
93.5 0.7564220063164454
94.0 0.6966401872483474
94.5 1.2712357816552515
95.0 1.495265086809486
95.5 1.358408543079511
96.0 0.9992544761397059
96.5 1.2078948487103491
97.0 0.6465604866479486
97.5 1.2088226756760723
98.0 0.6959407827287928
98.5 1.20441217124392
99.0 0.7526505364271638
99.5 1.050511597704761
100.0 0.8027331040092348
100.5 1.2711009139108156
101.0 0.7971828322329167
101.5 0.8961092012722114
102.0 0.5686616911867162
102.5 0.25280215047458454
103.0 0.9884404486782354
103.5 1.2311553722293405
104.0 1.1032582971615201
104.5 0.8978882834433219
105.0 0.46911371527009027
105.5 0.7692374945341701
106.0 0.8061477244959063
106.5 0.6986098498776679
107.0 0.9344528596055242
107.5 1.782203584128324
108.0 1.444378440259547
108.5 0.7095383192612614
109.0 1.4649357144811677
109.5 0.8382607556698092
110.0 0.45545960336466546
110.5 0.8614887754365921
111.0 1.3982213911810812
111.5 0.5175374251285477
112.0 1.3732432193239945
112.5 1.3128745620563484
113.0 1.5923684756150944
113.5 0.6842337646239082
114.0 0.4012726831471055
114.5 2.2942314511336552
115.0 0.8003909230228379
115.5 0.9907177464060725
116.0 0.6874910429681391
116.5 0.9708768766328002
117.0 1.0381314014027323
117.5 0.5033529428974979
118.0 0.3359045881133802
118.5 1.1922805080853247
119.0 1.1660313677183587
119.5 1.3555602842362848
120.0 0.6675023308464594
120.5 1.122299735443741
121.0 1.4035550383667972
121.5 1.2136828731032283
122.0 0.9240736940519163
122.5 0.9630471055619239
123.0 0.7594149731345806
123.5 1.2198468370421973
124.0 1.0628883544656316
124.5 1.2193680112178855
125.0 0.8880122900323139
125.5 0.922712191258582
126.0 1.0746993329865284
126.5 1.2950103553591958
127.0 0.8541419766234926
127.5 1.5821755658658325
128.0 1.8846329281442071
128.5 1.3282409140860452
129.0 1.1831057228676558
129.5 0.8014276905179756
130.0 1.1340771040574806
130.5 1.7538922494066362
131.0 0.7083124761219287
131.5 1.5097525048463274
132.0 0.9068224066131543
132.5 0.22711746282764644
133.0 1.910962412606061
133.5 0.8513672718177312
134.0 0.9065851919743875
134.5 0.7202891902047902
135.0 0.9416393797410065
135.5 0.9052476419536095
136.0 0.6535674041522004
136.5 0.918381193804681
137.0 1.1959446506889897
137.5 0.9798568098619771
138.0 0.9199089323935115
138.5 0.8412562805506347
139.0 0.6362130649444628
139.5 0.6793197928418623
140.0 0.7015802170824719
140.5 1.219109201347579
141.0 1.1650188094871599
141.5 0.9429699421956941
142.0 0.2393929452582616
142.5 0.42514647611095746
143.0 0.6359654587455527
143.5 0.6504591457840742
144.0 1.4148162914718951
144.5 0.7105264721101348
145.0 1.2749031968993303
145.5 0.9233517939455617
146.0 1.6474993392050563
146.5 0.647878796976822
147.0 0.8759901598783526
147.5 1.1020173881540127
148.0 1.3288120237541021
148.5 0.603752647774703
149.0 1.0281521386982457
149.5 1.4210840825412907
150.0 0.42880775322965226
150.5 1.1651291162260615
151.0 1.2604887667439584
151.5 1.2527374229325896
152.0 1.0808245514443873
152.5 1.6212571722347282
153.0 0.7636044959035272
153.5 0.616973559469334
154.0 1.3768957179221202
154.5 0.9512528862432159
155.0 0.6795922335094893
155.5 0.7080394135954025
156.0 0.9934313862988406
156.5 1.7772011682996856
157.0 0.2
157.5 1.0253863300245785
158.0 1.4776100471328286
158.5 0.9293990000341057
159.0 0.974697183256005
159.5 1.1703689715404688
160.0 1.3134593672764705
160.5 0.8990611514539673
161.0 0.7228860976416147
161.5 1.6449963125317537
162.0 1.1962327761567169
162.5 2.006415517792208
163.0 0.956904674717756
163.5 1.4864585855153836
164.0 1.1944213938179935
164.5 1.454074977243295
165.0 1.4704339550361767
165.5 1.5785189485502262
166.0 1.0227992487820343
166.5 1.565116412464039
167.0 0.624922104625949
167.5 1.433947825449358
168.0 1.1014476598038871
168.5 0.7751669141507098
169.0 1.2734903794314405
169.5 2.030367839786832
170.0 1.2465636995737803
170.5 1.3856263563537166
171.0 0.6826647078199132
171.5 0.6542494397356131
172.0 0.6365953197951715
172.5 1.791755028612641
173.0 0.9331931089945765
173.5 1.5515450999944131
174.0 0.532328901962846
174.5 0.6017361249679158
175.0 1.4713585367474789
175.5 1.090924339147925
176.0 0.8584161995374999
176.5 0.7609686951639099
177.0 0.9393123309803297
177.5 0.8903861390007535
178.0 0.5310420808500221
178.5 1.154001136105434
179.0 0.9802571123446987
179.5 0.8132488582909985
180.0 0.8485473178082423
180.5 1.3814482637455974
181.0 0.6615320971512635
181.5 1.3511326397752677
182.0 0.8048275466488717
182.5 0.6046325871539606
183.0 1.0719613335115645
183.5 0.947249673195686
184.0 0.6596389931574264
184.5 0.9929651617475154
185.0 0.843438717730767
185.5 0.9506228589607287
186.0 1.0678790519504244
186.5 1.0447605774501973
187.0 1.1407694654481269
187.5 0.4580451222865762
188.0 1.1479285064838023
188.5 0.9941721433136941
189.0 0.6767203355024585
189.5 1.2800607644819242
190.0 1.698717500855461
190.5 0.43731871385400634
191.0 1.18360225445943
191.5 0.5075858037295694
192.0 1.5422924257431803
192.5 0.8108168942127315
193.0 0.7193672975981869
193.5 1.106724427373829
194.0 0.9528999044152435
194.5 1.4766333372968
195.0 0.943786774771441
195.5 1.263312455620449
196.0 0.9923508232463137
196.5 1.424383852556153
197.0 1.0491515182789497
197.5 0.9978231364663672
198.0 1.5516895200432348
198.5 1.2714196386221608
199.0 1.441951122841448
199.5 1.0974707179301613
200.0 0.530115190346899
200.5 1.2663268104211292
201.0 0.6677608113816697
201.5 1.600149834073036
202.0 0.8502566643019737
202.5 0.7537384279112007
203.0 1.550005452308727
203.5 1.246788070344643
204.0 1.1777172575794057
204.5 1.1485413847099708
205.0 0.6415073306191781
205.5 0.7499083419191217
206.0 0.717686051485108
206.5 0.7396743098791158
207.0 0.8161570418368651
207.5 1.1279095700440562
208.0 0.6403153579450133
208.5 0.8213226105952817
209.0 0.7831610098723658
209.5 1.1052147394691239
210.0 0.7956659370783614
210.5 0.8599236637997166
211.0 0.5801696967273441
211.5 0.7668157893398821
212.0 1.2541339787495867
212.5 0.9577847354687558
213.0 0.9330886334210136
213.5 0.9962368240270533
214.0 0.629848639737866
214.5 0.4479484537093721
215.0 0.6894732584366696
215.5 1.0675802471034919
216.0 0.8889422599760817
216.5 0.5725138329806412
217.0 1.6439746509307533
217.5 1.2975005477558903
218.0 0.921184488852191
218.5 1.2838791534920335
219.0 0.528780108262414
219.5 0.6468177630443368
220.0 0.2939246545109113
220.5 0.6889439170102585
221.0 1.106937190318022
221.5 1.0219503160752672
222.0 0.7709519979569452
222.5 0.35935281193010005
223.0 0.8782457517493032
223.5 0.6109293794711229
224.0 0.3282360801076518
224.5 0.6762292518439974
225.0 0.6833622644858859
225.5 0.8759848166320554
226.0 0.9194276978648427
226.5 0.7559013105497234
227.0 0.7470274664004111
227.5 0.9919265908957061
228.0 0.7257057696980881
228.5 0.9959431274596994
229.0 0.849146657267004
229.5 1.1824951050289243
230.0 1.1077663306174559
230.5 0.7887322878077747
231.0 1.9016054497536157
231.5 0.6508148891789219
232.0 1.5585584108777133
232.5 0.9238392128919644
233.0 1.888376306478349
233.5 0.9901938077562377
234.0 0.8372387926398055
234.5 0.713892009253551
235.0 1.3777093447295816
235.5 1.2019801563448231
236.0 1.0045792508050537
236.5 0.8851880404554466
237.0 0.6081479677590252
237.5 0.7813003063780493
238.0 0.7917685926902303
238.5 0.958755048137562
239.0 0.9860905105677629
239.5 1.1587982805619381
240.0 1.4560622802502228
240.5 0.5025401686407545
241.0 1.5963247425567682
241.5 0.784366494112968
242.0 1.2826841020545858
242.5 1.2507722830838472
243.0 1.7054683959737456
243.5 0.703030282137209
244.0 1.8483733876899144
244.5 0.3897680338389703
245.0 0.848192463567988
245.5 1.0201033362385519
246.0 1.3238661028830059
246.5 1.6451522527263531
247.0 1.9825087559021073
247.5 0.750836772149994
248.0 0.903145838383014
248.5 0.8871095545429851
249.0 1.8939126079354138
249.5 0.6404595933223407
250.0 0.9937220739625576
250.5 0.763649146831876
251.0 1.1605711966483363
251.5 1.406807572435993
252.0 0.6235828734468638
252.5 0.5915566981176721
253.0 2.2056762356803317
253.5 0.5710793018040168
254.0 1.5322751955477476
254.5 0.644995195942843
255.0 0.6926675099570241
255.5 0.24446980480463287
256.0 0.7856429579660332
256.5 0.7887876677463582
257.0 1.3928269933090345
257.5 0.8256422011035499
258.0 0.8025691892174646
258.5 0.8598214993850773
259.0 0.9340968493269097
259.5 0.6733466862326101
260.0 0.7253939745598355
260.5 0.7692725629751608
261.0 0.9575498720151259
261.5 1.2194486523500694
262.0 2.1441115420846675
262.5 1.8609443310952432
263.0 1.3012148693071053
263.5 0.7979768363404458
264.0 1.0010565717984412
264.5 0.6125427415497215
265.0 0.7255051379330436
265.5 0.6587338948428335
266.0 1.2231564510853166
266.5 0.9858779778903682
267.0 0.4912030794049624
267.5 1.0696727315896184
268.0 0.6725438100266383
268.5 0.810535637606914
269.0 0.6120365761237625
269.5 0.9625679043421295
270.0 1.5039340997620874
270.5 1.1842715739873562
271.0 0.9422129185722773
271.5 0.6531912930304377
272.0 1.2783274522764547
272.5 1.1025727003251533
273.0 0.9703485425880749
273.5 1.256828448285114
274.0 1.1176002804545766
274.5 1.0459222072204764
275.0 1.1043016109215977
275.5 0.6288596466845549
276.0 1.073286233749576
276.5 0.5498257082827566
277.0 1.086776555574133
277.5 1.4521278560039699
278.0 0.9032206192643678
278.5 0.6400183361310177
279.0 0.5031015036720312
279.5 1.4687447621316734
280.0 1.1234503196407797
280.5 2.2203957704745183
281.0 1.476013072697428
281.5 0.496370436324185
282.0 0.7750058616192307
282.5 1.7276814708126493
283.0 0.915710249879913
283.5 1.4440784429662052
284.0 1.0556444601165629
284.5 1.1187194032059067
285.0 1.1023183436343766
285.5 1.157944499284132
286.0 1.5907891121041589
286.5 1.2210512684254198
287.0 0.8006798262371914
287.5 0.9829486153468773
288.0 1.1898423628651393
288.5 1.768053830406496
289.0 0.7494295812801568
289.5 0.33553997827437976
290.0 0.8459357960312937
290.5 0.8883886096236644
291.0 1.0917091903506277
291.5 1.4974002378343667
292.0 0.9026989442665364
292.5 1.0591726072696264
293.0 1.9012569424032768
293.5 1.3064593331641356
294.0 1.6272205577632861
294.5 0.40106868499177284
295.0 0.8960930203105456
295.5 1.042269098317108
296.0 1.7639772955164763
296.5 1.286540650583428
297.0 1.45072304358753
297.5 0.5125376667028656
298.0 1.2780439542846582
298.5 1.9166362796857608
299.0 1.2702396611347844
299.5 1.400240390706324
300.0 2.109503269413386
300.5 0.6080830728651099
301.0 1.0469498650124505
301.5 0.7978823652207954
302.0 1.196402813471937
302.5 0.8769337442198736
303.0 0.6409957541135736
303.5 0.4967684181148407
304.0 0.43874888357151753
304.5 0.7909758240436471
305.0 0.896283357223559
305.5 0.5444297482135272
306.0 1.3477213952378317
306.5 0.7174058812169518
307.0 1.6714981938416986
307.5 1.364133378945763
308.0 1.3536792914455669
308.5 1.4707462109178806
309.0 0.8955049728302507
309.5 1.1465982898217628
310.0 0.7049963400024525
310.5 1.198776888567692
311.0 0.8484484866469993
311.5 1.0462789376058725
312.0 1.3088632544745407
312.5 1.1728322325205367
313.0 0.6908603385857155
313.5 1.5955514819383363
314.0 0.6842344692026282
314.5 1.2531451465751275
315.0 1.6311237078952376
315.5 0.49960149505676504
316.0 0.8279564435413842
316.5 0.9707253938840473
317.0 1.1219490597828574
317.5 0.8409097267625998
318.0 0.6161213383234314
318.5 0.9744908110425445
319.0 1.0697689966571664
319.5 0.84634188413758
320.0 2.3335985758439324
320.5 1.536040049214852
321.0 1.0377265298901632
321.5 1.1001014344827322
322.0 0.7370188567878795
322.5 0.6575788367715993
323.0 1.1442978767029643
323.5 0.7075172171610572
324.0 1.413425175913325
324.5 1.4485813199580688
325.0 0.6310321340787592
325.5 0.9366601548563844
326.0 0.7183986578605646
326.5 0.8954219863124148
327.0 0.9388117064212814
327.5 0.7620578308020919
328.0 0.6997753083326818
328.5 0.7353062157619039
329.0 0.6561238892555897
329.5 1.7220136855698354
330.0 1.212113328826401
330.5 1.2447263547269884
331.0 1.158424713383333
331.5 1.6526430735893038
332.0 1.1036883567681315
332.5 1.1534421819732237
333.0 1.0924113080447504
333.5 1.1932797994805182
334.0 0.6821662441834297
334.5 1.1045749216810696
335.0 1.538683604432543
335.5 0.9467725656394315
336.0 1.3324153244261963
336.5 0.4410572506809666
337.0 0.5886557480036689
337.5 1.1577209406097149
338.0 0.8564312157805575
338.5 0.8419549714053316
339.0 0.6690838880767105
339.5 0.7364720186104277
340.0 1.462558407284544
340.5 1.362433425540769
341.0 0.687088379085891
341.5 1.025176117299051
342.0 1.6977330893105587
342.5 0.7474836105886812
343.0 0.694218405897272
343.5 0.7821798182328356
344.0 1.1408469465625297
344.5 0.8370746524501829
345.0 1.275208956651225
345.5 1.441271681509908
346.0 0.8188001659910829
346.5 1.5812450101344735
347.0 0.7075887045159435
347.5 0.9523998923343415
348.0 0.779550391509752
348.5 1.3673237409268584
349.0 2.0074273800723534
349.5 0.9184693614084908
350.0 1.2609906672534064
350.5 1.0200852083014036
351.0 0.549236925592911
351.5 0.8766912392509328
352.0 1.9001129560469519
352.5 1.0232818051824784
353.0 0.6808250000724405
353.5 0.812720438282704
354.0 0.7978933502596001
354.5 0.9900842198762336
355.0 0.8812565715734748
355.5 1.512781447949346
356.0 0.8359120051966196
356.5 1.201916652589573
357.0 0.8956074895177055
357.5 1.4444857523466617
358.0 1.4115978451594855
358.5 1.0519097171543517
359.0 0.8190805646868664
359.5 1.3950322271773379
360.0 1.1417436212120222
360.5 0.8780082424704845
361.0 0.7059820795203424
361.5 0.7713545769729597
362.0 0.5706362725119603
362.5 1.8346498870263024
363.0 1.0846892187104455
363.5 1.1332048559238004
364.0 1.4398735384297576
364.5 1.3072518649804241
365.0 0.9013518161670203
365.5 1.2072021218467244
366.0 1.0411025107980645
366.5 1.1887725825279565
367.0 1.8686593571776928
367.5 0.5949377415566642
368.0 1.437999951223151
368.5 1.0294376284492524
369.0 1.1415089039211566
369.5 0.933518347700836
370.0 1.2518916933040525
370.5 1.2921047635702352
371.0 1.2416994110981672
371.5 0.7418863536029099
372.0 1.1108720549402324
372.5 1.2548833334573852
373.0 0.8146094738595671
373.5 1.6916738124639052
374.0 0.7447205725109002
374.5 1.0845613998919497
375.0 0.6562890957902139
375.5 1.2718323347440956
376.0 1.683897323482932
376.5 1.4026054668483394
377.0 0.9458952155754784
377.5 1.137617523941358
378.0 0.43937683860298754
378.5 1.196720642261738
379.0 0.7461793621088844
379.5 1.0040465347008265
380.0 0.37231798062932253
380.5 1.0424694451086842
381.0 0.9475062340919496
381.5 0.88578723570439
382.0 0.9437882728772218
382.5 1.3368089626476594
383.0 0.9427645685962026
383.5 0.6922783412647927
384.0 1.1634435358495123
384.5 0.4208996894452769
385.0 1.3226868065563169
385.5 1.339491879516483
386.0 1.2123854275474923
386.5 0.7493506384948239
387.0 0.5857085583258669
387.5 0.7193011005703978
388.0 1.0465826858414005
388.5 0.608975903148947
389.0 1.4224663677747853
389.5 0.9321931764596407
390.0 0.832206385900474
390.5 0.7000527354428052
391.0 0.7251738444679692
391.5 0.6916600880426973
392.0 0.5634660303655735
392.5 1.5799027714074985
393.0 0.605964872020641
393.5 0.9832364009865979
394.0 0.6088495277254654
394.5 0.6297567972626615
395.0 0.8070529961445133
395.5 0.8106114571999863
396.0 0.6578094401416892
396.5 1.2786174264058388
397.0 1.764165755037201
397.5 1.0302112811426616
398.0 0.583053341977678
398.5 1.4721749512384883
399.0 0.6460186794311022
399.5 1.0416169224476093
400.0 1.4044157325505962
400.5 1.0912304782631497
401.0 0.8546350580795855
401.5 0.520441091742962
402.0 1.4906947461503979
402.5 0.9871233548227746
403.0 0.4724025185497118
403.5 0.9111298124769973
404.0 0.9205226798155254
404.5 1.3683326163494707
405.0 1.2590669134209669
405.5 1.2389015286689586
406.0 1.3825199822342267
406.5 0.9463958177158863
407.0 0.9408446375231513
407.5 0.6054191650587012
408.0 1.0229919919446415
408.5 1.2021793957345666
409.0 1.364005789499251
409.5 0.7542004356193943
410.0 0.6575340300241119
410.5 1.1826217144913587
411.0 0.7721176162996349
411.5 0.8199302841615965
412.0 0.6816071925696872
412.5 0.8305959693906309
413.0 1.420952835799421
413.5 1.2747356814518853
414.0 0.8845935816597963
414.5 0.4924671216603519
415.0 0.6704416154397943
415.5 1.1295712802184417
416.0 1.0530788223208827
416.5 1.1243716781521924
417.0 1.3161902335502615
417.5 1.3777654221397757
418.0 0.5931208585920669
418.5 0.5660622585869263
419.0 0.566202048936477
419.5 0.8890216487312985
420.0 0.9264403214635817
420.5 0.782808796340158
421.0 1.5158963308745999
421.5 0.961543484483248
422.0 0.668666157102516
422.5 1.4621009485428482
423.0 0.9627492329621611
423.5 0.7216894456713736
424.0 0.5021200720726403
424.5 0.7916377686862366
425.0 0.6009906249801631
425.5 0.6068559103895663
426.0 0.642187744928107
426.5 0.9091954764841803
427.0 0.7961902053350645
427.5 0.7703963411630284
428.0 0.8116202631457758
428.5 0.8996917128311759
429.0 1.2623514414810995
429.5 0.5744447251417971
430.0 1.132098210192531
430.5 1.2952167154879235
431.0 0.902538654353771
431.5 0.6764992297805545
432.0 0.9937472129788972
432.5 0.5027783137464579
433.0 1.6825828547246298
433.5 1.747365620414938
434.0 1.6273779739096428
434.5 1.1437518137670795
435.0 1.3094101235229478
435.5 0.7730895464134444
436.0 1.1761251167109572
436.5 1.0769344121056421
437.0 1.0450940076397324
437.5 1.9271244863453125
438.0 0.6026445741022957
438.5 1.565297207627483
439.0 1.2191529696060956
439.5 1.1454652980338071
440.0 1.5375193550634032
440.5 1.276766153100259
441.0 0.8959458062458476
441.5 2.081405778872076
442.0 0.7074630631478928
442.5 1.207047214710899
443.0 1.033087116180472
443.5 0.5386196877716262
444.0 1.005064638747642
444.5 1.4641218691860827
445.0 0.6973501003675927
445.5 1.188603865298889
446.0 0.8044681867285256
446.5 0.2
447.0 1.2328352973077767
447.5 0.6460892060004118
448.0 0.7620569925475236
448.5 0.8923837374946402
449.0 0.7920079176069568
449.5 0.9075663764145991
450.0 1.8748836006581993
450.5 0.9555184358574578
451.0 0.747277220341262
451.5 1.047232119644504
452.0 0.9939121335679844
452.5 1.0538716118798024
453.0 1.6791836997786058
453.5 0.9771147371393935
454.0 0.6562058102119386
454.5 1.738021862346824
455.0 0.4469047817014098
455.5 1.4952505178468671
456.0 0.8318939358264602
456.5 1.391592820880634
457.0 0.9138356731681855
457.5 0.30933492610039703
458.0 1.1702653782198968
458.5 1.4315911849017895
459.0 1.269191113411177
459.5 1.2012395134792597
460.0 0.8581065507907455
460.5 1.192072670583083
461.0 0.9482237342150932
461.5 1.0707665166343783
462.0 1.2772932532292511
462.5 1.1120400326365534
463.0 1.068655832645924
463.5 0.9581325505638106
464.0 0.9893303172460128
464.5 0.7757559165571372
465.0 0.7661141777344658
465.5 0.8827195487587554
466.0 1.208486590711182
466.5 1.2921366175398326
467.0 0.9137948598897094
467.5 1.1151780478312303
468.0 0.34168167549082995
468.5 0.8662059446475018
469.0 0.47043617316309205
469.5 1.706615280040948
470.0 1.2839096552232372
470.5 0.2
471.0 1.095389363712504
471.5 1.2519131581317517
472.0 2.0488330499005416
472.5 1.4347104348303552
473.0 1.0662209077642506
473.5 0.7399762972996538
474.0 0.7952627142877471
474.5 1.8687913596500199
475.0 1.2989528669612307
475.5 0.843222271002037
476.0 0.781539908561151
476.5 0.6105637102589379
477.0 0.8047907497273383
477.5 0.8030289698625939
478.0 0.6625750815200175
478.5 0.4720648974879107
479.0 1.1102547288682596
479.5 1.2045643774173505
480.0 0.9458537886361139
480.5 0.9518108678081756
481.0 1.2186495244580162
481.5 1.0308701818504387
482.0 1.0672330421469591
482.5 0.6035476136089172
483.0 0.6565543046570711
483.5 0.8713061651227992
484.0 1.793224697271667
484.5 1.3976701937765381
485.0 1.2089220446566702
485.5 0.9661246600836227
486.0 1.0334834477704185
486.5 0.7051623095552836
487.0 0.9739925997844125
487.5 0.6426442378772592
488.0 0.5671533145400847
488.5 1.067716331842723
489.0 1.5229729771503733
489.5 0.9833138551681029
490.0 1.1187542646081736
490.5 1.1800772872405823
491.0 0.6043868559579033
491.5 0.6007359772347227
492.0 0.6916820925520439
492.5 0.9989015933655283
493.0 1.1634386647406343
493.5 1.309320397169149
494.0 1.2904644106179584
494.5 1.6978829389017627
495.0 0.918921872979523
495.5 1.9016208100233354
496.0 1.1843194410776365
496.5 1.0598659707918232
497.0 1.61633678944494
497.5 0.9118897781612532
498.0 2.113213918832008
498.5 0.8754774594383317
499.0 1.0250107272070852
499.5 1.1061669189082965
500.0 1.770569070638526
500.5 1.1967984564486858
501.0 1.0960336612052148
501.5 1.7723080597208516
502.0 0.9467739414148918
502.5 1.4753947147308755
503.0 0.4689109606553855
503.5 0.8959923036909789
504.0 1.2406785609547035
504.5 1.0792336877254742
505.0 0.8296037161642095
505.5 1.2220711991175985
506.0 0.6286947843573744
506.5 0.9605310990804842
507.0 0.7173094729439594
507.5 1.0712997260130048
508.0 0.6315934197943779
508.5 1.2935166819475024
509.0 1.6544324381872557
509.5 0.7237040668184296
510.0 1.4039376045675689
510.5 2.1677690031059687
511.0 1.4567640434742488
511.5 0.338131180892581
512.0 1.5863598431850792
512.5 1.6752502505340812
513.0 1.5240503308297053
513.5 1.2689232982686662
514.0 0.9295382199521494
514.5 0.7615774568515647
515.0 0.6426234476138859
515.5 0.7156471297912876
516.0 0.792898742597431
516.5 1.3755861607686695
517.0 1.0530256746216051
517.5 1.3555577839265887
518.0 1.3461635922723272
518.5 0.8992597301102001
519.0 0.7115039333827546
519.5 0.7133054594989392
520.0 0.8476795249198503
520.5 0.6801898740711834
521.0 0.81711654205656
521.5 0.8417703564150525
522.0 1.1747394102982356
522.5 1.6551744988630341
523.0 0.9715303175992772
523.5 1.0814575440983059
524.0 0.8182889561072978
524.5 0.9543917717242177
525.0 0.8121146357819081
525.5 0.8952490112804109
526.0 1.2306718215833157
526.5 1.3434991522018538
527.0 1.12619916426902
527.5 1.399492612867454
528.0 1.6533830368686846
528.5 1.1845768535009595
529.0 1.8821784220718492
529.5 0.9300481040386515
530.0 0.227064960848939
530.5 2.1667271523697624
531.0 0.5932613527288138
531.5 0.7807086481475921
532.0 0.5383382462172137
532.5 2.1559861034367103
533.0 1.016986907244104
533.5 0.8031535506960144
534.0 1.0332612500046245
534.5 1.2614048512308282
535.0 0.8457180568105861
535.5 0.5498695212904825
536.0 1.0410977373938772
536.5 1.551449404574158
537.0 2.3039783032107226
537.5 0.9443334486146144
538.0 1.207033988027701
538.5 1.2395363412786837
539.0 0.2
539.5 0.9263076085090133
540.0 0.9015538883819074
540.5 1.2412936880345535
541.0 0.7270628681721684
541.5 1.7712201793342182
542.0 0.9233063387523055
542.5 0.6779195381286928
543.0 1.13226581995308
543.5 1.2015466152170373
544.0 1.0281569557545969
544.5 1.601907718930976
545.0 1.5334506643798345
545.5 0.8816093318617568
546.0 1.3030871846416767
546.5 1.149975202994293
547.0 1.2123024794888773
547.5 0.9381962897845005
548.0 1.073821435115675
548.5 1.3991443071790255
549.0 0.6846557571338323
549.5 1.6455902110412102
550.0 1.9334161717869223
550.5 0.9257874267007669
551.0 0.9010636330127431
551.5 0.6329462876128118
552.0 0.7869366233949339
552.5 0.8113682543941325
553.0 1.1551270149426793
553.5 0.9537872978465196
554.0 0.7354334019229023
554.5 0.3324977013911685
555.0 0.6349658358896779
555.5 0.2359102916114355
556.0 2.0166990053963616
556.5 1.4535753900312938
557.0 0.7816522229518374
557.5 0.7107053295418986
558.0 0.7925475604731864
558.5 0.8545090717994237
559.0 1.588662442976482
559.5 1.5740992316708138
560.0 1.5578422001967707
560.5 1.4996154321557098
561.0 0.9913354651972045
561.5 1.3208053136828903
562.0 0.6602846970914598
562.5 1.3806057165554173
563.0 0.6986545138275895
563.5 0.8024880246275339
564.0 0.8314061280763032
564.5 1.6739189161767718
565.0 1.0457959168409987
565.5 1.3556118150952547
566.0 1.201105606860506
566.5 1.383681094856021
567.0 0.7708866937822634
567.5 1.9404544551048297
568.0 0.9422070539889591
568.5 0.7415746742072331
569.0 0.8830119713361403
569.5 0.7798244537835773
570.0 0.931070287418666
570.5 1.036973446086013
571.0 1.2119972046306886
571.5 1.20285850113719
572.0 1.09968800729306
572.5 1.0663331091473458
573.0 0.7035085510833474
573.5 0.9837418697208602
574.0 1.3591166986846943
574.5 0.7769467531740143
575.0 1.1352414952199519
575.5 0.7857608869329649
576.0 1.7550500123544492
576.5 0.8389440970773224
577.0 0.704792643422308
577.5 0.8347936904330797
578.0 0.8783163099698641
578.5 0.6816406660411621
579.0 0.8538417283450747
579.5 1.1986710632841349
580.0 0.6373826430859871
580.5 1.0394708458192783
581.0 0.7504934311421605
581.5 1.1933412980194777
582.0 0.5895274067967156
582.5 0.2
583.0 1.0492628563000572
583.5 1.0795669865263826
584.0 1.0508858200705065
584.5 0.5676563359839273
585.0 0.2
585.5 1.804822478362622
586.0 0.9864487185949816
586.5 1.0260856339993785
587.0 0.5172660513384543
587.5 1.0836142817872414
588.0 0.9713526917691686
588.5 1.9370054321786259
589.0 1.7035793409194002
589.5 1.3648852096656126
590.0 1.0399492789555782
590.5 0.6804626094499552
591.0 0.9156291673921222
591.5 1.0419383297663751
592.0 0.8892167863091822
592.5 0.7986805340731689
593.0 0.9988774962956222
593.5 1.1174916825568362
594.0 0.8071147035199508
594.5 2.1434914561067404
595.0 1.1019533062655706
595.5 1.0743639214256464
596.0 0.9743740498708294
596.5 1.074528673133143
597.0 0.7722029300591929
597.5 0.7684646770297584
598.0 0.7277167546595724
598.5 0.7248013541823619
599.0 0.9600215943288157
599.5 1.0575660182385467
600.0 1.7322795579988455
600.5 0.5929240132103593
601.0 0.8497201189542916
601.5 0.8751416670675266
602.0 1.080202018421362
602.5 0.657979210953738
603.0 0.907856209702973
603.5 2.192082598398965
604.0 1.3618814513111444
604.5 1.5776239833540995
605.0 0.9325411068188985
605.5 1.402779347239684
606.0 0.8654817952465538
606.5 0.8848691700922234
607.0 1.2833226157860436
607.5 0.9176723054773802
608.0 1.5743085135749753
608.5 0.8039029223944073
609.0 0.9707508663903126
609.5 1.1397575123519688
610.0 0.8423095967550298
610.5 1.2830398658746005
611.0 0.5560323935894864
611.5 1.4053261584820191
612.0 0.9594873557720489
612.5 1.4428507407854543
613.0 1.080154959831554
613.5 1.32400066381997
614.0 0.8754507944740963
614.5 1.2480483185426512
615.0 0.6701184924282966
615.5 1.0682668463827802
616.0 0.7925151708449308
616.5 1.095844127564418
617.0 0.9539301153671754
617.5 0.6149191822733684
618.0 0.9921723995019058
618.5 0.7189801781642987
619.0 0.6884166895898955
619.5 0.9139693745222793
620.0 0.8482006602650206
620.5 1.7495118345465164
621.0 1.389936161398841
621.5 1.270588737133079
622.0 0.8978581717458702
622.5 1.4124266129818595
623.0 0.5480501805958357
623.5 1.1727612851711582
624.0 1.9815272707543974
624.5 1.096060091451903
625.0 0.8985806634602049
625.5 0.6916160368961817
626.0 0.592462854921638
626.5 0.9171477651211127
627.0 1.3520481384253074
627.5 0.6268658892875537
628.0 1.328062417183866
628.5 0.8240323218369359
629.0 0.8221989485071448
629.5 0.8577873352887864
630.0 0.7485585212713601
630.5 0.8092353946460911
631.0 0.8898982547693829
631.5 1.5152036421751758
632.0 1.200774440709698
632.5 1.0426941395534597
633.0 0.9910173391484314
633.5 1.0591083584711285
634.0 1.9228239169468249
634.5 0.8629774460088386
635.0 1.4019524918537138
635.5 0.6372703526216984
636.0 0.8567854549182283
636.5 0.503187710160621
637.0 0.4713420556565363
637.5 0.8662443386625671
638.0 0.5068022959620438
638.5 0.8337120822272039
639.0 0.8102127580637792
639.5 0.5382727166168996
640.0 0.6575021150055509
640.5 0.7731727832654014
641.0 0.9343346713690525
641.5 0.5541085777978059
642.0 0.727478981340895
642.5 1.2245864392169012
643.0 1.0318683427738458
643.5 0.6094623015065975
644.0 0.6558830567461608
644.5 1.3362466549060916
645.0 0.7443208778199761
645.5 0.4786805041341767
646.0 1.601530553170329
646.5 0.967290020654157
647.0 1.147063776631221
647.5 0.6424076786425725
648.0 1.7095254285392922
648.5 1.5251146033618346
649.0 0.6172025937797627
649.5 0.25083694742622
650.0 0.8704622146689553
650.5 0.7808802511670625
651.0 1.6405017534116118
651.5 0.533134623454413
652.0 0.8093083866584163
652.5 1.0190655109773226
653.0 0.876838807976935
653.5 1.233397590582964
654.0 0.6713275929589219
654.5 1.002008432503768
655.0 0.8823971486287453
655.5 0.9534488137842979
656.0 1.03318968779004
656.5 0.7544360872322339
657.0 0.707276122306939
657.5 0.909171835487095
658.0 0.7914953301787002
658.5 0.7569049653497444
659.0 1.6053863639422072
659.5 0.9739548156312826
660.0 1.1099865014912744
660.5 1.12892813418603
661.0 0.8842890300733104
661.5 2.313026837207845
662.0 1.2316129581550994
662.5 0.7799716254681308
663.0 1.1535009075426441
663.5 2.028017332031524
664.0 1.6589602111485768
664.5 1.039736639538463
665.0 0.7609357492778459
665.5 1.7258895446061127
666.0 1.3111268373945413
666.5 0.8516360250377768
667.0 0.5933081001470348
667.5 0.8852771838911229
668.0 0.6789251402763268
668.5 0.7696833454194063
669.0 1.522037747812028
669.5 0.7484259272716428
670.0 0.956326914799667
670.5 1.974446086607054
671.0 1.1612059248287894
671.5 0.9414435241220551
672.0 0.43717123515991924
672.5 1.2301521157578321
673.0 0.8083925135720101
673.5 2.173496716422506
674.0 0.7113073211107415
674.5 0.534983200040506
675.0 1.2532018858342338
675.5 1.1366781085362145
676.0 1.067147405568177
676.5 1.2341068353016014
677.0 0.6698488237433798
677.5 1.5727321993442853
678.0 0.8610457895389618
678.5 0.6192597791492309
679.0 0.8566442234429732
679.5 0.8775874123703068
680.0 1.184445124189876
680.5 0.5618332124438088
681.0 1.3379029465848662
681.5 0.45189562514272863
682.0 0.9796006421196553
682.5 2.0172188723038813
683.0 1.114829641627867
683.5 1.1396676309051814
684.0 0.6440971610396917
684.5 1.0596257635969026
685.0 0.8086784532212825
685.5 1.1589400413915807
686.0 0.9931011588502009
686.5 1.1340455331722454
687.0 1.2409297642614094
687.5 0.8372515626462005
688.0 1.2368689415674483
688.5 1.4213734785496825
689.0 0.9241437900326868
689.5 1.4548404041840386
690.0 1.1088932802464169
690.5 1.3788067283385943
691.0 0.5980047166503804
691.5 0.9113986627568806
692.0 1.121733683217096
692.5 0.8933102958705368
693.0 1.1650078097987453
693.5 0.9381936182679291
694.0 0.9727689884378672
694.5 1.079785664927862
695.0 0.8378289722164776
695.5 0.9264979006525995
696.0 1.0915385590414224
696.5 0.7932351417996075
697.0 0.5474451380761937
697.5 0.681374809249213
698.0 1.2107655965627209
698.5 1.1673803382635892
699.0 0.9636601373795897
699.5 0.48611385472201213
700.0 0.30914820768019413
700.5 0.7661289763256016
701.0 0.7395468812571899
701.5 1.460429985817128
702.0 1.401502609159699
702.5 0.6253066451688785
703.0 0.8700977307299441
703.5 0.7153793457957798
704.0 1.3147471830075352
704.5 0.83923930546495
705.0 1.3089970957384547
705.5 0.9278865291642413
706.0 1.953808603609994
706.5 1.367917326554339
707.0 1.2673835831446105
707.5 0.8427387098543492
708.0 0.8458431508116486
708.5 1.274647671420344
709.0 1.011739412570797
709.5 0.870392700831571
710.0 0.8890050765386234
710.5 0.20871002489422452
711.0 1.2753660449700048
711.5 0.9190619692858171
712.0 1.2542871497357266
712.5 0.9538354108526581
713.0 1.8838785189762755
713.5 0.8860745476946943
714.0 0.5244807680953402
714.5 1.2655748754761762
715.0 0.5357356126064282
715.5 1.075334251619707
716.0 1.3972261550181382
716.5 1.5222161095924847
717.0 1.223726973162456
717.5 1.1778099690482593
718.0 1.210235041076182
718.5 1.0722069821047473
719.0 0.823612992265859
719.5 0.8590401942885304
720.0 0.7957508182314381
720.5 0.8996668878029244
721.0 0.7836589655776867
721.5 1.8827489206965522
722.0 1.3401552863749973
722.5 1.1342608797248852
723.0 0.543950527465294
723.5 1.075674585595624
724.0 1.5343285882025914
724.5 0.9246181126501538
725.0 1.090943010579732
725.5 1.1921569411868438
726.0 0.40326896984160243
726.5 1.1473034088629923
727.0 0.28969411545204726
727.5 1.8707380996664686
728.0 0.7057647566975146
728.5 1.6727758501408356
729.0 0.8754680981017781
729.5 1.528992062816972
730.0 0.5430992875375716
730.5 0.7740287304225968
731.0 0.2908329779192812
731.5 0.9384035205876602
732.0 0.930040924237248
732.5 1.3065499983836928
733.0 1.2234205522871089
733.5 1.209805668400287
734.0 1.291427959717327
734.5 0.9028493177024408
735.0 0.9180594740559467
735.5 1.175300318423464
736.0 0.7873607224099461
736.5 0.8502397308841715
737.0 0.6222672295918195
737.5 1.9671674990155932
738.0 1.0837435847850125
738.5 0.9599785604932837
739.0 0.8219007491931006
739.5 0.8860470934663442
740.0 0.543168560074037
740.5 1.4406656186406677
741.0 0.9778397198782844
741.5 0.8815848675985627
742.0 1.8970865960000376
742.5 1.2003522160967306
743.0 0.650037072648834
743.5 0.4870987653824382
744.0 1.2998488106423531
744.5 0.8671637020941262
745.0 1.4723465626799324
745.5 1.5248135225527748
746.0 0.9892807830794573
746.5 0.8424672162852623
747.0 0.8854377292494262
747.5 1.2059365679238967
748.0 1.170009819828945
748.5 2.0597485846588475
749.0 1.49676629162296
749.5 0.6817975663548365
750.0 0.4397535347302002
750.5 1.351850554847505
751.0 0.4393074064499084
751.5 1.4136782749421466
752.0 0.9035823873625426
752.5 0.7480741438016159
753.0 0.584107923547947
753.5 1.2545984272487218
754.0 1.0477331164355435
754.5 0.835117563681189
755.0 0.8857170649775317
755.5 0.8564841417283913
756.0 1.362463204871828
756.5 0.667530375884143
757.0 0.8313690253440994
757.5 1.082952643928993
758.0 0.8916779363953288
758.5 0.9312786451361058
759.0 1.1815662236909938
759.5 0.6513824492210787
760.0 0.44445299108436476
760.5 1.7944973084473008
761.0 1.2033196945441627
761.5 0.8689514334011441
762.0 0.7686430234694619
762.5 0.9662502781365893
763.0 1.2900251037744672
763.5 1.9838543943026963
764.0 1.6698091148470429
764.5 1.0196590968096535
765.0 0.9715148330480193
765.5 0.9803949940581477
766.0 1.3301045268329879
766.5 1.5105960866427859
767.0 1.2322832468934646
767.5 1.204279602483032
768.0 1.5526698830236896
768.5 1.1744400228404772
769.0 0.9666876492920661
769.5 0.7843754156057887
770.0 1.3897128364039535
770.5 0.8298661329893688
771.0 0.5472042713334331
771.5 2.026411392745112
772.0 0.6205162374211769
772.5 1.1996576186233734
773.0 0.7065672825027874
773.5 1.1669094051863176
774.0 0.8236917640732577
774.5 1.2974682792258032
775.0 0.47711492411017775
775.5 0.9296169703915016
776.0 0.5799806238787985
776.5 1.08762585585683
777.0 2.8620689151533796
777.5 1.683650730439497
778.0 0.7338394091634186
778.5 1.0491673025357926
779.0 0.8778350516847049
779.5 1.2340387768678007
780.0 0.29202399721916045
780.5 0.7285750097531032
781.0 1.4950414282538493
781.5 1.1811131794723297
782.0 0.9697187126462031
782.5 0.7590423869428804
783.0 1.6067168651840744
783.5 1.0777335795930676
784.0 2.0953229193706764
784.5 0.5687058468142865
785.0 0.40711643716285084
785.5 1.120986786522383
786.0 0.643301867938108
786.5 0.9359276623778454
787.0 1.6552712769003826
787.5 1.3435589383574063
788.0 1.1414640188064373
788.5 0.8524161783084595
789.0 0.7218469716937204
789.5 0.9569454723589836
790.0 1.2792963019271786
790.5 0.6039605922975702
791.0 0.9066798760330599
791.5 0.6654566928335126
792.0 1.0090287776310947
792.5 1.8088130521749055
793.0 1.026947393652352
793.5 1.271183827382421
794.0 0.8117357622496667
794.5 0.653945687553964
795.0 0.8489508285036591
795.5 1.016471869347665
796.0 0.9249103437553038
796.5 0.561233980560307
797.0 1.260999224306926
797.5 1.0696768231444316
798.0 0.9283196351541152
798.5 0.7573446709863163
799.0 0.9756937983231615
799.5 0.5613554499837038
800.0 0.8462067328549527
800.5 1.7284010555172218
801.0 1.7638534275545137
801.5 1.9368624397737206
802.0 1.0093037673458896
802.5 0.7682191955309142
803.0 0.6210594160372208
803.5 1.4839623049011608
804.0 0.8964783041562251
804.5 0.7863459091296565
805.0 0.8177221051273205
805.5 0.6490101686227162
806.0 0.9074787942329767
806.5 1.141446871381584
807.0 0.7604945504596391
807.5 1.7037549447744182
808.0 1.0535585200568887
808.5 0.6030424075703218
809.0 0.7988925700134253
809.5 1.2045292487080281
810.0 1.272643001461018
810.5 1.3177538528671335
811.0 1.145995004214691
811.5 1.2025895312560035
812.0 0.7740434119169689
812.5 0.7926296023257937
813.0 1.2979697417710576
813.5 1.087271389355596
814.0 1.479334441903493
814.5 0.9016717628941047
815.0 0.8862271075122368
815.5 0.7839887278182134
816.0 0.9211346475023577
816.5 0.8495902559871611
817.0 1.397945924285322
817.5 1.0536384590954166
818.0 2.2355189316079485
818.5 0.8098064532674154
819.0 0.9510421629808438
819.5 0.9965856788561853
820.0 1.6576678050184994
820.5 0.5713369075163022
821.0 0.8198814081781063
821.5 0.608652287490501
822.0 1.028338763998748
822.5 1.576452677993537
823.0 1.069678316931768
823.5 1.1200672441002837
824.0 0.43347910630095754
824.5 0.7454309312483618
825.0 0.7752479804942756
825.5 1.6151275212989478
826.0 1.2130379183912523
826.5 0.7663708953752069
827.0 1.0666056065987823
827.5 1.3244914271631294
828.0 0.34088363983310643
828.5 0.33040594444452787
829.0 1.9665797795328488
829.5 1.251712085132787
830.0 0.8304613238000037
830.5 1.0650367314128528
831.0 0.6050931151604261
831.5 0.6172431325832903
832.0 0.687181459862048
832.5 0.5506953187975934
833.0 0.9761306478510574
833.5 0.8898346311505962
834.0 0.7864414698228122
834.5 0.7932423159216924
835.0 0.9380069655701289
835.5 0.6983837753825821
836.0 1.353946576077249
836.5 0.7946593134390624
837.0 0.6262010926036089
837.5 1.6722388872373983
838.0 0.8599298051412242
838.5 0.7319410582075734
839.0 1.5655586761353875
839.5 1.6314303175344382
840.0 1.563474363177975
840.5 0.3728831510438495
841.0 1.7150534776438544
841.5 1.047792235557825
842.0 0.9494340447592448
842.5 1.1145428635983818
843.0 1.7454533417581795
843.5 0.867281262814593
844.0 1.0741419001393098
844.5 1.219274834148195
845.0 0.9570205069586833
845.5 0.8783415751979542
846.0 1.0290085802129352
846.5 1.35680793605286
847.0 0.9210927349425417
847.5 1.0413375018893245
848.0 0.8476487254791859
848.5 1.0390667792947956
849.0 0.599097565622678
849.5 0.511476173020988
850.0 1.8962128228092952
850.5 0.8776487335636046
851.0 2.059247384447091
851.5 0.4147628197498344
852.0 0.691124658477686
852.5 0.907768035257623
853.0 0.7257743334395549
853.5 1.237108620737247
854.0 1.0568258087112383
854.5 1.7175903416486404
855.0 0.7984572900904748
855.5 1.0615193845039312
856.0 1.6197464401128023
856.5 0.8040196310847303
857.0 1.06070431260576
857.5 0.3243308618126409
858.0 0.8110893665399594
858.5 1.0820816363228882
859.0 0.8100804376004554
859.5 1.072862311719906
860.0 1.0729106510634252
860.5 0.904654732160766
861.0 0.9951447978793985
861.5 0.8178327386462594
862.0 0.6790552793498935
862.5 0.8711380762582699
863.0 0.7053496774582549
863.5 1.0022019121707966
864.0 0.8425780227014334
864.5 0.6788422068562117
865.0 1.2137062227910458
865.5 0.5429698809232485
866.0 0.8261958920932881
866.5 0.6734961109138075
867.0 0.7593180297439396
867.5 0.5213585101057201
868.0 1.6474864825001956
868.5 0.9757204464573502
869.0 0.5212298670321174
869.5 0.5455722321159099
870.0 0.28072804647341465
870.5 1.2523510817615775
871.0 1.331097322527694
871.5 1.5616055024070548
872.0 0.9687499647060149
872.5 1.063574646541115
873.0 0.7286330312423321
873.5 1.331031921513012
874.0 1.43250271017522
874.5 1.0033112350519322
875.0 1.0810928830308328
875.5 0.9597922802730124
876.0 0.6936574394895973
876.5 1.4788751179305197
877.0 1.4901868325654917
877.5 0.6656668304411335
878.0 0.7438412018842308
878.5 0.9693833955376503
879.0 0.7428104770657072
879.5 1.1459970628054053
880.0 1.4952116579341146
880.5 0.7877028174406716
881.0 0.9243805285952038
881.5 0.8721114742802021
882.0 0.7587685211324865
882.5 1.5251778986647544
883.0 1.478833579214586
883.5 0.9780677647885848
884.0 1.3346548044078066
884.5 1.175554590239454
885.0 0.6905925475820371
885.5 0.8537044835292232
886.0 1.478640027949461
886.5 0.6793412083987687
887.0 1.3865472116397677
887.5 0.5056809778321918
888.0 0.5968381944994248
888.5 0.7188107224704168
889.0 0.7198706927932343
889.5 0.49177381002440035
890.0 0.7514213898581985
890.5 0.8935022763503678
891.0 1.255079369211982
891.5 1.009502792639542
892.0 0.7898495815123934
892.5 0.8278569551387625
893.0 1.3234521265575485
893.5 1.000833138645747
894.0 1.287860634364453
894.5 1.434003724975931
895.0 0.9812465899727622
895.5 1.122297893143998
896.0 1.9780851293447426
896.5 0.9248679322670558
897.0 1.460511669954494
897.5 1.0334812911469782
898.0 0.6331173318972392
898.5 1.1458847386315
899.0 1.3978275190045837
899.5 0.3859483144778537
900.0 1.0632461241889843
900.5 0.9188515957458363
901.0 0.6745637659112831
901.5 1.151586291613003
902.0 0.9861046686592068
902.5 0.6221717373522919
903.0 1.5421651822026408
903.5 1.0787194639082243
904.0 1.0285430235044246
904.5 0.7753864244959472
905.0 1.2058219434361828
905.5 0.738209731011289
906.0 1.09170299493363
906.5 0.7836082009778356
907.0 0.9148986410338704
907.5 1.1527642875625306
908.0 0.6211114482361598
908.5 0.7879475609383138
909.0 1.1003852225372799
909.5 1.189057706196392
910.0 0.6728146300113615
910.5 1.2669273645730053
911.0 0.6794497438227994
911.5 1.19866277292776
912.0 0.5692141509164437
912.5 0.8609991951087951
913.0 0.9510203674854011
913.5 0.5301869390019294
914.0 0.9874402440100255
914.5 1.5128487415368388
915.0 0.9142969082080056
915.5 1.4670576831975688
916.0 0.9212770972837988
916.5 0.7922902552168956
917.0 0.8263135309328402
917.5 0.8087132431593332
918.0 1.1089991371492443
918.5 1.124917642177948
919.0 1.7349551095083107
919.5 0.680536746266486
920.0 0.6217808247082124
920.5 0.4698474251933507
921.0 0.6189595943991626
921.5 1.8076836926668491
922.0 1.8450783876088312
922.5 0.8488033453836027
923.0 1.0739642058809422
923.5 1.3762091981757725
924.0 1.70672447495842
924.5 0.7954051020810469
925.0 1.1713351508894432
925.5 0.6146800930845931
926.0 0.7556568171154892
926.5 1.0357659478196988
927.0 1.3356830336048005
927.5 0.8772078811144146
928.0 0.6436611706886645
928.5 0.6510278828643146
929.0 1.5788345116798768
929.5 1.2298683657571845
930.0 0.2
930.5 0.8184428991468562
931.0 0.746106477658245
931.5 0.7111928983278459
932.0 0.7615352723681031
932.5 1.0668068326307467
933.0 1.3738552507366548
933.5 1.4553234431842703
934.0 1.2262996538151536
934.5 0.5868101026912242
935.0 0.629810967460986
935.5 1.079858089192089
936.0 0.6810584848007324
936.5 0.9675300493774426
937.0 1.9869310814455527
937.5 0.9717621480000674
938.0 0.7243972998143025
938.5 0.5422245640928574
939.0 1.3442298768492544
939.5 1.2444506319696882
940.0 0.6990205175250215
940.5 2.2988278044937815
941.0 0.7040281283567865
941.5 0.7243209795731853
942.0 0.7013834086088844
942.5 0.9502788564384941
943.0 1.0412697045105697
943.5 0.9115206112849915
944.0 0.7408693634836407
944.5 0.9396754663892213
945.0 1.1035465952476873
945.5 0.9984503857453763
946.0 0.992382835955092
946.5 0.8232832592637871
947.0 0.5929394305508643
947.5 1.0364042829334865
948.0 0.7926194770963071
948.5 0.7909660729476418
949.0 1.1820049738187697
949.5 0.41713039994185974
950.0 1.1985898880851062
950.5 1.07367981486183
951.0 0.50128157955984
951.5 0.7793661751576466
952.0 1.490116044992846
952.5 0.4682606114278053
953.0 1.8033153575800671
953.5 0.857111346687733
954.0 0.4529745839250072
954.5 0.8810020668435745
955.0 1.3209392415480499
955.5 0.8055288912601632
956.0 1.0365018897408085
956.5 1.036191269712254
957.0 1.1333471732997191
957.5 0.821424209350452
958.0 0.9495892689082287
958.5 0.7207243273086033
959.0 1.1906945344038669
959.5 1.4923639648250617
960.0 1.0466040195081097
960.5 0.9006276031435272
961.0 1.2923244165546497
961.5 0.7480814197107868
962.0 1.9945120537123038
962.5 1.2861471799002175
963.0 1.7705807816616146
963.5 1.2249220464149984
964.0 0.49143354083381935
964.5 1.2131333490751524
965.0 1.072580555650552
965.5 0.7715087620774328
966.0 0.8850910768662232
966.5 1.1383907104974482
967.0 1.4545514930587293
967.5 1.4798005643814993
968.0 1.8618407067604617
968.5 0.8069220078576365
969.0 0.9113256436623677
969.5 0.7660748223019409
970.0 0.6765731437337805
970.5 0.8231142469796693
971.0 0.994037624051024
971.5 0.7889145129566282
972.0 0.9941282378844023
972.5 1.072408199177668
973.0 1.4490325813795508
973.5 0.6542406616570033
974.0 0.9546587546069667
974.5 0.7136765833012781
975.0 1.0757361915340926
975.5 1.0132214992962365
976.0 0.7821688262621707
976.5 0.5482015210295036
977.0 1.4343325243651215
977.5 1.048277385729706
978.0 0.7230496854550126
978.5 0.9308645750400784
979.0 1.9491297713563043
979.5 1.0095858080488735
980.0 0.9016140018181018
980.5 0.8774038681495102
981.0 0.9274627564111013
981.5 1.1086077537391605
982.0 1.051574069987355
982.5 0.8284072767785621
983.0 1.7642219206867815
983.5 1.2480369120368602
984.0 1.2008470917284617
984.5 1.2768597103479808
985.0 1.1615508301975224
985.5 1.4938794306389551
986.0 1.094314001085431
986.5 0.8862270467860749
987.0 1.67072161864614
987.5 0.9223492958725746
988.0 0.9712202118154895
988.5 1.8868488575391127
989.0 1.85320948699344
989.5 1.313228932109312
990.0 0.704378736060063
990.5 0.7593622669831054
991.0 1.2034172641704126
991.5 2.06394275160149
992.0 1.2371193338795692
992.5 1.571268017621024
993.0 1.012781278142067
993.5 0.7329876327588702
994.0 1.0306689529117077
994.5 1.4112349618421565
995.0 0.6238514045431082
995.5 1.6759402540392747
996.0 1.5455356066863941
996.5 2.3465595748040085
997.0 1.5701910948017734
997.5 1.0103710868365663
998.0 1.190727320658966
998.5 0.9661525547310984
999.0 1.178922239909713
999.5 1.2272837380503643
1000.0 0.9562393280299464
1000.5 0.6057108118591327
1001.0 0.9536672268417246
1001.5 0.9900857984218681
1002.0 0.6377929242001393
1002.5 0.8702842220155873
1003.0 0.8511901563721178
1003.5 0.9907573281452733
1004.0 0.7412717839163745
1004.5 1.6701689321729956
1005.0 0.8237173118970895
1005.5 0.8341467839160093
1006.0 1.1116994700500133
1006.5 0.5487490817597973
1007.0 0.9529950972013792
1007.5 0.9723060366461693
1008.0 1.3747908627683085
1008.5 1.9541468913596898
1009.0 0.8679251604161445
1009.5 1.992758454299552
1010.0 0.8369565298825441
1010.5 0.5836501460064014
1011.0 0.6803275987423898
1011.5 0.608538910281377
1012.0 1.715450961556567
1012.5 0.49717023673455557
1013.0 0.8917274756298961
1013.5 0.9912696128871895
1014.0 0.36593259860653665
1014.5 0.703265162948794
1015.0 0.661983678082208
1015.5 0.7554269621757644
1016.0 0.6930968779155076
1016.5 0.3194311333665403
1017.0 0.9108840929217592
1017.5 0.8782698410111526
1018.0 0.9559739792977417
1018.5 1.0640103194064103
1019.0 0.6178773871739136
1019.5 0.8791442996933588
1020.0 1.0038976255067378
1020.5 1.0970404245930854
1021.0 0.8446207760642719
1021.5 1.2804194976584617
1022.0 2.080838413372295
1022.5 1.1020072372267085
1023.0 0.551586440364893
1023.5 1.011001580520137
1024.0 0.8471827550017321
1024.5 0.848471355553748
1025.0 0.7469619841065167
1025.5 0.7286149451594663
1026.0 0.8005476413262492
1026.5 0.9921335273602946
1027.0 1.0248235739005418
1027.5 1.8842234567460445
1028.0 1.228557960933212
1028.5 0.771699373349096
1029.0 1.7805340531103524
1029.5 1.5007799636517007
1030.0 1.1389634486479419
1030.5 0.8871749947172526
1031.0 2.5883181914092743
1031.5 1.1754328759062815
1032.0 1.294999134635133
1032.5 0.6419726043629547
1033.0 2.1938531679765436
1033.5 1.2029821230703794
1034.0 0.5658262219343485
1034.5 0.9916472747455021
1035.0 0.8824451732346552
1035.5 0.612902483777592
1036.0 0.6110984334011877
1036.5 0.40175150591235476
1037.0 1.1047971399155592
1037.5 1.5487134409515408
1038.0 0.8472030335624184
1038.5 0.8819341623246184
1039.0 0.4573613172217866
1039.5 0.8385920229175072
1040.0 1.5512200644393
1040.5 0.8947868319223353
1041.0 1.7460831346817938
1041.5 1.0209690770964137
1042.0 1.3947825131890754
1042.5 1.4359454022457514
1043.0 0.7018325877576429
1043.5 1.3273071372982357
1044.0 0.9231878169502451
1044.5 0.7218526560159886
1045.0 0.7006070018012591
1045.5 1.2222600079506238
1046.0 0.963918364155382
1046.5 0.960080120926207
1047.0 0.7248611227905907
1047.5 1.1536451477521545
1048.0 0.9880323700308878
1048.5 1.0842536499404098
1049.0 0.7208472499880969
1049.5 0.7412965427724219
1050.0 1.2412676346461278
1050.5 0.5113365277557127
1051.0 0.5634291308551322
1051.5 0.6989873011563639
1052.0 1.1732428326874205
1052.5 0.9609044086518803
1053.0 0.9810187328589316
1053.5 0.6229958988491786
1054.0 0.46779648338601487
1054.5 1.7293402207599227
1055.0 1.0103685655557104
1055.5 0.5415157378419582
1056.0 0.6750501520481352
1056.5 0.9212245577937852
1057.0 0.624721833944824
1057.5 1.054048276570327
1058.0 0.9842409033060588
1058.5 1.27216458015798
1059.0 0.5344505008255815
1059.5 0.5476173975340218
1060.0 1.106251500757088
1060.5 0.428902478592485
1061.0 1.4222846643404883
1061.5 0.845872396020859
1062.0 0.5176294432799811
1062.5 0.6292451942413742
1063.0 0.7132052313362535
1063.5 1.179992950775512
1064.0 0.2
1064.5 0.8186544693079738
1065.0 0.8179922568086675
1065.5 0.42517811805902417
1066.0 1.1930712784867863
1066.5 1.296626288794942
1067.0 0.6380384057420139
1067.5 1.3592408735235058
1068.0 1.8267808990677432
1068.5 0.9601392098126382
1069.0 1.3816028914091478
1069.5 0.9717489691520347
1070.0 0.488504097414933
1070.5 1.7276714058261033
1071.0 0.7386080388257095
1071.5 0.7935363788482288
1072.0 1.1219340050795532
1072.5 0.5233068191589578
1073.0 1.2418374843262416
1073.5 1.3808655631431859
1074.0 1.5184991723695869
1074.5 0.8503828294545108
1075.0 1.9103368758475718
1075.5 0.9330417839322739
1076.0 0.7858251120906798
1076.5 0.5782138342957754
1077.0 0.9963773494827797
1077.5 0.8206192998849661
1078.0 1.1412097098124656
1078.5 1.1818848161402924
1079.0 1.4838969333500551
1079.5 0.9363497643700743
1080.0 0.7951238495145414
1080.5 0.5746077791789468
1081.0 0.7152980833433646
1081.5 0.7184080459624775
1082.0 1.2651090088827497
1082.5 1.051731320032476
1083.0 0.7710849983017101
1083.5 0.661032581932391
1084.0 2.223896154768143
1084.5 1.4223826318872699
1085.0 1.1413867099461332
1085.5 1.1952305194852613
1086.0 0.9446971171525851
1086.5 1.2007800806689959
1087.0 0.5157021105546074
1087.5 0.5225552314726869
1088.0 2.1307519691268415
1088.5 1.2879691201115753
1089.0 0.8260290840188991
1089.5 1.1288703620256633
1090.0 0.9377168520945576
1090.5 1.5896970810176327
1091.0 1.0225516015462588
1091.5 1.453764026744703
1092.0 0.8287582340480459
1092.5 0.9972898869234926
1093.0 0.4968465833542249
1093.5 1.2441007086101656
1094.0 1.0944666767875098
1094.5 0.7943869514254309
1095.0 1.8313160876265244
1095.5 0.8916303299467123
1096.0 0.8187177939656747
1096.5 0.9780705070261305
1097.0 0.5559642647857126
1097.5 1.657892188032421
1098.0 1.1327748569653235
1098.5 0.7485570101316312
1099.0 0.8574709566736409
1099.5 0.7561318314365297
1100.0 0.3164449706064377
1100.5 1.2553890958645697
1101.0 0.6527316639536597
1101.5 0.8463914866702386
1102.0 0.8602684105233933
1102.5 0.9792601857858325
1103.0 0.8342694609100998
1103.5 0.7915346263632309
1104.0 0.9042399688473715
1104.5 0.7195991138615883
1105.0 0.8609803100985756
1105.5 0.8895545098116511
1106.0 0.9245635873746627
1106.5 0.5146999708114048
1107.0 0.7015183832316465
1107.5 1.1585305896267872
1108.0 0.9909482637538702
1108.5 1.5760594328766473
1109.0 0.8204945773134618
1109.5 1.469392509971176
1110.0 1.7007483958241019
1110.5 1.1312749734760388
1111.0 1.345383034985535
1111.5 1.0645812244596184
1112.0 0.7375643583773843
1112.5 1.8556667220961307
1113.0 1.6599806919888969
1113.5 1.0415949342579223
1114.0 1.1171687675838733
1114.5 1.2699222974071014
1115.0 1.0510742831453204
1115.5 1.8206336806870533
1116.0 1.3049145752050682
1116.5 1.1402926797296904
1117.0 1.1059166518586159
1117.5 0.9206976443677266
1118.0 1.2637221132150032
1118.5 1.0019392097808595
1119.0 0.4928592211125515
1119.5 0.6069804770947673
1120.0 0.728564703106166
1120.5 1.2925314231326137
1121.0 0.8546455782167537
1121.5 0.8768395414590499
1122.0 0.8971388838547153
1122.5 0.9044025512974637
1123.0 0.6270986836370646
1123.5 0.997838041873262
1124.0 0.87179144861127
1124.5 0.848236170478242
1125.0 0.5616330505503051
1125.5 0.8233287752684232
1126.0 0.8985177216915791
1126.5 0.965294536974478
1127.0 0.9556541321035932
1127.5 1.0525292448207644
1128.0 0.6313377985972188
1128.5 1.1294268386333552
1129.0 1.2765318604054872
1129.5 0.575724598744726
1130.0 0.2
1130.5 0.7982148462051036
1131.0 0.9603177504209409
1131.5 1.0703354682149895
1132.0 1.7573354675927164
1132.5 0.860044879941535
1133.0 0.9029053326719467
1133.5 1.8858840031516828
1134.0 0.7517314619390331
1134.5 1.0531209196343072
1135.0 1.0258946350849385
1135.5 0.8353279667353816
1136.0 1.1021470695893099
1136.5 0.5405395921814533
1137.0 1.8648171914102276
1137.5 1.069483284212772
1138.0 1.2782733643524888
1138.5 1.1159866150440996
1139.0 0.31446430381428325
1139.5 1.0435710181624167
1140.0 2.034653797810749
1140.5 0.9557439452430604
1141.0 1.826997527205756
1141.5 0.6521512364603479
1142.0 1.0022860197846999
1142.5 1.8293755675080798
1143.0 0.7420589079238364
1143.5 1.6433690689230591
1144.0 0.7797154309755183
1144.5 0.9444502256934879
1145.0 0.8499886206448879
1145.5 1.727139571637884
1146.0 1.068930432971741
1146.5 0.6799123544239637
1147.0 1.033040062161032
1147.5 0.6356885390798859
1148.0 0.7062000381856769
1148.5 0.8767117194506496
1149.0 1.5081987531984198
1149.5 1.5423855638439656
1150.0 2.0301184349592853
1150.5 0.49376832883721156
1151.0 1.3718028454022373
1151.5 0.9909250156158425
1152.0 1.7708440388533484
1152.5 0.713850590227584
1153.0 1.195963841429067
1153.5 1.1162921594082467
1154.0 1.0822119004458166
1154.5 0.7549855387579293
1155.0 0.5584506533666945
1155.5 0.7175225071055786
1156.0 0.7439481614061814
1156.5 0.9625815050075025
1157.0 1.5847834898365787
1157.5 0.8421821644524168
1158.0 0.40147289704352995
1158.5 1.388689475606638
1159.0 0.9483396397276904
1159.5 1.32450703073851
1160.0 0.42854264070080594
1160.5 1.8561308794963147
1161.0 0.8082349409863234
1161.5 1.2176095592336607
1162.0 1.5765958537793217
1162.5 0.7458455632855163
1163.0 1.0042734401294244
1163.5 1.9590418540606516
1164.0 0.510960615495689
1164.5 1.0427893811363274
1165.0 0.43755751952415556
1165.5 0.7925176243321413
1166.0 0.7935291563584019
1166.5 0.603161259487842
1167.0 0.7990352738091264
1167.5 0.8525146393641511
1168.0 0.8654096608213745
1168.5 1.2223005258455744
1169.0 1.9093972605558562
1169.5 1.0520172072518723
1170.0 1.236118984666788
1170.5 1.289455758134568
1171.0 0.7591203027169341
1171.5 0.6097816414881363
1172.0 0.9349798089169818
1172.5 0.887101733798713
1173.0 0.6861651186269927
1173.5 1.4285813759595627
1174.0 1.0518399599764279
1174.5 0.8805173150693811
1175.0 0.812598030705548
1175.5 0.8844510913760155
1176.0 1.1716807643904867
1176.5 1.6434783473653503
1177.0 0.571141255933884
1177.5 0.8390505509141191
1178.0 0.7288688651249171
1178.5 1.2809962806678827
1179.0 2.380880724405654
1179.5 1.227302811713347
1180.0 0.6537575689059474
1180.5 0.8121948400049291
1181.0 0.6211608772071222
1181.5 0.7348152174682157
1182.0 0.6624582840743554
1182.5 1.0527199267865361
1183.0 0.9863339295867657
1183.5 1.0111628046981063
1184.0 1.1664525182569714
1184.5 0.9555730161466418
1185.0 0.764627282540315
1185.5 0.3063367713080113
1186.0 2.2168377880070627
1186.5 0.8244972658793155
1187.0 1.1237864387068432
1187.5 1.1992407776861378
1188.0 0.5578216293407686
1188.5 0.8780054548554382
1189.0 1.3498134912496105
1189.5 0.4395586860781406
1190.0 1.3035538209348265
1190.5 1.4003879315290388
1191.0 0.8872166539349008
1191.5 0.6271545006774878
1192.0 1.22796318204108
1192.5 1.028938936446375
1193.0 1.0994406235583902
1193.5 0.7899913189500042
1194.0 1.920243675353611
1194.5 0.2
1195.0 0.7228223634544809
1195.5 1.1717012520113848
1196.0 1.1934822179346511
1196.5 1.6104630088847032
1197.0 0.7629681359562788
1197.5 1.0998432144566954
1198.0 2.055976541505548
1198.5 0.7807688979911478
1199.0 0.5104552648611845
1199.5 0.8845239292806627
1200.0 0.4531392021613083
1200.5 0.9592349122902677
1201.0 0.7658911033629534
1201.5 0.26686978607047684
1202.0 1.0716920510094239
1202.5 0.9506184576051553
1203.0 0.5827634998936997
1203.5 0.9832843855848038
1204.0 0.9793263373976367
1204.5 1.2417943430985612
1205.0 0.9613084548125462
1205.5 1.0118921013030118
1206.0 1.2014139621006543
1206.5 1.541609923333661
1207.0 0.8346695955169113
1207.5 0.3127060521246723
1208.0 0.7153296765230952
1208.5 1.1532536045543618
1209.0 1.3506523198587677
1209.5 0.8665252737948124
1210.0 1.0685786651762321
1210.5 1.1137027405417692
1211.0 1.2660773162379875
1211.5 0.5602352924926448
1212.0 0.7921799259807035
1212.5 0.7230559867808704
1213.0 0.8186545433907032
1213.5 1.9361629315537292
1214.0 0.9182856228829636
1214.5 0.7031573175346969
1215.0 0.6796552530286917
1215.5 1.5443729267575683
1216.0 0.8240298422087994
1216.5 1.4643801497342055
1217.0 0.8518787442408322
1217.5 1.4537217729152698
1218.0 1.2711114848680467
1218.5 1.9890102134871515
1219.0 0.6572053036823842
1219.5 1.1338301999693572
1220.0 0.7431250760139326
1220.5 0.8865778662340076
1221.0 0.5301232777346047
1221.5 0.6094927394282843
1222.0 0.9940688258232655
1222.5 0.6109507712045508
1223.0 0.885505530005029
1223.5 1.8830246694367365
1224.0 1.098324508067589
1224.5 1.4870090155584452
1225.0 0.7713921115402002
1225.5 0.8338878838336686
1226.0 0.6534498401885791
1226.5 0.8089749540059018
1227.0 1.2776932634067173
1227.5 1.940719607500795
1228.0 1.2438485680943363
1228.5 1.4523688246410518
1229.0 1.0196976964975613
1229.5 1.2902181827697117
1230.0 0.7045695640495253
1230.5 1.4024151344824687
1231.0 1.1821400066371888
1231.5 0.6698692435594211
1232.0 1.3789055088721511
1232.5 1.4880458813115802
1233.0 1.772255577107325
1233.5 1.0495242212842908
1234.0 1.0171583899102308
1234.5 0.7374494417598985
1235.0 1.026399808540907
1235.5 0.41452304923908023
1236.0 1.1649892041263974
1236.5 1.0063177420970688
1237.0 1.609796185728401
1237.5 0.7234371387608772
1238.0 1.2204622581225575
1238.5 1.176017492946747
1239.0 0.841046234214424
1239.5 1.0584730925266164
1240.0 1.2617264336636786
1240.5 1.0531876832454539
1241.0 0.46104493456256174
1241.5 0.5661032953096691
1242.0 1.8449830288740232
1242.5 0.27137100400076464
1243.0 0.8940563224633709
1243.5 0.774977651623282
1244.0 0.6699789657227898
1244.5 1.4145619489221666
1245.0 0.9871929319295498
1245.5 1.0954473951386166
1246.0 0.8956866012599256
1246.5 0.935415614834798
1247.0 1.484647339877398
1247.5 0.9705130185148941
1248.0 0.7254297424114783
1248.5 0.9414683434346495
1249.0 0.8842398693017366
1249.5 1.4229239334123198
1250.0 1.7269580607763184
1250.5 0.9517795767937962
1251.0 1.0858902654034268
1251.5 0.7108340768393524
1252.0 0.8865697907795548
1252.5 0.9365865206595336
1253.0 0.9027638974127452
1253.5 0.7072195675166941
1254.0 0.7770320542201781
1254.5 0.6569584591758686
1255.0 0.9643989779024794
1255.5 0.8117539583358726
1256.0 0.814474107967888
1256.5 1.0953968520667066
1257.0 0.299307946180726
1257.5 0.9326325406940638
1258.0 1.200638537319254
1258.5 1.1658357668309738
1259.0 1.360480687879064
1259.5 0.618058989224439
1260.0 0.6036537107751707
1260.5 1.9993767206006061
1261.0 1.0403561358213995
1261.5 1.619087157804051
1262.0 1.4926882171406004
1262.5 0.7776921543702291
1263.0 0.5027481946772181
1263.5 1.319663471540343
1264.0 1.6480540335190006
1264.5 1.4625378376363871
1265.0 0.9591888905400064
1265.5 1.0216128257906059
1266.0 0.6741858370665474
1266.5 0.4120204241134984
1267.0 0.7915189606465138
1267.5 1.4453531871912557
1268.0 0.9824619689114981
1268.5 1.8903215069952384
1269.0 1.149864865100608
1269.5 0.9815850497027807
1270.0 1.0376926541611113
1270.5 0.6969936355430112
1271.0 0.857985435347631
1271.5 0.9113211230514916
1272.0 1.6874759488244573
1272.5 1.2730575251217955
1273.0 2.1775557404973993
1273.5 1.0577513252972168
1274.0 0.7368025814682231
1274.5 0.6517473220823375
1275.0 0.9992714644006805
1275.5 1.8031789145662773
1276.0 0.8585520417759039
1276.5 0.46733225261017336
1277.0 0.9047183208384365
1277.5 1.1436006016893616
1278.0 1.145057117890447
1278.5 0.4053019643649056
1279.0 1.3062923984906698
1279.5 0.73057393100235
1280.0 0.5679917313106772
1280.5 1.7935799002158834
1281.0 1.2601669350185136
1281.5 0.7725263746804797
1282.0 0.7645831748431395
1282.5 0.5119422425360893
1283.0 1.3020966279787358
1283.5 0.6150713126683425
1284.0 1.3646077625037387
1284.5 0.6952133025261814
1285.0 1.2189691982695159
1285.5 0.9729318013064744
1286.0 1.3163398510143114
1286.5 1.0222387474278856
1287.0 1.3037429556544395
1287.5 0.752994941012566
1288.0 0.8657139716742862
1288.5 0.4500966722337887
1289.0 1.0210527039542403
1289.5 1.6187498150916242
1290.0 0.812219987149719
1290.5 2.0716703098048272
1291.0 0.7502995434085824
1291.5 1.634994075018616
1292.0 0.576772895902644
1292.5 0.8914093814880997
1293.0 0.5984211143799248
1293.5 0.6691552041878169
1294.0 2.2179302346544203
1294.5 0.655491377474702
1295.0 1.7870781691807327
1295.5 1.4049802804081684
1296.0 0.7222931196280538
1296.5 0.7614935229310882
1297.0 0.9753349884053093
1297.5 1.0407575900734152
1298.0 0.6674701622084492
1298.5 1.505119393173564
1299.0 0.7858585924584685
1299.5 0.8188560582630908
1300.0 1.2719253869480402
1300.5 0.9994288228869317
1301.0 0.7189072399066273
1301.5 0.6749790755733072
1302.0 1.5133443123611259
1302.5 0.9442812183137239
1303.0 0.43806600247536787
1303.5 1.3579456899025752
1304.0 0.521456081205398
1304.5 1.179595968699802
1305.0 1.0088135687913775
1305.5 0.9777826806639087
1306.0 0.7236308174802718
1306.5 1.421800904783297
1307.0 0.8002042160479408
1307.5 1.332193325253705
1308.0 1.0806524109341802
1308.5 0.6081236358127141
1309.0 0.5840251919094628
1309.5 0.7378422097132656
1310.0 0.6331979616739383
1310.5 0.5145893757766729
1311.0 1.241983329109953
1311.5 1.4409238400320374
1312.0 1.0273590555031469
1312.5 0.7227276454857698
1313.0 0.6293039352297946
1313.5 0.7090963912620134
1314.0 0.7745090212091043
1314.5 0.7309516408563366
1315.0 0.9565802813561624
1315.5 0.6531336962088627
1316.0 0.6797246524291498
1316.5 1.109497266081557
1317.0 0.6183861749904179
1317.5 1.1248112365756548
1318.0 0.7724282232067345
1318.5 0.8008598109720508
1319.0 0.9732293248010953
1319.5 0.79875022133373
1320.0 0.9100796155236414
1320.5 1.3223685864289152
1321.0 0.6814982171456757
1321.5 0.947094666057055
1322.0 1.8100174051198583
1322.5 1.3113949417463302
1323.0 0.944350379786697
1323.5 0.718946794654454
1324.0 1.0982799562848529
1324.5 0.835786192157217
1325.0 0.8415819418744048
1325.5 1.1109017819735585
1326.0 0.6772763716120155
1326.5 1.5538456927325868
1327.0 0.8489345440846584
1327.5 1.4516970782254355
1328.0 0.6038224029806227
1328.5 1.4967306089273453
1329.0 0.7168887597494038
1329.5 1.7285972000811252
1330.0 0.6159458771871783
1330.5 0.29337066141498414
1331.0 1.4934423002221502
1331.5 0.8109750551110876
1332.0 1.4546825449826275
1332.5 2.219057112142431
1333.0 1.7853408995822666
1333.5 0.7106409259189153
1334.0 1.2118175368662278
1334.5 0.28649493011375315
1335.0 1.8760228502862266
1335.5 0.7466245497472456
1336.0 2.0405744694269083
1336.5 1.3262121973403584
1337.0 1.5559652382826057
1337.5 1.3170700132858317
1338.0 1.2064992071834126
1338.5 0.6583004458664036
1339.0 0.5470768910466439
1339.5 0.93172513756463
1340.0 0.9585263782029405
1340.5 0.818894183848965
1341.0 1.383800516786651
1341.5 0.965311185715433
1342.0 0.8949023365297868
1342.5 0.8392783900378581
1343.0 0.8237283011359064
1343.5 1.0373483779354717
1344.0 1.7476429022514863
1344.5 0.4664330557376414
1345.0 0.8584671602829348
1345.5 1.4704415332540473
1346.0 0.6666274154027426
1346.5 0.6112402087460773
1347.0 0.9388618488997686
1347.5 0.6746399269428504
1348.0 1.8827879329028305
1348.5 1.0246337596831867
1349.0 0.7739163465751946
1349.5 0.9002053353454551
1350.0 0.3721315341337398
1350.5 2.046844903597108
1351.0 1.1661335880391217
1351.5 0.8137745773431917
1352.0 1.0441688470713069
1352.5 0.9104543074318738
1353.0 0.7497536846001684
1353.5 0.9933344684301015
1354.0 0.5370787075836883
1354.5 0.9412920874382964
1355.0 0.6880161483101277
1355.5 0.9848782911010118
1356.0 0.9822952857930294
1356.5 1.1310298725300507
1357.0 0.9613856855123554
1357.5 1.3850229435330879
1358.0 0.8982904496920517
1358.5 0.48204715715978563
1359.0 1.3080896912007742
1359.5 0.9550782285976052
1360.0 1.2547002766833768
1360.5 1.4117982908374107
1361.0 0.9817598188617338
1361.5 0.9712628405425234
1362.0 1.3162523145464777
1362.5 0.9115927340084858
1363.0 0.5193463332235033
1363.5 1.125608486027449
1364.0 2.623233502833212
1364.5 1.3828565688145051
1365.0 1.0557720738265326
1365.5 0.34810455252826245
1366.0 1.795753489957908
1366.5 0.7489027130435547
1367.0 1.0178555082204734
1367.5 1.1499408666955402
1368.0 0.8690299996749766
1368.5 0.6024415355483022
1369.0 1.3508191792171504
1369.5 1.0715211657749513
1370.0 1.470064275994229
1370.5 1.2244124335006341
1371.0 1.0216595191212843
1371.5 1.2333783666098808
1372.0 1.3960911547513633
1372.5 1.6481336678153613
1373.0 0.7707733367059333
1373.5 0.5876829374413486
1374.0 1.1308371374768011
1374.5 2.582025505936894
1375.0 0.5805809149068525
1375.5 1.1895182631912233
1376.0 0.9411289038321099
1376.5 1.602025892288672
1377.0 1.1003481604282386
1377.5 1.2368412458749556
1378.0 0.8623620310781757
1378.5 0.2
1379.0 0.8840804662190417
1379.5 0.9889562597503132
1380.0 1.053126102211314
1380.5 1.128382551559144
1381.0 1.631456036318304
1381.5 1.1102915577455141
1382.0 0.5127204578889006
1382.5 2.255406803249463
1383.0 1.5111178222620425
1383.5 0.852816466869877
1384.0 1.0993535377476698
1384.5 1.2644948832622687
1385.0 1.5288243783625362
1385.5 1.2714498744976623
1386.0 1.0956713700947986
1386.5 1.0329488757791025
1387.0 0.6194297617082521
1387.5 0.9571372461769746
1388.0 0.7872057997717852
1388.5 1.1593886333249346
1389.0 1.1988624866683901
1389.5 1.0208687819099294
1390.0 1.1564319262743945
1390.5 1.1497168362812786
1391.0 1.816133575402672
1391.5 0.9668656348045296
1392.0 1.2415645303230036
1392.5 0.6520002350731767
1393.0 1.268337055505932
1393.5 0.5216999924977
1394.0 1.677361443815165
1394.5 0.97392255555199
1395.0 0.7060843309813354
1395.5 1.4168472067545075
1396.0 1.4846591170061898
1396.5 0.8960190659012999
1397.0 1.356340875517524
1397.5 0.6856350519681776
1398.0 1.0595165610466057
1398.5 1.4870678813248248
1399.0 1.1673731772435065
1399.5 0.7087138688323561
1400.0 1.4380607625586674
1400.5 0.5818715945424473
1401.0 0.45572956654658914
1401.5 1.5441344377067092
1402.0 1.0398275399405317
1402.5 1.337703283207131
1403.0 1.1004899077994612
1403.5 1.460059735002012
1404.0 0.8804905435847162
1404.5 1.3847742811962074
1405.0 0.8640864522917033
1405.5 0.7363023837479125
1406.0 0.7902597618505316
1406.5 0.6668677252077991
1407.0 1.0645130523088486
1407.5 0.9873466577621512
1408.0 1.5364642707030605
1408.5 1.077636553113936
1409.0 1.226552751735409
1409.5 1.9289538581709462
1410.0 1.1484007670792271
1410.5 0.6075966433371935
1411.0 0.7857200502815382
1411.5 1.9451838903247491
1412.0 0.8026284570438476
1412.5 1.1796051785264168
1413.0 1.3153743201673427
1413.5 1.016115163309104
1414.0 0.6412051807380806
1414.5 0.8266711639915678
1415.0 1.199765129069422
1415.5 0.6971942263196844
1416.0 1.1264877122016073
1416.5 1.036798429500179
1417.0 0.7058886124069581
1417.5 0.8948935415864866
1418.0 0.8618230033571324
1418.5 1.135022524152472
1419.0 0.9043048173234047
1419.5 0.6228452042579242
1420.0 0.7282229876955453
1420.5 1.609520899787276
1421.0 1.4943110576806884
1421.5 0.6560633515448149
1422.0 1.117276098641442
1422.5 1.2228168955195855
1423.0 1.1675678849068092
1423.5 1.2034040911638857
1424.0 1.8110450258343929
1424.5 0.6155780572316623
1425.0 1.5274020264807326
1425.5 1.022604786109743
1426.0 0.7205104565029394
1426.5 1.1028279506794125
1427.0 1.1237226992688805
1427.5 0.7193851277433894
1428.0 1.5873878118938127
1428.5 0.6869144690224084
1429.0 1.511455376381508
1429.5 1.5532820441222266
1430.0 0.9577728029322143
1430.5 1.187040338084882
1431.0 1.478029700978408
1431.5 0.8273428494653129
1432.0 0.8131255513984488
1432.5 0.6087182855149345
1433.0 0.9037864707835758
1433.5 1.0163484895085881
1434.0 1.4720841390439992
1434.5 1.0288294268493794
1435.0 1.60127804767118
1435.5 1.2296293196060153
1436.0 0.6275170117535771
1436.5 0.7521269204037737
1437.0 1.1867560192138766
1437.5 0.8478487588091981
1438.0 0.8502778611622016
1438.5 0.6588011958836175
1439.0 1.3791084646149692
1439.5 0.47739707660614683
