0 1.5172297991612034
0.5 0.7332688004452823
1.0 1.2237460075840216
1.5 0.49406836099918344
2.0 0.9303013119779147
2.5 1.1639575356149465
3.0 1.37981051944768
3.5 0.5556721241723387
4.0 0.5191698189019113
4.5 0.9127005372726862
5.0 0.5042367735515706
5.5 1.5836052986394695
6.0 0.5873719840533878
6.5 0.6981431111979257
7.0 0.8575351341286801
7.5 0.7267540043256819
8.0 0.8730813119933214
8.5 2.4203129436550572
9.0 1.0097701503181309
9.5 0.8355393971260461
10.0 1.598423910110276
10.5 0.742512416221107
11.0 1.8551557639801648
11.5 1.4691481736812833
12.0 1.5746502028887686
12.5 0.6701564422465836
13.0 1.1915130271175172
13.5 0.6130139715599242
14.0 1.698826841350114
14.5 0.40506983374031913
15.0 1.2761929713309006
15.5 0.8238671036379954
16.0 1.1206609666893121
16.5 1.1958340273347363
17.0 0.814979057289436
17.5 0.9442601518119816
18.0 0.6152767138848959
18.5 0.8925683509372158
19.0 1.2215085125286111
19.5 1.6665013531792057
20.0 1.0064919858422727
20.5 0.7404794586186413
21.0 0.9476911694361398
21.5 1.2370920803697163
22.0 1.390270547814509
22.5 1.3670713780649988
23.0 0.9244819904839557
23.5 0.769329156927893
24.0 1.2928316335730177
24.5 0.8375815809640657
25.0 0.7843916783893794
25.5 1.058957947284461
26.0 1.5166587576211628
26.5 1.2291818295668815
27.0 1.2342798282628538
27.5 0.8840411971588408
28.0 1.179694091432006
28.5 0.6984515466367758
29.0 1.0921708751635595
29.5 0.7006290017374543
30.0 1.5025066259381838
30.5 1.1791743754540192
31.0 0.6463720562980322
31.5 0.766209674533403
32.0 1.0884554981292536
32.5 0.6170501585632758
33.0 0.8816049561727825
33.5 1.114391149673113
34.0 0.8180180627968139
34.5 1.557948589785553
35.0 1.1546869479665176
35.5 0.7688564634519468
36.0 0.9969534424707757
36.5 1.1105899788113343
37.0 1.4120783230349052
37.5 0.8599659143255307
38.0 0.8976609791800414
38.5 1.6976897723049906
39.0 0.4265405851412103
39.5 0.6399267465493004
40.0 1.0800012502183467
40.5 1.2738134173544486
41.0 1.18709421768025
41.5 1.5097909339440463
42.0 1.207846389638012
42.5 0.4666557628165575
43.0 0.7682065678674369
43.5 1.0140529038884947
44.0 0.8802744558976687
44.5 0.5364059552013036
45.0 0.752275915448088
45.5 1.3420332551071792
46.0 0.6648072793703484
46.5 0.8694914235356701
47.0 0.8572730464159491
47.5 1.2705975100698086
48.0 0.8178667579642491
48.5 1.3047339524257913
49.0 1.4371783199894188
49.5 0.715237274084211
50.0 1.554879856866262
50.5 0.6071744377982249
51.0 0.7575258318008973
51.5 0.7099964638895327
52.0 0.7980928049121818
52.5 1.579753039814539
53.0 0.7519715052461545
53.5 0.9907680495080203
54.0 1.4575127955703087
54.5 1.4378700288595456
55.0 0.6938708772572448
55.5 1.3813737537389181
56.0 0.47965641334161135
56.5 0.899951006604244
57.0 0.77193752947628
57.5 1.720941075238728
58.0 1.1302324076649555
58.5 1.2616258680276482
59.0 0.9349971774605487
59.5 0.8684131962554853
60.0 0.7604302162688406
60.5 1.4901389084311496
61.0 0.960769097453692
61.5 1.0189529907210597
62.0 0.34963948550808854
62.5 1.3759815841093004
63.0 0.6845669522672388
63.5 1.2483810413758438
64.0 1.2315367973736113
64.5 0.7976325901249027
65.0 1.1770399953633652
65.5 0.6113906507404059
66.0 0.9644170830808325
66.5 0.9758456212752225
67.0 0.9087841087837938
67.5 0.9241885032789477
68.0 0.5061822537832704
68.5 0.7785143463252944
69.0 1.0120339263324198
69.5 0.936153943350569
70.0 1.1786437124376323
70.5 1.3842516919766492
71.0 0.6587379843649704
71.5 1.0226212571934834
72.0 0.9840331734443157
72.5 0.47962705764043817
73.0 0.5948045445122997
73.5 1.4932172606408853
74.0 1.4148749936073255
74.5 1.5948868131420815
75.0 0.8783315075270763
75.5 0.7321032358999384
76.0 0.652565447614697
76.5 1.4964278659033097
77.0 0.9765456288311305
77.5 0.9848585063836897
78.0 1.3550295412042952
78.5 0.8572519231785201
79.0 1.523594977633449
79.5 0.8796752087075853
80.0 1.4086444997699719
80.5 1.862087686680162
81.0 1.4159506530046473
81.5 0.745132110437666
82.0 0.9607021975506592
82.5 0.9208376726135403
83.0 0.8817685145860047
83.5 1.0263934223959983
84.0 1.0388338493647413
84.5 0.6947556104931607
85.0 1.6807859069102857
85.5 1.404513943486354
86.0 1.0314207947814018
86.5 0.8597500001624622
87.0 0.790497766419084
87.5 0.9637159934132523
88.0 0.6939252998738239
88.5 0.3326469468584221
89.0 0.7966939789884282
89.5 0.7030892139521221
90.0 1.2780652338020726
90.5 0.9594571402481163
91.0 1.678117621699232
91.5 1.099032499453577
92.0 0.8608557262730208
92.5 0.6500932580133754
93.0 0.968386719798666
93.5 1.291834253174685
94.0 0.9630583292036592
94.5 0.9862987811392528
95.0 0.9411576619408837
95.5 1.1087971704508752
96.0 0.8687683100799657
96.5 1.352730367524972
97.0 1.0086119061836767
97.5 0.9965648102166892
98.0 1.334298797303625
98.5 0.7198718967528648
99.0 0.7559748570392095
99.5 1.3746079900210664
100.0 0.9081426313595264
100.5 1.2689510200943306
101.0 1.522390759802828
101.5 0.5650540737505547
102.0 1.154750399198709
102.5 1.1196402251855868
103.0 0.8113331192416807
103.5 1.320879667517887
104.0 0.8691222510013816
104.5 1.908612274850773
105.0 0.9696996775890762
105.5 0.8410812930824567
106.0 1.0535910901369614
106.5 1.3347122481279947
107.0 0.5328974978476522
107.5 0.8664900003558805
108.0 0.9729892860209848
108.5 1.0003997021356796
109.0 0.8944504807586515
109.5 0.7542035985995604
110.0 0.8355915828957058
110.5 1.5149093106581355
111.0 1.388655479754167
111.5 1.7159256185179417
112.0 0.64297512417452
112.5 0.8276762855879948
113.0 1.195802535653677
113.5 1.1104173875504433
114.0 1.0232670953148355
114.5 1.6908412761869993
115.0 1.0378298487230937
115.5 1.543298776182222
116.0 1.4433601363086823
116.5 1.4619727975197412
117.0 0.5516075816532934
117.5 1.4724442671105846
118.0 1.025699727669616
118.5 0.5630745591548723
119.0 0.8896328397372241
119.5 1.1471808709855615
120.0 1.2393919133960165
120.5 1.2981841419406153
121.0 0.7925740038808773
121.5 0.7568723922083433
122.0 1.2340968140944701
122.5 0.8324473987948787
123.0 0.7002506069591176
123.5 0.7426957289003542
124.0 0.7251011105606509
124.5 0.9855785797385769
125.0 1.5082759015657805
125.5 1.518455541013846
126.0 0.4500297753040141
126.5 0.6367683074364214
127.0 0.9694480595177217
127.5 0.41905275776164547
128.0 0.6790331725865442
128.5 0.6558486032339996
129.0 0.7517438210382159
129.5 1.7935377770584617
130.0 0.5974796394683212
130.5 1.3194827564186635
131.0 0.6753383283308363
131.5 0.5515135675117611
132.0 0.6720800506466711
132.5 1.3782597654259376
133.0 0.5230072480103962
133.5 1.5143887894446633
134.0 1.2386505813095483
134.5 1.0548622957211302
135.0 1.509892677516437
135.5 1.541322692432757
136.0 1.1508115991918553
136.5 0.8144664620648376
137.0 1.558638162373924
137.5 0.8977238608128078
138.0 1.341163213070681
138.5 0.8918905240415933
139.0 0.8816699135102097
139.5 0.9097125535133194
140.0 0.8133531690411853
140.5 0.9933084351854354
141.0 0.5954777704189254
141.5 0.9358109827436472
142.0 0.5221810374918392
142.5 0.8760583702375553
143.0 1.161615967487407
143.5 0.7485034044955876
144.0 0.8984445732325145
144.5 1.8646754924552673
145.0 0.9111927084413757
145.5 1.1902873235947307
146.0 0.7719352662690788
146.5 0.9212475833917056
147.0 0.863915009823855
147.5 1.1587795612476381
148.0 1.4131125098098662
148.5 1.2416560410931963
149.0 0.7557398960922982
149.5 1.1454041043224168
150.0 0.854283062846325
150.5 0.7541125851407982
151.0 0.7236582361333188
151.5 0.5731992893080993
152.0 0.9295078575379269
152.5 0.9475658094529593
153.0 0.8434790394721688
153.5 0.5789127934246936
154.0 0.7117029704546987
154.5 1.2539884498837433
155.0 1.5962870202751165
155.5 0.9456945707484474
156.0 0.3917049649472064
156.5 0.5656329138563649
157.0 0.6360420163458211
157.5 0.7688984846209956
158.0 1.4634926415856464
158.5 0.7633932541719081
159.0 0.92922253979814
159.5 1.4534475068237662
160.0 0.8530125082237341
160.5 0.7918483086804541
161.0 1.2530496104211717
161.5 1.4416080790663153
162.0 1.367974167290797
162.5 1.2242833216664952
163.0 0.82389984220368
163.5 1.173695762107649
164.0 0.42760169601309483
164.5 0.7300841391191404
165.0 1.8481470845921772
165.5 0.9262427450263105
166.0 0.8686432364347962
166.5 1.567803540743928
167.0 0.9880557700206384
167.5 1.4359968714813793
168.0 0.9343543231247282
168.5 0.6715184112188071
169.0 0.9038108314995218
169.5 0.505606451502793
170.0 1.7312370935343777
170.5 0.8770343170948739
171.0 1.1101170959182864
171.5 1.2669085712223378
172.0 0.6899967150341062
172.5 1.472056006681289
173.0 1.2690306450840207
173.5 1.3733041913972555
174.0 0.6023782860434534
174.5 1.0834220451718806
175.0 0.9795488479859406
175.5 0.656795493660354
176.0 1.1382609666170707
176.5 0.8263900038819914
177.0 0.39482751430269525
177.5 0.690965088141061
178.0 1.221448195401159
178.5 0.7822590708000996
179.0 0.7514327731830964
179.5 1.9512466537755793
180.0 0.9173966851631068
180.5 2.0738812248578835
181.0 0.8163153650541115
181.5 0.8786476977841512
182.0 0.35354015539004835
182.5 1.1507866281094499
183.0 1.047040144119089
183.5 1.0916742360756588
184.0 0.909152264296568
184.5 1.2285522806712283
185.0 2.0494561352034193
185.5 1.0255807275383866
186.0 1.0107526352148994
186.5 0.46104354148369114
187.0 1.2987055147634705
187.5 0.995507548478871
188.0 1.0176700750136414
188.5 0.6559500884392396
189.0 0.6702392504420194
189.5 0.6759033545723656
190.0 1.154248116800792
190.5 0.9107112335432839
191.0 1.1061821984508757
191.5 0.7093793256837395
192.0 0.7580894735298932
192.5 1.0338962267987228
193.0 1.1142901537323113
193.5 0.7338819309647338
194.0 0.5975174252249168
194.5 0.718961176877538
195.0 1.9348205369989322
195.5 1.0000587139050965
196.0 0.8067898743566454
196.5 0.672246388811752
197.0 0.6716822656525996
197.5 0.343794334055736
198.0 1.2705016011293058
198.5 1.8701298609776096
199.0 0.9440112469621071
199.5 0.7287876355354113
200.0 1.3017541103853434
200.5 1.49721163518995
201.0 0.8412653012218566
201.5 0.8793144339142758
202.0 0.7042181230421238
202.5 1.5392994981842678
203.0 1.0350911663160085
203.5 1.0677183805654284
204.0 1.4181032192601162
204.5 0.5158224487297406
205.0 0.6272247457622503
205.5 0.7798142501729401
206.0 0.81665084471808
206.5 1.0593641152152444
207.0 0.5560987018890446
207.5 0.9536127702298414
208.0 0.7437047816042633
208.5 1.3570331228492245
209.0 1.521208912161915
209.5 0.24918351948963213
210.0 0.7787416532820955
210.5 1.157101242820199
211.0 0.5814909033766147
211.5 0.6693553728168326
212.0 0.6990250993045862
212.5 0.8126403235019598
213.0 0.9591230733798166
213.5 0.8842828855286642
214.0 0.547031220081442
214.5 0.6781190267703812
215.0 0.441645067912926
215.5 1.1418912090607156
216.0 0.7203497472595357
216.5 1.7200882313311228
217.0 1.4707558169597967
217.5 0.8551786320532543
218.0 0.5457084464852586
218.5 0.7447713628072392
219.0 1.1686622429845384
219.5 1.143476530963194
220.0 0.8216724161535851
220.5 1.056189689792348
221.0 1.9172599111060493
221.5 0.8887920822117111
222.0 1.3911179801667841
222.5 0.8241684613805076
223.0 0.8763139279873332
223.5 0.49629571557961405
224.0 0.9138820327367283
224.5 0.9536659308824441
225.0 0.9733482704168389
225.5 1.5130713666636013
226.0 1.4698521501969148
226.5 1.2441414689450423
227.0 0.9375514450338589
227.5 0.654951143220112
228.0 1.0967349373336568
228.5 1.484115353091537
229.0 1.4734463077447386
229.5 1.058009863238683
230.0 1.2689617989599484
230.5 0.7638931726485378
231.0 0.6783510073781008
231.5 1.0259175412438255
232.0 1.041665493123017
232.5 1.0454611463237748
233.0 0.794309879019732
233.5 1.7722270928316042
234.0 0.8052725049151426
234.5 0.6660408785554048
235.0 0.8108809267469975
235.5 1.003197520421067
236.0 1.5010078230129915
236.5 0.8597599152834928
237.0 0.6541927397250865
237.5 0.6436134946390741
238.0 1.6732266064238708
238.5 1.274012893877817
239.0 1.3238361681393465
239.5 0.7390802437123924
240.0 1.6845710083327323
240.5 0.7478206518155006
241.0 0.4812954626328087
241.5 0.5646521115035943
242.0 0.899688538974345
242.5 1.4571548476678866
243.0 0.8173389358125767
243.5 0.7487471848990797
244.0 0.9910627859264345
244.5 1.7614110699411656
245.0 0.5626753106884096
245.5 0.9145242535406267
246.0 0.8733709443510302
246.5 1.1757273976225495
247.0 0.9654169518727421
247.5 0.9781893236742689
248.0 0.8527140823604009
248.5 0.8574034906799138
249.0 1.7809055127555449
249.5 0.8462759212768388
250.0 0.5422378413880982
250.5 0.9283009046042536
251.0 1.0371743226127514
251.5 1.437049053357088
252.0 1.1323613986304648
252.5 0.6922496001809739
253.0 0.5298623807918156
253.5 1.2446061215453517
254.0 1.3375204498061612
254.5 1.5922914121766576
255.0 1.2559755307381932
255.5 1.1918479804785458
256.0 1.1743400554801207
256.5 1.255156641240741
257.0 1.1721178090945314
257.5 0.7316328449924957
258.0 1.4145980130402243
258.5 1.7398939241116005
259.0 1.0952643816503624
259.5 0.7310454904393604
260.0 1.2591496359705532
260.5 0.3046040331207166
261.0 1.5535491938476014
261.5 1.6841805275683366
262.0 1.738451295522903
262.5 0.39305024491971574
263.0 0.8947465102822749
263.5 1.2533291839446767
264.0 1.1917863711245875
264.5 1.2833561856982771
265.0 1.0900401186250388
265.5 0.7125447267931442
266.0 1.1068132036027711
266.5 0.9747044094969243
267.0 0.9249342519926322
267.5 0.9843880749923013
268.0 1.4779747417286235
268.5 0.910018998307052
269.0 0.7794283696853139
269.5 1.5519511737667828
270.0 0.7384090001326076
270.5 0.7922404639054252
271.0 0.9056060942051207
271.5 1.6037899210635298
272.0 1.028613099637808
272.5 0.8333512584335903
273.0 0.9637467985335817
273.5 1.3311459599914945
274.0 1.0216689877168093
274.5 0.8286231932871713
275.0 2.000121984873732
275.5 1.2010452702297276
276.0 2.0201483193751195
276.5 2.0006813998374797
277.0 0.8462145627074478
277.5 1.453237288558493
278.0 1.3271065009934018
278.5 0.668710201346048
279.0 1.7394962539030971
279.5 0.9763145300285868
280.0 1.1604341592588805
280.5 1.1326426263704268
281.0 0.6107869732435109
281.5 1.4863953057395523
282.0 1.5105676302369795
282.5 1.0531959196105338
283.0 0.7288725290836684
283.5 1.0305984166601114
284.0 0.5069687626118806
284.5 0.783365083483125
285.0 0.7581281613349009
285.5 0.21376049636917271
286.0 0.8735069155318167
286.5 0.8245180161102414
287.0 1.5599537450489154
287.5 1.2714920769195328
288.0 1.5467296474414867
288.5 1.1799492314112074
289.0 1.5622550301557006
289.5 1.2506467628882785
290.0 0.6741866621680123
290.5 1.6785052356971213
291.0 0.6840303608786427
291.5 0.7323866416671241
292.0 1.4685036340597986
292.5 0.676618475638123
293.0 0.8549353151924403
293.5 1.1323683419913655
294.0 1.644163989413976
294.5 1.288809117326755
295.0 1.4883161315136508
295.5 1.3502138214017447
296.0 1.4492552038495714
296.5 1.0005141683119871
297.0 0.7162852982617698
297.5 0.9482796131874712
298.0 0.7590778208927256
298.5 1.2310012192211328
299.0 1.5367699521249563
299.5 0.5678152228891461
300.0 0.8387741488143883
300.5 1.2217445994602016
301.0 1.338661568471751
301.5 2.0013589062178085
302.0 0.8088011605119414
302.5 1.1921406597326367
303.0 1.1360752628097033
303.5 0.8826391353043633
304.0 0.9881928772427967
304.5 0.7452725210706814
305.0 0.6080887432404569
305.5 1.8401644428475312
306.0 1.5882922296993889
306.5 0.8330830176975382
307.0 0.8731953678914495
307.5 1.4444512372884577
308.0 0.5170696900033266
308.5 1.4016607732375301
309.0 1.0965984100992763
309.5 1.4929867998966808
310.0 1.1676443071684215
310.5 1.276795508396623
311.0 1.0971496544901413
311.5 1.2352149741665022
312.0 0.8147703445635919
312.5 0.6351383670719485
313.0 1.5180486901353976
313.5 0.21922636117010819
314.0 0.6259079777576964
314.5 0.8227423363329848
315.0 1.0670621006202134
315.5 1.4303675870909678
316.0 1.6426543063838062
316.5 1.2108189985592461
317.0 0.9338407056561805
317.5 0.9388546013204313
318.0 2.1249180379846457
318.5 1.1028588984874732
319.0 0.7365314568044552
319.5 1.72255141910812
320.0 0.9611164313222762
320.5 0.7948160484730727
321.0 0.9046660274658958
321.5 1.0203738491124221
322.0 1.6972772389911657
322.5 1.3050932371600847
323.0 0.9344769418809364
323.5 0.8806864491820036
324.0 1.02621874912995
324.5 0.6480723395435803
325.0 1.0101051152657963
325.5 0.9179316526595004
326.0 0.5950541167277219
326.5 0.6659522210875191
327.0 1.1062828797715039
327.5 0.8897080640796601
328.0 1.1408445656819604
328.5 0.882372612449172
329.0 2.3504879575820663
329.5 0.9481422610639805
330.0 1.0839482552720825
330.5 0.6623284768120223
331.0 0.5952900942087533
331.5 1.1569792042387546
332.0 0.7601570583390858
332.5 1.5587145487389322
333.0 0.9131271519257047
333.5 1.8146716003266294
334.0 0.6342120536635802
334.5 0.5039072706838055
335.0 1.052504659018049
335.5 0.4856344305454258
336.0 0.6680652647432948
336.5 0.8223746791143497
337.0 0.8948129608167551
337.5 0.9669236281499433
338.0 1.3403172091176745
338.5 0.8551936042023102
339.0 0.5062583531097438
339.5 1.3833769719072189
340.0 0.9200613353255316
340.5 0.4671359454909466
341.0 0.7846087501218698
341.5 0.3250069678689578
342.0 0.5638384349031256
342.5 1.1275706433181285
343.0 0.9263350851527092
343.5 0.9858384119182337
344.0 0.9218112873897542
344.5 1.075320502987375
345.0 0.7460934866150106
345.5 1.2019690419531015
346.0 2.4987488417742916
346.5 0.6454312127317614
347.0 1.4860271395313323
347.5 0.9441789063130304
348.0 0.9981986202381008
348.5 0.9999844445707188
349.0 0.9465401427378715
349.5 0.8099656526620247
350.0 1.0532551582374565
350.5 1.119602526931882
351.0 1.134544531731679
351.5 1.0817957480099158
352.0 0.8601111548206215
352.5 1.2953504939312905
353.0 0.6683379774484544
353.5 1.034621103949608
354.0 1.0727706048736374
354.5 0.7417136520630165
355.0 1.2150925576539675
355.5 1.2890631304394646
356.0 0.8010624874952424
356.5 0.6458578095866412
357.0 0.7605753541303772
357.5 0.6923088072232984
358.0 1.2278747008851565
358.5 0.9297263106412661
359.0 0.8439120623207581
359.5 0.5508148902123118
360.0 0.8175815326977413
360.5 0.6343562043672365
361.0 1.322260041263673
361.5 0.916875821411733
362.0 1.2253392283677513
362.5 0.21221869060905152
363.0 1.499884987836505
363.5 0.6412089171837325
364.0 0.7835993170967757
364.5 0.7974497708961203
365.0 1.4254878886992084
365.5 0.7895699602004789
366.0 0.6233298385710628
366.5 1.1381830811464402
367.0 0.7019229695841802
367.5 1.1812326749963704
368.0 1.1492466753427593
368.5 1.3209650796058232
369.0 1.0372699241918266
369.5 0.8055427665834474
370.0 1.7530544095640437
370.5 0.80094224627222
371.0 1.1948557807191427
371.5 1.0598000879824943
372.0 1.090250296432973
372.5 1.0938190274795714
373.0 0.7055665545570077
373.5 0.9109205121723952
374.0 1.5954854364185227
374.5 1.120861479226754
375.0 1.0907303003581414
375.5 0.9958369625197786
376.0 0.5648551207467926
376.5 0.7412778460755384
377.0 0.7777989832709735
377.5 1.056144006352365
378.0 0.5107817831741606
378.5 0.6541504726343097
379.0 0.7104625019230149
379.5 1.406165524374809
380.0 0.889168171121206
380.5 0.7747627277365228
381.0 1.4598915091078206
381.5 1.293073097768557
382.0 0.9841597402243558
382.5 0.4627228008140094
383.0 0.9913218907503492
383.5 1.7844049195727805
384.0 0.705791846540023
384.5 0.6978200575495104
385.0 1.7206325733628338
385.5 0.939670070399125
386.0 0.8969301588183485
386.5 0.9242729411970192
387.0 1.0114239303434323
387.5 1.272495618606314
388.0 0.8602685701873662
388.5 1.8877740556516645
389.0 1.1285537381932729
389.5 1.1024203756790065
390.0 2.4487859933313953
390.5 1.118542714020414
391.0 1.5187292336929412
391.5 0.727541627317067
392.0 0.7509416769655322
392.5 0.7773611168029082
393.0 1.0784549356799158
393.5 0.9255038775836422
394.0 0.7263113550591914
394.5 1.559991581727945
395.0 0.6084632301474336
395.5 1.5082251437584038
396.0 1.120611801962347
396.5 0.7386213508462338
397.0 1.1240221123906173
397.5 1.3739169046072859
398.0 0.8412478523173603
398.5 0.7425632637722274
399.0 0.4122620929211597
399.5 1.3514907519492234
400.0 0.5226703509908943
400.5 1.3054813134919074
401.0 1.2740190509049731
401.5 0.9463843371408533
402.0 1.0667236210439788
402.5 0.3152532048393778
403.0 1.0021206350381033
403.5 0.6423062757352209
404.0 1.37472978713358
404.5 1.3737364991487362
405.0 0.7287127983154191
405.5 0.9378240074603692
406.0 0.8635035534730513
406.5 0.9480764044732359
407.0 0.7744766742190181
407.5 1.0442368938636668
408.0 1.4627777677211715
408.5 0.6423866122364056
409.0 1.344231852877972
409.5 1.3690979187097552
410.0 1.9581641759381943
410.5 1.2627528686930583
411.0 0.751033212846472
411.5 0.9505362374330291
412.0 1.4061583939771698
412.5 0.725248104846498
413.0 0.5506744785453767
413.5 0.4183012620684742
414.0 1.4802350877875863
414.5 0.9700890386291331
415.0 0.2
415.5 0.7951055915176366
416.0 0.8239293708414542
416.5 0.7740156136547592
417.0 2.0150261347099883
417.5 0.5843675416358827
418.0 0.9294093235160384
418.5 0.8683885277006202
419.0 0.82754563648836
419.5 1.60657234740657
420.0 0.937839857962855
420.5 0.9115235436467484
421.0 0.9520364738833508
421.5 0.7356104464946602
422.0 1.3727624551146862
422.5 1.175072387459184
423.0 0.8116406205942943
423.5 1.347016943126281
424.0 1.0353545322141322
424.5 1.1262647102816348
425.0 0.9021140606290928
425.5 0.6252270377100829
426.0 0.9557752492641294
426.5 1.0977352621931016
427.0 1.348587510505448
427.5 0.6804337384565865
428.0 0.6474200840436705
428.5 1.3211283981242596
429.0 0.8720146629876099
429.5 1.095171682361741
430.0 1.0079315361730972
430.5 0.964640869952012
431.0 1.1337846186474372
431.5 1.725137734817085
432.0 0.9194974904218225
432.5 1.5922516171708745
433.0 1.3540016345733399
433.5 0.7657781680259148
434.0 1.0781675463706852
434.5 1.2244470035728223
435.0 1.2106185889170322
435.5 1.019469380881847
436.0 1.272925355834192
436.5 1.4073577961623673
437.0 0.8038079468182135
437.5 0.5441682058501602
438.0 0.49846378843582084
438.5 1.241608763760854
439.0 1.122114168055063
439.5 1.90968973155986
440.0 1.2119161831962986
440.5 1.0419471209527904
441.0 1.5396184946714064
441.5 0.7659695355840772
442.0 0.897133943696161
442.5 0.4324923995683171
443.0 0.7791135394853522
443.5 1.0368675699806313
444.0 1.3113809895966118
444.5 0.8366830968931249
445.0 0.8316966226954733
445.5 1.4922458027146086
446.0 0.9447746427939453
446.5 1.0340157635969187
447.0 0.9131691296787583
447.5 1.9592340755605773
448.0 1.1930059155803752
448.5 1.2761795722203093
449.0 0.6148583817110451
449.5 1.8315582708960454
450.0 1.4989281538448367
450.5 1.3179075789279588
451.0 1.1643392467560334
451.5 1.443972858921352
452.0 0.7421857101590419
452.5 0.27341471351350044
453.0 0.7777398209912065
453.5 0.8685612297036044
454.0 1.7077065980492208
454.5 1.0912051973868206
455.0 1.0436888515835387
455.5 0.748523246147617
456.0 0.8378137130145982
456.5 0.8060493821684751
457.0 1.4757743828245742
457.5 1.2315029835265587
458.0 0.8776928758156726
458.5 0.5824173108642761
459.0 0.9268004527178653
459.5 0.5947761932750882
460.0 1.0055985503741796
460.5 0.53469662917291
461.0 1.244253078240636
461.5 1.879087298583015
462.0 0.8495128287836591
462.5 0.43771245771808903
463.0 0.6783018175671526
463.5 0.9362327156838526
464.0 1.2993372800251808
464.5 0.9951038967772127
465.0 0.7605339490584623
465.5 0.7551179821403553
466.0 0.47689810304159247
466.5 0.5159200985417816
467.0 0.9185911962555968
467.5 1.2231375007890168
468.0 0.9645935690422519
468.5 1.3327741144449545
469.0 1.8964662740063405
469.5 0.6160196462854979
470.0 1.3202114287482867
470.5 1.3217787057697228
471.0 0.8339560960926273
471.5 1.132187686021132
472.0 1.7308489476521505
472.5 0.6881500305086447
473.0 1.3974389701805343
473.5 0.7374693284264635
474.0 0.6985634677959393
474.5 0.6557275575542141
475.0 0.8846515970612031
475.5 1.6007632637529747
476.0 0.8581632905165557
476.5 0.9197536019782464
477.0 0.8745093139108575
477.5 0.2
478.0 1.2110167415637005
478.5 0.852424484756105
479.0 1.4911247533574419
479.5 0.8534754232116131
480.0 0.8207737118246992
480.5 1.486240694849128
481.0 0.9025891696613084
481.5 0.552614304629944
482.0 0.913441216196646
482.5 0.8058416553932547
483.0 0.6708996986386684
483.5 0.9283294188551989
484.0 0.7016884096707244
484.5 1.7256009504984529
485.0 0.3266684777923454
485.5 1.4250141113508321
486.0 1.2132355094215974
486.5 1.3057428845402725
487.0 1.302087223404191
487.5 1.0778052815046082
488.0 1.522720874061056
488.5 0.9609501296347934
489.0 1.5246197643854982
489.5 0.7551921554903869
490.0 0.9292511242696168
490.5 0.42111415835765326
491.0 0.6878648050077173
491.5 0.8924118658777569
492.0 1.1088103857870255
492.5 0.9728834100567944
493.0 0.8267590273818917
493.5 1.1926964735027763
494.0 0.7926898296748487
494.5 1.4979606305623228
495.0 1.1974214183220324
495.5 0.8558912917445837
496.0 1.139461024577094
496.5 1.5172980846298603
497.0 1.6867457110504136
497.5 0.7568815993844791
498.0 1.6773894609934819
498.5 0.8703314118342151
499.0 0.9866719689657668
499.5 1.542694026389803
500.0 0.48843380282825555
500.5 1.193435977036822
501.0 0.8366712704386787
501.5 1.164826901643559
502.0 0.5473806132949623
502.5 0.7159673926708849
503.0 1.009025741244348
503.5 1.3357690835015417
504.0 1.4903788489629268
504.5 0.8188949734013629
505.0 0.9697307667244028
505.5 0.9132690488683488
506.0 0.6592291705332751
506.5 0.8742063297514198
507.0 0.6696909829117819
507.5 1.0196390416992094
508.0 1.3746442292950969
508.5 0.754775241170274
509.0 1.3964813740870454
509.5 1.3484990321686952
510.0 1.4543226808826017
510.5 1.8691331497282704
511.0 0.47267656212349163
511.5 1.14149695066865
512.0 0.759874149380535
512.5 0.8612374789035259
513.0 1.927816672332689
513.5 0.897818100468888
514.0 0.7730935796529467
514.5 1.0579592390583814
515.0 0.5334673733438818
515.5 1.3770445554131494
516.0 0.8192559579640799
516.5 0.9846355428861607
517.0 1.2085801803636973
517.5 0.5834783257359195
518.0 0.9404296757867283
518.5 0.9523135344347691
519.0 0.801718476282149
519.5 0.7656380749917314
520.0 0.9337810828143973
520.5 1.088505205723576
521.0 2.4301987048734883
521.5 1.9323837218448698
522.0 1.0104563670198954
522.5 1.3468078552545006
523.0 1.108153602866974
523.5 0.6432935115397949
524.0 0.726247216217283
524.5 1.4899392652558174
525.0 1.3138409647373348
525.5 0.5936674628259497
526.0 0.7311189209232458
526.5 0.94554059983012
527.0 1.51278891564631
527.5 1.009728791905196
528.0 0.7815658511750115
528.5 0.9208983958038038
529.0 1.0152139893668952
529.5 0.7317759480732626
530.0 0.8685717990721744
530.5 0.7135494324636369
531.0 1.016162244610865
531.5 1.1088865436280804
532.0 0.9359974434883207
532.5 0.6924086170915287
533.0 0.6046483057526053
533.5 1.766963258704409
534.0 0.44476565577745264
534.5 1.1095711214584771
535.0 0.7163467064284722
535.5 0.989199061429817
536.0 0.6205426846818651
536.5 1.240913064843072
537.0 0.7199736423492121
537.5 0.38587116896198204
538.0 1.1543943772196967
538.5 0.5064770647928697
539.0 0.5964274996192784
539.5 1.6345583316861574
540.0 1.4682646204244498
540.5 1.1013331731131546
541.0 0.5265613582400925
541.5 0.6868096500116648
542.0 1.2365669538532995
542.5 0.7201380497543766
543.0 0.6074049595326891
543.5 1.2624001363574002
544.0 1.0360713966698991
544.5 0.8177570559877619
545.0 0.5812792473085201
545.5 1.1350784273092893
546.0 1.0461336776783494
546.5 1.360205312057738
547.0 0.7509103278168084
547.5 0.82477539366333
548.0 1.0432247272731305
548.5 1.3935688534123583
549.0 1.1171623782041393
549.5 0.6720694120560105
550.0 0.9350779725230803
550.5 0.4742270636067238
551.0 0.7750561746518835
551.5 0.7290164663492584
552.0 1.3949958478776334
552.5 1.5983799905386755
553.0 0.9090821394640761
553.5 0.9067242975482762
554.0 1.0534590034861475
554.5 1.7326522469780552
555.0 0.5713695509571967
555.5 1.7285730435305426
556.0 0.7275399845093609
556.5 1.0152643343775403
557.0 0.8233162171911355
557.5 1.1182592083163598
558.0 1.022785428407626
558.5 0.888695285891426
559.0 1.7718778428465214
559.5 0.7219006438749291
560.0 0.9212851989486107
560.5 0.7437709679597799
561.0 0.9272046654297513
561.5 2.03983073439503
562.0 0.747405145343231
562.5 1.2257942336657153
563.0 1.8099531106947926
563.5 1.2963386705838367
564.0 1.1921114933609287
564.5 0.9174423691439179
565.0 1.9629549346297934
565.5 1.0190128985675297
566.0 1.0116883069572766
566.5 0.8707760398263402
567.0 1.0129672264095935
567.5 1.7338337186337016
568.0 1.5834901287952317
568.5 1.3125591742524945
569.0 0.7398475187227489
569.5 1.2622440138953857
570.0 1.3724665179974629
570.5 0.8219210429359091
571.0 0.7734275000725904
571.5 0.8181069465018299
572.0 1.3331920139696927
572.5 1.8251382437353008
573.0 1.5685359985018472
573.5 1.242235156531827
574.0 0.7932932622385103
574.5 1.2257079533414856
575.0 1.1954251620463046
575.5 1.159370113151994
576.0 0.9066116744257713
576.5 1.1505438001839905
577.0 0.6674872348607627
577.5 1.9599943466748093
578.0 0.9200764782235009
578.5 0.45169674944398835
579.0 1.6194601343709336
579.5 0.7428303474552451
580.0 1.6423108806810056
580.5 0.750994639568012
581.0 1.5431818219724
581.5 0.4098382170004501
582.0 1.7291556840200037
582.5 0.9749198503657088
583.0 0.5186252728584604
583.5 0.9031090725885568
584.0 0.45830498521002716
584.5 1.1010041157719717
585.0 0.8771941331288626
585.5 0.8515039487092005
586.0 0.9335380444487817
586.5 0.962728860605004
587.0 1.0596076578987268
587.5 0.9494604871525192
588.0 1.1463536607117404
588.5 0.7667243850524467
589.0 0.8707410544742935
589.5 1.118980933448399
590.0 1.0072017166064096
590.5 0.9506852633330445
591.0 1.1211485779145827
591.5 0.7977029328894973
592.0 0.785226287613039
592.5 0.5636184037356439
593.0 0.6053492334764616
593.5 0.6240976804855374
594.0 0.6265460758193434
594.5 1.364806698727241
595.0 0.2
595.5 1.713204619407498
596.0 0.9096837901600403
596.5 0.7911287358725441
597.0 0.8524019857230402
597.5 0.9614447204596592
598.0 1.044778346795864
598.5 1.161726907103026
599.0 2.1343103848111036
599.5 1.142912238550033
600.0 0.8694647138211538
600.5 0.7186319833133303
601.0 1.281526821554206
601.5 1.5165487137213325
602.0 1.2461945371722942
602.5 1.4990991195307488
603.0 1.0869423635821516
603.5 1.9892486836427965
604.0 0.9342682258585528
604.5 0.9915175178106286
605.0 0.9574582492398014
605.5 0.9265944726750237
606.0 1.1637513455650965
606.5 1.101548926425399
607.0 0.8803904991008589
607.5 1.3210682932102085
608.0 0.7503637336175322
608.5 1.178887972028927
609.0 1.0587548604915775
609.5 1.1497836844417786
610.0 0.8211510696379988
610.5 0.6293454461911631
611.0 0.5613512422329281
611.5 0.7072664072262917
612.0 1.157728939161933
612.5 1.2268717096971362
613.0 0.4376884418949526
613.5 0.5289551953194269
614.0 0.2
614.5 0.9832669279602072
615.0 0.8323237595613964
615.5 1.6421150646264682
616.0 0.8527893373696376
616.5 1.0291038087466908
617.0 0.4603387296124932
617.5 0.2
618.0 1.1502234779060796
618.5 0.771256843201698
619.0 0.535252458286505
619.5 1.3685030198557246
620.0 0.9179435647005709
620.5 0.664584646014383
621.0 1.1269580884536028
621.5 1.2939131865307103
622.0 0.41555476876956254
622.5 0.6506308937793976
623.0 1.0721980407801088
623.5 2.2277815168322572
624.0 0.7464149427610007
624.5 0.6267246235539112
625.0 1.0937797122052455
625.5 0.3615326817934812
626.0 1.0439167905367508
626.5 1.1949600119805828
627.0 0.5792917150145741
627.5 1.0385195346877767
628.0 0.805315335948691
628.5 0.7987927436001103
629.0 1.1194431673095102
629.5 0.3389933419173663
630.0 1.3860732482970186
630.5 1.0707134619117815
631.0 1.295403702978323
631.5 0.6972147632946117
632.0 1.9319176471711814
632.5 0.7818293700222664
633.0 1.3473737760209938
633.5 0.7031600132035998
634.0 1.070541184548277
634.5 0.48534391827066703
635.0 0.36084741365696504
635.5 0.5707572924470491
636.0 0.8633947292858243
636.5 1.3539608010255466
637.0 1.3803343254187666
637.5 1.6882357071491882
638.0 1.0144202772609126
638.5 0.7025067871092527
639.0 0.7162345911274824
639.5 0.7665637124106763
640.0 1.187636962467332
640.5 1.0511638997389041
641.0 0.9447577912387757
641.5 0.6959916960366532
642.0 1.2164189556917466
642.5 0.8820239741385301
643.0 1.3446777896559565
643.5 0.5614031294714559
644.0 1.351471055698703
644.5 1.7819699319845896
645.0 1.0647537710506503
645.5 1.4614848070715172
646.0 1.0556117354263077
646.5 1.4892209091755308
647.0 1.7906557173809894
647.5 0.901732275040755
648.0 1.0047109919196342
648.5 1.6675048192345088
649.0 0.760960435773163
649.5 0.9988884434993348
650.0 0.24729705496549725
650.5 0.9134121128466668
651.0 0.47604814478927104
651.5 1.127057434143611
652.0 2.1044925652461637
652.5 0.6194936371968591
653.0 1.3298527856620086
653.5 2.0405122547384384
654.0 1.0011440760581864
654.5 0.5671564353157279
655.0 0.5677215951208224
655.5 1.082276022354948
656.0 0.8532279568400629
656.5 0.3547247608517273
657.0 1.154782020201392
657.5 0.7533058997247661
658.0 1.139613759610138
658.5 0.7188042125327272
659.0 0.7521221898096758
659.5 1.0840796832583819
660.0 1.0868707643138737
660.5 1.1271599347580161
661.0 0.745921606066561
661.5 1.0527708727098997
662.0 0.7179453300467867
662.5 0.936992195214402
663.0 1.1240962414218214
663.5 0.459503956372562
664.0 1.2656235971561434
664.5 1.7416547576207884
665.0 3.2217065548643435
665.5 0.9575792626540248
666.0 0.7045161511403724
666.5 0.49273741650991953
667.0 1.7614509023768394
667.5 0.8887310486311557
668.0 1.1585479012201114
668.5 0.5810016953766026
669.0 1.1866382196088057
669.5 0.7080521806484601
670.0 0.9441867210432482
670.5 0.2951784784344279
671.0 1.3325967963237275
671.5 0.9274784343895075
672.0 1.826025453668437
672.5 1.3771039883720486
673.0 1.1279918827374815
673.5 1.2386364418385765
674.0 1.2224074318043003
674.5 0.9751019351878986
675.0 1.2592338595737393
675.5 1.3173032562640987
676.0 0.8902593055169858
676.5 0.6673745009603926
677.0 0.6241290311807663
677.5 1.3565575949454072
678.0 0.47904090865709675
678.5 0.6951273339076989
679.0 0.8272417831247396
679.5 0.7631558047606529
680.0 1.3267296606946344
680.5 1.0137642919778507
681.0 1.3295419847272878
681.5 0.8424687574131774
682.0 0.6226824808562621
682.5 1.043254092601789
683.0 1.2560463926219794
683.5 1.331914264000622
684.0 0.39583970839433724
684.5 1.1064385448668652
685.0 0.8657951657709734
685.5 0.5593721525251056
686.0 0.7736849059442157
686.5 0.7656797122135764
687.0 1.4001948062116496
687.5 0.613020275819986
688.0 2.0765055880156633
688.5 0.7939545759831433
689.0 0.2
689.5 1.4998259217055794
690.0 0.5202523295939474
690.5 1.4217786533299577
691.0 0.30821109563474713
691.5 1.0021320072322175
692.0 1.1931399541850105
692.5 1.3496786110945465
693.0 1.3197199486479279
693.5 1.1423818593284407
694.0 0.9395948828443863
694.5 0.5835268154167652
695.0 0.8613433672482598
695.5 1.0674077931819597
696.0 0.8772621506625028
696.5 1.6290615691076002
697.0 1.063893053656276
697.5 1.9412159766048847
698.0 0.8624055860114318
698.5 1.721412817760413
699.0 0.7882539098289967
699.5 0.8801175744506927
700.0 0.8597383544453865
700.5 0.5500578128390614
701.0 1.3718904745242808
701.5 0.9986977488953352
702.0 1.3289953038493831
702.5 0.7741316946642993
703.0 0.9971240203326173
703.5 1.532226014147151
704.0 1.432148960911409
704.5 0.5759856162043333
705.0 0.7849514139689557
705.5 0.5955006239798852
706.0 0.7978924820501886
706.5 0.9782677671691964
707.0 1.0735742848263994
707.5 1.1973861025014103
708.0 1.382380754649065
708.5 2.284085720108276
709.0 1.3806910000727657
709.5 1.2152386043819678
710.0 0.8758124879270488
710.5 1.3821362148425147
711.0 0.37070798237009067
711.5 0.9743756795213846
712.0 1.2294790202017531
712.5 1.4055563649871
713.0 0.6386868650981632
713.5 1.593700524684314
714.0 1.0560079397727637
714.5 1.081530801626896
715.0 0.7800322700812056
715.5 0.7641568702655841
716.0 0.6576693662847916
716.5 1.229174853221643
717.0 0.7976388640340132
717.5 0.6253782921217605
718.0 0.7856266902946832
718.5 2.5784358595911807
719.0 0.6661468483420383
719.5 0.6811904310660528
720.0 1.1070718696327932
720.5 1.279369376308344
721.0 1.012716796785711
721.5 0.343033061985466
722.0 0.9517768900373867
722.5 0.5213343930835163
723.0 0.7140211145039623
723.5 1.6227349525219652
724.0 1.1309428112961957
724.5 0.6294289654427438
725.0 0.6875003789117891
725.5 0.691354938280976
726.0 0.8172197724993064
726.5 1.0975556340205228
727.0 1.5090700354319715
727.5 0.7489330380386676
728.0 0.7197409140112514
728.5 1.243109047270702
729.0 1.136472262263584
729.5 1.5114268370548025
730.0 0.7178889247134979
730.5 1.2120087759055391
731.0 0.8067746627847899
731.5 1.3128756945812565
732.0 0.8501268813266751
732.5 0.6382571017763915
733.0 0.8071910593880058
733.5 0.8966512004452396
734.0 0.6157612356470998
734.5 1.3044776853340598
735.0 0.67672987731345
735.5 0.5886622424339367
736.0 1.1552627602297711
736.5 0.696691302747082
737.0 0.8549929880227378
737.5 0.9481035641437189
738.0 0.8878238753846486
738.5 1.3103883132603555
739.0 0.42505829303159404
739.5 1.9451821201805157
740.0 1.9304936583949388
740.5 0.567748114606939
741.0 1.2567312992212756
741.5 0.6564256886585698
742.0 1.5060875980787558
742.5 0.6834674199303168
743.0 0.9901173028604442
743.5 1.068357498016453
744.0 1.1160371586487492
744.5 1.1610241035961044
745.0 1.2395348598280034
745.5 0.655208909739702
746.0 1.3587378806776318
746.5 0.4708425577388456
747.0 0.6811841463807808
747.5 0.21634142941734835
748.0 2.4547513657604636
748.5 1.4749155502544786
749.0 0.8431386331717828
749.5 1.1540219761503676
750.0 1.1839456952083283
750.5 1.108449458706219
751.0 0.39204669774577816
751.5 0.7413047336097984
752.0 0.4797061855258612
752.5 0.546328795358655
753.0 0.9733079532363048
753.5 0.9940104124221495
754.0 0.774092374581083
754.5 0.9927645931719355
755.0 1.0212291783226424
755.5 0.66940625705742
756.0 0.8320310793316059
756.5 0.4177675153720126
757.0 0.961254601107449
757.5 1.677957872900481
758.0 0.7830590702853557
758.5 1.0462720506181657
759.0 1.861144373732726
759.5 0.8872122563177037
760.0 1.118900613547475
760.5 0.7911808995412277
761.0 1.3927256635430532
761.5 0.719810926975391
762.0 0.8831812818689884
762.5 0.8018256144952015
763.0 1.0759190614071819
763.5 1.0337609023877028
764.0 0.6815858626780569
764.5 1.2644931975390254
765.0 0.7834452398634941
765.5 0.9139294735778551
766.0 1.2264069798064545
766.5 0.9375028259404129
767.0 1.3902323668060093
767.5 0.7914205947584627
768.0 1.0991266097055081
768.5 0.4855252660361805
769.0 1.1876917652686378
769.5 1.2773940358900886
770.0 0.598879072125994
770.5 1.4482595671460334
771.0 1.130811583837616
771.5 0.8001997242421011
772.0 0.5198142411010834
772.5 1.1076076307730929
773.0 0.6668868052068033
773.5 1.2340308244544338
774.0 1.5668130840045968
774.5 1.958551429633828
775.0 1.109346259958894
775.5 0.7730181075402929
776.0 0.9756292113073188
776.5 1.0089635967172907
777.0 1.0817563675009816
777.5 0.5929563186105373
778.0 0.5884018004459216
778.5 0.9511687994589328
779.0 0.6582019441138787
779.5 1.2572472936522219
780.0 1.0978075940123504
780.5 1.7238688070389747
781.0 1.1175254750901393
781.5 1.191814819369978
782.0 1.7658841622274215
782.5 0.24658266625970338
783.0 1.506001066858274
783.5 1.5643391963985849
784.0 1.4921735071221902
784.5 0.6880790402426917
785.0 0.8314108806075047
785.5 0.9714718258651387
786.0 1.0022637589607686
786.5 0.5716979801343336
787.0 1.626876772803461
787.5 0.6646885100317453
788.0 1.1700682013153272
788.5 0.8369539933630125
789.0 0.7716306054039195
789.5 0.985100583038132
790.0 0.7853009725406513
790.5 1.3734758774342428
791.0 0.2
791.5 0.7309193867751145
792.0 0.9773538767573233
792.5 0.8674024650029297
793.0 1.987864045466321
793.5 1.1840705271786511
794.0 1.98757546668666
794.5 1.383682370796061
795.0 1.1202715167315398
795.5 0.5527232900191381
796.0 0.8663435413261065
796.5 1.6063560105466226
797.0 1.0807572283363625
797.5 1.5087127375914346
798.0 0.9302684427107102
798.5 0.8343241011946008
799.0 0.6872541295298713
799.5 1.3524136273904752
800.0 0.708173152246151
800.5 0.9605598709400863
801.0 0.8668412430957977
801.5 0.7781368015906147
802.0 0.8090622267792524
802.5 1.198785945950332
803.0 0.7744789075337509
803.5 1.5637857315781085
804.0 0.5277569205536428
804.5 1.1931182675556682
805.0 1.1741419231641932
805.5 0.8480562938925205
806.0 1.29960177216718
806.5 0.7038803800273881
807.0 1.1046567622854198
807.5 1.0775620993473332
808.0 1.1908231917928642
808.5 0.895920998590237
809.0 1.1416454855737017
809.5 2.0756352782265197
810.0 0.6521103385662126
810.5 1.7462303727079664
811.0 1.368429896720515
811.5 0.5589916641873073
812.0 1.3620816225935992
812.5 0.7075613069179816
813.0 0.5669324990798376
813.5 0.7684314678953219
814.0 0.47414851785234385
814.5 1.0788007634283345
815.0 1.2686713571525017
815.5 0.4961821996719894
816.0 1.135400240424571
816.5 1.1175935531149186
817.0 1.2509391206593183
817.5 1.435849621844889
818.0 1.0990821437188782
818.5 1.6324813466258576
819.0 0.7802871837183886
819.5 0.7189970807833723
820.0 0.4240932523806985
820.5 1.6074316046782973
821.0 0.8484739421247405
821.5 0.4552212649562491
822.0 1.4343284630486313
822.5 1.0147082215694205
823.0 1.459262657379108
823.5 1.465708240548984
824.0 1.3803149740960925
824.5 0.7348231567095218
825.0 1.5191935187471288
825.5 1.5010229505459654
826.0 0.9065099123672758
826.5 0.764394221947474
827.0 0.5145996900794889
827.5 0.939166272329198
828.0 1.4998785905268068
828.5 0.7150597626410264
829.0 0.9472992418705243
829.5 0.5130602897122465
830.0 0.6467526602979048
830.5 1.2295510324713859
831.0 0.3849085559496711
831.5 1.4321741186212886
832.0 0.9873135160210178
832.5 1.731768957468903
833.0 0.6903182895526732
833.5 0.5228336562324697
834.0 0.767500924700759
834.5 0.728841841509776
835.0 0.6869059879613075
835.5 0.2
836.0 1.1738846434133712
836.5 0.8861194522137309
837.0 0.6911217767696647
837.5 1.2308919022983082
838.0 1.005611116481877
838.5 0.9362586259789376
839.0 0.501355039302064
839.5 0.7998713669409324
840.0 1.1670175589540985
840.5 1.3520594354599944
841.0 1.5573966179368846
841.5 0.8230165475571611
842.0 1.1900694489644001
842.5 0.9584275532656015
843.0 1.4413320529621534
843.5 1.3092674877900423
844.0 1.7635557452660569
844.5 0.5439790873104674
845.0 0.7462051263380558
845.5 0.9456986685685377
846.0 0.8417881836124939
846.5 1.1251270299627374
847.0 0.3850540192958934
847.5 0.7977176275264262
848.0 1.126948430521932
848.5 1.7150237879806194
849.0 1.2846315026948698
849.5 0.33363225656595197
850.0 0.3443859142863225
850.5 0.9461553325005685
851.0 0.8026555957313158
851.5 1.2029226197191911
852.0 0.9470288379201339
852.5 1.076845475457577
853.0 0.3411423888771318
853.5 1.7772592542332735
854.0 0.8981587453286285
854.5 1.2042695450271532
855.0 0.9166286238505711
855.5 1.0551587570703496
856.0 1.2003254127414853
856.5 1.0611448483545862
857.0 1.2098468963751048
857.5 0.6416434357036012
858.0 1.0416810280194198
858.5 1.146519728925595
859.0 0.6462294895404976
859.5 0.7890450040563768
860.0 1.3586653818440528
860.5 0.5382016596211826
861.0 1.2130416424146833
861.5 0.9573821799949692
862.0 1.1468311575390047
862.5 1.5104086310084104
863.0 1.1200309918361109
863.5 0.6155986991446324
864.0 1.8489106931258834
864.5 0.5177472649752296
865.0 0.5077744585742756
865.5 1.1736483468861145
866.0 1.7153471631196906
866.5 0.8028805784263593
867.0 1.7872583984527024
867.5 1.2846078797039904
868.0 0.8848603805780186
868.5 1.1047302901570106
869.0 0.9158243277040443
869.5 0.9045756211193926
870.0 1.2103801857295817
870.5 0.8332507105614888
871.0 1.486765004570159
871.5 0.7065679817032193
872.0 0.713959972501329
872.5 0.602376288652698
873.0 0.4795890925278542
873.5 1.1486816749071938
874.0 1.2425019737062595
874.5 2.1052916997581197
875.0 0.9729460750602407
875.5 1.1261259133055437
876.0 2.7605185940996724
876.5 2.2058990010337123
877.0 1.643878343782308
877.5 0.4925457366164667
878.0 0.8464396141888312
878.5 1.871117705111764
879.0 0.9289162808948555
879.5 1.4558211075540424
880.0 0.3113278340406169
880.5 1.3008086556982288
881.0 1.0835818591030608
881.5 1.3471908211123882
882.0 1.81536271449683
882.5 2.7512858568510823
883.0 0.8797603584240479
883.5 0.6095136985128371
884.0 0.7998219940443752
884.5 0.8059858262615014
885.0 0.6201218000611828
885.5 1.2002707797176426
886.0 1.0637529203319687
886.5 1.1474369088878378
887.0 1.3238590141349347
887.5 1.3100943873821858
888.0 0.7259616491937293
888.5 0.648381885103734
889.0 0.7979507915219928
889.5 1.2922377191777847
890.0 0.40218191709187046
890.5 0.7175875205606849
891.0 1.0995947154006949
891.5 1.5640991486397913
892.0 0.9492001463546295
892.5 1.460831301310255
893.0 1.0876400525853906
893.5 1.5811615529586156
894.0 2.3150921113996463
894.5 0.6640179189656541
895.0 1.1958772876604282
895.5 1.5689743968168588
896.0 0.8172078633762621
896.5 1.1142920407339245
897.0 0.7600068598598178
897.5 0.6512531463761456
898.0 0.8120979259517653
898.5 1.357161244854161
899.0 0.9033597005781209
899.5 0.709549472295866
900.0 0.9978755483554883
900.5 0.6278341376982918
901.0 1.9274331565939775
901.5 0.7266251252607768
902.0 0.852425201823588
902.5 1.0842356881851454
903.0 1.0836823201676848
903.5 1.632870120789276
904.0 1.8641461582730638
904.5 1.3311274857449362
905.0 1.0030610770244257
905.5 1.1095849819498005
906.0 1.0409327737621066
906.5 0.938529340174413
907.0 1.483449915958948
907.5 0.8264095309963326
908.0 1.4300374785122099
908.5 1.2912566587770418
909.0 1.014188164708321
909.5 1.0540574423888636
910.0 0.8361218621064533
910.5 1.387571638508014
911.0 0.9127122075628123
911.5 1.0695036859059102
912.0 1.4125371189045097
912.5 0.5175060566370805
913.0 0.6647001955133551
913.5 0.8713027996973182
914.0 0.8662105952978978
914.5 1.028913063600628
915.0 0.7072786508578114
915.5 1.5250910720173976
916.0 1.0438904719231321
916.5 0.8545316609795851
917.0 0.8080556525713704
917.5 0.9569775144874418
918.0 1.2702273297553925
918.5 0.737149175591385
919.0 0.4399767816136028
919.5 1.2201302358931712
920.0 1.365162450853218
920.5 1.6690394157310653
921.0 0.5338536695805118
921.5 0.8818983106860125
922.0 1.592171331152474
922.5 0.820879471284609
923.0 1.0273760222541604
923.5 1.6060314414672319
924.0 1.1863388086961364
924.5 1.9581186012069423
925.0 1.6982139579431026
925.5 0.937374122375204
926.0 1.1105548335855715
926.5 0.9505147259959105
927.0 0.6525137752254191
927.5 1.598367675616375
928.0 0.5470337708167285
928.5 0.9303201940667215
929.0 1.4426191592037025
929.5 1.041086505747832
930.0 1.4566170467607937
930.5 1.1982159070474707
931.0 0.5588724635268756
931.5 0.7965509268819158
932.0 0.6966905692251728
932.5 0.8348957762095729
933.0 1.1431938835599618
933.5 0.9261723795347271
934.0 1.3349715779787297
934.5 1.0157782595601015
935.0 1.0769557235978653
935.5 0.47606538203547766
936.0 0.6688586320750176
936.5 0.4741257686736933
937.0 0.8001559664809677
937.5 1.2100520824550909
938.0 0.9446613239092642
938.5 1.1155084291450867
939.0 0.6834438404108694
939.5 0.7858750566832926
940.0 1.4546880730140468
940.5 0.7768000373951132
941.0 0.8289554020124319
941.5 1.5522343239205383
942.0 0.8252709135389662
942.5 1.4916264157838472
943.0 1.5035661134666656
943.5 0.5280471397865425
944.0 0.9191637638037367
944.5 1.2022225270383404
945.0 1.0817740977604935
945.5 1.5337111196291202
946.0 0.957912853925733
946.5 0.573121272650148
947.0 0.7121075590299094
947.5 0.8246123153725121
948.0 1.4028035251222115
948.5 1.2821529054803038
949.0 0.5530276072374865
949.5 0.8274908279582353
950.0 0.8369170462801059
950.5 0.6434756355601534
951.0 0.7691323141034352
951.5 0.8352533556229109
952.0 0.7732624508407431
952.5 0.6795024948483066
953.0 0.7718764554711881
953.5 1.0694935776639698
954.0 0.5905495362552009
954.5 0.6058898347886015
955.0 0.7291086150693119
955.5 0.7693069695799175
956.0 0.7116500782235131
956.5 1.1994076365153639
957.0 0.972183122640182
957.5 0.7076463377143325
958.0 1.4656502869559356
958.5 0.9974803635045625
959.0 0.6880729746505072
959.5 0.7341826604128986
960.0 1.9336536076355082
960.5 0.42674238638199646
961.0 1.7271230652973877
961.5 0.8796653386875266
962.0 1.1685760592485184
962.5 0.8904527285779273
963.0 0.5693071128515019
963.5 0.331278128892907
964.0 0.7781308017650359
964.5 0.716017017715104
965.0 0.33752232838213736
965.5 1.4189610206797885
966.0 0.759393381373845
966.5 0.9493649177190268
967.0 0.5732717769579716
967.5 0.61770787658497
968.0 0.5439561512042892
968.5 0.6814083235945082
969.0 1.0126146930045978
969.5 0.7343997188270192
970.0 1.502922698263625
970.5 1.4433764716892077
971.0 0.9494840075666244
971.5 0.8922790396298855
972.0 1.2821314597067581
972.5 1.4065426628163331
973.0 1.6351732521546318
973.5 0.8651906606782807
974.0 1.4301518361067385
974.5 0.4075111041237427
975.0 0.963267211832393
975.5 0.8443280585933052
976.0 1.4135345711745546
976.5 1.072276889546915
977.0 1.4629409553658244
977.5 1.282801934856988
978.0 0.7623810569349329
978.5 0.6465450731414657
979.0 0.9364402903476164
979.5 1.1864136161985583
980.0 1.3325516593244322
980.5 1.2033661456167413
981.0 0.6778570613789636
981.5 0.9356353250990308
982.0 1.1023327451431486
982.5 1.3864667194661568
983.0 0.923065020937308
983.5 1.0000155069607917
984.0 0.7983460782130771
984.5 0.5372733566427494
985.0 2.3418127971794487
985.5 1.1445970388138331
986.0 0.27128905249947277
986.5 0.85073163139995
987.0 0.6454365582314947
987.5 0.7873986600311293
988.0 0.8620600348320587
988.5 0.5675649457752218
989.0 0.9922757639623229
989.5 1.3222759985418502
990.0 1.0707660376048662
990.5 0.9326678998813974
991.0 1.1998733007135014
991.5 0.43423982378220155
992.0 1.282433669292344
992.5 1.7265640193799299
993.0 1.7303824196289548
993.5 1.9541666112984122
994.0 0.5326513960800179
994.5 1.3459729572837011
995.0 0.5901446534667516
995.5 0.6129759285267956
996.0 0.36551696946275836
996.5 0.828816342765077
997.0 0.6723640173575188
997.5 0.6898306283136039
998.0 1.0835945797268929
998.5 0.9621823164155925
999.0 1.0760994595794302
999.5 0.7087736899786176
1000.0 0.9879885365932662
1000.5 1.340201971503355
1001.0 0.8155681696420947
1001.5 0.7230631929522211
1002.0 0.4229963227009329
1002.5 1.4131331384613333
1003.0 0.8942737500200804
1003.5 1.543377323993255
1004.0 1.3688117487713778
1004.5 0.24288816563458304
1005.0 0.5426732747924443
1005.5 0.6475805923103541
1006.0 0.9018087035913134
1006.5 1.8073793237967148
1007.0 0.8894780709046173
1007.5 0.5072017990232611
1008.0 0.787651445165314
1008.5 0.9083537183756789
1009.0 0.5931200094168029
1009.5 0.920574505206935
1010.0 0.7844792569933272
1010.5 0.3918473777049529
1011.0 0.7886214749786247
1011.5 0.5581578516252358
1012.0 0.9496618512285036
1012.5 0.6980125205100556
1013.0 0.536898654532793
1013.5 1.2570922027858829
1014.0 0.830378638259675
1014.5 0.8544680708218874
1015.0 0.9641821679369759
1015.5 0.5735777559403874
1016.0 0.9099722162846731
1016.5 0.6408828680699942
1017.0 1.244075039049835
1017.5 0.9330471687958346
1018.0 0.6768610947890588
1018.5 1.2241255580413228
1019.0 0.9524522338430523
1019.5 0.8459717324169651
1020.0 0.9661233887689187
1020.5 0.5349836710051523
1021.0 1.4552101873163183
1021.5 1.256784960035211
1022.0 0.4921264144610396
1022.5 1.0672267468479038
1023.0 0.5940438529531445
1023.5 0.937398674182178
1024.0 0.6969637792438652
1024.5 0.43650501502962286
1025.0 0.7520148208576569
1025.5 1.6405118613145326
1026.0 1.3849305319180214
1026.5 0.5468470848224721
1027.0 1.0819614122108174
1027.5 1.8033686478465496
1028.0 1.0021970599917958
1028.5 0.7359189395942354
1029.0 0.7392996572132824
1029.5 1.07573661038083
1030.0 0.947806520740491
1030.5 0.8962552902923828
1031.0 0.9855123636960699
1031.5 1.2125534674795082
1032.0 1.2048827174039065
1032.5 1.2678471292401179
1033.0 1.1539177198015498
1033.5 0.9526348928510971
1034.0 1.9681467644601467
1034.5 0.8658828224516755
1035.0 1.0531386843875812
1035.5 1.7481220978472733
1036.0 0.7750485570735279
1036.5 1.348312669885909
1037.0 0.24962965259129843
1037.5 0.2
1038.0 0.7723225734988339
1038.5 0.7966476592005264
1039.0 1.426258877035189
1039.5 1.1275753502020467
1040.0 1.8245342545317498
1040.5 1.3321863607486435
1041.0 1.0881651465236688
1041.5 0.7984499234641489
1042.0 0.9136772100299543
1042.5 1.268514051373376
1043.0 1.6167556769361924
1043.5 0.918923987376182
1044.0 1.00517733672863
1044.5 1.1552926461648327
1045.0 1.3218512261575894
1045.5 1.2470057570808688
1046.0 1.519619670115719
1046.5 0.8740299013039942
1047.0 1.131641868137224
1047.5 0.6818741850719632
1048.0 1.155534103824567
1048.5 1.626991608880446
1049.0 0.7493326684340446
1049.5 1.8493165756655672
1050.0 1.3470570658371273
1050.5 1.5086117188084958
1051.0 1.1907789886637579
1051.5 1.9300968724503478
1052.0 0.7075107990591423
1052.5 1.3918748752181402
1053.0 0.8407464712727346
1053.5 1.3872452930629473
1054.0 1.309908185879313
1054.5 1.2661461818467687
1055.0 0.8652669643822115
1055.5 0.8007575602563768
1056.0 0.9734723539950041
1056.5 1.3114704644435515
1057.0 1.1304557615349198
1057.5 0.9098550578655148
1058.0 1.5542359428286128
1058.5 2.347513134326053
1059.0 0.866434396158062
1059.5 1.746174420048256
1060.0 1.0729119473209687
1060.5 0.9516927143718652
1061.0 1.546159642404648
1061.5 0.6997574963637333
1062.0 1.0064969619110125
1062.5 0.8589632866369983
1063.0 0.6898687661979521
1063.5 1.1707902475465455
1064.0 0.8886991030689743
1064.5 0.8310399275358544
1065.0 0.6467703340243375
1065.5 1.049898619722459
1066.0 1.1472766906782512
1066.5 0.5683548494638504
1067.0 1.8649443068125864
1067.5 1.5812264485988752
1068.0 1.2562088178448172
1068.5 1.4236423836805083
1069.0 0.6825816854133615
1069.5 1.9849136032074424
1070.0 1.0338454610018837
1070.5 0.8353284151414593
1071.0 0.6942731083575149
1071.5 0.6371811416725436
1072.0 1.0968911082830008
1072.5 1.4604388025334707
1073.0 0.8996032884265673
1073.5 1.6873313835191004
1074.0 1.5949649167476965
1074.5 1.5067250098318659
1075.0 0.9070112547094602
1075.5 1.209995206547024
1076.0 0.6187483291212893
1076.5 0.752705632221732
1077.0 0.877376503086483
1077.5 1.2049405341375805
1078.0 0.9814449111741759
1078.5 1.501092277934755
1079.0 1.0450383752307957
1079.5 0.9993392417616116
1080.0 1.2229846885446198
1080.5 1.3117144281864213
1081.0 1.1590050476389446
1081.5 0.6520144226387888
1082.0 1.0044714719271495
1082.5 1.2838148741523487
1083.0 0.8896565996581415
1083.5 0.6034365933499959
1084.0 1.762936198945411
1084.5 0.6685879990542166
1085.0 1.7043773318392406
1085.5 0.9810915704222852
1086.0 0.6167812823729886
1086.5 1.1455950707751945
1087.0 0.5674675466749228
1087.5 1.2807128365012272
1088.0 0.834360263838158
1088.5 1.2382099155902124
1089.0 1.315925849834604
1089.5 0.8898614436457623
1090.0 0.6883207552409063
1090.5 0.2
1091.0 0.9175421098113399
1091.5 1.0199977524756356
1092.0 1.0328667155837348
1092.5 0.2
1093.0 0.838083716220491
1093.5 0.5692453895592924
1094.0 1.168877372081666
1094.5 1.601469531588049
1095.0 0.9525654894993101
1095.5 0.8233100000826588
1096.0 1.0907266858604796
1096.5 0.8785699464273231
1097.0 1.3830348733930213
1097.5 0.8869860423409377
1098.0 0.8220124412555849
1098.5 0.7279684054978215
1099.0 0.788256351567637
1099.5 0.8480175412506405
1100.0 1.992874284876566
1100.5 1.1737922398861116
1101.0 1.0683158812542106
1101.5 0.9795550664095413
1102.0 1.6306486644867082
1102.5 1.0782953768100014
1103.0 1.0193597401495165
1103.5 1.689766061150698
1104.0 1.2027166207353488
1104.5 0.858655102913718
1105.0 0.7660120008436144
1105.5 0.795683516138534
1106.0 0.8686949413779236
1106.5 0.942422865299947
1107.0 0.2
1107.5 0.5688223333639488
1108.0 0.7233245251600435
1108.5 1.645181787101945
1109.0 0.8961535901141231
1109.5 0.5518855360486292
1110.0 1.2793804605751804
1110.5 0.2888818924703891
1111.0 1.1170628231662079
1111.5 1.29302878339614
1112.0 0.9811322777884696
1112.5 0.2
1113.0 0.9898837597615683
1113.5 1.052727237715965
1114.0 1.8256951964463033
1114.5 0.5390147320386902
1115.0 1.4935552489263504
1115.5 1.493359252052424
1116.0 1.497110662979496
1116.5 0.5510862839364875
1117.0 0.2590186979112533
1117.5 0.7178746564983974
1118.0 0.86176922878251
1118.5 0.658651266409988
1119.0 1.188527192051282
1119.5 0.5110588657441802
1120.0 0.7760818553504707
1120.5 1.1749136149095554
1121.0 0.6821830586977435
1121.5 1.04459553115896
1122.0 0.6466403180992906
1122.5 1.4785389441262198
1123.0 0.9914560523410985
1123.5 1.0819364076751832
1124.0 1.1513461624426156
1124.5 0.8803577866592738
1125.0 0.6119091965561371
1125.5 1.6207166549303382
1126.0 1.4397142625094244
1126.5 0.6588503529844624
1127.0 1.0540332663021674
1127.5 1.1910278759945239
1128.0 0.4384860017880535
1128.5 0.7464679071483532
1129.0 0.7783499688785448
1129.5 0.6360586457917555
1130.0 0.7747625877700236
1130.5 0.958909809752316
1131.0 0.673874952186722
1131.5 0.6311464098858182
1132.0 0.9849209603576563
1132.5 1.0153703611733944
1133.0 1.2333233678115216
1133.5 1.1965296549336006
1134.0 0.6791944896640634
1134.5 0.7498637492302155
1135.0 0.9855376106251986
1135.5 0.905248469267086
1136.0 1.7184882305801055
1136.5 1.280982575483601
1137.0 1.1182758022329458
1137.5 1.1347116235982995
1138.0 0.9224327805542163
1138.5 0.822665646059918
1139.0 0.6056492053276501
1139.5 0.9704045389531615
1140.0 0.6737334135193622
1140.5 0.787157269819365
1141.0 0.8170130571866945
1141.5 1.0475575824100678
1142.0 1.1653185151472005
1142.5 0.9294399360884567
1143.0 0.7043695200457998
1143.5 1.4759390817925548
1144.0 0.6773335233635315
1144.5 1.6271772425885298
1145.0 0.8707865082421489
1145.5 1.7681079488820584
1146.0 1.204350470866974
1146.5 0.9769026750088377
1147.0 1.217399704024634
1147.5 0.5914602265490001
1148.0 0.875210336806831
1148.5 0.7885983246969319
1149.0 0.9615209385745124
1149.5 0.8506347106507286
1150.0 1.1965638583437403
1150.5 1.0573275251778385
1151.0 0.8237796138609241
1151.5 1.3559250523004769
1152.0 0.46009489865457437
1152.5 0.8191308184663435
1153.0 1.3179270463710777
1153.5 1.1753387287117119
1154.0 0.7695105844614969
1154.5 0.6503541266991938
1155.0 0.7166016250457712
1155.5 1.2285936354606186
1156.0 0.9251757474113466
1156.5 1.2194827638498857
1157.0 0.8411404406436258
1157.5 1.0459925187329027
1158.0 1.2034128189337974
1158.5 0.9867496608033636
1159.0 1.4907292109918322
1159.5 0.9955651886477727
1160.0 1.5959681082195156
1160.5 0.874173217832931
1161.0 1.1762320267249007
1161.5 0.5771765927473316
1162.0 0.7083228710833631
1162.5 0.8624690191416242
1163.0 1.5681591088653541
1163.5 0.9719705564044874
1164.0 1.4556090918802465
1164.5 1.1600075707726363
1165.0 1.0656957021760962
1165.5 2.185925615153422
1166.0 0.4086787184329942
1166.5 1.0941202205229508
1167.0 0.6026003289212207
1167.5 0.8032990537539053
1168.0 0.5988827280441431
1168.5 0.6039304288235237
1169.0 0.8974818092961055
1169.5 1.1842507351844649
1170.0 1.3404144138891851
1170.5 0.465942612830823
1171.0 1.081493039165749
1171.5 0.634666091723837
1172.0 1.1937254474230539
1172.5 1.0017174067790657
1173.0 0.6635314188237831
1173.5 0.5114239505247171
1174.0 0.5686341342437773
1174.5 1.0966913473244533
1175.0 0.7699976748924428
1175.5 1.1418266957597747
1176.0 0.9908372041503452
1176.5 0.620693160613124
1177.0 1.3930978554617823
1177.5 0.27907219847949316
1178.0 1.3405403609666626
1178.5 0.8204823872169935
1179.0 1.0160387071975585
1179.5 1.036117639905095
1180.0 1.0578205077713148
1180.5 1.029541660470652
1181.0 0.7878461651449796
1181.5 1.2555981097025224
1182.0 1.7722245388450788
1182.5 0.750067411741659
1183.0 1.0430447849692945
1183.5 0.2
1184.0 0.7095997777009595
1184.5 0.9265639608829541
1185.0 0.8623710919714895
1185.5 1.297932938602318
1186.0 1.3859441099585887
1186.5 1.3621574058432069
1187.0 1.010470406460654
1187.5 0.6406090790428594
1188.0 0.9068642311853237
1188.5 0.8084276250335258
1189.0 1.1790445935779446
1189.5 1.1585805783386962
1190.0 0.7216937203187552
1190.5 0.9981038354294367
1191.0 0.46230685682217987
1191.5 0.6925544135034627
1192.0 0.9598609038046951
1192.5 1.1351253807753212
1193.0 0.8077313168881234
1193.5 1.0228044547242634
1194.0 0.7753888684821324
1194.5 0.5803627961127774
1195.0 0.8520168765130889
1195.5 1.5336096822772611
1196.0 0.7505890926230575
1196.5 0.8189476755891412
1197.0 1.187148183538439
1197.5 1.065945058510664
1198.0 0.4526621731932298
1198.5 1.2080479853787076
1199.0 1.3911359006240263
1199.5 1.1984844192951107
1200.0 0.9058218029819556
1200.5 2.3385877567477285
1201.0 0.5079275777616648
1201.5 1.6372705029235395
1202.0 0.8688591374799768
1202.5 0.2
1203.0 1.2863947518965992
1203.5 0.9323617642593268
1204.0 0.6183421315156551
1204.5 1.8797586343071297
1205.0 0.6230176567702381
1205.5 0.5796641023872847
1206.0 1.1482632354113234
1206.5 1.200670993203889
1207.0 1.1364372768562494
1207.5 1.3170310794960054
1208.0 0.9362793206791901
1208.5 1.114260072579357
1209.0 0.5671462952173788
1209.5 1.0655344719005864
1210.0 1.0358877551600858
1210.5 0.6380564361724994
1211.0 0.9995927768289259
1211.5 0.9374830950371914
1212.0 1.4275796323470296
1212.5 1.1409588612512935
1213.0 1.109893620038252
1213.5 0.5662067627005736
1214.0 0.7194078283384632
1214.5 0.7567511203445748
1215.0 0.936730079499543
1215.5 0.9776474556205687
1216.0 1.3881483422136824
1216.5 1.6588802594774386
1217.0 1.7671923907264548
1217.5 0.5678765698919426
1218.0 1.7573298077589774
1218.5 0.8407652613928098
1219.0 0.7041423307302943
1219.5 0.7261659757736731
1220.0 1.1192839032173616
1220.5 0.8913634258943945
1221.0 0.706342223918335
1221.5 1.2182710716840046
1222.0 1.0781497974747598
1222.5 0.5192201611869488
1223.0 0.7966638897125101
1223.5 0.8476444160666889
1224.0 1.08650983844365
1224.5 1.4090529770105105
1225.0 0.534909496350755
1225.5 1.477776403491498
1226.0 0.6278313411318248
1226.5 1.9453203621103672
1227.0 1.2586462877472298
1227.5 0.6958346597451128
1228.0 0.8818074150323237
1228.5 0.8739185145304037
1229.0 0.9588908175939209
1229.5 1.061517039373506
1230.0 0.9183536030596446
1230.5 0.5707230360746042
1231.0 1.1278985957748318
1231.5 0.9567452648714101
1232.0 0.8994822768533912
1232.5 0.6609427624902581
1233.0 0.8473702731773658
1233.5 1.1808466659773071
1234.0 1.6531831078993973
1234.5 1.0437674638291665
1235.0 0.7789873566039054
1235.5 0.9123961617449328
1236.0 0.8780631352871711
1236.5 1.548877300725223
1237.0 0.8000130578857703
1237.5 1.1639275728586442
1238.0 1.3581442230799372
1238.5 1.259774250512903
1239.0 1.121640725932177
1239.5 0.6487998199684231
1240.0 0.8978466548331786
1240.5 1.0721849876039573
1241.0 0.84004431675859
1241.5 0.7904570663036321
1242.0 1.0646023737685595
1242.5 0.8570793231237813
1243.0 1.2927792545062853
1243.5 1.1322539889258514
1244.0 0.3772080068771335
1244.5 1.307473639693609
1245.0 1.2796425061216676
1245.5 1.7745523160367314
1246.0 0.5978155689800012
1246.5 0.8008801757345712
1247.0 0.767293255436579
1247.5 1.6373948856144973
1248.0 1.7222618015500535
1248.5 0.7671599407596715
1249.0 0.6438065502491406
1249.5 1.10936013210859
1250.0 1.1044198399932788
1250.5 0.8158568553363857
1251.0 0.2856207601045329
1251.5 0.6049619785282739
1252.0 1.4987920413727103
1252.5 1.546934587431294
1253.0 0.4535009604821195
1253.5 0.48585759521353317
1254.0 0.7578784481549083
1254.5 0.6870043211278934
1255.0 1.0554137698346908
1255.5 1.6277475186335457
1256.0 1.781956857775123
1256.5 1.180609748225022
1257.0 1.4887521177609284
1257.5 1.48347883379346
1258.0 0.9063146340488628
1258.5 1.704970351752594
1259.0 0.9943967235655784
1259.5 1.4342499589439295
1260.0 0.8718249607207726
1260.5 1.6837148333222896
1261.0 0.6436336761098833
1261.5 1.3113516960489378
1262.0 0.8881561235982831
1262.5 0.800191280916201
1263.0 0.5159802172137258
1263.5 0.9427882825046243
1264.0 0.7429262251685111
1264.5 1.25932101678126
1265.0 2.510142689018217
1265.5 0.7530141627268256
1266.0 1.5503815217698311
1266.5 1.1691676407064326
1267.0 1.3802882478285219
1267.5 0.5964979648037323
1268.0 1.0682971459011656
1268.5 0.7433056480266331
1269.0 0.6840209442773486
1269.5 1.779646547925847
1270.0 1.6676947257751196
1270.5 0.9519413075248798
1271.0 1.0198512857809479
1271.5 0.9236807716935096
1272.0 1.294155311104509
1272.5 1.397712601542213
1273.0 0.9445536625094809
1273.5 1.6608611959163189
1274.0 0.9074156134652074
1274.5 1.5914949196568333
1275.0 0.9301611459492021
1275.5 0.5525823844011531
1276.0 0.6078048107809202
1276.5 1.0103335383192253
1277.0 1.3587612977346728
1277.5 1.550566424190456
1278.0 0.6535778660549598
1278.5 1.7474222865696598
1279.0 1.1440764970439186
1279.5 0.582212472713717
1280.0 0.7211567366884948
1280.5 0.8774112678552006
1281.0 1.4384206235444186
1281.5 0.8140629798333858
1282.0 1.0221835151792975
1282.5 0.986606140678759
1283.0 0.8302278947329108
1283.5 0.5756565861372217
1284.0 1.004735768783192
1284.5 0.4267269296619055
1285.0 1.2937458413021978
1285.5 0.9290923238325011
1286.0 0.7409832902139555
1286.5 1.0026532374382247
1287.0 1.0660976477053026
1287.5 0.6648956118731166
1288.0 1.0021982235683975
1288.5 1.401917495056714
1289.0 1.918092589151719
1289.5 0.9418274801379017
1290.0 1.0139262485065639
1290.5 1.023279791888656
1291.0 0.9865790123201982
1291.5 0.42995642978526283
1292.0 1.0605289613914475
1292.5 0.8173485377561369
1293.0 1.146078058543956
1293.5 0.5837195626915425
1294.0 1.9194067619624096
1294.5 1.5209761672904356
1295.0 0.8379163051909353
1295.5 1.1402618235389614
1296.0 1.1254724488275123
1296.5 1.046681760425394
1297.0 0.6496212941644601
1297.5 0.7112345705385859
1298.0 0.6327617524381424
1298.5 1.1567045522590265
1299.0 1.270464781063215
1299.5 0.9298957552947464
1300.0 0.8759059514438576
1300.5 0.7985573516486132
1301.0 0.5388576137582103
1301.5 0.406805779608847
1302.0 0.7674056222056864
1302.5 2.1361905923260216
1303.0 0.6648117480688702
1303.5 0.9674300241252121
1304.0 0.9143003257939308
1304.5 0.9144305827116307
1305.0 1.2270461447179695
1305.5 0.6746083699529639
1306.0 0.5641182477228954
1306.5 0.856073915668047
1307.0 1.2280328285345865
1307.5 1.6354224002215614
1308.0 0.5891877318822395
1308.5 0.833190967636603
1309.0 0.8472675495071522
1309.5 0.2898569137431892
1310.0 2.0973954791563836
1310.5 1.3378965542824668
1311.0 1.4615295220026439
1311.5 0.6197382963443161
1312.0 1.4780698889818247
1312.5 0.5631057550557972
1313.0 0.8286936011032018
1313.5 1.104303719593086
1314.0 0.7365976210928196
1314.5 0.6126748174646608
1315.0 0.6103583933520267
1315.5 2.1213428557995373
1316.0 1.103268113864884
1316.5 0.8456095827707596
1317.0 1.3261522964025532
1317.5 0.6555402278031488
1318.0 0.6991045876628863
1318.5 0.8794372877544351
1319.0 0.6310134635162534
1319.5 0.5631868886870691
1320.0 1.1000092812175506
1320.5 1.022213135874697
1321.0 1.2272175688154117
1321.5 1.186464843054246
1322.0 0.805179240216635
1322.5 0.9383575603621332
1323.0 0.3559787408698132
1323.5 0.8957127090396367
1324.0 1.483379628929179
1324.5 0.809554928950783
1325.0 0.8954351196980512
1325.5 1.168280999466527
1326.0 0.6476754818358978
1326.5 1.2629279594537104
1327.0 0.3967771795085647
1327.5 1.0000043477810872
1328.0 0.7996243186866674
1328.5 0.6705156408669605
1329.0 1.140946226542217
1329.5 1.1005306510884205
1330.0 0.5722341121237355
1330.5 0.5761221702043938
1331.0 0.652861264426709
1331.5 1.4267326565509286
1332.0 1.5635199921395944
1332.5 1.273964388944261
1333.0 1.6054869467672073
1333.5 0.6959919382506639
1334.0 1.034045913798209
1334.5 1.343856969448683
1335.0 1.1183223144248504
1335.5 0.6547558961085462
1336.0 0.6048067782027032
1336.5 1.2663131180182974
1337.0 0.793521871911567
1337.5 1.0528989374866402
1338.0 1.0697262725458712
1338.5 1.4641417084802493
1339.0 1.0696369571716948
1339.5 0.7358450570343983
1340.0 1.073829589600522
1340.5 1.8293791887906714
1341.0 0.8574541279581172
1341.5 0.677307762717859
1342.0 1.758046961785631
1342.5 0.540480100283215
1343.0 0.2
1343.5 1.3952315341448496
1344.0 1.8435723548309313
1344.5 0.996888411361095
1345.0 1.4131599000113733
1345.5 1.5583731145989268
1346.0 0.7421060062049925
1346.5 0.632300434366319
1347.0 1.7568248599626166
1347.5 0.5426551169695578
1348.0 0.9327105373380155
1348.5 1.0457019507702918
1349.0 0.7700469351700653
1349.5 0.9333212041333613
1350.0 1.7966560409992232
1350.5 0.9935617775585374
1351.0 1.0750144275643727
1351.5 0.7907183888943301
1352.0 1.0196073583337522
1352.5 1.5741127898355227
1353.0 1.8283000223280403
1353.5 1.933258278989146
1354.0 0.7454123402823147
1354.5 0.6734644818748077
1355.0 1.0893375617806755
1355.5 1.220080286777951
1356.0 1.8759199070441803
1356.5 0.848331390164782
1357.0 1.1205788123808902
1357.5 1.6188024232135354
1358.0 1.4227608996957453
1358.5 0.5737782204983897
1359.0 0.7790728640176839
1359.5 1.4055547025960045
1360.0 0.7998723758602388
1360.5 1.4409162222142062
1361.0 1.1428585239691742
1361.5 0.9327716505477939
1362.0 0.8268768890233154
1362.5 0.999567464151077
1363.0 0.8603178427329261
1363.5 1.7145868921928376
1364.0 0.9191019940487182
1364.5 0.9162468416493932
1365.0 0.557163484555188
1365.5 0.8873854936899336
1366.0 1.6043117101739433
1366.5 0.917485688664871
1367.0 1.2941695129172404
1367.5 0.4827005013410963
1368.0 1.2390399105403982
1368.5 2.0888886463414535
1369.0 0.5719073775362702
1369.5 0.6515272668836147
1370.0 1.0301124424035677
1370.5 1.5756916019215312
1371.0 1.0192562517773154
1371.5 0.9582961884791972
1372.0 0.9585542765087863
1372.5 1.309869759173477
1373.0 1.138120124995745
1373.5 0.588147057348209
1374.0 0.8600677129365073
1374.5 1.5601229024063237
1375.0 1.514508115080397
1375.5 1.512735194985209
1376.0 0.9366624787506211
1376.5 0.8661907464393896
1377.0 0.7450337087322016
1377.5 0.9979142117896994
1378.0 0.7091263158384922
1378.5 1.2148520493893649
1379.0 1.10205964235141
1379.5 1.7939107432005645
1380.0 1.4473240062539188
1380.5 0.40079950226112154
1381.0 1.2919587417784628
1381.5 0.9530019936968113
1382.0 0.6108801508399497
1382.5 1.6382752779017071
1383.0 1.48948742237393
1383.5 1.1693300312964945
1384.0 0.9814053830672501
1384.5 1.1116743609062347
1385.0 1.1650322260603483
1385.5 0.8683329513307377
1386.0 0.6951377870982015
1386.5 0.8100259506416903
1387.0 1.2838805780944111
1387.5 0.5840331792206271
1388.0 0.5783128817514008
1388.5 1.6632506840100505
1389.0 0.7301441411423126
1389.5 1.7286931514084896
1390.0 0.9508489528156797
1390.5 1.4203189325882608
1391.0 1.1445551126598366
1391.5 1.16368903722443
1392.0 1.1876484981527562
1392.5 0.9677507646669566
1393.0 0.7634934034987579
1393.5 0.5845454916120421
1394.0 0.7316608426078108
1394.5 0.9828221231181217
1395.0 0.7287373130622152
1395.5 0.7710507351116191
1396.0 1.5290060649048764
1396.5 0.8812781950415453
1397.0 0.6091651470291947
1397.5 0.8216827011572392
1398.0 0.3824884136805796
1398.5 0.7322295889299217
1399.0 1.0364730380776797
1399.5 1.0460723954204076
1400.0 0.6236837930550057
1400.5 0.8586623273065933
1401.0 0.9589729094426667
1401.5 1.5570424966225076
1402.0 0.7739855691013295
1402.5 0.8412891636203957
1403.0 0.7905254598215774
1403.5 1.575986805997907
1404.0 0.6447218832736603
1404.5 0.6856250162392385
1405.0 1.417728463532931
1405.5 0.9184908070792801
1406.0 0.9598847726051606
1406.5 1.156839694623645
1407.0 0.7595217731349686
1407.5 0.5893643890282569
1408.0 0.8361405253209977
1408.5 1.0834617454343123
1409.0 1.1909847001384608
1409.5 2.009456372715496
1410.0 0.9270747454750857
1410.5 1.0781051545753058
1411.0 0.8852904969710098
1411.5 1.669062765788897
1412.0 0.7818136096289194
1412.5 0.563121196926391
1413.0 0.6511489053659836
1413.5 1.907967253661766
1414.0 1.4870045735978374
1414.5 0.6985638448120677
1415.0 1.1275284118254336
1415.5 1.0697079435926855
1416.0 1.1464168247341786
1416.5 0.9606678570516027
1417.0 0.950550995652164
1417.5 1.0178942508961857
1418.0 0.7796579760101375
1418.5 0.7740092409539459
1419.0 1.4203044469296915
1419.5 1.4498799415794936
1420.0 0.763670865323524
1420.5 0.6047236679630394
1421.0 0.8788675681218643
1421.5 1.2218139150399083
1422.0 2.4672345198938186
1422.5 1.0276588026074949
1423.0 1.4435163594096823
1423.5 0.6657095240937154
1424.0 1.1317415699826678
1424.5 0.7767845900439461
1425.0 0.5862991071406949
1425.5 1.2476609726872137
1426.0 1.2692246381731183
1426.5 0.8375691564700145
1427.0 1.1586246747142113
1427.5 1.3420599290274309
1428.0 1.0726956748242462
1428.5 1.3202595030082382
1429.0 1.4986268741196302
1429.5 1.251467660375651
1430.0 1.0252999080611263
1430.5 1.773594732535769
1431.0 1.423334043968595
1431.5 1.876911887324726
1432.0 1.3170435387127157
1432.5 0.744035684591543
1433.0 0.8576552584567421
1433.5 0.726365482389092
1434.0 0.8318310313002165
1434.5 1.9250878472888027
1435.0 0.8027584154134819
1435.5 1.3733246855267796
1436.0 1.3399237512885906
1436.5 1.0861389588324797
1437.0 1.856598506560343
1437.5 0.7447543243425738
1438.0 0.4605527749449632
1438.5 0.7536502660717238
1439.0 1.3007008461429719
1439.5 0.8959649146925173
