0 0.7160678401154301
0.5 0.7610837255996437
1.0 0.9304314271602728
1.5 1.2239420727218326
2.0 1.2804368859400332
2.5 0.797050067147582
3.0 0.7145702000635645
3.5 0.729360258064818
4.0 1.637248077003378
4.5 0.847166359689691
5.0 0.8155018504608641
5.5 0.6090552967437497
6.0 0.8966324907650169
6.5 0.8380430091485309
7.0 0.6285556103567513
7.5 1.4411989097625977
8.0 1.282465401725001
8.5 1.0952140905030185
9.0 0.49892809480667727
9.5 1.657957689253847
10.0 1.7103841408300346
10.5 1.0665914680395647
11.0 0.6626875749397221
11.5 0.5648780191731312
12.0 0.8984841068735223
12.5 0.6593837478532099
13.0 0.9064807154120853
13.5 0.8078553082641315
14.0 0.26458913268093043
14.5 1.091843001705315
15.0 0.8858707657425073
15.5 0.829224100083831
16.0 1.0410889523296114
16.5 0.7801612659012002
17.0 1.2039241152986444
17.5 1.307548467038579
18.0 0.9728187654311461
18.5 1.0234738215063366
19.0 0.8067199376259879
19.5 1.3362164718764848
20.0 1.1971065184689265
20.5 0.780225855298355
21.0 0.8977788322600443
21.5 0.7253570387557132
22.0 0.842396268321093
22.5 0.4395389986781282
23.0 0.6221282314448484
23.5 1.375013435072347
24.0 1.2460445518914973
24.5 0.6835239716424707
25.0 0.8470577471516206
25.5 0.7963145960289967
26.0 0.5541027144912851
26.5 0.9002448279997229
27.0 1.17612314625268
27.5 0.6439391745836256
28.0 0.7686715469358496
28.5 0.9841404258009825
29.0 0.8066573333908477
29.5 0.9397960153805562
30.0 0.8309605925385276
30.5 0.7775027394710057
31.0 0.8581608816462671
31.5 1.7543774781909955
32.0 0.44970731425590654
32.5 1.8655044671406702
33.0 0.6268807200898379
33.5 1.0543011257225379
34.0 0.7576002736308929
34.5 0.9940510871667633
35.0 0.7461130270595031
35.5 1.419868197171677
36.0 0.892160199623236
36.5 0.7045970351262072
37.0 0.59311353645054
37.5 0.5732420893684382
38.0 1.1306202626723807
38.5 1.1540928808989102
39.0 1.6713612408971028
39.5 1.1858245635361797
40.0 0.9945065960643412
40.5 1.3149612286627748
41.0 0.8063816927656371
41.5 1.0476449533544148
42.0 0.882733029435771
42.5 1.2987702305684765
43.0 1.3370994914745862
43.5 0.8393728364450164
44.0 0.5970304477506203
44.5 0.6939328726003313
45.0 0.824455464606468
45.5 0.7357300469301091
46.0 0.8301102925600857
46.5 0.7316640592799628
47.0 0.9249453544055811
47.5 1.314145912536056
48.0 1.040720028302921
48.5 1.226947584808939
49.0 1.6625181998114416
49.5 0.514878565145324
50.0 0.8913305982806583
50.5 0.8247625751753909
51.0 1.012039772383861
51.5 1.315757331022262
52.0 2.0120430483962344
52.5 0.4816745440258876
53.0 1.0748853061710006
53.5 0.9172903005337495
54.0 1.339320415137269
54.5 1.7861575619203034
55.0 1.122457132089116
55.5 1.0642539410961573
56.0 1.3453478597453175
56.5 1.2773791466131081
57.0 1.2186049995194805
57.5 0.8913984254417594
58.0 0.9171174518584114
58.5 0.629968581440305
59.0 1.8477721299304077
59.5 1.1001810448008378
60.0 1.2136273277755245
60.5 1.4631616889343673
61.0 1.424670421553072
61.5 0.674374414010223
62.0 1.0572352681359098
62.5 1.2776251666075455
63.0 0.7196446387531945
63.5 0.6764451548596428
64.0 1.1745967016441496
64.5 0.7194494189404833
65.0 0.7466375455795515
65.5 1.1876237266020455
66.0 0.6108080070885291
66.5 1.4190266428713754
67.0 0.5397723597381169
67.5 1.1711775776028257
68.0 1.28421274770254
68.5 1.0361676714461718
69.0 1.0889861657181203
69.5 1.0104090428004913
70.0 1.053591280615751
70.5 0.7227324254002911
71.0 0.824630298095927
71.5 1.0521717229598435
72.0 0.5229363334079675
72.5 0.6883232921909649
73.0 2.21916552493398
73.5 1.4184266044246492
74.0 0.6881161721618991
74.5 1.1157426336840195
75.0 0.6195322322553345
75.5 1.5069468543259434
76.0 1.1862760586985157
76.5 1.0348019113468856
77.0 0.6459720664193955
77.5 0.5307363474308718
78.0 0.5867076007117623
78.5 1.4072672935815942
79.0 0.6714771365293045
79.5 1.2661046986157218
80.0 0.660800216313092
80.5 0.9125105689895497
81.0 0.7968201719294296
81.5 0.8443687657276955
82.0 0.604719390757662
82.5 1.6322304731894786
83.0 1.029857540368659
83.5 0.7968053677559095
84.0 0.9178737656713998
84.5 0.8088607720452752
85.0 1.040288161595021
85.5 1.1968114974250863
86.0 0.7611154982197996
86.5 0.5868727032992265
87.0 0.5147221404710502
87.5 1.2580612656723336
88.0 0.8922823851591937
88.5 0.3625678335458098
89.0 1.1833245726173502
89.5 0.3440492266713737
90.0 1.024562391249217
90.5 1.016045140401988
91.0 0.9283893849453472
91.5 0.7117339014355686
92.0 0.9389859529049862
92.5 1.7985252681930897
93.0 0.8186864680203254
93.5 0.9447355523999319
94.0 0.39463306610108384
94.5 1.1239653259593603
95.0 0.8798175040628827
95.5 0.5988082123350438
96.0 1.3199605911349437
96.5 1.024085129777177
97.0 2.294160260760827
97.5 0.8413906378650373
98.0 1.3978705485280805
98.5 1.520737193023389
99.0 1.7884343399399811
99.5 1.2602892256779787
100.0 1.2326330727111048
100.5 1.2058405327632937
101.0 0.482122120607956
101.5 1.000696250425678
102.0 1.1051894885964322
102.5 0.6008000127420061
103.0 0.7036995573645419
103.5 0.5803578936688305
104.0 1.1523632454758819
104.5 1.7227774333190307
105.0 1.1782780055945556
105.5 0.7971918628403784
106.0 0.9869572139136314
106.5 0.7558471678673571
107.0 1.001921915669496
107.5 1.0399732686805796
108.0 0.9052122166330636
108.5 0.9316672953661409
109.0 0.6930805962960526
109.5 0.8377904970482875
110.0 0.7498128351678002
110.5 0.9081938329158027
111.0 1.8187942620111532
111.5 0.9115836495447301
112.0 1.0812484707055634
112.5 2.1082895898698872
113.0 1.0325385687830555
113.5 0.32843531869804055
114.0 1.000005831870991
114.5 1.0427254098644645
115.0 1.8305909479800495
115.5 1.1691657967965963
116.0 1.0779754102942718
116.5 0.7963709101869209
117.0 0.7933020016725034
117.5 0.6649334228842563
118.0 0.8656195287905565
118.5 1.6611046649985224
119.0 0.5294477398364231
119.5 1.0520598458839303
120.0 2.1705948787081084
120.5 1.0834469571499594
121.0 1.2847421113599162
121.5 2.2848327937241972
122.0 1.5349103087092746
122.5 0.9660692475715245
123.0 0.9837496782759877
123.5 1.2938140509590492
124.0 0.7895154375121651
124.5 0.6282708640008379
125.0 1.0984956251391473
125.5 1.2710671231616977
126.0 0.592079340872522
126.5 0.6453546411625759
127.0 0.8882730561825434
127.5 1.0273554993494618
128.0 1.9777740556573153
128.5 1.263403986565264
129.0 1.0916539698716763
129.5 0.7813868342910364
130.0 1.0368112905758153
130.5 1.0498236946742887
131.0 0.9753496489556278
131.5 0.8169638826244872
132.0 1.4127215110012117
132.5 1.1211883875175195
133.0 0.918269675788082
133.5 1.3665313626784736
134.0 0.9037335312348268
134.5 1.751844709493922
135.0 1.433810310558309
135.5 0.7073829877935571
136.0 0.6301910940322297
136.5 0.6460570288752832
137.0 0.513021338988298
137.5 0.6858509818010786
138.0 0.5924386382549652
138.5 0.57541463917548
139.0 1.0713217842020368
139.5 1.2202618969560106
140.0 1.029419045944298
140.5 0.6154244809804796
141.0 1.0494965066747333
141.5 0.8597456861151507
142.0 0.9319992218469725
142.5 1.0829101429910895
143.0 0.5713961914298048
143.5 1.1096731219842506
144.0 1.2149415299364685
144.5 0.9508979206155401
145.0 0.9952342497489194
145.5 1.8194059286527993
146.0 0.9338057519669183
146.5 1.0862911196766274
147.0 0.8656941604772767
147.5 0.6509125885752262
148.0 0.7087419320540793
148.5 1.2247580112329768
149.0 1.8973257881193257
149.5 1.4615992951336338
150.0 1.1985468682095934
150.5 0.8820877250930307
151.0 0.8717288257343911
151.5 1.7137070556933818
152.0 0.6689610018129544
152.5 1.1207532812678944
153.0 0.6473785354722341
153.5 0.9088385654073008
154.0 1.7558744312807169
154.5 1.591117163696302
155.0 1.3777175654936133
155.5 0.6542688120294434
156.0 0.9314715550162449
156.5 0.7141784993043006
157.0 1.2117518792342858
157.5 0.4507510930986596
158.0 1.4688494983057545
158.5 1.09428238283779
159.0 1.1276208390941862
159.5 0.8247172042654395
160.0 0.5811138242758356
160.5 0.3436717711137702
161.0 1.1537017205759266
161.5 1.1198983843928092
162.0 0.8471199139795899
162.5 0.9972979794071355
163.0 1.1787424566937577
163.5 1.6321173271402643
164.0 0.7723806559021092
164.5 1.6570765145095239
165.0 1.3535911237414715
165.5 1.2438814011871262
166.0 0.6807967845854729
166.5 1.523040852255582
167.0 1.4066277448662299
167.5 1.0478134095032594
168.0 0.8994754618076454
168.5 0.8185958776030637
169.0 1.1973306419061118
169.5 1.8843587848930885
170.0 1.0542201964594538
170.5 1.0325022698922957
171.0 1.2834676687341733
171.5 1.5259418350191392
172.0 1.1813979026763826
172.5 0.935744874999963
173.0 0.7777279604772998
173.5 1.1510480443418203
174.0 1.367219372620891
174.5 1.3368293455433644
175.0 1.393954240584947
175.5 0.7102845347869494
176.0 0.8807654853982947
176.5 1.7615629591057411
177.0 1.3772340181478642
177.5 0.959644982598784
178.0 0.620480241104344
178.5 0.8852478917400168
179.0 1.0878850887023535
179.5 0.8346277292259874
180.0 0.7986295274782846
180.5 0.579758437689924
181.0 0.7796821328351362
181.5 0.7555176315409776
182.0 0.8763583430348556
182.5 0.743804118045729
183.0 0.8904332439206639
183.5 0.7668782831397623
184.0 0.7903026660407924
184.5 0.8531887701967312
185.0 1.4613368632695352
185.5 0.5143330387427469
186.0 0.6026252150293603
186.5 0.4839760277135624
187.0 0.9210848686692695
187.5 1.0585727301261725
188.0 0.9979035288773397
188.5 1.0105542081790966
189.0 1.2981047807447155
189.5 0.9269126550433002
190.0 0.8749879342942198
190.5 0.5179884228977976
191.0 0.46489662815503746
191.5 1.1685942091326744
192.0 0.8866386936558733
192.5 0.5783910442861356
193.0 1.1422044344025695
193.5 0.9703656619162523
194.0 1.0958429093683169
194.5 1.3175058238936643
195.0 0.533053069694001
195.5 1.92006208347925
196.0 0.9191735643191095
196.5 0.5394806747404544
197.0 1.074704530081728
197.5 0.27045557462869274
198.0 0.5142143905038283
198.5 0.7522189546970115
199.0 1.081180185049339
199.5 1.3692099562132158
200.0 1.2609502437007691
200.5 0.8056205917366045
201.0 0.9509734232222598
201.5 1.6487418855248532
202.0 0.9040153780471245
202.5 1.4461461208933613
203.0 1.237917972819949
203.5 0.6717043038311068
204.0 1.2761460415091639
204.5 0.7391066997381084
205.0 0.8258832456078968
205.5 0.859334392779591
206.0 1.0908963636414768
206.5 0.7657270704169445
207.0 0.7489639501819445
207.5 0.6553088027352216
208.0 0.572877971488515
208.5 1.277448030853146
209.0 0.7111525975143269
209.5 0.8608275668441496
210.0 1.2669716036284782
210.5 1.0371007154429144
211.0 1.3619226835496283
211.5 0.9510085212163961
212.0 1.272340479479252
212.5 0.9142689025383366
213.0 1.5035987529738835
213.5 0.9655288218923989
214.0 1.0684660576716694
214.5 1.0465093552660663
215.0 1.581293225314504
215.5 0.7712924604493598
216.0 0.572429483786278
216.5 0.781389261391003
217.0 0.5118500960625127
217.5 0.6136045673840206
218.0 1.3233668260846776
218.5 1.0537189610473778
219.0 1.3056539430360412
219.5 0.9725251202187586
220.0 0.8258800364933798
220.5 0.9597563867225223
221.0 0.604713331368271
221.5 0.9968229246523469
222.0 1.3935349600067797
222.5 1.2720181470661314
223.0 0.7018145210807938
223.5 0.9603867960192174
224.0 0.5007527889797597
224.5 1.0714698986417743
225.0 1.0101741257521502
225.5 0.9259470985027434
226.0 1.2881248791563689
226.5 0.6163021265789449
227.0 1.2768621575085977
227.5 1.015909379796288
228.0 0.9572131926679445
228.5 0.7251466203860932
229.0 1.0143321820466635
229.5 1.5015919439906753
230.0 0.8292158506353753
230.5 1.0271201488189523
231.0 0.9630557914531709
231.5 1.1483034794299622
232.0 0.5851976052176018
232.5 0.9289307554819956
233.0 1.456859814593375
233.5 0.7221021382878291
234.0 1.0575754916245037
234.5 1.1456722709071898
235.0 0.2
235.5 1.2579554557514403
236.0 1.1580923113216315
236.5 0.8852049798208373
237.0 1.1087091713233033
237.5 0.843353422276483
238.0 0.6984661866925189
238.5 0.48650186794134986
239.0 1.534161550020317
239.5 0.9845481945130757
240.0 1.1237605281329377
240.5 0.7849672672845459
241.0 1.7228785210437585
241.5 1.054605440843198
242.0 1.2762908239422153
242.5 1.3912075717155026
243.0 1.8160313510480326
243.5 1.9065014513872116
244.0 0.5926231334642075
244.5 0.9428299092793686
245.0 0.9751599942979053
245.5 1.1613419704050065
246.0 1.4445017077748465
246.5 0.6777860427694414
247.0 0.9729118046561651
247.5 0.6846881004386962
248.0 0.9869558113078076
248.5 0.543831531896253
249.0 1.4580945650410373
249.5 1.2944051745925496
250.0 0.7825224145204739
250.5 1.091995490585879
251.0 0.8336970803031934
251.5 0.3280350886859128
252.0 1.0033290238836736
252.5 0.8375781331754975
253.0 0.780294251647759
253.5 1.268940639622797
254.0 0.8715397559041802
254.5 0.44774308529168994
255.0 0.7058804443522387
255.5 0.9441055572678394
256.0 1.6104493837254181
256.5 1.108736285858587
257.0 0.3033089947697065
257.5 1.2007650730600528
258.0 0.7666147229821438
258.5 0.9997649340645499
259.0 0.6864344273402223
259.5 0.30913056579900455
260.0 1.6844170723899778
260.5 0.3676887077112544
261.0 0.7525599820326332
261.5 2.0080266438326713
262.0 0.6920461339487053
262.5 1.1868853061729314
263.0 0.6358468945264447
263.5 0.5223747778864909
264.0 0.9366476486581494
264.5 1.1534947336348327
265.0 1.3495353205497653
265.5 1.6558379924698428
266.0 0.91393643502217
266.5 0.6124703683007136
267.0 0.8944659198770808
267.5 1.153779620458665
268.0 0.6495442916464977
268.5 1.0252575281070078
269.0 0.7137920086379377
269.5 1.0139352926381353
270.0 1.384149203532115
270.5 0.9943611450897757
271.0 0.6147487016585712
271.5 0.8774874750911714
272.0 1.4865557150080786
272.5 0.7210669430588699
273.0 0.660837326008632
273.5 1.0899526047766577
274.0 0.7331143070941264
274.5 1.4505470463478893
275.0 1.0146292128911256
275.5 1.040569772564741
276.0 0.574468486387733
276.5 1.799897031281469
277.0 1.172149213390128
277.5 0.6185726879830198
278.0 2.0960773950161355
278.5 1.2706211625799435
279.0 0.5369806150569482
279.5 0.546458164685313
280.0 0.6034220231643419
280.5 0.5261841878639724
281.0 1.4189288048959887
281.5 1.4109259103682112
282.0 1.244819251459913
282.5 1.1271565208516505
283.0 1.0818741535844376
283.5 0.647451195126637
284.0 1.0845739155138938
284.5 0.8138933525784008
285.0 1.2154664779467366
285.5 0.9538965484582828
286.0 1.6710501298067375
286.5 1.7770515145892978
287.0 0.6973004536949164
287.5 1.5197988073707331
288.0 1.0245428056929309
288.5 0.8100273590416076
289.0 1.651080697444944
289.5 0.8966718208782419
290.0 1.1003501801254156
290.5 1.388654372408213
291.0 0.757972570031873
291.5 0.926657899832641
292.0 0.6485141097143268
292.5 0.6371257931253529
293.0 0.9758021687426932
293.5 1.5243154725764598
294.0 1.0929231449877248
294.5 0.39856314849218843
295.0 0.4155725903813162
295.5 0.8377755281387069
296.0 0.8863186358764589
296.5 0.7307745029641646
297.0 0.7610278123483503
297.5 0.8397292779512954
298.0 0.8526333477460224
298.5 1.1233589384150942
299.0 0.900922922760119
299.5 0.9050639795049524
300.0 1.5527138369588886
300.5 1.256883328484181
301.0 2.0231650296596424
301.5 0.7038343065979664
302.0 0.8796430477707383
302.5 1.464464982066258
303.0 0.676465669846765
303.5 1.2973721280058008
304.0 1.1832178634762627
304.5 1.644237539534143
305.0 0.2
305.5 0.9373031337189545
306.0 0.7290771909663146
306.5 0.9889451832647657
307.0 0.9239766458031377
307.5 1.5600015507367413
308.0 1.2231627655537882
308.5 0.49938774401602065
309.0 1.0886697606915252
309.5 1.3787428458671998
310.0 0.6774982085728221
310.5 0.5546655476739124
311.0 1.5434126580446126
311.5 1.053522953108589
312.0 1.3100350973573007
312.5 0.6129737341978482
313.0 0.8365364385349485
313.5 1.1437911347701621
314.0 0.6746052197445253
314.5 0.5715210663064376
315.0 1.5385264417212037
315.5 0.789012309706178
316.0 0.3074292642520121
316.5 0.7939539568615124
317.0 1.2734542579337718
317.5 1.1091550976805582
318.0 1.8269501768418435
318.5 1.052903911588279
319.0 1.479148765465438
319.5 0.6415103511798913
320.0 0.6747766161372016
320.5 0.5941588313573781
321.0 0.7912357018491643
321.5 0.817677822358249
322.0 1.0414222902933772
322.5 1.2457587618553254
323.0 0.6908735781839779
323.5 1.6042088052471342
324.0 1.3847259512261019
324.5 1.5495364202963282
325.0 1.2165175208292704
325.5 0.6088692930250438
326.0 1.2125932513167696
326.5 1.0083848782031328
327.0 0.8467975791681153
327.5 0.8846105532655293
328.0 0.6155242800307946
328.5 0.7977700713546534
329.0 0.9764633715753219
329.5 0.3151291749012608
330.0 0.5907955137655108
330.5 0.7503743319694854
331.0 0.9706377930484856
331.5 0.7350275835079672
332.0 1.326097381301362
332.5 0.8812077617689479
333.0 1.5603696571737005
333.5 1.3039706487878708
334.0 1.0153906294960955
334.5 1.0803411269742256
335.0 0.5021241901108019
335.5 0.7255008760629126
336.0 0.29100533308103693
336.5 1.5173693011686642
337.0 1.2545881775702323
337.5 1.2294284690348833
338.0 0.7954232190796355
338.5 1.1234441724252773
339.0 0.8984165507436273
339.5 0.67910100003795
340.0 0.8561696893233697
340.5 0.5631196204185143
341.0 1.0912139806201853
341.5 1.1348212302944958
342.0 0.6240625850996782
342.5 0.8831735234342648
343.0 1.1749554674720906
343.5 0.40666029592056085
344.0 1.1655915238315113
344.5 1.2340748619514768
345.0 0.5844927786304077
345.5 0.8122072684091121
346.0 0.62265147312467
346.5 0.8065909104981372
347.0 1.3509123455161138
347.5 1.0831181019115843
348.0 0.8647935821485075
348.5 1.3844619042433433
349.0 1.5166655551522958
349.5 1.528071392861671
350.0 1.5104136018670884
350.5 0.7396639035495436
351.0 0.7917871050167269
351.5 0.8947800972391535
352.0 1.4230198061288464
352.5 0.642107277730792
353.0 1.2501291881579224
353.5 0.888483292516796
354.0 0.6791400638120277
354.5 1.077872842715628
355.0 1.5385501338477083
355.5 1.0765814425968068
356.0 1.6942275136848393
356.5 0.26325941672425857
357.0 0.8080516442052288
357.5 1.3969622631759555
358.0 1.2751319462777766
358.5 0.42120626335398026
359.0 0.7250828314647997
359.5 0.8850071847553312
360.0 0.9029649093791665
360.5 0.7608877732910828
361.0 1.2210606004848126
361.5 0.6640916263606397
362.0 0.8450559669569151
362.5 0.5721135962665803
363.0 1.3025412514251766
363.5 0.7158840701023526
364.0 1.5305029796911365
364.5 0.7170597486978139
365.0 0.7027405941438394
365.5 1.0530129035980655
366.0 1.095870541648026
366.5 2.29371620127841
367.0 1.1259616304767543
367.5 1.4174715224456929
368.0 0.6785955565519359
368.5 0.7797154574449614
369.0 0.7591281983346498
369.5 0.9719941295217053
370.0 0.9638871436464886
370.5 1.0333159977749546
371.0 0.760749615647946
371.5 0.9020289260442322
372.0 0.8718585788424291
372.5 2.0618763618287743
373.0 1.4828879259473453
373.5 1.019109220827239
374.0 0.27552559308833724
374.5 1.1180425148474764
375.0 1.7280020439367516
375.5 1.4528003091445485
376.0 0.7634956768165402
376.5 1.4560478698621995
377.0 1.047160389221781
377.5 0.5325102477623032
378.0 0.5954263910745419
378.5 0.8692548317469612
379.0 1.384942985020131
379.5 1.0746261607185024
380.0 0.9938389056623619
380.5 0.9378543845735742
381.0 0.7701135268073648
381.5 0.9285888844523493
382.0 1.5067822369387693
382.5 1.071271846195877
383.0 0.829968076276066
383.5 0.9530554716865165
384.0 1.0801816636764656
384.5 1.49181528898949
385.0 0.9085674875515983
385.5 1.396541984571126
386.0 1.2576149830970274
386.5 0.6784240330623346
387.0 0.48533985334281937
387.5 0.8010632395915089
388.0 0.9787359123700271
388.5 1.0322039393143494
389.0 0.9122562898464247
389.5 1.1935647370746398
390.0 1.241632638613709
390.5 0.7770828991458416
391.0 1.213419214340289
391.5 0.8885597994140065
392.0 1.1230203865979282
392.5 1.4686100420292911
393.0 1.1688428459291011
393.5 1.1101757409444577
394.0 0.39479768159971274
394.5 1.9807455766188635
395.0 0.8298370672718625
395.5 1.1793762826807337
396.0 0.7116064117594232
396.5 0.7299430908620079
397.0 0.6182578405561189
397.5 0.8421782244815736
398.0 1.0844253780276016
398.5 0.31905736467053425
399.0 1.2912091083792736
399.5 1.1160723982462968
400.0 0.6419736908955322
400.5 1.723716882580415
401.0 0.6118812752525475
401.5 0.6507676544006624
402.0 0.7913998192147635
402.5 1.102251924293797
403.0 0.6887303970324478
403.5 1.3795272995787928
404.0 1.3427925969892396
404.5 0.9764097043438985
405.0 1.0061544434008431
405.5 0.9952361347562582
406.0 0.7997431378049911
406.5 0.9885628716060697
407.0 0.8558681242467671
407.5 0.7409166107893337
408.0 1.5039255714680544
408.5 1.506071690790428
409.0 1.119258718828084
409.5 0.700364128855526
410.0 0.8522307301438581
410.5 0.8082135986359491
411.0 0.40272378242180895
411.5 0.5339218384263407
412.0 1.2302141478549857
412.5 0.7313905481176507
413.0 0.883140218894871
413.5 1.0754009475897328
414.0 1.5824925262054061
414.5 0.8632047747440565
415.0 0.7226611110815201
415.5 1.6186668762630751
416.0 0.7340652166587912
416.5 0.9885105654574102
417.0 0.743180798063493
417.5 0.5069695717349122
418.0 0.6932930273609904
418.5 1.2437276622919047
419.0 0.6508145551858855
419.5 0.4464548894240298
420.0 1.012347352581608
420.5 0.7367805010601847
421.0 1.4245103217393205
421.5 1.232040962546732
422.0 0.9881490989451324
422.5 1.275675464722931
423.0 1.1573193249153957
423.5 1.1209787508464824
424.0 1.2723806888184268
424.5 0.9243699695497467
425.0 0.2881186780964746
425.5 1.1964580525179798
426.0 1.277348975820988
426.5 1.482721831175697
427.0 0.9192014669184978
427.5 1.3857712670303157
428.0 1.6346147369952395
428.5 0.9807069755842706
429.0 0.6575752506227752
429.5 0.8347672100593826
430.0 1.2150621819525234
430.5 0.2676356521370452
431.0 1.1495660634765223
431.5 0.6111758259394524
432.0 1.5679125550956288
432.5 1.0901465242227844
433.0 0.895428512897208
433.5 1.4543270868405953
434.0 0.5392223340471098
434.5 0.8773982950128951
435.0 0.8269298798024847
435.5 1.5035350730980577
436.0 1.3999379632078606
436.5 1.2177350987675866
437.0 0.8381096411164921
437.5 0.7591390129855383
438.0 1.9353562310243375
438.5 1.2171335010408468
439.0 0.8069696976731106
439.5 0.5296035522003771
440.0 0.21867421901293105
440.5 0.20853804315104074
441.0 1.4005796182383805
441.5 1.4671332674104356
442.0 0.9238873614785776
442.5 1.3727393853258616
443.0 1.473568975116926
443.5 1.2385815740872963
444.0 0.6347557370459836
444.5 1.4501417031764527
445.0 0.5838094746673023
445.5 0.9673563508020254
446.0 0.7258671021807127
446.5 0.8705491810169264
447.0 0.5392838729963627
447.5 0.703953654639972
448.0 0.8718892412289202
448.5 0.9913548913146272
449.0 0.8251320086672076
449.5 0.737005650031251
450.0 1.4618415380510823
450.5 0.6792907043728775
451.0 0.71352966362324
451.5 2.082421810555442
452.0 0.38897544327569966
452.5 0.9023322011725796
453.0 0.9622935684671579
453.5 0.5960959600074309
454.0 0.3341123048245336
454.5 0.8900526855000136
455.0 1.1395027048158222
455.5 0.6648655483090072
456.0 0.9982092745224762
456.5 1.0694041456397596
457.0 0.9977197155632789
457.5 0.5685493213724867
458.0 0.6897015181727142
458.5 1.0799774096646781
459.0 0.512075023400443
459.5 1.4713198362056965
460.0 0.8817270324915936
460.5 1.1561178123878193
461.0 0.944014996278441
461.5 0.9031263256335087
462.0 1.8376217342758943
462.5 0.9040354145806325
463.0 1.6918648216648982
463.5 1.036618091255962
464.0 1.067510618953111
464.5 0.9136121816215474
465.0 0.9957968876576624
465.5 0.9442531250116871
466.0 0.6487360758170877
466.5 0.5977380681949155
467.0 1.293676136521614
467.5 0.8118393461280251
468.0 0.38263662130520004
468.5 0.8199105522039349
469.0 0.8130007998557555
469.5 1.0486998810281458
470.0 0.9062533047346947
470.5 0.9423652529582724
471.0 0.8448026532099997
471.5 0.7898165580430302
472.0 0.5082631527654817
472.5 1.8514684011940372
473.0 1.5854067489067174
473.5 1.6800503121287322
474.0 2.0691665983195784
474.5 1.2401402807331445
475.0 0.6564986634472105
475.5 1.0500392986281697
476.0 0.5916195839727041
476.5 0.8943365428146053
477.0 1.0008271900874264
477.5 0.8803192533152301
478.0 1.4942212071936403
478.5 0.6415735050137794
479.0 1.042656581961467
479.5 0.7298321668635681
480.0 1.1362421991063862
480.5 1.9496053478897841
481.0 0.6909427829752374
481.5 1.043651491328158
482.0 0.8037056378868017
482.5 0.9118733468506549
483.0 0.9146035773276812
483.5 0.7894690282134449
484.0 0.2
484.5 1.0520693603634406
485.0 0.44168818502266594
485.5 1.0167863383931497
486.0 1.1011437744612995
486.5 2.0971390211290477
487.0 0.7084273553320859
487.5 0.795607522867802
488.0 0.9067847285873372
488.5 1.0637652111580462
489.0 0.7114516375838765
489.5 0.6496482259300698
490.0 0.5919575148155096
490.5 1.8074717907154536
491.0 0.8624944579082128
491.5 0.6155270809082514
492.0 0.6852517277121679
492.5 1.0041415828179243
493.0 1.1718557449120652
493.5 0.9919843554202759
494.0 1.3111343181984987
494.5 0.6330814230741669
495.0 0.8423501973666044
495.5 0.846093766486947
496.0 0.7027325530101871
496.5 0.5456666527157625
497.0 0.560369485009736
497.5 0.4587303313979395
498.0 1.1253471123633714
498.5 0.728736229814671
499.0 0.8874429301135983
499.5 0.9436290369610899
500.0 1.3661758957706085
500.5 0.515050347649138
501.0 1.5198310032530844
501.5 1.803239647446032
502.0 1.0281684110474263
502.5 0.9846042930734127
503.0 1.6788039121227087
503.5 0.9885063510326865
504.0 1.1402105504493267
504.5 1.5521815972318995
505.0 1.4348127216248399
505.5 1.2513286607566898
506.0 1.1751025169490465
506.5 0.7910704432744737
507.0 0.6174662492069906
507.5 0.6337983014153502
508.0 1.695014282548152
508.5 1.235403168446772
509.0 1.0294559575655877
509.5 1.2754499524874292
510.0 1.3642874272730423
510.5 1.7913082963455467
511.0 0.927040423494552
511.5 1.0969334502052703
512.0 0.6970108185659967
512.5 1.4339420872572788
513.0 1.6592919651734361
513.5 1.2010741999989902
514.0 0.713842857085078
514.5 0.7036151662572936
515.0 0.9374268400759743
515.5 1.2601180024826935
516.0 1.1886050699345696
516.5 1.3675468603697207
517.0 1.271396489285811
517.5 1.2243764147536595
518.0 0.9780327182511781
518.5 2.172690024237153
519.0 0.8117198589759083
519.5 1.249015818828671
520.0 0.6864815065775333
520.5 0.9358960679878143
521.0 1.5120270565365934
521.5 1.1450273725762692
522.0 0.4463726009753617
522.5 0.7770138315012346
523.0 1.4404255007572706
523.5 1.2625367623026018
524.0 0.6060473834887705
524.5 1.167195283921957
525.0 0.5985030015873989
525.5 1.0820423478308157
526.0 1.1971641181127626
526.5 1.2055540289549116
527.0 1.1050056469563418
527.5 1.070192772482962
528.0 0.9227069745197163
528.5 1.0089379141832115
529.0 1.1484937459580717
529.5 1.4746781602372088
530.0 0.7029362368754266
530.5 0.6708665544236716
531.0 1.253224144855377
531.5 0.9582969051288956
532.0 0.7688875717481827
532.5 1.1897134943168854
533.0 1.0822033210196027
533.5 0.5989339860989037
534.0 1.1562788684604808
534.5 0.8517605559637083
535.0 0.6703845330196524
535.5 1.2963043901296847
536.0 0.4744792981721634
536.5 1.7328286768527115
537.0 1.4398336892126542
537.5 1.9850491537880783
538.0 2.0751167769825742
538.5 1.9433253167264133
539.0 1.0529146636105353
539.5 0.8084316431090404
540.0 0.7963032831502332
540.5 0.9664594922881826
541.0 0.8512624725909607
541.5 1.340669875116929
542.0 0.2
542.5 1.3018796205879695
543.0 1.0050958586992238
543.5 1.449916795785196
544.0 2.7003768835342394
544.5 0.8842905782551315
545.0 0.2
545.5 0.7229241009382525
546.0 0.8776893663905518
546.5 0.9786269244693836
547.0 1.7769348465908754
547.5 0.6640552255696766
548.0 0.8670597200208331
548.5 0.9153989848584855
549.0 1.1358436387533875
549.5 0.8851156404187936
550.0 1.5305892672756785
550.5 0.6791650947760619
551.0 0.8526765230208179
551.5 0.6946819544678278
552.0 0.7049893879280005
552.5 1.3232532764546545
553.0 0.7546797935081258
553.5 0.8968938297737385
554.0 0.7782478150045677
554.5 0.8696897478447967
555.0 0.7867524826573944
555.5 0.8967576831398251
556.0 0.8315514738714037
556.5 0.9441490194337593
557.0 2.3174187817875995
557.5 1.325365443248902
558.0 0.9323161690268652
558.5 0.7930760087760522
559.0 0.8072517735466871
559.5 1.1632546561843378
560.0 0.4854189460076951
560.5 0.23822456707216777
561.0 0.5708025606198425
561.5 0.6920601232414756
562.0 1.1031864375417166
562.5 1.056106659856821
563.0 1.341213429723512
563.5 1.045178490635998
564.0 0.9158556387577698
564.5 0.7707237849547499
565.0 0.9554739149721769
565.5 0.7859983845097482
566.0 0.9659397208068867
566.5 1.2387116750982585
567.0 0.6989305278432975
567.5 0.7946964154681964
568.0 0.554549220735426
568.5 0.6234115032568631
569.0 0.9163862751586634
569.5 0.9957310426498304
570.0 0.27410138629165326
570.5 1.506062473980284
571.0 0.6314083677865236
571.5 1.0458242738913703
572.0 0.9108370404762107
572.5 0.924933863515154
573.0 1.0262844041408048
573.5 1.0063049879878592
574.0 0.9333336169699084
574.5 1.5425096706699286
575.0 0.8384930225239471
575.5 1.9502558149114475
576.0 0.7851636962421727
576.5 0.5538938702008576
577.0 1.1382183903272285
577.5 0.7039651231182839
578.0 1.4525285511898227
578.5 0.7945661827780204
579.0 1.037797681084994
579.5 0.3868878941966891
580.0 0.9491843783521694
580.5 1.308545230400885
581.0 1.3821425598634907
581.5 2.029149810086314
582.0 1.1721001336889831
582.5 1.6486259962591658
583.0 1.0284953023309429
583.5 1.4346057488324138
584.0 0.5147986520715042
584.5 0.665580830821924
585.0 0.7475357285843114
585.5 1.417732308425295
586.0 0.7783424484833663
586.5 0.8381937111735567
587.0 1.4628190191184935
587.5 0.33686169752453643
588.0 1.0408179540745857
588.5 0.632239578252908
589.0 0.8314484731180807
589.5 0.9375980855032853
590.0 0.5196853499817101
590.5 1.0043478284575427
591.0 0.9340587445856078
591.5 1.0698993028328767
592.0 0.7993346239748096
592.5 0.8169917062750336
593.0 1.083563019355676
593.5 0.8453908083510924
594.0 1.1659037471904705
594.5 1.6829058993693027
595.0 0.9508581442399969
595.5 1.0886173520347815
596.0 1.243204095827123
596.5 0.5734444700778161
597.0 0.39939675012703607
597.5 0.5467378496185618
598.0 0.8287162637324034
598.5 0.5794822524827843
599.0 0.5839877004226554
599.5 0.6823828493028299
600.0 1.1046880880884493
600.5 0.8641735035760436
601.0 0.7753336835197504
601.5 0.7020585355269136
602.0 1.5102745084337068
602.5 0.9070189701372332
603.0 0.8145970525313063
603.5 0.7153273646762315
604.0 0.6297019597630965
604.5 0.6790168943768248
605.0 0.8486333597473202
605.5 0.9250597495041413
606.0 0.9454391584805453
606.5 1.0790172520583858
607.0 1.6040291991903808
607.5 0.6872038390216341
608.0 1.3648390558162387
608.5 0.708431259938354
609.0 0.9529635117667212
609.5 0.8826754057600535
610.0 0.6592138641335208
610.5 0.623063859357123
611.0 1.1295132447088196
611.5 0.6952083866409297
612.0 1.2637705580538685
612.5 0.8156937469262573
613.0 1.0354481356325462
613.5 1.5814970425106283
614.0 0.6530939281864897
614.5 2.1243633496423007
615.0 1.148846480167538
615.5 1.9504091076201218
616.0 1.6958426577481012
616.5 1.0208581853141547
617.0 0.8003374607719711
617.5 2.1446271938038843
618.0 0.7186310076993379
618.5 0.5548472148098298
619.0 1.5295264518304776
619.5 1.0930758167556687
620.0 1.1472594572385695
620.5 2.047059414556034
621.0 0.5618262497421216
621.5 1.3260250747810898
622.0 1.225826632200743
622.5 0.7664686936350004
623.0 0.6900511836199519
623.5 1.8109058997093954
624.0 1.0772194482677988
624.5 0.8402490595689683
625.0 0.8714856810975402
625.5 2.0368174906470493
626.0 1.1357128459765562
626.5 0.9608215665297949
627.0 0.8897986104366333
627.5 0.7145126360037385
628.0 1.0529376601485052
628.5 0.9427140175263156
629.0 0.7917051435721646
629.5 1.5835468813306277
630.0 1.4238185701666572
630.5 0.9924230086233784
631.0 1.124541369584911
631.5 0.49386456713322735
632.0 1.1423536867929123
632.5 0.8738229647069905
633.0 1.4569345711268187
633.5 1.115453394688252
634.0 1.4243427914195537
634.5 1.198766835930698
635.0 0.30704571008185055
635.5 0.9615951099166546
636.0 1.146964603514094
636.5 1.6042177865938338
637.0 1.6146763089079816
637.5 1.0090077774122295
638.0 0.6957098618658638
638.5 0.5473602617744384
639.0 0.6625458922838247
639.5 1.0363808648002069
640.0 1.0266940995322122
640.5 0.7578969588684863
641.0 2.4194769386928074
641.5 1.0449496252827148
642.0 1.4537888135168817
642.5 1.0243438130479283
643.0 1.2585831489257306
643.5 1.079545357844717
644.0 0.9165982855335059
644.5 1.0660440113581748
645.0 1.503390433045583
645.5 1.2845221352631482
646.0 1.024395252359882
646.5 0.8523761511798225
647.0 0.39406985740312056
647.5 0.6390513606141066
648.0 0.7927490416003223
648.5 1.4899813040956202
649.0 0.47779655453911896
649.5 1.0667920676489948
650.0 0.7599251291085553
650.5 1.0835585896448374
651.0 0.6894700415875024
651.5 0.31218286768436976
652.0 1.3380116999446519
652.5 0.6437055861220871
653.0 1.1144586098081088
653.5 1.2643788822038793
654.0 0.5452072668476053
654.5 0.460196486566713
655.0 1.2597018031227845
655.5 2.006577373773107
656.0 0.918012223815452
656.5 1.4519021244333312
657.0 0.6812592455731495
657.5 0.9070007347347696
658.0 1.3982790010382797
658.5 1.8518786435299979
659.0 1.1940370618295595
659.5 0.4662144471184454
660.0 0.6692372644225135
660.5 1.632708953588196
661.0 0.29905094343018723
661.5 1.2404923405098915
662.0 1.7428378759710137
662.5 0.4457100005060304
663.0 0.871111693009797
663.5 1.0331473619811677
664.0 1.4291166156830966
664.5 1.326158903151156
665.0 0.6282357305212858
665.5 1.353473661116476
666.0 1.6200999820131914
666.5 1.0077079617065903
667.0 0.5089837833284145
667.5 0.8082119820801592
668.0 0.29969178368215543
668.5 1.057519492359503
669.0 0.3920204134389206
669.5 0.7316807322080454
670.0 0.7955275107366034
670.5 2.132406070758342
671.0 0.6970736254407025
671.5 0.9737364915629281
672.0 0.9835853960911249
672.5 1.3250525536319988
673.0 0.24825466861055379
673.5 1.228473831814243
674.0 0.6829548064032205
674.5 1.2119831235095595
675.0 0.8481564928451008
675.5 0.28535341968055283
676.0 0.7345119185299508
676.5 1.2270817760185215
677.0 0.8557518895030284
677.5 1.0694613854793782
678.0 1.4190269658880061
678.5 1.8064781518094297
679.0 0.8756818244912931
679.5 0.6753321961675016
680.0 1.3759283760660401
680.5 1.2525165772001972
681.0 0.8376642279237698
681.5 0.9842719719840682
682.0 0.8741790848174789
682.5 1.1676876033085906
683.0 1.1368935513473044
683.5 0.9496385476402553
684.0 1.621517250114882
684.5 1.2685318128789183
685.0 0.9673101220248286
685.5 0.534920683555858
686.0 1.226866935186099
686.5 1.3605548502441596
687.0 0.8956112648095764
687.5 0.36955152400661573
688.0 0.6478652447043702
688.5 0.8049104127763913
689.0 0.9824889129651633
689.5 1.4584194590775916
690.0 1.2332361055593688
690.5 1.2552619662279527
691.0 1.1501141137760587
691.5 0.569026708036541
692.0 0.653779341529764
692.5 0.9822950497878369
693.0 0.6358677077009693
693.5 0.9330497431844514
694.0 1.6018296406842931
694.5 0.4502467185252621
695.0 1.0526138967773577
695.5 0.9301629567497054
696.0 0.7377297112349344
696.5 1.064330824554109
697.0 1.1298502565135644
697.5 1.739658843107085
698.0 0.5897969093615666
698.5 0.5912388957373516
699.0 1.0614317352502152
699.5 1.054585853136926
700.0 2.0379694576947402
700.5 0.9204706114403417
701.0 0.5686201435901443
701.5 0.6646435581406298
702.0 1.9509159138803804
702.5 0.8143669259514862
703.0 1.5643122906551787
703.5 1.2218392885709726
704.0 0.8036408891683984
704.5 0.8326720211686962
705.0 0.7447747911485171
705.5 2.1054349619671173
706.0 1.3233626614530434
706.5 1.0445866547304932
707.0 0.8474292138806611
707.5 1.2131369339100226
708.0 1.7477982825430867
708.5 1.0293787659898177
709.0 0.7092459438415986
709.5 0.83635721822542
710.0 1.2102868332956767
710.5 0.7709885124479906
711.0 0.7754047082896092
711.5 1.4419381721186704
712.0 1.592480376082656
712.5 1.0677251037188156
713.0 0.9430929368246043
713.5 0.851582525552653
714.0 0.6535174768455331
714.5 0.6394716585353559
715.0 1.2800596387182606
715.5 0.9471599059894338
716.0 0.9592692338329752
716.5 0.9321876796476369
717.0 1.3697102380881798
717.5 0.9658254713433625
718.0 2.2348177795220145
718.5 1.7972158962495923
719.0 1.258621515696865
719.5 0.8909981052590816
720.0 1.1319698385795944
720.5 0.9262207083295044
721.0 0.8568268376805254
721.5 0.5040640023147994
722.0 0.9438436194609128
722.5 1.0845238052309114
723.0 0.797974049202208
723.5 0.8626497370336556
724.0 0.9700008232877666
724.5 0.6973033478161862
725.0 1.7641452782063505
725.5 0.46841667767929385
726.0 0.6535490083631517
726.5 0.9575645077960172
727.0 1.2625761915516747
727.5 0.9800903718315592
728.0 1.314296192451255
728.5 0.6928886270590568
729.0 0.7056001859467838
729.5 0.619039910127481
730.0 0.8689698732727769
730.5 1.4477567796032234
731.0 0.9627135772458092
731.5 1.4013926135184378
732.0 1.5190321927588282
732.5 0.9568893822134055
733.0 1.0365470312327474
733.5 0.8302666072034288
734.0 1.1597707962021144
734.5 1.1593089844958266
735.0 0.8363132879731852
735.5 1.4176853603940107
736.0 1.021337449536007
736.5 1.3379716887960502
737.0 1.399396093299705
737.5 1.056096180753033
738.0 1.2301542303149362
738.5 0.2
739.0 0.5721776258196224
739.5 0.49345154887868886
740.0 1.3501075155408728
740.5 0.6401114576612787
741.0 0.631560972190132
741.5 0.8221119715180034
742.0 0.7712640717394369
742.5 0.38610648538489534
743.0 0.8666278741771738
743.5 0.6745175301880082
744.0 0.956059494578075
744.5 1.7572047431227662
745.0 1.0132236450535124
745.5 0.6260275999583513
746.0 0.7855234284681183
746.5 1.3409169037198216
747.0 0.7716121630616368
747.5 0.8161411787934274
748.0 0.8243530952180977
748.5 0.81484250997933
749.0 0.7068844343720263
749.5 0.4467944223206855
750.0 0.23012284473375222
750.5 0.792835780799168
751.0 0.8857688383111639
751.5 1.0799389980899805
752.0 0.7216745963329669
752.5 0.8378479182963965
753.0 1.219017058959675
753.5 1.178433414888819
754.0 1.130158940313689
754.5 1.3459502972996085
755.0 1.6201047987185797
755.5 0.5015266593803975
756.0 0.5513259829425774
756.5 0.9496798688924367
757.0 1.3120873661492247
757.5 1.9481600289609133
758.0 1.0763412882017531
758.5 0.717599113915275
759.0 0.8919487635962577
759.5 1.0733280102673008
760.0 0.7507027923000207
760.5 0.7886559471175605
761.0 0.848997915890921
761.5 0.2543992253076308
762.0 0.692928591719351
762.5 0.7011526056279758
763.0 0.9142443035352519
763.5 0.7724718049535046
764.0 0.5280735105702788
764.5 1.3236999552163264
765.0 0.8965819217776527
765.5 0.6103216535755649
766.0 0.8037110838680696
766.5 1.3434527721023422
767.0 0.8558995836690727
767.5 0.8244925681163033
768.0 0.6725133597628812
768.5 0.852243410211759
769.0 0.42093946384489794
769.5 0.8280866044713648
770.0 0.7613444789667514
770.5 0.43565685256386
771.0 1.1215884431971501
771.5 0.9927871835719372
772.0 1.338174444377069
772.5 1.0886562302670137
773.0 0.6233177922686771
773.5 2.1376847629158466
774.0 2.1780607025409706
774.5 0.5964235383666371
775.0 0.8589952491628977
775.5 0.8003862274254889
776.0 2.1270357543666947
776.5 0.8950662755442333
777.0 1.7741692533029063
777.5 0.5857363913317383
778.0 1.0937629834543854
778.5 2.04889153320704
779.0 0.9108247492306736
779.5 1.0862557979183172
780.0 0.8979870649664655
780.5 2.032939154454162
781.0 0.8874160895657952
781.5 1.2042159711494387
782.0 0.7679815520499983
782.5 0.6783319042935902
783.0 1.1387319479330509
783.5 1.23451478525242
784.0 0.5170207238003238
784.5 1.406625901079651
785.0 0.9669667508085956
785.5 1.2556618930731873
786.0 1.2697419435075967
786.5 0.8437540458870845
787.0 1.0940442350848394
787.5 1.3766647207502172
788.0 1.7419564765970619
788.5 1.8263464782898082
789.0 0.7837929859992647
789.5 0.8194143044475583
790.0 1.1789668995286053
790.5 0.9671005769086347
791.0 0.7427399988425828
791.5 1.0105536517690874
792.0 1.2086801727619503
792.5 0.4838487136792457
793.0 1.6411614790883298
793.5 0.8932585810121707
794.0 0.9385641412825697
794.5 2.082152824338314
795.0 1.4132341737327359
795.5 0.4650998419292628
796.0 1.2078523998306834
796.5 0.3904468622293189
797.0 0.9101829493628086
797.5 1.0412165249769658
798.0 0.7704147411713511
798.5 0.5082413560871374
799.0 0.5810096005905152
799.5 0.6918956998317866
800.0 1.0940614724292765
800.5 0.9345730473851357
801.0 1.1108889864045102
801.5 0.7610905710721774
802.0 1.456461826637856
802.5 0.945675519353397
803.0 0.8971458109412966
803.5 0.8248101786504808
804.0 0.6996691363251716
804.5 0.5668365247696612
805.0 0.963340890818435
805.5 0.9287282104147219
806.0 0.711369357589368
806.5 0.6914866328762219
807.0 0.8095712988879771
807.5 0.6176161481218277
808.0 1.0069514297503752
808.5 1.1259852735091072
809.0 1.0284734252581296
809.5 1.1976334644007052
810.0 0.8054651661076151
810.5 1.8176447942025478
811.0 1.2292273766279638
811.5 0.6937771873863463
812.0 1.3560295366493222
812.5 0.8646714044715553
813.0 0.6336996031225244
813.5 0.5561251620796303
814.0 1.0469697599132592
814.5 0.7588929809753726
815.0 0.49969298921588057
815.5 1.1110404882121059
816.0 1.2144805031851864
816.5 1.4170283605729037
817.0 0.5933229377728011
817.5 1.198669372792922
818.0 0.6596678514295895
818.5 0.5725489716946263
819.0 0.8003253596779598
819.5 0.6983201176717937
820.0 1.2908772630139427
820.5 1.6799012413948486
821.0 0.5395506923419724
821.5 1.3110054947425243
822.0 1.4181884135135627
822.5 0.898092969872389
823.0 1.246083867013545
823.5 0.6716811780727463
824.0 1.2987141852180228
824.5 0.8057977423006598
825.0 0.3124253904713017
825.5 1.3651081093335309
826.0 0.7972886264919725
826.5 0.7172059249643834
827.0 1.0473254220730297
827.5 1.0890914200001416
828.0 0.8935265032997685
828.5 0.8605062901221816
829.0 0.8104691883020548
829.5 1.5288123854048288
830.0 0.8228157116386172
830.5 1.8371256737635417
831.0 1.0677753032443151
831.5 0.7692472306418012
832.0 0.7913072444488954
832.5 0.7039213705626564
833.0 0.9125022336171305
833.5 0.9002084316512067
834.0 1.5637553434173854
834.5 1.4764331368559125
835.0 1.2598479244242666
835.5 1.4441028946135237
836.0 1.214015693374249
836.5 0.8135628356732274
837.0 0.8636549546816493
837.5 1.5930992832439088
838.0 1.0548736533194063
838.5 0.5159088169923893
839.0 1.265355830093783
839.5 0.9765001421164022
840.0 0.9038102512962315
840.5 1.1100883282443
841.0 2.0001766532796297
841.5 1.0679639407107642
842.0 1.1252007756101978
842.5 1.335636402709079
843.0 0.8924074757914698
843.5 0.6838904476483016
844.0 1.1726608076591605
844.5 1.2837865553390038
845.0 0.7343732066231693
845.5 1.6801696650101858
846.0 1.9394841817889894
846.5 0.8200182826670601
847.0 1.2383353607982377
847.5 1.1112116196599056
848.0 1.1743738842977063
848.5 1.1346174550160395
849.0 1.1237516855961185
849.5 0.9651308964250817
850.0 0.8677170543594577
850.5 1.9645054450640878
851.0 1.7852822876903454
851.5 0.6951949163711981
852.0 1.0840710049090854
852.5 0.4738360188302757
853.0 0.7430168713513234
853.5 0.6857076425807908
854.0 0.8837898796098622
854.5 0.7404692762835063
855.0 1.0596095524744458
855.5 0.9082504458054734
856.0 0.7802236706803962
856.5 0.8276134154904127
857.0 0.8224924050009246
857.5 0.8274431506787358
858.0 1.1322992259032827
858.5 0.9418890690631713
859.0 1.2102306651139036
859.5 0.8801634277476305
860.0 1.4812734788213353
860.5 0.9072751591799649
861.0 0.9658979460478816
861.5 1.055708636771167
862.0 0.8777797595287642
862.5 0.8012225197483417
863.0 0.21432204556458045
863.5 1.067501833867058
864.0 0.5496484172667322
864.5 0.8766167106225173
865.0 1.1291211256439442
865.5 0.7394535865742646
866.0 0.7730800125556787
866.5 0.9292842323157815
867.0 1.2675902208138412
867.5 0.7902204330120265
868.0 0.7327727896282997
868.5 0.7611208962840369
869.0 0.8858148380624886
869.5 0.6185816631572161
870.0 0.8653101237857569
870.5 1.1647242585783586
871.0 1.814385445435442
871.5 0.8137776290344066
872.0 1.1744635496069755
872.5 0.8863078516736181
873.0 0.7239663987404312
873.5 1.3833998996200143
874.0 1.7356147416611218
874.5 1.1039034834809214
875.0 1.3150718287087786
875.5 1.6645609135384163
876.0 0.7706584258698568
876.5 1.0623395863383793
877.0 1.5026745477497327
877.5 1.1013131243794727
878.0 0.5358547576807278
878.5 0.9783320248456523
879.0 0.7458367959242626
879.5 1.2210972260507704
880.0 0.3205003379919058
880.5 0.7978932069009701
881.0 0.8715879544106925
881.5 1.452247546885431
882.0 0.9473971924309679
882.5 0.8207835695677917
883.0 1.0025752954202591
883.5 0.6513354175341145
884.0 0.7245616368060261
884.5 1.074189798502684
885.0 0.6093573044105323
885.5 1.435798308479765
886.0 1.278589416531542
886.5 0.7539212038191041
887.0 0.9920023857300696
887.5 0.78664091106566
888.0 1.0462742370927811
888.5 0.4723371789025018
889.0 0.8912579040943792
889.5 1.495330860895935
890.0 1.2088415849593113
890.5 1.9111985634163022
891.0 0.7155339382819917
891.5 0.8331591855740431
892.0 2.030418545425313
892.5 1.093950071896773
893.0 0.8221442443651261
893.5 1.559769858710205
894.0 1.1295622459105132
894.5 1.182045927962272
895.0 0.7189075343409514
895.5 1.6136874927554272
896.0 0.9718214122122689
896.5 0.6878819703511154
897.0 0.47969204549423206
897.5 1.2632207242570122
898.0 1.7311120240443754
898.5 0.7227946731070595
899.0 0.45380136690093276
899.5 1.9902657207320313
900.0 1.6943403141151836
900.5 0.7946639957984996
901.0 1.1342621797914836
901.5 1.033111594247615
902.0 1.3337658367984697
902.5 0.54582638616285
903.0 0.8854691116368434
903.5 0.6776458854112806
904.0 1.665541986430902
904.5 1.1569144820862518
905.0 1.3297520023060194
905.5 1.1577292124352838
906.0 0.9473399498254511
906.5 1.7884756547474008
907.0 0.8307616744813138
907.5 0.7901871580964656
908.0 1.5286080237422341
908.5 1.039181538654805
909.0 1.6206175091615767
909.5 1.1486438637209235
910.0 0.6028677646968909
910.5 0.9301568321164205
911.0 1.0324976015422094
911.5 1.0447874028382054
912.0 0.749724746079728
912.5 1.6126173198147673
913.0 0.8522405512434283
913.5 0.7470923890561525
914.0 0.6420646909604986
914.5 0.714313644149048
915.0 0.9301097423749891
915.5 1.1512341374170474
916.0 0.9396230844742304
916.5 0.8415800224815022
917.0 0.8791349058825659
917.5 0.9417358558672907
918.0 1.109679651811918
918.5 0.5736076250175942
919.0 0.9929331111677415
919.5 1.271051877045015
920.0 0.8792856074935882
920.5 1.1070455546033053
921.0 1.53960049043663
921.5 1.5044143382867916
922.0 1.0700118639261458
922.5 0.9870293957325847
923.0 0.7117038120572329
923.5 1.1047221847854596
924.0 1.405451589958627
924.5 0.7473415259675156
925.0 1.1127553806932693
925.5 0.4131448386352421
926.0 1.276180137808931
926.5 0.6742143006740706
927.0 0.7071717917549847
927.5 0.897613532659763
928.0 1.0248039741168458
928.5 0.33835233181691615
929.0 1.100431717065867
929.5 0.6143977003513086
930.0 1.1646468781053856
930.5 1.0865571555725506
931.0 1.8264529494170363
931.5 0.3763093740707816
932.0 0.9429527471413397
932.5 0.5352104941374256
933.0 1.5442955607125428
933.5 1.044780605533718
934.0 0.7417601354725091
934.5 0.5452175987052646
935.0 0.6631321504836947
935.5 0.6486839135474104
936.0 1.1606815671029032
936.5 0.898788212220935
937.0 2.048746854552053
937.5 0.9570449948638814
938.0 0.547284146905334
938.5 0.7225033317678538
939.0 0.8521720500859318
939.5 0.8922682594347449
940.0 1.2474287227810184
940.5 0.9852065556860272
941.0 0.6092655721464502
941.5 0.6295613658087855
942.0 0.8838936055577705
942.5 0.7910379305179873
943.0 0.6439176968704023
943.5 0.6651973057542284
944.0 1.0939204450379076
944.5 0.7219244390765074
945.0 0.5876977301343957
945.5 0.9112380363926922
946.0 1.8723991888894749
946.5 2.2048148358022983
947.0 0.6232032003622888
947.5 1.7135907765537532
948.0 0.3367660236014349
948.5 0.903709327632623
949.0 0.8560894631908402
949.5 0.8330228651154992
950.0 0.4656071109566129
950.5 1.139953491985425
951.0 1.5850438085075895
951.5 1.405287306151579
952.0 1.13891708974379
952.5 1.0217867205848516
953.0 0.6258661448822682
953.5 1.2613005060110551
954.0 1.5331229060289893
954.5 0.8842130821365342
955.0 0.5691559203372022
955.5 0.7395173241115178
956.0 0.8110287419225988
956.5 1.2935130656983667
957.0 0.6989373665068024
957.5 1.1130460356949734
958.0 0.98938107447568
958.5 0.7793104466230594
959.0 0.297619640491125
959.5 1.7338966115832517
960.0 0.7266451017918133
960.5 1.860802230714825
961.0 1.881759040994155
961.5 0.2
962.0 1.5209455434985064
962.5 1.5212163795253681
963.0 0.8072400782082599
963.5 1.0888630350587756
964.0 1.1898531463427384
964.5 0.32451674987809975
965.0 0.4682858539523518
965.5 0.4532801017318162
966.0 1.236847819905901
966.5 1.1638693562743272
967.0 1.9277190341823243
967.5 0.4821104244703801
968.0 0.8636732217535413
968.5 0.5568067804905742
969.0 0.8685590075456251
969.5 0.8000790797613846
970.0 1.179341391384535
970.5 1.1732401892180317
971.0 0.3704728801518167
971.5 1.0945313402509491
972.0 1.1908176043550323
972.5 0.904936787772116
973.0 1.0881686920017075
973.5 0.5634923334252208
974.0 0.6828252646582904
974.5 0.9923220303957347
975.0 1.0541446064631343
975.5 0.7994677199647267
976.0 1.1652857151946092
976.5 0.2
977.0 1.003640216622641
977.5 0.40814703812077424
978.0 0.684539966703704
978.5 0.5965792118985087
979.0 0.8137802461276259
979.5 0.6411811386731441
980.0 1.1246736922331944
980.5 0.8855860258888629
981.0 0.7339729737859195
981.5 1.0617951271517259
982.0 0.8862342920884502
982.5 0.8368771891665866
983.0 0.9928187284211119
983.5 1.376754433181579
984.0 1.4535629150294378
984.5 1.0127550213616638
985.0 0.8315658313230079
985.5 0.5921974943939017
986.0 1.4096071541355246
986.5 1.575826753279344
987.0 1.2578866270569526
987.5 0.7809257261991628
988.0 0.4264993164974542
988.5 1.069449380719694
989.0 1.4580952741323623
989.5 1.1692617297326642
990.0 1.2873222986835406
990.5 0.7099661891860032
991.0 1.0562969274906373
991.5 1.8062470108556634
992.0 0.6168564880567048
992.5 1.341738437568838
993.0 1.0686903131842689
993.5 1.6734881469110547
994.0 1.3172923570768875
994.5 1.704285040796669
995.0 1.5111042207076593
995.5 0.9013169133050853
996.0 0.9805205004072961
996.5 0.45857140581934264
997.0 1.620378474825511
997.5 1.1565546981640147
998.0 0.5900893740220479
998.5 0.8435073701090811
999.0 1.0867289582002804
999.5 0.5751534192193903
1000.0 1.4064945424138036
1000.5 1.1643175464200375
1001.0 2.0658988288026494
1001.5 0.43059964455614363
1002.0 0.7619465061555684
1002.5 1.4732957660161108
1003.0 1.3604976846121493
1003.5 0.6299627669524087
1004.0 1.3797652225906094
1004.5 0.7262170885203927
1005.0 0.856864346213451
1005.5 0.8388124250043385
1006.0 0.8346964369959762
1006.5 1.0905722552746147
1007.0 1.203133740863297
1007.5 0.9029890482446347
1008.0 0.5326974238751001
1008.5 0.5103317861093123
1009.0 1.4248091649302776
1009.5 1.991946529803453
1010.0 1.5036665803427334
1010.5 0.943705276376952
1011.0 1.3406008626229868
1011.5 0.8092220353836947
1012.0 0.7956140223314672
1012.5 0.6279867509136008
1013.0 0.8921111956731451
1013.5 0.5169954195912718
1014.0 0.9501360319514309
1014.5 0.9864906458225864
1015.0 1.0962738730015844
1015.5 0.7687893761004625
1016.0 1.473422199492799
1016.5 0.8979160945766065
1017.0 0.5673061687526162
1017.5 0.6646583813184841
1018.0 1.3172693428607403
1018.5 1.0180942573555738
1019.0 2.117879384528804
1019.5 1.1797445177273702
1020.0 1.7869609402745859
1020.5 2.0602538091048266
1021.0 1.2646594231100223
1021.5 1.6646613919795734
1022.0 1.105373316834716
1022.5 0.2892908621102487
1023.0 1.240227333546648
1023.5 0.7502442791261285
1024.0 0.8148557038836195
1024.5 1.424181793730245
1025.0 0.49209056333393575
1025.5 1.0948571515353356
1026.0 1.2130246310348722
1026.5 0.8410229078068514
1027.0 1.2195075770595747
1027.5 1.0582390105623052
1028.0 1.2305530396520932
1028.5 1.140305344369703
1029.0 1.0417885771185182
1029.5 0.6819443657619624
1030.0 1.0514860113288083
1030.5 0.7197757047465929
1031.0 0.770752643485173
1031.5 1.0967195155541118
1032.0 0.6979436526991377
1032.5 1.0388677122096053
1033.0 1.4124107510828936
1033.5 1.0197334642000757
1034.0 1.116856984737243
1034.5 1.826490807263491
1035.0 0.8477473776230255
1035.5 2.048153934769798
1036.0 1.2053155099072448
1036.5 1.2671221608743264
1037.0 1.311390710688595
1037.5 1.0929555155146329
1038.0 1.272196626616282
1038.5 0.5359873144318931
1039.0 1.892431767066732
1039.5 1.2637612124074784
1040.0 0.6278376153146255
1040.5 0.8246775619422655
1041.0 0.7069360612612787
1041.5 1.3609330794472694
1042.0 1.1985591326873766
1042.5 0.9277197369931247
1043.0 1.4087768689360103
1043.5 1.8120037109380873
1044.0 0.9271799337371666
1044.5 0.7394189553300314
1045.0 0.5122846323076652
1045.5 0.820879808239367
1046.0 0.7055185203608993
1046.5 0.8075801495017287
1047.0 0.8634105863911643
1047.5 1.7162037836689659
1048.0 0.9359037230917934
1048.5 1.1642042888094473
1049.0 1.1151961130252026
1049.5 0.9760679392013005
1050.0 1.0002258484289959
1050.5 1.0746614708178115
1051.0 0.7396845643906436
1051.5 1.760208426045478
1052.0 1.3350355958085203
1052.5 1.442928608542736
1053.0 1.210171261991956
1053.5 1.8179719202838989
1054.0 1.1940670987155686
1054.5 1.6541011304741575
1055.0 0.5637859700619108
1055.5 0.6631196416716011
1056.0 0.8394082875089653
1056.5 2.018391390003972
1057.0 1.2580419302316779
1057.5 0.866680564245251
1058.0 1.5132203555758972
1058.5 0.7391795994092591
1059.0 0.968611817906146
1059.5 0.6943360958775726
1060.0 1.5611547703891742
1060.5 1.7573228168313504
1061.0 1.3182608979914985
1061.5 0.5687418679634104
1062.0 0.6422321995633822
1062.5 1.526370382799195
1063.0 1.0993528372001697
1063.5 0.9799277287663618
1064.0 0.3540669657462625
1064.5 1.1944015203297358
1065.0 1.361335389462416
1065.5 1.2001396410628185
1066.0 1.7888202259423238
1066.5 1.8928138684486298
1067.0 1.2368654682843179
1067.5 1.0459691713868762
1068.0 0.6371391700152196
1068.5 0.6795082534253568
1069.0 0.8204004446633242
1069.5 0.6841444247748819
1070.0 0.6724710114952978
1070.5 0.9218528222084579
1071.0 0.9509590115689679
1071.5 0.6835168279315136
1072.0 1.5708113890881035
1072.5 1.1737269085393063
1073.0 0.760248311819886
1073.5 0.5725050336173176
1074.0 0.513516807297222
1074.5 0.674153721519047
1075.0 0.8001069098276352
1075.5 0.5639258092014889
1076.0 0.6053377359502939
1076.5 1.387603197675917
1077.0 0.8413274975979166
1077.5 1.760196310943412
1078.0 1.0387670866778005
1078.5 0.6442542284231613
1079.0 0.9087348790959471
1079.5 1.0922931010148873
1080.0 1.6513456633981174
1080.5 0.9162585780536975
1081.0 2.088725091970682
1081.5 0.9051496870745923
1082.0 1.197312046285942
1082.5 0.6524512815580477
1083.0 0.8856166956966152
1083.5 0.6610916321020667
1084.0 1.1063580874492125
1084.5 1.6083007172990627
1085.0 0.7197676981357642
1085.5 1.6529061927665114
1086.0 0.8384549605700814
1086.5 0.775845886285564
1087.0 0.2
1087.5 1.6327184604522706
1088.0 0.9060076485215104
1088.5 2.2358308791502703
1089.0 1.0625269460597684
1089.5 0.3015014148547621
1090.0 1.053842839735808
1090.5 1.353107269949553
1091.0 0.7531868186338744
1091.5 1.3995524915180328
1092.0 0.8237771006644903
1092.5 0.6262088950176273
1093.0 0.9569897665203198
1093.5 0.955871720151577
1094.0 1.177227269518064
1094.5 2.0508160317198794
1095.0 1.489103085867415
1095.5 1.1862436245191428
1096.0 1.0434760680197699
1096.5 1.384446721690685
1097.0 1.124691681048789
1097.5 0.8394553713334202
1098.0 0.48058488694352247
1098.5 1.2705820991109866
1099.0 1.2031563607127116
1099.5 0.797765410139297
1100.0 1.2339230728856339
1100.5 1.1391742639539322
1101.0 0.7773920664498012
1101.5 1.4084367807197282
1102.0 0.9748482120437068
1102.5 0.903273892069371
1103.0 0.6981342633085191
1103.5 1.2113321329434203
1104.0 0.7852708828982506
1104.5 1.2795916609011941
1105.0 0.8860286822989099
1105.5 1.0793248522163563
1106.0 0.9391748811410778
1106.5 1.9493462584809116
1107.0 1.0086648396240463
1107.5 0.6814440545970885
1108.0 1.4771646396560558
1108.5 1.9686807150926362
1109.0 0.5396904773685609
1109.5 2.017688051937804
1110.0 0.5155449097692897
1110.5 0.9819524304764531
1111.0 0.9998709499774899
1111.5 1.240863005453844
1112.0 1.6437995579042166
1112.5 0.9248246960806796
1113.0 0.7036038038673827
1113.5 1.4044045920424018
1114.0 0.8827269978461539
1114.5 1.1492866362250556
1115.0 0.5152069696195551
1115.5 0.49231853692951727
1116.0 1.1501054513269477
1116.5 0.6611800383015372
1117.0 0.7989819260350286
1117.5 1.0459706620781999
1118.0 0.9796968936392297
1118.5 0.24159426615855284
1119.0 0.6523547993821763
1119.5 0.7531446850431505
1120.0 0.47076471161401734
1120.5 1.0596794242287941
1121.0 1.0988457165639192
1121.5 0.5652462196548453
1122.0 0.8949135687105934
1122.5 1.342171052876392
1123.0 0.756308167143299
1123.5 1.3189840404910531
1124.0 0.9847313696046397
1124.5 1.0288296935263261
1125.0 1.7863612357545242
1125.5 0.9571573788558365
1126.0 0.7280182260447587
1126.5 1.432033587287732
1127.0 0.7950412295625201
1127.5 0.7941515573298933
1128.0 0.44843123187183914
1128.5 1.0055629593929885
1129.0 0.5868983653866948
1129.5 0.6120070370384747
1130.0 1.5079261661062415
1130.5 0.7080969686084995
1131.0 1.0828291912630308
1131.5 1.1904967314230341
1132.0 1.0300071546058343
1132.5 1.3010319763845763
1133.0 0.8851478426330587
1133.5 1.35002464119858
1134.0 1.8924099327551724
1134.5 1.0131923520567838
1135.0 1.021498563198303
1135.5 0.8178066235311685
1136.0 0.8166802707065415
1136.5 1.2125464012643814
1137.0 1.252603807649284
1137.5 1.5906016821899867
1138.0 0.8538371052128808
1138.5 1.3387559739177037
1139.0 0.6361711017667947
1139.5 0.6798075266773446
1140.0 1.3785856351398622
1140.5 1.862355775628091
1141.0 0.716836322167314
1141.5 0.9448860895298326
1142.0 0.7140231148918396
1142.5 2.1079374166196487
1143.0 1.2589509617292833
1143.5 0.6848536737604127
1144.0 1.247717691406783
1144.5 0.9582039404428249
1145.0 0.6894810600581056
1145.5 1.8652047180754296
1146.0 1.3190913437965224
1146.5 0.9034888207789524
1147.0 0.6473567902907738
1147.5 0.7763223053776295
1148.0 0.5976564757557683
1148.5 1.0846930683677405
1149.0 1.2854388880701733
1149.5 0.9075221495231705
1150.0 0.2
1150.5 1.2860868332743516
1151.0 0.7873380303558906
1151.5 0.8842000953607534
1152.0 1.5927274960748026
1152.5 0.5825271818906403
1153.0 1.1497093460600607
1153.5 1.0348703234115786
1154.0 0.7187779123161633
1154.5 0.8442522744381356
1155.0 0.8005684425491568
1155.5 0.5614203564309312
1156.0 0.7516770194499877
1156.5 0.8602417601401087
1157.0 1.9730435830235247
1157.5 1.1177120555942386
1158.0 0.5864225499811041
1158.5 1.5823548101122564
1159.0 1.0176457395273306
1159.5 0.6792786991720139
1160.0 0.5101370346846461
1160.5 0.8068881541868786
1161.0 1.0587755885662054
1161.5 0.9431877212078742
1162.0 1.1842906374466655
1162.5 0.977250083572847
1163.0 0.8937655977682204
1163.5 0.318931647052516
1164.0 0.6906194119729611
1164.5 1.0962120294293636
1165.0 1.2215029730879108
1165.5 0.9641135828627182
1166.0 0.7868944821307376
1166.5 0.426300342093623
1167.0 1.4585875515180526
1167.5 1.1488111757883144
1168.0 0.9071927386298312
1168.5 0.9620898474108945
1169.0 1.698016342999089
1169.5 1.2754322523659187
1170.0 0.5409678791429444
1170.5 0.9335889529391701
1171.0 0.7914945992628075
1171.5 1.3595227624760287
1172.0 0.8839995516544594
1172.5 1.6044684408083485
1173.0 0.8300893210649765
1173.5 1.3811260106611138
1174.0 1.700862372004598
1174.5 1.2725016609632407
1175.0 1.0654805261029412
1175.5 0.9872906313669496
1176.0 1.535864619558537
1176.5 1.7870789851439386
1177.0 0.3295195992638168
1177.5 1.0144883394591344
1178.0 0.8146120477830084
1178.5 0.8543096758516477
1179.0 0.6057660088237872
1179.5 0.8783808807750844
1180.0 1.5922563925530966
1180.5 0.5473636553328818
1181.0 0.7872976084185186
1181.5 1.5642910163008477
1182.0 0.8804829072769131
1182.5 0.9018909180981622
1183.0 1.2098523222912734
1183.5 0.7277305493374185
1184.0 1.2193109611861912
1184.5 0.6084410472533958
1185.0 1.3512984327966862
1185.5 0.708588936481237
1186.0 0.576866890081111
1186.5 0.9324814078661599
1187.0 0.43844173648292484
1187.5 1.1962433095995297
1188.0 0.7844564720853044
1188.5 1.2917723626138478
1189.0 2.4423256244624127
1189.5 0.9496587226831982
1190.0 1.3034558602448865
1190.5 0.8751299104149455
1191.0 0.7005673847155223
1191.5 0.8059675614046008
1192.0 0.901603320267553
1192.5 1.0629998259614242
1193.0 0.9143174624528096
1193.5 0.4150666180728573
1194.0 0.7863692889067483
1194.5 0.7521199549831137
1195.0 0.9236894064726752
1195.5 0.7868765650329748
1196.0 0.8190218431103619
1196.5 0.7101922862454882
1197.0 0.9200373452212429
1197.5 0.7271004481199645
1198.0 0.8326734351925055
1198.5 1.3568001726757302
1199.0 1.5918209363223244
1199.5 0.8394919643031349
1200.0 0.7906484192808558
1200.5 1.9591020672012687
1201.0 0.8683937913110736
1201.5 0.7180875602164722
1202.0 0.7222462418325952
1202.5 1.5378075138299248
1203.0 0.9888650900184904
1203.5 0.8067746794583706
1204.0 1.1716306497294684
1204.5 0.5506885183763137
1205.0 0.6538888889990669
1205.5 0.5757468629650491
1206.0 1.089029270084973
1206.5 0.9319933170029017
1207.0 0.5355954090950967
1207.5 0.9106860439586626
1208.0 1.643563037329201
1208.5 0.7253217957563702
1209.0 1.1965429451489908
1209.5 1.2373610948776124
1210.0 0.6543863157459702
1210.5 0.4291107913353781
1211.0 0.7471179925235274
1211.5 1.2419869511729518
1212.0 2.189078303691291
1212.5 0.9358199020568739
1213.0 0.9205712056972223
1213.5 0.8429357905591779
1214.0 0.7957120666555832
1214.5 1.4541743535591136
1215.0 1.2474736193057434
1215.5 1.2098235600652836
1216.0 1.1965928166138902
1216.5 0.9607579823089948
1217.0 1.2210688866381147
1217.5 0.5678561030858084
1218.0 1.421818077482572
1218.5 1.0456888651132872
1219.0 2.1388469875904765
1219.5 0.5120143299974772
1220.0 1.1829382228222873
1220.5 0.5371555705813098
1221.0 1.1477473300339565
1221.5 0.662842897496444
1222.0 0.953999882109533
1222.5 1.0206788786373782
1223.0 1.9772528972439183
1223.5 1.2143554877214773
1224.0 1.1947708766645082
1224.5 0.4539548688777252
1225.0 1.8008193754586088
1225.5 0.7356145012131602
1226.0 0.8608699410977667
1226.5 1.0022540100559303
1227.0 1.4264263407280202
1227.5 1.4942576393325275
1228.0 0.7476544743030855
1228.5 1.0994871676879858
1229.0 1.0766748378521318
1229.5 0.9581623972415908
1230.0 0.8085929169165686
1230.5 0.782847507230678
1231.0 1.3569606006842672
1231.5 0.8188298449433722
1232.0 0.8354980342766698
1232.5 0.42164332552240025
1233.0 0.8956095763435362
1233.5 0.6555756376345658
1234.0 0.6014846208357116
1234.5 1.6183505179593904
1235.0 1.0952175609397674
1235.5 1.5414146959555084
1236.0 1.815913225889386
1236.5 1.550884247715985
1237.0 0.9343750019145879
1237.5 0.28131924969403066
1238.0 0.46421306429045883
1238.5 0.6268349377413591
1239.0 0.9562198848625589
1239.5 0.9472659768732952
1240.0 1.118450449721887
1240.5 0.9556014418073142
1241.0 0.9309322388682568
1241.5 1.0609795291827675
1242.0 1.6820853703584948
1242.5 1.2801159168673972
1243.0 1.1973211409412956
1243.5 0.46884223735910635
1244.0 0.9723233214266414
1244.5 0.6520021543710923
1245.0 1.0290937217027611
1245.5 1.1522147247343373
1246.0 1.5992087425618142
1246.5 0.46129839666357286
1247.0 0.8923316898965422
1247.5 1.722038286559385
1248.0 0.8435798280804289
1248.5 1.0145336882337892
1249.0 1.17824913348783
1249.5 0.9993863180718714
1250.0 1.5466723490746184
1250.5 0.5357261694397889
1251.0 1.7192596662896902
1251.5 0.8793056505755994
1252.0 0.8144571697462589
1252.5 1.15847360132659
1253.0 0.8177280790661368
1253.5 0.8475938489841863
1254.0 1.3060101500829844
1254.5 1.4285245060751381
1255.0 1.5499143675168385
1255.5 0.8196450293232929
1256.0 1.6360687039893542
1256.5 1.1515674607815454
1257.0 0.4195025157323363
1257.5 0.8043185951897456
1258.0 1.6990845882440049
1258.5 0.6877233360155924
1259.0 0.7269885264553473
1259.5 1.0705655706871293
1260.0 0.8442650346771537
1260.5 1.0609388555599728
1261.0 0.7117205938862987
1261.5 0.9711428405570686
1262.0 0.721564945250314
1262.5 0.8252098300022221
1263.0 0.9853582213253849
1263.5 1.5589901256827
1264.0 0.8358889258320631
1264.5 1.4086064443902921
1265.0 0.8017972804009202
1265.5 0.31337541685603554
1266.0 0.6371245297838721
1266.5 0.8261213502349491
1267.0 0.9069366614464389
1267.5 0.8100979791871709
1268.0 1.4412304619656338
1268.5 0.6127330211803964
1269.0 1.0819092111130342
1269.5 1.1608230452733999
1270.0 0.9947070884818191
1270.5 1.2795493787261054
1271.0 1.0338357250281947
1271.5 1.0084785234644205
1272.0 1.0103053838748801
1272.5 0.6219136242947411
1273.0 0.8968130628207922
1273.5 1.3449841085843495
1274.0 0.8147336100777929
1274.5 0.9527051868731887
1275.0 0.9940129103364099
1275.5 1.18616519467992
1276.0 0.7246089266215953
1276.5 0.51989883682793
1277.0 1.0850691892644901
1277.5 0.6102928250908167
1278.0 0.5147599473635278
1278.5 0.6563406175664427
1279.0 0.9711963925339901
1279.5 0.5217149578571492
1280.0 1.4023664834993
1280.5 0.9678170274079119
1281.0 0.7781627509513613
1281.5 0.5831824480249294
1282.0 1.1250890665227726
1282.5 1.5467570809197801
1283.0 0.9255578453319014
1283.5 0.6466356191960381
1284.0 0.8986484702798846
1284.5 0.5616466604989172
1285.0 1.1988751859828994
1285.5 0.6763962479428947
1286.0 1.1484637226974148
1286.5 1.2129870749498388
1287.0 0.6986908446305764
1287.5 0.8256893236693827
1288.0 1.7550941109697473
1288.5 0.7975797606652223
1289.0 0.2
1289.5 1.2447850162197147
1290.0 0.7354721489487419
1290.5 1.1236978981044343
1291.0 1.0359187822318923
1291.5 0.9738959146562972
1292.0 1.242758327143188
1292.5 1.8874936407058618
1293.0 0.554990687967994
1293.5 1.6499860250108127
1294.0 0.5958648575618034
1294.5 0.8338118037835545
1295.0 0.8122619410552453
1295.5 1.1167279129254513
1296.0 0.784032645421917
1296.5 0.7351565968887039
1297.0 0.2
1297.5 0.9970692129802095
1298.0 0.9113993083644465
1298.5 0.776104376272837
1299.0 0.8743959282947471
1299.5 1.3195765457735056
1300.0 2.126295460473982
1300.5 2.055955523493715
1301.0 1.0282185833446085
1301.5 1.3019681066716497
1302.0 0.726546933418935
1302.5 0.9147623065166794
1303.0 1.0475326671224043
1303.5 1.5198405536923032
1304.0 1.035069963721165
1304.5 1.4507078710037478
1305.0 0.9711496723355837
1305.5 1.424406342215411
1306.0 1.3319632615358068
1306.5 1.273182331116704
1307.0 1.5754801090331307
1307.5 1.3194620840115567
1308.0 0.47616602113831735
1308.5 1.2203027371068491
1309.0 1.5193971054188462
1309.5 1.1570146015452236
1310.0 0.9497180261951109
1310.5 1.1101782011649093
1311.0 1.6142284840244476
1311.5 0.7428335730228677
1312.0 1.2595475476455267
1312.5 0.7054999904100832
1313.0 0.7314524071708045
1313.5 0.8642838244272093
1314.0 1.1983103997180375
1314.5 1.7986165044686668
1315.0 0.46756028884937956
1315.5 1.0055855429155691
1316.0 0.9695809951273746
1316.5 1.2791539755378731
1317.0 0.6104816220054201
1317.5 1.3739021510077993
1318.0 0.4382469707209571
1318.5 1.0648147086130648
1319.0 0.6384299650637788
1319.5 1.0920715637450864
1320.0 1.5487037113669397
1320.5 1.402974772377016
1321.0 1.2770954415910158
1321.5 0.8489385245883719
1322.0 1.715581839381831
1322.5 0.9719675236247115
1323.0 0.6347048577236408
1323.5 1.0382733046974972
1324.0 1.2510932967527666
1324.5 1.0213870029454792
1325.0 0.8103928532960835
1325.5 0.968760588256919
1326.0 0.7474791689587368
1326.5 0.8609957623580546
1327.0 1.40532206258451
1327.5 1.284668706063076
1328.0 1.0079390041171905
1328.5 1.1041631758079782
1329.0 0.6718389834789636
1329.5 1.4586542298903287
1330.0 1.3223150485785404
1330.5 1.818359442570125
1331.0 0.865077061634
1331.5 0.7792785849230153
1332.0 1.3096383091897885
1332.5 1.7654068192268042
1333.0 0.7064865600140096
1333.5 1.7669881334772386
1334.0 1.141028043990025
1334.5 1.0667272110727413
1335.0 0.8214489507725351
1335.5 0.944450178630305
1336.0 1.0121726366752222
1336.5 1.1091503633242876
1337.0 1.0486782013821205
1337.5 0.6774956365355418
1338.0 1.0698743723669921
1338.5 0.59344397711529
1339.0 0.8220576486432404
1339.5 0.586440545996811
1340.0 1.3883546769359545
1340.5 0.6989626626092754
1341.0 0.6999304079410674
1341.5 0.4603917848367888
1342.0 1.2372395374126066
1342.5 0.9823329050584126
1343.0 0.9686939056653898
1343.5 1.1605163432455705
1344.0 0.719088773820888
1344.5 0.9884151508974585
1345.0 1.4378433917387383
1345.5 0.9305807976110648
1346.0 0.583531102506039
1346.5 0.9797318431085353
1347.0 0.6316058917031424
1347.5 0.7819182583411759
1348.0 1.4344107090027975
1348.5 1.4098711118416487
1349.0 0.9736623709331815
1349.5 0.7925855585849952
1350.0 0.7434834839364721
1350.5 1.0945899496544305
1351.0 0.8387709819826973
1351.5 1.6612145567428767
1352.0 1.0102416309197126
1352.5 0.9424436662170985
1353.0 1.534553838714566
1353.5 1.2961085209458272
1354.0 1.2940955810688661
1354.5 1.3577906477799209
1355.0 1.25589400769031
1355.5 1.065777046206554
1356.0 1.7678785390152965
1356.5 1.3104776749314242
1357.0 0.8155806692848655
1357.5 0.7404968611637267
1358.0 1.1458406053455303
1358.5 0.6701889698500012
1359.0 1.1619159051990136
1359.5 1.3771066838061756
1360.0 1.01611274238331
1360.5 1.0938605704387547
1361.0 1.5211037962756722
1361.5 1.0550442253144978
1362.0 0.4928522058321797
1362.5 1.6845523187560372
1363.0 0.6996600995807722
1363.5 0.9708887166122874
1364.0 0.725925803920073
1364.5 0.8132265128524704
1365.0 0.5087082536187738
1365.5 0.5879237758489207
1366.0 1.0773789180925029
1366.5 1.1581137988746966
1367.0 1.1267331993380552
1367.5 0.5718729013512871
1368.0 0.8672849381182588
1368.5 0.6376212653260749
1369.0 1.736426290426556
1369.5 1.0874808094925572
1370.0 0.7919392719067382
1370.5 0.8981935042043041
1371.0 0.990225371524242
1371.5 1.1241971652912541
1372.0 1.6454042118597227
1372.5 1.1131204121829827
1373.0 1.1506227219481087
1373.5 0.5762992091693941
1374.0 0.6883469290787371
1374.5 0.8300319944324726
1375.0 0.4960602328473962
1375.5 0.6651164906511275
1376.0 0.6808021469680081
1376.5 1.1528366871263565
1377.0 0.8592179794416912
1377.5 0.7256720805889152
1378.0 0.7002757321228539
1378.5 0.9827734757278974
1379.0 0.8587690669295447
1379.5 1.0333752465111352
1380.0 0.6553114910838765
1380.5 0.8257042713376672
1381.0 0.6828326957604101
1381.5 1.2408166812028667
1382.0 0.9007370447889289
1382.5 0.6689325320795034
1383.0 1.3985011450546199
1383.5 1.4756071889537021
1384.0 1.6026850591245374
1384.5 0.8844571932567793
1385.0 1.326107539133988
1385.5 0.8085452134455575
1386.0 0.6258536335600839
1386.5 0.6587524018024608
1387.0 0.4598511942547317
1387.5 0.5631228135078172
1388.0 0.9223236064364899
1388.5 0.8234093301754718
1389.0 0.8556469322480611
1389.5 0.9996016938461865
1390.0 1.1954268988974173
1390.5 1.2359176543094765
1391.0 0.8738429611404176
1391.5 1.2366686892947338
1392.0 1.1799126611920305
1392.5 0.9489329659022789
1393.0 1.2508948150976447
1393.5 1.25217004726743
1394.0 0.6173244817970697
1394.5 1.2050803252848352
1395.0 1.2753393231151997
1395.5 1.5331894772312644
1396.0 0.6857002923054458
1396.5 1.0116970910786731
1397.0 0.8161589770930735
1397.5 0.5788008394115658
1398.0 1.3529648742940235
1398.5 0.8039475780803507
1399.0 0.5869507666240588
1399.5 0.8754655758262222
1400.0 0.8418710833331989
1400.5 1.4289593465061596
1401.0 1.4826340535351985
1401.5 0.7433594747101859
1402.0 1.3735333215505112
1402.5 0.9826876223065212
1403.0 1.0393778260211837
1403.5 1.952054432071693
1404.0 0.5564185624414922
1404.5 0.8995225968941807
1405.0 1.2463642036012024
1405.5 0.6089691557887363
1406.0 1.6112181461882757
1406.5 1.481835888848043
1407.0 0.4494383775976504
1407.5 0.713416208468594
1408.0 1.0489864924142764
1408.5 1.2959193714209916
1409.0 1.0121136093884027
1409.5 1.3740013071423003
1410.0 0.962667491612934
1410.5 0.7092120462291208
1411.0 0.8042675375379043
1411.5 1.8797815980153212
1412.0 1.1900491225502199
1412.5 1.5388785205430664
1413.0 1.687190919369597
1413.5 0.6893721273953071
1414.0 0.8353704931701447
1414.5 0.9656612293479282
1415.0 0.8750867116621214
1415.5 2.231904732082791
1416.0 1.9502360537940837
1416.5 1.5854691241953454
1417.0 1.1272592978027958
1417.5 1.4376877563875818
1418.0 1.7164376897236848
1418.5 0.9599035309497457
1419.0 1.1291708036266426
1419.5 1.487386776552046
1420.0 0.5806963327479275
1420.5 0.7347543247223612
1421.0 0.3785255043210909
1421.5 1.1546311347372251
1422.0 1.3103898780386474
1422.5 1.103242005446985
1423.0 0.7346966122956815
1423.5 1.4135462270395716
1424.0 1.4969626987273754
1424.5 1.302482171347629
1425.0 1.0093159720662854
1425.5 1.5082617756307508
1426.0 1.389315181675887
1426.5 0.9286257459032187
1427.0 1.096974546647596
1427.5 0.7868717879943804
1428.0 0.6455379558005545
1428.5 1.1066085321201031
1429.0 0.8811447039345839
1429.5 1.4718893063444867
1430.0 0.7572189117787088
1430.5 1.067406304235391
1431.0 1.18896445177757
1431.5 1.0660979188941058
1432.0 0.8117900272573059
1432.5 1.394710492208842
1433.0 0.7498527317996623
1433.5 0.7828472220684404
1434.0 1.0893527030180254
1434.5 0.5113025377363106
1435.0 0.734395860016793
1435.5 1.477825018902435
1436.0 0.5402128456030392
1436.5 1.4104209412769313
1437.0 0.7545910057118188
1437.5 0.8977560674882309
1438.0 0.6849761489088424
1438.5 0.7980282427840393
1439.0 1.066000544902876
1439.5 0.954650971424686
