0 0.7135731035803865
0.5 1.105023733250134
1.0 0.6047237823289965
1.5 1.086142296194656
2.0 0.6793973822750317
2.5 1.353830915408698
3.0 1.2863523290211654
3.5 0.9359407216013285
4.0 0.44486342761013586
4.5 1.7727463926373006
5.0 0.8227295788502909
5.5 1.0724547988817936
6.0 1.272814801179893
6.5 0.7137305125585722
7.0 0.3537775585463817
7.5 2.031717315315091
8.0 1.0508373104707711
8.5 0.9894413645840477
9.0 1.4606111260951016
9.5 0.7733825585756368
10.0 1.593434329135058
10.5 0.7939184441490422
11.0 1.4046228085450805
11.5 0.9521150279319361
12.0 1.2871922054916287
12.5 1.7329769017021053
13.0 0.625126979236641
13.5 1.1877973378467808
14.0 0.8090012596434366
14.5 2.0722939226000396
15.0 1.2601433906204234
15.5 0.6471048452932593
16.0 0.686742685015194
16.5 1.0604375593697128
17.0 1.3622618906707022
17.5 0.49800447449466023
18.0 1.8981178574893862
18.5 0.22876047230332797
19.0 1.3079022897680896
19.5 0.8415545827418544
20.0 1.9663290387857466
20.5 0.7146382849599109
21.0 1.1741942693160254
21.5 1.843816758973619
22.0 0.5797746971700926
22.5 0.9274255140030558
23.0 1.1868305611653622
23.5 1.9172838574165092
24.0 0.8187913275172828
24.5 1.1782804405618807
25.0 1.2851160434380131
25.5 1.5159605745766984
26.0 1.6975660108357333
26.5 0.9040586232638019
27.0 1.3918788528696826
27.5 1.5813973763466218
28.0 0.6051498947669365
28.5 1.0966668088025353
29.0 0.6719180296193884
29.5 1.2814784278250206
30.0 0.5046331334949536
30.5 0.7706465074588387
31.0 0.9989907748930771
31.5 0.9335476807651638
32.0 1.3378404293171862
32.5 1.3185602544819854
33.0 1.657289109685136
33.5 1.5096606119348315
34.0 0.9838942275652736
34.5 1.0348070803985674
35.0 1.2801882638405815
35.5 0.8477234305175555
36.0 0.7918678054291324
36.5 1.7031844020812916
37.0 0.9887787026212254
37.5 0.8780201446451319
38.0 1.3658636856032718
38.5 1.1571009709180875
39.0 1.1975685208649605
39.5 0.6518919542912207
40.0 0.5742327879216379
40.5 0.9539955751581625
41.0 2.0765642143205216
41.5 1.7058091067780339
42.0 2.288055356321326
42.5 1.0260562779808016
43.0 0.8501966826656723
43.5 0.9096514574613516
44.0 0.6453218221100362
44.5 1.0846851956091617
45.0 1.109409069164195
45.5 1.6360697279336627
46.0 0.8104853751012733
46.5 0.7712217815302692
47.0 1.3487851511933002
47.5 1.1865620262130205
48.0 0.9537169658443548
48.5 0.7214031184173018
49.0 1.456940623302283
49.5 1.1259479722195451
50.0 1.316435985760429
50.5 1.0420861285394594
51.0 0.7082906652014986
51.5 1.4567425097309585
52.0 0.6096311344770342
52.5 0.7136076289562616
53.0 0.9086395549897475
53.5 0.9236539869524548
54.0 0.7396180282193119
54.5 0.42613854882190505
55.0 0.6788627951179314
55.5 0.8482056521825656
56.0 1.0683476514556471
56.5 1.6807342706024428
57.0 0.6617294630198804
57.5 1.0893933604575765
58.0 0.7636020262661994
58.5 1.5578493592849632
59.0 0.8403521602938544
59.5 0.9471637148949508
60.0 0.9233315191333402
60.5 0.8850035738347486
61.0 1.024777730731325
61.5 1.246319442408692
62.0 0.6441900825530278
62.5 0.8006853404591477
63.0 1.0697716964289485
63.5 0.6791933227129898
64.0 1.0251635934331178
64.5 0.6858857079396898
65.0 0.8286922660193249
65.5 0.889595447252858
66.0 0.8714334376657098
66.5 0.4350972838339821
67.0 0.7752916186415912
67.5 0.5892988173655211
68.0 0.9685586849710704
68.5 0.9091784563295835
69.0 0.500281706253854
69.5 1.1287962960778435
70.0 1.3525212727273301
70.5 0.9862353672608978
71.0 1.1759028617224783
71.5 1.2835287481763737
72.0 0.9115013414565569
72.5 1.0953265369948566
73.0 0.7759091121452177
73.5 1.184392849583153
74.0 0.6636140107241322
74.5 0.5490261852634568
75.0 0.5326415786214567
75.5 1.0348714968859207
76.0 1.5544794015713777
76.5 0.5825606671620719
77.0 1.0273297777511161
77.5 2.51971004760893
78.0 2.2744531146058953
78.5 0.7209611275585462
79.0 0.7328989209549255
79.5 0.9768235815555476
80.0 1.1440320825279633
80.5 0.7053140314042126
81.0 0.950114131943621
81.5 0.973050733062117
82.0 1.251867238446662
82.5 1.0426219914934312
83.0 0.7710591729368889
83.5 0.587499098660668
84.0 0.6916377381413215
84.5 1.2811238199740234
85.0 0.551153627697764
85.5 0.6049275301679797
86.0 1.0129881254644082
86.5 0.5760283280080964
87.0 0.7373609954390397
87.5 0.9610482737782776
88.0 1.125552500709071
88.5 0.9112577430404911
89.0 0.7841263906232459
89.5 0.28237587572639544
90.0 0.2
90.5 0.9320713489294045
91.0 0.44854884578192544
91.5 1.237568633961521
92.0 1.2555979114827784
92.5 1.115795252678653
93.0 0.9805441516646533
93.5 0.6858288547829425
94.0 0.9364321433844716
94.5 1.0624023781859
95.0 1.0356248886946648
95.5 0.7604424195907639
96.0 1.0277059892920857
96.5 1.2613258852371811
97.0 1.0538138675335427
97.5 1.9238805216391799
98.0 1.215145673003303
98.5 1.1302030223146668
99.0 1.2176170303972698
99.5 0.7295922244039843
100.0 0.8875605884972106
100.5 1.0666324696352993
101.0 0.9718217196037988
101.5 0.968285689999119
102.0 0.9592838210352296
102.5 0.30019556206227327
103.0 1.2937649650581018
103.5 1.0207803772994777
104.0 0.9172211351055933
104.5 1.1097503223599756
105.0 0.6659092007945725
105.5 0.7744218749867107
106.0 1.3938041532919665
106.5 0.7048647096270908
107.0 1.0412325885257827
107.5 1.4660089750245135
108.0 0.9451039548904743
108.5 1.7910624147171355
109.0 0.9139354307030974
109.5 0.8935795674486069
110.0 1.5201385720479637
110.5 1.445359633342953
111.0 0.47758694156870296
111.5 0.5427571322307638
112.0 0.8907884799679254
112.5 0.8576279458397796
113.0 1.2611655229025656
113.5 0.9786782048342589
114.0 0.8616805275321412
114.5 1.4678716437460033
115.0 1.264774119359393
115.5 0.6719315978594247
116.0 0.5929620206600172
116.5 1.1706852813741975
117.0 0.95158099551493
117.5 1.079458045811718
118.0 0.8760178433273416
118.5 0.9031470408337781
119.0 0.7905313809515416
119.5 0.8761757878238218
120.0 1.02331283241316
120.5 0.8949430697525753
121.0 1.2485469757161227
121.5 1.2329912045572988
122.0 0.6365678963421229
122.5 0.8310442207261863
123.0 1.087929351662877
123.5 0.7229349987118475
124.0 1.2270079136312941
124.5 0.7175530599442301
125.0 1.1087878308780383
125.5 0.5940018425698418
126.0 0.6216666813229272
126.5 0.7745434305343324
127.0 1.0458686479557366
127.5 2.2513396188663295
128.0 0.8952420269722461
128.5 0.5027821199895675
129.0 1.2095498970238518
129.5 1.5863372531723183
130.0 0.6868031559576127
130.5 0.5835859454594952
131.0 1.4617017227585185
131.5 1.3578020255228376
132.0 0.6531779524669484
132.5 0.7608218258211643
133.0 1.124287439290729
133.5 0.9968465405494665
134.0 1.8407038518618264
134.5 1.180747579801732
135.0 1.1228913420956683
135.5 0.7403185239656673
136.0 0.6862880920218222
136.5 0.6291459320343071
137.0 0.5625073256065299
137.5 1.720921628168481
138.0 1.4511627621821632
138.5 0.9063243632161135
139.0 1.3839304106837518
139.5 0.8420445210307055
140.0 1.1894884846575717
140.5 1.6386445316996214
141.0 0.9928545975120924
141.5 0.9637631423904481
142.0 0.7040311310530922
142.5 0.731650124357931
143.0 0.49938560283008365
143.5 1.221175925050571
144.0 1.1783553019239958
144.5 0.7321339528030989
145.0 0.7606980620685573
145.5 1.1710998741734753
146.0 1.2951248834455371
146.5 1.060515322578494
147.0 0.9375185369103693
147.5 1.1974459081956885
148.0 1.3003654926354868
148.5 0.9208887028899856
149.0 0.5467151401268107
149.5 1.107921953234793
150.0 1.8244622653921407
150.5 0.5723695893197982
151.0 0.8634118887548297
151.5 1.2728309610373607
152.0 0.9308372281534242
152.5 0.9822829171382838
153.0 0.8915903701828755
153.5 1.3365499643780003
154.0 0.561607888975241
154.5 0.7016463886972151
155.0 0.9084117813490717
155.5 1.793828882800029
156.0 0.9880004572417812
156.5 0.9431695112921616
157.0 1.3286898254233606
157.5 0.5945452268309864
158.0 1.0207712530198543
158.5 0.903259001814412
159.0 1.7256182825348363
159.5 0.9100244558944189
160.0 1.024930549075357
160.5 0.9114776190189529
161.0 0.5134678987024106
161.5 1.300367320431211
162.0 0.5467638337826395
162.5 0.8791847217636458
163.0 1.3097423622621212
163.5 1.4997387180232251
164.0 0.9024487309077798
164.5 1.4185477924659255
165.0 1.272002529589876
165.5 1.0254930847630002
166.0 0.9236605033005608
166.5 1.5258344033002493
167.0 1.0651740107042675
167.5 0.9426921921886936
168.0 1.781521799428197
168.5 0.9546047392940196
169.0 1.3096556652899864
169.5 1.0659672741145514
170.0 0.6045860572633286
170.5 1.0578804576326155
171.0 1.040975097976395
171.5 1.537978745910893
172.0 1.4429707324512422
172.5 0.5476795458501502
173.0 0.26898100087482846
173.5 0.6931823394846544
174.0 1.1256502669040653
174.5 1.0368852266872997
175.0 0.8004875579865605
175.5 0.5759894205661972
176.0 1.514334664313492
176.5 1.1231452788728382
177.0 1.0063229408841088
177.5 0.869105801609796
178.0 1.0384125526337336
178.5 0.9786771464595492
179.0 1.7406838317756446
179.5 0.783352918706047
180.0 0.7184694418987945
180.5 1.320568507841358
181.0 0.6792021076218273
181.5 1.2342427381764636
182.0 0.24085151072598288
182.5 0.78944660315447
183.0 0.5742633185503383
183.5 1.1287213990783496
184.0 0.7862706776855517
184.5 1.21241480346056
185.0 0.649694928586648
185.5 0.559803003812938
186.0 0.5540184190320314
186.5 0.8595956758556417
187.0 0.8463911297578648
187.5 0.825851911756688
188.0 1.0042618300145163
188.5 1.1080059514015006
189.0 0.8605856965920552
189.5 0.9400194784651965
190.0 1.7238765027268612
190.5 1.7618951953507014
191.0 1.0304976512603203
191.5 0.8051318792341897
192.0 1.4391356932897712
192.5 0.5796848904083265
193.0 0.9112721876015197
193.5 0.8022155101889202
194.0 0.9382426022617544
194.5 1.0081214216242573
195.0 0.8425688775289981
195.5 0.9472538192450608
196.0 0.9182331651789427
196.5 0.6275714494963865
197.0 1.6989457042660212
197.5 0.6044099166131307
198.0 0.9512856836381014
198.5 0.6965112527922563
199.0 0.36926880742821344
199.5 0.8061616759193229
200.0 0.7766060038448628
200.5 1.1491816821578118
201.0 0.7194441171656527
201.5 1.1054687426815772
202.0 0.8278104375349387
202.5 1.0829723607258872
203.0 1.509465351801743
203.5 1.833431729333582
204.0 1.3502856013719704
204.5 0.7577202924988176
205.0 1.05429167774487
205.5 0.7514543495147534
206.0 0.6891530312047482
206.5 1.3182445530424975
207.0 0.3901680499622213
207.5 0.8573158026127679
208.0 1.351026334308893
208.5 1.3070020473189725
209.0 0.9022971297549516
209.5 0.7028099582224094
210.0 0.9454517226153343
210.5 0.8612518412809378
211.0 0.8760576807404323
211.5 0.6441302612145523
212.0 1.3047733883382189
212.5 0.6842148617901747
213.0 0.6122287483962564
213.5 0.42095855877353283
214.0 0.6693732734973659
214.5 0.5674354188782174
215.0 0.8386632230334552
215.5 1.6710860948406627
216.0 1.1945189024959162
216.5 1.2692824268257148
217.0 1.3784698190103835
217.5 1.1394020787075325
218.0 0.7890045703739076
218.5 0.7009984890284153
219.0 0.7948594437549754
219.5 0.8067954579790223
220.0 0.7157819138774872
220.5 1.1273669068106709
221.0 1.2107986591909274
221.5 0.9667661165364372
222.0 0.7284458985175702
222.5 1.3385667838163713
223.0 1.2136449042154027
223.5 0.8624719167567518
224.0 0.7147382848425158
224.5 0.833324629778625
225.0 0.7905469225917148
225.5 0.9811536626984363
226.0 0.895960766726509
226.5 1.0347345268873247
227.0 0.44612683160325006
227.5 1.1267055771695338
228.0 1.2388446667268986
228.5 1.0139606546449946
229.0 0.4855054799378562
229.5 0.6917711709723058
230.0 0.9487579610851542
230.5 0.7480590861161223
231.0 0.9869916923300648
231.5 0.6769911384255438
232.0 1.2067622772200814
232.5 0.7450036257555459
233.0 0.6890285939371508
233.5 0.8362595117729471
234.0 0.8649502567476464
234.5 0.7796235386763176
235.0 0.5858629308829125
235.5 0.8333609850513047
236.0 1.0497980445279635
236.5 1.5139222868041617
237.0 0.9004016959907883
237.5 1.1076051341747923
238.0 1.0579929598495577
238.5 1.6098022285540203
239.0 0.7615924259271718
239.5 0.9182797056064141
240.0 0.7305655483810942
240.5 1.3960196540092695
241.0 1.2488213385017235
241.5 0.6536806423250676
242.0 0.343922058451981
242.5 1.1555976209429737
243.0 1.5709518928965247
243.5 0.8175631146889879
244.0 0.9674416127780459
244.5 1.229584627688006
245.0 1.0539624717297271
245.5 0.8838968355227825
246.0 0.5193005790465657
246.5 1.0614897700298247
247.0 1.0011404235290455
247.5 0.8604545605236706
248.0 1.0990665732272444
248.5 1.838592837513679
249.0 0.6075189357844198
249.5 0.8669563247575431
250.0 0.9702489001602105
250.5 0.6349149386340236
251.0 1.2297425685617593
251.5 0.8201288203631647
252.0 0.9617567927524406
252.5 1.0209525449455588
253.0 1.7205440120375628
253.5 0.7125788013002285
254.0 1.7976496802297106
254.5 0.8092246508447527
255.0 1.7988984619552082
255.5 1.5777680196933563
256.0 1.1244567525485911
256.5 1.3462076502205282
257.0 1.0683028974526518
257.5 0.8513487929207861
258.0 0.9407314116011974
258.5 0.4568674762666699
259.0 0.44532375317366735
259.5 0.9529948329421414
260.0 1.4103370954013332
260.5 1.0659756310959825
261.0 0.9147876910403959
261.5 1.0522142890919075
262.0 1.130431345598656
262.5 1.0840080874256839
263.0 1.075556347157507
263.5 0.27873145722863746
264.0 0.8901256305709463
264.5 1.9141167465788902
265.0 0.977784350809291
265.5 0.9528108515707687
266.0 1.3471869202412723
266.5 0.5505956878501108
267.0 0.8202675672540322
267.5 1.1787900592084504
268.0 0.8968067608559328
268.5 0.9209068284752154
269.0 0.9589441314913874
269.5 1.7170560360421856
270.0 1.4675202004845707
270.5 1.421468193111619
271.0 0.7020038793573931
271.5 1.5467344732661683
272.0 0.5859366175633753
272.5 0.48814619277203486
273.0 1.1362270245709838
273.5 0.5938188824717378
274.0 0.7743741522249514
274.5 1.354352171766191
275.0 1.8495214850947428
275.5 0.5703492624693838
276.0 0.8863003810022286
276.5 0.8942146679729378
277.0 1.7700151953402723
277.5 1.4599917121374342
278.0 1.306202373404557
278.5 1.1692747092315916
279.0 0.952201538087158
279.5 0.8497390049032746
280.0 0.5767255027801443
280.5 0.7288337410307016
281.0 1.0445511876581053
281.5 0.8599588717683175
282.0 0.8568886821057693
282.5 1.0225427045131916
283.0 1.172328903546512
283.5 0.8850439588498277
284.0 0.8417524118578987
284.5 1.437750384287721
285.0 0.9581478501736539
285.5 0.7362164938330293
286.0 0.623742585816606
286.5 0.9613624066171357
287.0 1.2189815237557045
287.5 1.2619495990003464
288.0 1.0247230828291263
288.5 1.454361415106221
289.0 0.6695936403802676
289.5 0.6213846089846439
290.0 0.2
290.5 0.9055970411845657
291.0 1.0717783935354412
291.5 0.9896148645600208
292.0 0.7520216327532206
292.5 0.8122140820549633
293.0 1.1041743449388728
293.5 0.8534333290805189
294.0 0.6753467818606549
294.5 1.070856783842543
295.0 1.5386585624726363
295.5 1.4905561024319507
296.0 0.7105785188589506
296.5 1.9733279400786419
297.0 0.6734098510401527
297.5 0.987047478275146
298.0 0.8712419258882117
298.5 0.2
299.0 0.6578265527078285
299.5 0.9415563843280162
300.0 0.8192199411588428
300.5 1.5962261722836586
301.0 1.0356046480826824
301.5 0.8922116795402715
302.0 1.1806354973735549
302.5 0.5091378830562328
303.0 0.6906821025714104
303.5 0.665542790117834
304.0 1.255625390062658
304.5 0.8593753883263192
305.0 0.7450174694768568
305.5 0.7062560282694821
306.0 0.955432040535312
306.5 1.4645439572209216
307.0 1.8871676022797583
307.5 0.7855761720458457
308.0 0.6364071765141932
308.5 0.9603319866308843
309.0 1.6140639498975746
309.5 0.819021827545543
310.0 0.9607998227796849
310.5 0.8413076002162522
311.0 0.7992335864900603
311.5 1.23803351426773
312.0 0.7443941990841728
312.5 0.7616914338463663
313.0 0.9143437534360069
313.5 0.5760612143115826
314.0 1.0094012733554099
314.5 1.3396151381875443
315.0 0.5752312121367994
315.5 0.5555096028104973
316.0 1.6063729974571648
316.5 1.3115080893474134
317.0 1.4732228420961988
317.5 0.7351383167068994
318.0 0.8792510505196086
318.5 1.0077675343749877
319.0 1.3928770665208865
319.5 0.5160645703423388
320.0 0.6131628837496907
320.5 0.5491028027715112
321.0 1.6088279555141312
321.5 0.3720463254747871
322.0 1.548428144938291
322.5 1.093441640495743
323.0 1.0598630820791564
323.5 1.8296197309004953
324.0 1.016446084866185
324.5 1.3340804871620882
325.0 1.1743183210392572
325.5 1.4695624570588492
326.0 0.8516876721914702
326.5 0.7577259829744557
327.0 0.9178552614711847
327.5 1.0793169692997953
328.0 1.4273227267407997
328.5 1.4055839667257093
329.0 0.9855199797493952
329.5 1.1618789523965904
330.0 2.0319798067218846
330.5 1.7787841916388722
331.0 0.786591816393463
331.5 1.743401290828046
332.0 1.0255072936933207
332.5 1.3289649531323977
333.0 1.0591505998639867
333.5 0.9754509212991108
334.0 0.6923930402392099
334.5 1.0433132481294463
335.0 0.5144440262011523
335.5 0.9403117620653937
336.0 1.321831071425946
336.5 1.4047791161037262
337.0 1.681096674404532
337.5 1.2037863532203275
338.0 0.24200186994288286
338.5 0.931593518101007
339.0 0.7925561985414031
339.5 0.48722003609593256
340.0 1.2175846935081602
340.5 1.0882596945860303
341.0 1.1714733858766944
341.5 1.689158346663758
342.0 1.288032613657005
342.5 1.0135679903677342
343.0 1.3272841804637157
343.5 0.9943380445223823
344.0 1.2019473264288871
344.5 0.8702481398900246
345.0 0.8915144316106838
345.5 0.9162420530015976
346.0 1.7198053308320884
346.5 0.8611160191196624
347.0 0.66543167594998
347.5 0.757335673191259
348.0 0.9128535953997339
348.5 1.878654948433116
349.0 0.5518737144227848
349.5 1.4876065111622694
350.0 0.8497866662160702
350.5 1.1743760728829593
351.0 0.7791592508215404
351.5 0.885565809192617
352.0 0.8197623411571346
352.5 1.1314140200563978
353.0 1.1911345495681096
353.5 0.8897552524816563
354.0 1.2064895726992506
354.5 1.3535784360176564
355.0 1.1669096578621612
355.5 1.5589085265697586
356.0 1.6244869788952632
356.5 1.3573307894164675
357.0 0.7263056556552794
357.5 0.7995686368074149
358.0 0.8650681866820537
358.5 1.5470589235141365
359.0 0.8037600558483399
359.5 0.5573733797752379
360.0 1.12898068088694
360.5 0.8577806155653278
361.0 0.6851971876827898
361.5 1.1287788556942595
362.0 0.2
362.5 0.8149772076108139
363.0 1.1674607880190404
363.5 0.777575658188573
364.0 1.9870163690251186
364.5 0.964737571108949
365.0 0.8666662092985954
365.5 0.42180170797772965
366.0 0.8008281960746371
366.5 0.7375582388293965
367.0 0.957701523646799
367.5 0.8233354753610083
368.0 1.3953142537931333
368.5 1.153233451387778
369.0 0.8943179234443887
369.5 1.2961270463813124
370.0 0.46403691148584914
370.5 1.3243217892754964
371.0 1.8795684911219266
371.5 1.4666056502469462
372.0 1.1156253648724346
372.5 0.4854319921479581
373.0 1.3486475759933745
373.5 1.7141370908353584
374.0 1.2546647844297647
374.5 1.8502370898486493
375.0 0.9495374867217745
375.5 1.4287845634753527
376.0 0.7955871095431413
376.5 0.5172048689523641
377.0 0.7298402313592336
377.5 1.0325632411096075
378.0 0.6273365395735274
378.5 0.9027356075800212
379.0 0.9994858896704568
379.5 0.9101931973494443
380.0 0.8524057726872076
380.5 1.206820646618155
381.0 0.4405163482136169
381.5 0.9022275292972809
382.0 0.6339803805618779
382.5 1.151891788558597
383.0 0.8529242611467596
383.5 1.0241300851278397
384.0 0.8395092348280373
384.5 0.9079513062752388
385.0 0.6238699514117897
385.5 0.8633399759951298
386.0 1.871360792188296
386.5 0.5868586602346373
387.0 0.9854535586320652
387.5 1.196157694655914
388.0 1.1270110068745738
388.5 1.7976322727487406
389.0 2.1428864506415004
389.5 0.8336120519011228
390.0 0.6417961115294173
390.5 0.5111682574289937
391.0 0.8107782307056938
391.5 0.6369205862727148
392.0 1.0787276334018556
392.5 1.4336083217873168
393.0 1.026314490975951
393.5 0.5514407207797068
394.0 1.6533776480098967
394.5 0.69207030980109
395.0 1.2208966528000613
395.5 0.5277324634920674
396.0 0.9046881574579893
396.5 1.2612807961328891
397.0 1.4418863580791723
397.5 0.4845880126622102
398.0 1.6882042162126596
398.5 0.5702589747401613
399.0 0.9703145080892268
399.5 0.7949005485822234
400.0 0.6820237443319429
400.5 1.3213567400337913
401.0 1.2544521215283408
401.5 1.7486029367933074
402.0 1.466982883761104
402.5 0.7634817898733439
403.0 0.9575256409979855
403.5 1.4363643624690403
404.0 0.9265941704965466
404.5 0.5517242584610011
405.0 0.6824704310256114
405.5 1.0138032432534116
406.0 0.48755218218397817
406.5 0.6446441321612578
407.0 0.7842364495082557
407.5 1.3945772420324936
408.0 0.889489400462527
408.5 0.21024195534579182
409.0 0.6661233768658643
409.5 1.1520691332791517
410.0 1.3311166030987667
410.5 0.7749257139529868
411.0 0.39940258254595384
411.5 1.027890354719172
412.0 1.0762570964434548
412.5 1.1724942406264973
413.0 0.880782426711172
413.5 1.3993703721580601
414.0 0.6448102070631414
414.5 2.2982506326581835
415.0 1.0995914220147633
415.5 0.7308670164143973
416.0 0.8024499250930703
416.5 0.978521736582531
417.0 0.8333593660981313
417.5 0.7030046223887179
418.0 1.0441778418318328
418.5 0.9171791440921656
419.0 0.8803906178933357
419.5 1.3954615018439938
420.0 0.2217194338816576
420.5 0.6327998321911049
421.0 0.37457278577088704
421.5 1.516236519282196
422.0 1.5004163906043995
422.5 1.1189922496535814
423.0 1.5319927673064822
423.5 0.7863055514484467
424.0 0.8710046278596222
424.5 0.9066378633945888
425.0 0.6285618383147922
425.5 0.9529678028020685
426.0 0.7658338387553199
426.5 1.1345450633784648
427.0 0.795300540028725
427.5 1.026943309387971
428.0 0.994910423868311
428.5 0.8675964080156724
429.0 1.0706233005619947
429.5 1.7848741046352594
430.0 1.3839199511247298
430.5 0.72187524092857
431.0 0.7987686496228816
431.5 0.576021361920245
432.0 0.9584653159429128
432.5 0.752178345568824
433.0 1.6234366183099331
433.5 1.8705932237279037
434.0 0.8677648336567254
434.5 1.0442074360220945
435.0 1.678725588362037
435.5 1.1843215771490627
436.0 1.2937014518594467
436.5 2.3729637108557218
437.0 0.9418353321273034
437.5 1.1324334374056435
438.0 1.22262439626273
438.5 0.9552216484165932
439.0 0.589224969543947
439.5 0.6921139384916919
440.0 0.43535072092393423
440.5 1.1014540042961725
441.0 0.4598951240249236
441.5 1.9748442287933172
442.0 0.8264530818711101
442.5 0.9858766159097778
443.0 1.1963100062917178
443.5 0.2
444.0 0.8722052518351826
444.5 0.930184267487581
445.0 1.1561537983234933
445.5 1.1016936542319016
446.0 1.7289229038899077
446.5 0.8460311973766903
447.0 1.4453914635042509
447.5 0.77543018755678
448.0 0.8466617603305934
448.5 0.571607941802998
449.0 0.8173155076260604
449.5 0.2
450.0 1.1683461090225482
450.5 0.6161391940160326
451.0 1.7493378823349865
451.5 1.3101817436617194
452.0 0.7740795366625194
452.5 0.6799513451208401
453.0 2.110136154226282
453.5 0.476400295064583
454.0 1.1109008279422947
454.5 1.1860302131457936
455.0 0.7253722186884566
455.5 1.2885620682554686
456.0 0.6208485281735823
456.5 1.3754872482291107
457.0 0.7962084071386621
457.5 0.9237070928948454
458.0 0.6223124640465953
458.5 0.7391409177119536
459.0 0.34871921994807353
459.5 0.9599639568797198
460.0 1.5531502243878608
460.5 0.6347974604097485
461.0 1.2659638012275254
461.5 1.0819900013916943
462.0 0.7988992915913844
462.5 1.148466791974346
463.0 1.8566642113105063
463.5 0.9586992469360262
464.0 0.6912537869818304
464.5 0.9344293097142101
465.0 0.9781270347530884
465.5 0.8638406733016277
466.0 0.5072380086041747
466.5 0.8237174832733183
467.0 1.0145875137130314
467.5 0.8237643107752017
468.0 1.2280179043566797
468.5 0.7806097871492375
469.0 0.8646418017733091
469.5 0.8350738204188318
470.0 1.2171963011226494
470.5 0.9793772676661326
471.0 0.6936019096145719
471.5 1.4204002337247372
472.0 0.5466287039225199
472.5 0.604613886863745
473.0 1.3319088556030094
473.5 0.8659425426359808
474.0 0.6408474586046887
474.5 1.4565918892123855
475.0 0.7842638649759607
475.5 1.0579646103686922
476.0 0.608138029322917
476.5 0.896256543831418
477.0 0.9790639857356926
477.5 1.4912098243921723
478.0 1.3312461996478095
478.5 0.991326655906012
479.0 1.0341931104887414
479.5 1.1387160808360641
480.0 1.1768248333449898
480.5 0.9382183608205976
481.0 1.1280389105312092
481.5 1.0987833644761076
482.0 1.0342009001010715
482.5 0.9261369863639615
483.0 1.0335776782741197
483.5 0.7459838831012051
484.0 0.38139769104551624
484.5 0.6760906596243746
485.0 1.1331952585651672
485.5 0.5465417238039229
486.0 1.079223670354363
486.5 1.4677990739219977
487.0 0.7066664937101816
487.5 0.8322198288141189
488.0 0.7090659639018346
488.5 0.592355376386367
489.0 0.9451660965866454
489.5 0.9702316467564047
490.0 1.006285863318205
490.5 0.7318006840437761
491.0 0.9803792198739654
491.5 1.3862177038174646
492.0 0.7522156006201943
492.5 1.1043003501387094
493.0 1.9195147190498223
493.5 0.5876308730681579
494.0 0.7781603485620082
494.5 1.3378477106192703
495.0 0.8748846663489798
495.5 0.9345705825260281
496.0 1.010661250321529
496.5 1.1754467307024745
497.0 1.0248516111887
497.5 1.0296893328407992
498.0 0.3742412343704919
498.5 0.8650220739380052
499.0 0.7781771691887165
499.5 0.809126272737419
500.0 0.6921210070882675
500.5 0.9445977941648738
501.0 1.0242045406023008
501.5 0.7920639387623658
502.0 1.3376222713056158
502.5 1.1049869577807656
503.0 1.8696194487044164
503.5 1.0608157569446162
504.0 1.601617079882324
504.5 1.1183332384633808
505.0 0.8028064583868322
505.5 0.612291578977326
506.0 0.8769778955115983
506.5 0.8856057486199039
507.0 1.0214019589636196
507.5 1.065484920114216
508.0 1.4033901624198484
508.5 0.7026108511110295
509.0 1.067008405922699
509.5 0.8077178904188868
510.0 0.9713224366132444
510.5 0.6717470932372221
511.0 0.6912915277725814
511.5 0.909209211050594
512.0 0.45292286204885657
512.5 0.7453993237513425
513.0 0.5216868245026054
513.5 0.37303723349895945
514.0 1.0421084760919648
514.5 0.7176715751083576
515.0 0.9113174638731929
515.5 1.101287748472317
516.0 1.4172160584092846
516.5 0.8381562485294632
517.0 0.8357345018304199
517.5 0.6567055291847548
518.0 1.13185094863183
518.5 1.18547028092248
519.0 0.6409338098174215
519.5 0.8977742084153518
520.0 1.424361638416885
520.5 0.33718281801474503
521.0 0.5637328983321106
521.5 0.9839998589744035
522.0 0.7080037997368553
522.5 0.7842256233237226
523.0 0.4534058093580009
523.5 1.2224054471852823
524.0 0.703147427321931
524.5 0.7858371325240324
525.0 0.9860910021544238
525.5 0.8631830667547686
526.0 0.6330403698920495
526.5 1.0300707357700567
527.0 1.2323906166662526
527.5 0.5560489079745082
528.0 1.1563759700605503
528.5 0.5422507639439929
529.0 1.0366780445737838
529.5 0.5782434627082079
530.0 0.5872126476252877
530.5 1.1749998972106188
531.0 0.9252536466801292
531.5 0.6168412480168375
532.0 0.6348340772738973
532.5 0.7746130778277278
533.0 1.037737092680922
533.5 1.1077234138010632
534.0 1.310047697671917
534.5 0.858110122326375
535.0 1.1216206858616922
535.5 0.376753977334952
536.0 1.005228934688339
536.5 1.5354385028544586
537.0 0.27433907585946316
537.5 0.893124849990723
538.0 1.0252671888998903
538.5 1.5610113671380241
539.0 0.7344096336991488
539.5 1.1551789602990938
540.0 1.6767135838472131
540.5 1.3048655272474021
541.0 1.4547327927164388
541.5 0.959179758105641
542.0 1.8708251952197479
542.5 1.3235549653928786
543.0 0.22422205378735893
543.5 0.648067630957398
544.0 1.085144543332886
544.5 0.9982099639589528
545.0 0.7473348437181733
545.5 0.8296070065127
546.0 0.9849739230970622
546.5 0.6832231787808054
547.0 1.9742624030727547
547.5 1.477281795689969
548.0 1.8885892039904557
548.5 0.8263116844423507
549.0 1.0968936714431288
549.5 1.1508254378141178
550.0 1.25506902933239
550.5 0.5296843622131668
551.0 1.1578105795761189
551.5 0.93062267406314
552.0 1.4205323123031532
552.5 1.179541057892886
553.0 0.6486481681686688
553.5 1.9107156562117846
554.0 1.0640699115603214
554.5 0.8128114740252723
555.0 1.0445936971652428
555.5 0.3940807110865493
556.0 1.077792768127145
556.5 0.6427850646357357
557.0 0.5756879164252239
557.5 0.6415133043957983
558.0 0.7332156224983779
558.5 1.31209045452831
559.0 1.39332886992714
559.5 0.8270660732158763
560.0 1.2637015157488314
560.5 0.9250670818472848
561.0 1.3772717541945738
561.5 1.1764953362344683
562.0 0.8168484565600946
562.5 0.9481052039412282
563.0 1.1121364796397308
563.5 1.0898545308248182
564.0 0.843701138675375
564.5 0.7376125589550973
565.0 0.9789304222400267
565.5 0.8692326046513144
566.0 0.46900488504566723
566.5 1.3692522261870506
567.0 0.6960924551821335
567.5 0.38212029091137
568.0 1.8832043342514426
568.5 1.0527119576160926
569.0 0.4202668550126156
569.5 0.7433707738733375
570.0 0.7798061998875501
570.5 1.2864864166733985
571.0 0.960288364060981
571.5 1.6034312047706523
572.0 0.6277137595126778
572.5 1.629808183679203
573.0 1.3934186304933687
573.5 1.1189652941579604
574.0 1.7104400355979121
574.5 1.1168737804074973
575.0 0.7977061185061102
575.5 0.7186324628421985
576.0 1.097107964508143
576.5 0.7591081768438741
577.0 1.2466919286141889
577.5 1.16142471877097
578.0 1.2022705819635853
578.5 1.3107649858498014
579.0 0.8468631073107086
579.5 1.1152825871366496
580.0 1.5859637693419404
580.5 0.663150524137657
581.0 1.086799053554031
581.5 1.2664245764361644
582.0 0.9341090463001577
582.5 0.5690212606865055
583.0 1.7980762697557018
583.5 0.7458365975814172
584.0 0.9078629267344902
584.5 1.8110184545774994
585.0 0.993658611309593
585.5 1.0273137167607234
586.0 1.31263462608017
586.5 1.3723896992386806
587.0 1.404927276867057
587.5 0.6476003327953831
588.0 1.2755331078564995
588.5 0.7445573214785292
589.0 1.328900245708767
589.5 0.8996216942914846
590.0 1.0701573992810118
590.5 0.48440376889348447
591.0 0.8546992318748469
591.5 1.423773140320598
592.0 0.6440296192429489
592.5 0.9922379966845615
593.0 1.0709363875338014
593.5 1.3843604348491136
594.0 0.918567213287847
594.5 1.0850585129992019
595.0 1.8393297231130128
595.5 1.0626197314104742
596.0 1.7063202970550893
596.5 1.1100756295310275
597.0 0.6621758912247082
597.5 1.6533739677169619
598.0 0.8588505833448508
598.5 1.0167616041535252
599.0 1.6072212697789494
599.5 0.42138552497137793
600.0 0.5899790291465534
600.5 0.7352543547250603
601.0 1.2656459797471835
601.5 0.82297206095565
602.0 1.058710760567645
602.5 1.378724394841735
603.0 0.6170482567928087
603.5 0.8622437816016144
604.0 0.8721678004835365
604.5 1.3722231950044175
605.0 1.0964124336763867
605.5 1.2251032297119346
606.0 0.9028625455044843
606.5 0.9787593078386319
607.0 0.824472391776858
607.5 0.5280361135463708
608.0 0.8396511183158708
608.5 0.47414627570720713
609.0 0.6955902986467879
609.5 1.5301326212422421
610.0 0.8589453889286259
610.5 0.46426488593260573
611.0 0.7863241546758496
611.5 0.7476432251257666
612.0 1.5700184099307073
612.5 0.6797641429609742
613.0 1.066159959293109
613.5 1.3129925189688603
614.0 0.4014422394262648
614.5 1.9987860109811248
615.0 0.8922690281478374
615.5 1.0372877292518718
616.0 0.874005964695216
616.5 0.8703826060608211
617.0 1.0585854084288702
617.5 1.2794495509885992
618.0 1.5528386578166713
618.5 0.4055472097488846
619.0 1.10756052878799
619.5 1.7369588187654572
620.0 1.1649275895090017
620.5 0.895734932677724
621.0 1.5448076057998663
621.5 0.8923612592583108
622.0 0.7564266363396699
622.5 1.2573678815906355
623.0 0.7116308230249332
623.5 0.5684585734724412
624.0 0.8204247827359017
624.5 1.5078724717612175
625.0 0.8946979923276608
625.5 0.7395514142429903
626.0 1.1029677661402801
626.5 1.1324207094802974
627.0 0.4272060162361241
627.5 2.1286354747588474
628.0 0.5405101713574105
628.5 0.4145126867145591
629.0 1.1725749937324739
629.5 1.1183131799161004
630.0 0.851293229213889
630.5 0.7092447404659672
631.0 0.9817248689281853
631.5 0.6432640861412816
632.0 1.308467710997761
632.5 0.7775578560631368
633.0 0.9595782378311226
633.5 0.7327174111615871
634.0 1.0269059015386408
634.5 0.6114486687203013
635.0 1.2770988451819423
635.5 1.2875137312543528
636.0 1.2923407533021425
636.5 0.4996657531293025
637.0 1.1829552123817602
637.5 1.4744811978844456
638.0 1.523669692233557
638.5 1.330698670130205
639.0 0.6413310431995252
639.5 1.2648507505879496
640.0 1.2211958540780479
640.5 1.3682746117039866
641.0 1.1889551260720612
641.5 1.14102536102713
642.0 0.7187159927607223
642.5 1.0062675582943432
643.0 0.9374912251976413
643.5 1.1337419303736125
644.0 1.2554356578919874
644.5 0.8321212831726031
645.0 0.4482633154036678
645.5 0.9362024954859826
646.0 0.7877674145521906
646.5 0.9541734040717416
647.0 1.254197763575779
647.5 0.7765582774397428
648.0 0.5488447026502631
648.5 1.5672100059376954
649.0 0.7452547329185131
649.5 0.8616518768387601
650.0 0.946428150646292
650.5 0.8659025033486775
651.0 0.968571996495506
651.5 0.6884665029474578
652.0 1.51958597191547
652.5 1.1352443281720705
653.0 0.6454389506537531
653.5 1.4792055368869734
654.0 0.5465555843070407
654.5 1.9521189477150003
655.0 0.8879926454581714
655.5 0.8840680043673582
656.0 1.6416386337427735
656.5 1.0596711133995311
657.0 0.8280113234686151
657.5 1.1830391635051618
658.0 2.5906412713851306
658.5 1.0734297014272651
659.0 0.5437621595639144
659.5 2.1597485436881745
660.0 0.8912785390568356
660.5 1.7067939127829321
661.0 1.2909721274592059
661.5 1.2982856078901497
662.0 0.6078652365771304
662.5 0.4657808292005965
663.0 0.966437765024654
663.5 1.383923305997593
664.0 1.6007858954913177
664.5 1.0266586762454801
665.0 1.4970555485452304
665.5 1.2935529037778897
666.0 1.3318165373172939
666.5 0.6620303149879481
667.0 1.7326955507528492
667.5 1.1661322307728037
668.0 1.1250710231661172
668.5 0.8398905876748834
669.0 1.4510184630674352
669.5 1.1874689520852755
670.0 0.6479623261912038
670.5 0.8368968312709879
671.0 0.9022376915649446
671.5 1.1563809282998025
672.0 0.8726760487319365
672.5 1.379757577799769
673.0 1.6198558048169667
673.5 0.9974868199659273
674.0 0.674915953604632
674.5 1.0333014498666078
675.0 0.7801826392473721
675.5 0.999924981705099
676.0 1.0086128754843704
676.5 1.0986200822927905
677.0 1.6153556353769134
677.5 0.818875841296424
678.0 1.04804994001439
678.5 1.1463099345149983
679.0 1.415173626171418
679.5 0.7593359297381017
680.0 0.6854332797529579
680.5 1.1377381222492988
681.0 1.0730993987101654
681.5 0.30206691945867137
682.0 0.9304722929158202
682.5 0.38143609816047597
683.0 1.0267539971072666
683.5 0.6578213371054753
684.0 0.9515538303226393
684.5 0.6202839858240444
685.0 1.2905585264715969
685.5 1.3978142434496075
686.0 0.7764550127982774
686.5 0.6669766565518753
687.0 0.38569447065680107
687.5 0.8184126346010949
688.0 0.6933453751645872
688.5 0.49102414974997555
689.0 1.3710924737541532
689.5 0.8306332406661296
690.0 0.27961682657292797
690.5 1.1038953715513156
691.0 0.7201705046391824
691.5 0.5885110886901008
692.0 0.5121865937639567
692.5 0.2
693.0 1.3550296856264037
693.5 0.7831912222716806
694.0 1.1512710735284948
694.5 1.1400741901412572
695.0 0.640115797126241
695.5 1.2306877261476163
696.0 0.9080792086711671
696.5 0.9719085718668028
697.0 0.8353423676765034
697.5 0.9809071372719759
698.0 1.5082859600054914
698.5 0.9013005695978287
699.0 1.7118287683244464
699.5 0.7219006441893128
700.0 0.899691729276918
700.5 1.0914036426742963
701.0 0.9862001193517912
701.5 0.7285020314661799
702.0 1.051344197517817
702.5 0.4302759813890161
703.0 0.6194290965747712
703.5 1.422307377566678
704.0 1.4187156752562617
704.5 1.30391135750598
705.0 0.7656091870735112
705.5 0.9426927530367926
706.0 0.7938403363739193
706.5 1.2671044252002477
707.0 0.9300125258119829
707.5 0.8737973551222584
708.0 0.34193861479638354
708.5 0.7886134458464414
709.0 1.6578785131893534
709.5 0.755897727291926
710.0 0.9998794955540448
710.5 1.1949372674794008
711.0 0.6575452252650285
711.5 1.7948958163649815
712.0 0.6734304282857445
712.5 1.4089522701436246
713.0 0.9604450219442768
713.5 1.1679939704845328
714.0 0.6870444835141125
714.5 0.7133934333105595
715.0 1.343335014313106
715.5 0.5457624769373695
716.0 0.7210034101172846
716.5 0.6494486850068772
717.0 1.8313350183117652
717.5 0.3010824103342087
718.0 1.4083970066235219
718.5 0.8210894949208191
719.0 0.564604073209569
719.5 0.6818746375114537
720.0 1.4302759347201004
720.5 1.1511458118309894
721.0 0.6822612893538103
721.5 2.5587430019911435
722.0 1.6590796382317956
722.5 1.7679270104616416
723.0 1.145484260770758
723.5 1.0116444360367969
724.0 1.7960861394232253
724.5 1.0724105236507597
725.0 1.5145768896073322
725.5 0.6432338536507854
726.0 0.7200181656864053
726.5 0.757459956791468
727.0 1.2904498343534094
727.5 0.7312961249724056
728.0 1.5388253024438736
728.5 0.9001551048726921
729.0 1.1036118803303663
729.5 1.3097031799579546
730.0 0.7528199630519012
730.5 1.1302544092284035
731.0 1.2008334492860917
731.5 1.168332572897764
732.0 0.4675894836948675
732.5 1.244751113330678
733.0 0.6501630007484995
733.5 1.3383800427234254
734.0 1.2566315120616345
734.5 1.115973177332224
735.0 0.7279824315604202
735.5 0.27838850368785084
736.0 1.6320029867646102
736.5 1.15513483367168
737.0 1.0394658648301225
737.5 0.6609096303151754
738.0 1.0656017615520015
738.5 0.8909164556782467
739.0 0.9210461101250816
739.5 0.6695691046906356
740.0 0.8277889275320565
740.5 0.8618632360662186
741.0 1.1069875026690967
741.5 1.6991754014958635
742.0 1.730182955126061
742.5 1.0849743275319137
743.0 1.002755433174296
743.5 0.6032920688920755
744.0 1.1358282238750785
744.5 0.6188596094258563
745.0 0.8380096525883449
745.5 1.5339704911651104
746.0 1.3311535144773456
746.5 1.213035891712687
747.0 1.3770039100135223
747.5 0.9541148715986401
748.0 1.13745637039341
748.5 1.1750508593406295
749.0 1.0234778866841099
749.5 1.3062441298178975
750.0 0.8436365334348774
750.5 0.8797929093525073
751.0 1.710759349202077
751.5 0.6878466094605455
752.0 0.742502746782068
752.5 0.7027072351765762
753.0 0.874708096236477
753.5 1.1895147812176237
754.0 0.8802173192928456
754.5 1.778552779567116
755.0 1.557170747246169
755.5 0.9660683795241196
756.0 0.5658037424910387
756.5 0.5275792809957556
757.0 0.8278266458776622
757.5 0.8125463269218611
758.0 1.6871249815731293
758.5 0.5844251373885427
759.0 0.7411938521528421
759.5 0.8050432330617665
760.0 1.3799699447617906
760.5 0.7687466771860664
761.0 0.8877328878219215
761.5 0.5066663463468415
762.0 0.806697265453409
762.5 0.8534751306059527
763.0 1.2292005989292387
763.5 0.8770315486197036
764.0 1.0374661695555538
764.5 0.7871996818526293
765.0 1.1125787761356107
765.5 0.6579251913760079
766.0 0.9982606847794184
766.5 1.6211254661759187
767.0 0.5978267935836549
767.5 0.78359118144756
768.0 1.4672291754243307
768.5 0.7164846047929019
769.0 1.184648965127363
769.5 1.4578960977895434
770.0 1.0269804694653164
770.5 1.6361783237895913
771.0 1.0006452260009624
771.5 0.7470429390976718
772.0 1.522881019863398
772.5 1.4560059883571763
773.0 0.6897749242593509
773.5 1.5480395825475808
774.0 0.7656818905441981
774.5 1.1241749028081234
775.0 0.7350879116185791
775.5 0.6449079155819549
776.0 1.5126429351809763
776.5 0.6052436693629168
777.0 0.9131185370600581
777.5 1.0887117442112693
778.0 0.9455598141700385
778.5 0.6287364836704032
779.0 0.7893165300657876
779.5 1.421532075648944
780.0 0.6343561365003907
780.5 1.3858703903632363
781.0 0.9535433874948326
781.5 0.989827708044579
782.0 1.200479052692235
782.5 1.1397993594594669
783.0 2.414550356439935
783.5 0.7836598093367513
784.0 0.7334155667509255
784.5 1.7994021667640032
785.0 0.9313576148041203
785.5 1.0642713532072439
786.0 1.4841236846290897
786.5 0.887721600196253
787.0 1.3258855743879856
787.5 0.782671330976972
788.0 1.0648007778149102
788.5 0.6014169839048863
789.0 1.0495921645913882
789.5 1.1417354077226651
790.0 1.0917869756552792
790.5 0.4490432361947422
791.0 1.0900732102705217
791.5 1.161124513658163
792.0 0.9579658547505422
792.5 1.0703945983429657
793.0 1.0436520331646932
793.5 0.8426606746010399
794.0 0.8008780392818513
794.5 0.647008531897105
795.0 0.6812853235870826
795.5 0.8966980598380025
796.0 1.108050160152859
796.5 1.0106871850354169
797.0 1.1531262670134557
797.5 0.8193807848313129
798.0 1.5937771089952664
798.5 1.1931310528608905
799.0 1.6870883471756248
799.5 0.9138991552467637
800.0 1.3027120600925133
800.5 0.8199361286086455
801.0 0.6765638022744718
801.5 1.133458056790905
802.0 1.9395813648662474
802.5 1.025451061235401
803.0 0.755578143401703
803.5 0.8486639464376914
804.0 0.798368623133987
804.5 1.18581695629541
805.0 1.2952968673251855
805.5 1.0285746760997605
806.0 1.555966433446704
806.5 1.216094621764916
807.0 1.106785521966596
807.5 0.2
808.0 0.8659041797925353
808.5 1.8871908093663725
809.0 0.5069738629626477
809.5 1.1090308297897464
810.0 1.358708210944092
810.5 1.4582114120886385
811.0 1.0738935634962505
811.5 1.4472334005435847
812.0 0.8673702371427247
812.5 1.8293696672215738
813.0 0.514931998695135
813.5 0.9559362232527319
814.0 0.5226356986617919
814.5 0.7977016531891602
815.0 0.6767554554409796
815.5 0.9881196398334255
816.0 1.1999256194519163
816.5 1.4508696273577915
817.0 0.8410130825941378
817.5 1.2084650294595323
818.0 1.239598961969826
818.5 1.417155326674861
819.0 0.4424798133773185
819.5 1.1544840395501312
820.0 1.4324674158045299
820.5 1.0023832202238596
821.0 0.5367503411663792
821.5 0.7925136841393721
822.0 1.191524894802007
822.5 0.9894180203014419
823.0 0.7858516301479397
823.5 0.7087325253229668
824.0 1.2353673932647191
824.5 1.0667622043169458
825.0 1.3714497404533939
825.5 0.5623032556848004
826.0 0.8902038441842964
826.5 1.0102459479811552
827.0 1.012828451499959
827.5 1.2773206733898392
828.0 1.1897808640472687
828.5 0.570783296403194
829.0 0.934399089108675
829.5 1.1776056968358073
830.0 0.7931077239841436
830.5 1.3532588267940417
831.0 0.8654528614717028
831.5 0.7118473343803038
832.0 1.2785682115329846
832.5 0.817519207990365
833.0 0.7159482509419222
833.5 1.325557927997187
834.0 1.1339402691150111
834.5 0.7937047934236575
835.0 1.4292392088023709
835.5 0.6961970253703462
836.0 0.8214004496670131
836.5 0.9423007118270834
837.0 0.620985630664459
837.5 0.8819587414335751
838.0 1.0392605142049423
838.5 0.6384505512384845
839.0 0.930661583316269
839.5 0.9706869248491423
840.0 0.947642879424323
840.5 0.7437314478885159
841.0 1.4447719072083602
841.5 0.8277124664935767
842.0 1.3215851264567924
842.5 1.116984031507981
843.0 0.2
843.5 1.754946933238791
844.0 0.8350276548095543
844.5 1.0251427938705358
845.0 1.900449829813128
845.5 0.8185117195116005
846.0 1.1305398698557523
846.5 0.8499094237154278
847.0 1.6176687359490738
847.5 1.1820741738900942
848.0 0.9541240504996389
848.5 0.32156856755184726
849.0 1.201552116873127
849.5 0.8044113290457232
850.0 0.6445392787545644
850.5 0.7382000877668118
851.0 0.9599550588096283
851.5 0.39641615416754117
852.0 0.7011956033537221
852.5 1.8608024372141343
853.0 0.9816555612841932
853.5 1.1298055899961157
854.0 1.8604890641906877
854.5 1.8005473015992641
855.0 0.47211178975776213
855.5 0.40958932526110337
856.0 0.90038861752371
856.5 1.2335376022996427
857.0 0.7717177553463292
857.5 0.9734283211176409
858.0 0.9768356187116651
858.5 0.92227864702521
859.0 0.710349633887176
859.5 0.9930278582379158
860.0 0.41469384492349637
860.5 1.2507481532002043
861.0 1.0374030067915472
861.5 0.9591011287432678
862.0 1.2656627905084687
862.5 0.9833558610196189
863.0 1.211552754214754
863.5 0.6429595326796027
864.0 0.961582059379558
864.5 1.113581091585273
865.0 0.9809404054765899
865.5 0.9808299137484083
866.0 1.184534501913169
866.5 1.7481143541790902
867.0 1.1879857807831846
867.5 1.349863792185329
868.0 0.9558626974466415
868.5 0.8827079298645817
869.0 1.2903839566712076
869.5 0.9831094703200248
870.0 0.7978568408182332
870.5 1.200024979985361
871.0 1.1088089775487766
871.5 1.2807573477335126
872.0 1.2831652957144541
872.5 0.663160136796026
873.0 1.4663367629327424
873.5 1.1579304568874842
874.0 0.5052957382045147
874.5 1.5495322339744289
875.0 0.789003574502442
875.5 1.1600080938079609
876.0 1.0650920133182251
876.5 1.5645174504294164
877.0 1.2494089302452784
877.5 0.6361823668743605
878.0 1.0502371082639699
878.5 1.3704502290965865
879.0 0.35862526197691347
879.5 0.7049552161911768
880.0 1.302146114158265
880.5 0.835664105542384
881.0 2.3168136025073176
881.5 0.9170401104745765
882.0 0.9037851086058701
882.5 0.8698060652505755
883.0 0.7035533425608435
883.5 1.5925746774644323
884.0 0.610077837482363
884.5 1.4070157804362327
885.0 0.7408795889384236
885.5 0.7437665759180822
886.0 0.5090647102405185
886.5 1.1884231573472568
887.0 1.035982723847851
887.5 1.0633466280016335
888.0 1.2286014600788966
888.5 0.9049968507712277
889.0 0.9016309469886824
889.5 0.5178439785340736
890.0 1.7778324858773922
890.5 1.9503981689172436
891.0 0.980528197388572
891.5 0.7287301942110738
892.0 1.0561619217583682
892.5 0.9393580094374099
893.0 0.8430760424318953
893.5 0.6393412397179111
894.0 0.7991622038182372
894.5 1.7365015867538949
895.0 0.7656733106510478
895.5 1.3770818874218393
896.0 0.9752828855649496
896.5 0.6527556503091458
897.0 0.836680138195814
897.5 1.1972472224245667
898.0 1.0942529331250685
898.5 1.2333388009175668
899.0 1.0942797321429263
899.5 1.458958036035877
900.0 1.6634069149071968
900.5 0.8583571777934067
901.0 1.3321850439270722
901.5 1.177573580807886
902.0 0.7608016192266379
902.5 0.6519935507232897
903.0 0.8591241209931602
903.5 1.243189640787541
904.0 0.6931743789144619
904.5 1.7754640157336232
905.0 0.9489875510354959
905.5 1.4220365898316119
906.0 0.9795388033529164
906.5 0.6711811606273418
907.0 1.2759935638016446
907.5 1.2476213384443202
908.0 0.5886117983997459
908.5 0.6161585864651958
909.0 1.184975563275143
909.5 1.442369118768676
910.0 1.1039476605730905
910.5 0.9099562510938718
911.0 0.4915161689417974
911.5 1.5079908066061418
912.0 0.777454311813766
912.5 1.341380169738743
913.0 1.09243371339259
913.5 1.2385829323040727
914.0 1.06724213203614
914.5 0.7554883535474826
915.0 0.9750781164993806
915.5 1.408462255528907
916.0 1.991907952958225
916.5 0.5806291605524906
917.0 1.1216285661664926
917.5 1.4125669648160741
918.0 1.3723533785497835
918.5 1.3952897385491658
919.0 2.1637441108401605
919.5 0.8169530663654684
920.0 0.640458925743586
920.5 0.594306304657692
921.0 0.975211612074594
921.5 1.1830575544317081
922.0 1.0017253117606169
922.5 1.388648396025483
923.0 0.7117387643140722
923.5 0.8278674837695081
924.0 0.8695019911299793
924.5 1.6198199752044617
925.0 1.3847006632274979
925.5 0.3385752576547765
926.0 1.3019776188523156
926.5 1.4599480105748928
927.0 1.074635074894759
927.5 2.101960067700297
928.0 0.886740081843747
928.5 0.5983410239184398
929.0 1.119432380678616
929.5 1.4973997642955386
930.0 0.5482307837139593
930.5 1.4962664354520885
931.0 1.0354701847222634
931.5 0.6957493480383086
932.0 0.8683588150636081
932.5 0.9371774728707619
933.0 1.3281261700691753
933.5 1.0159508718311638
934.0 0.9221827413939832
934.5 1.0466485941918593
935.0 0.9356678086058051
935.5 0.45825254407008026
936.0 0.8200900408855334
936.5 0.707740992113987
937.0 0.8049805991001557
937.5 1.0770525338535264
938.0 1.4300683565999335
938.5 2.088121043066549
939.0 0.7183472353638634
939.5 0.8001055876156216
940.0 0.7200639551924907
940.5 1.2012024193282955
941.0 1.7141842598582793
941.5 0.8267644811575756
942.0 0.8275258142956989
942.5 1.3119278256002702
943.0 1.8406914997560748
943.5 1.2738731964598609
944.0 1.3933424491410622
944.5 1.1798500166753372
945.0 0.9769010209343401
945.5 0.7850108479626039
946.0 0.6600375610316289
946.5 0.6702905003341428
947.0 0.8601960357167684
947.5 1.0004052092740638
948.0 2.01055720012191
948.5 1.2206836764766122
949.0 1.1524610458346696
949.5 0.77740789988973
950.0 1.372731668685709
950.5 0.9163715171742128
951.0 1.1094799400227149
951.5 1.388374805368273
952.0 1.3346803314864308
952.5 1.0201353743919714
953.0 0.983728231039436
953.5 1.137915518384776
954.0 1.1549984805442381
954.5 0.7037342612334152
955.0 0.8689950980899002
955.5 0.7688601383538418
956.0 1.1432175086544398
956.5 1.8384912255572026
957.0 1.012861200017535
957.5 1.5308019635597048
958.0 0.9510225716893298
958.5 1.0092961098964983
959.0 0.9590644294817815
959.5 1.5246834943560308
960.0 1.065274679137791
960.5 0.8841416317091323
961.0 1.4378689376435037
961.5 1.3518842869429792
962.0 0.2
962.5 2.4002052478135676
963.0 2.3532794682745695
963.5 1.4201156152475187
964.0 0.9875266244432223
964.5 1.7663285830703934
965.0 0.5101416192816239
965.5 0.9962357368744647
966.0 0.7680748384164222
966.5 1.7414662570283006
967.0 2.2037943688414505
967.5 1.222426565033738
968.0 0.6638676892651776
968.5 1.319437318058914
969.0 0.7280781295298904
969.5 1.0956960872484558
970.0 1.3589947130743727
970.5 1.0800420276448242
971.0 1.0108736868370227
971.5 1.396043461519537
972.0 1.68457594337392
972.5 1.1788879895545596
973.0 1.121819661838743
973.5 1.957203115471053
974.0 0.3995793396209364
974.5 1.4726239157494194
975.0 1.9471274499414797
975.5 1.3214079782429824
976.0 0.9255645152220691
976.5 0.5279531994161684
977.0 1.0367179713036996
977.5 0.5430019759337936
978.0 0.8140346160846788
978.5 1.1452982883025096
979.0 1.0896898051669905
979.5 1.2029240236566359
980.0 1.0618952793566199
980.5 0.7605223184351202
981.0 1.2396838228373352
981.5 1.1337515026156109
982.0 0.7690193668944045
982.5 1.0162743341991418
983.0 1.044059704841815
983.5 1.5200338791154353
984.0 1.0269286154020771
984.5 1.2790962231397645
985.0 0.8178812582079398
985.5 1.480158573211952
986.0 1.5624737133278908
986.5 0.7980585985912659
987.0 0.6731093516545923
987.5 1.137226565488132
988.0 1.694544243846237
988.5 0.6304839848801878
989.0 1.5223536447819446
989.5 1.292074585033197
990.0 1.429135341240624
990.5 0.9996633223344982
991.0 1.0784256279992235
991.5 0.6551836575625483
992.0 0.4438566536602886
992.5 0.7163420944685197
993.0 0.9891137321273152
993.5 0.9313198196305025
994.0 1.4562598787985954
994.5 0.935074956117518
995.0 0.9602587327784637
995.5 0.9066836517646972
996.0 0.612360020337546
996.5 0.9370544427759836
997.0 1.0667704662595425
997.5 0.9246140534468502
998.0 1.3451949780495518
998.5 1.0963086210612953
999.0 1.900152718887587
999.5 0.936001313493646
1000.0 0.7625821793039016
1000.5 1.1044267996531827
1001.0 0.24745709787545866
1001.5 0.3320996229395604
1002.0 0.5886662733930118
1002.5 0.9841571657859678
1003.0 1.3195697258415477
1003.5 0.9187375872239233
1004.0 0.759835315705164
1004.5 0.840913123234801
1005.0 0.8947469583884062
1005.5 1.9086921786164632
1006.0 1.081050085164679
1006.5 0.4706517206953323
1007.0 0.6620786097708509
1007.5 1.5713651399856103
1008.0 0.7844780614745427
1008.5 1.207464648319756
1009.0 1.6571030895655134
1009.5 1.5810339412490677
1010.0 1.009045155750064
1010.5 1.4531477993567057
1011.0 0.8439858030817898
1011.5 0.4958721875395785
1012.0 0.5491955579113721
1012.5 0.5438034275565273
1013.0 0.9814381246064805
1013.5 1.3767901847950603
1014.0 1.9649790180689672
1014.5 0.826767511008027
1015.0 1.4676785875063492
1015.5 0.7908627963328281
1016.0 1.6962446788026226
1016.5 0.8177755069681002
1017.0 1.2413247160116472
1017.5 0.5926967600368742
1018.0 1.3912167589159723
1018.5 0.9096870206759391
1019.0 1.1974827960221441
1019.5 0.6997861621274422
1020.0 0.8657309353768393
1020.5 1.2555205335998418
1021.0 0.9168172914329416
1021.5 1.0173694143715157
1022.0 0.9414196774473796
1022.5 0.78441709286956
1023.0 0.6543615697940949
1023.5 0.9288992731079839
1024.0 1.0148098514472743
1024.5 0.8144199787386042
1025.0 1.304803738244296
1025.5 0.6671518935521925
1026.0 0.7084254775234604
1026.5 1.212163499779689
1027.0 0.9826130690635437
1027.5 0.829844737561704
1028.0 1.0860486158652287
1028.5 0.6179795400425835
1029.0 0.4796857890096015
1029.5 0.6511522315246807
1030.0 1.1662235944048294
1030.5 1.3520545957732095
1031.0 1.3729586956590323
1031.5 0.9440433693410293
1032.0 0.5872994129117323
1032.5 0.7117309353776398
1033.0 1.2467825216218584
1033.5 1.482804022081329
1034.0 0.748538646020276
1034.5 1.6373934062862685
1035.0 1.078879311630895
1035.5 1.2460712329399772
1036.0 0.9977454201548364
1036.5 1.1297603233679836
1037.0 1.2442290549176778
1037.5 0.6498320495821163
1038.0 0.713548763045582
1038.5 0.6163950431563879
1039.0 0.6503151331283539
1039.5 0.7661844025639255
1040.0 1.0016279211677261
1040.5 0.9721488047624871
1041.0 1.1527952751376382
1041.5 1.0357423074232597
1042.0 0.9098441127980044
1042.5 1.2078624725268765
1043.0 0.6371594880561109
1043.5 0.9426128860984748
1044.0 1.457374505060478
1044.5 1.5637901439812278
1045.0 0.48653857500920505
1045.5 0.8236624637753098
1046.0 1.5461973279911292
1046.5 1.3629370683429434
1047.0 2.3849150712161182
1047.5 0.56409899832542
1048.0 0.8094916879313907
1048.5 0.827075825244049
1049.0 0.9736400703718413
1049.5 1.1980740242018917
1050.0 1.6101346822308127
1050.5 0.8570740810917841
1051.0 0.7749749864178195
1051.5 0.9621317593852932
1052.0 1.1204408209687702
1052.5 1.7651170166855286
1053.0 0.9315680178885279
1053.5 0.5166230252549981
1054.0 0.8364154569916535
1054.5 1.3973769896402373
1055.0 0.645343582648421
1055.5 1.772371728391295
1056.0 0.4312296821731354
1056.5 1.5689167240368256
1057.0 1.0399685220839114
1057.5 1.1799445134383628
1058.0 1.4175484147575412
1058.5 1.082479739765529
1059.0 0.5761856218015351
1059.5 0.89533421828626
1060.0 0.8139154655375614
1060.5 1.7992045703126593
1061.0 1.1278805094358209
1061.5 0.7738286082714181
1062.0 0.22849906858294877
1062.5 1.0152365136869195
1063.0 0.703494760514816
1063.5 2.7004400486366085
1064.0 1.4985275373235813
1064.5 0.8498264646197369
1065.0 1.7786277580652659
1065.5 1.1049677795740143
1066.0 0.6351526714477096
1066.5 1.786041557948813
1067.0 1.0874054727973863
1067.5 0.8773723371277415
1068.0 1.3773306555796796
1068.5 1.0824856575200807
1069.0 0.6211457258320529
1069.5 0.8344044410649942
1070.0 1.0824954075056066
1070.5 0.7115213112793484
1071.0 0.7642454355549639
1071.5 0.6161499204434883
1072.0 0.49996070555552535
1072.5 1.6522526915740046
1073.0 1.5484926255245512
1073.5 0.6367139755832667
1074.0 0.9724869229209965
1074.5 0.9498033351061967
1075.0 2.046260065428828
1075.5 1.3836819540951732
1076.0 1.7127177214125684
1076.5 1.11052056568862
1077.0 0.9174344781044683
1077.5 1.3660051490721592
1078.0 1.0450282305376004
1078.5 0.8943510016817895
1079.0 1.2120330042870813
1079.5 1.5825403690306366
1080.0 1.7977016481485935
1080.5 1.967724744297123
1081.0 1.0904436650398424
1081.5 1.2180918803051743
1082.0 1.2607508892977313
1082.5 1.3241520712091908
1083.0 1.0412562549299684
1083.5 1.2121340349016476
1084.0 1.0206613093106358
1084.5 0.5993717265441709
1085.0 0.622229577121254
1085.5 1.1553772348051754
1086.0 0.999957045442552
1086.5 0.24632305462561477
1087.0 0.6765449609214469
1087.5 0.6416129286862898
1088.0 1.3987481951717489
1088.5 1.3130181562869234
1089.0 1.4860019182298125
1089.5 0.38217204008961836
1090.0 0.615190607367227
1090.5 0.9574966773174927
1091.0 0.9499225543899713
1091.5 0.8090160521103515
1092.0 1.274195309576592
1092.5 1.3880504150027146
1093.0 1.141023163596548
1093.5 1.5478516823291202
1094.0 0.4142371152595291
1094.5 1.1515799665959183
1095.0 0.9032082937955952
1095.5 1.250147489093154
1096.0 1.2587799303575125
1096.5 0.893220541156023
1097.0 0.8874577604533201
1097.5 0.7515856758045638
1098.0 1.0516580240342672
1098.5 0.7918873505464654
1099.0 0.8032467794832518
1099.5 1.1603911239066076
1100.0 0.9900290685294282
1100.5 1.611295494838049
1101.0 0.6393285197723881
1101.5 1.8426440591315387
1102.0 1.0006857570374164
1102.5 0.960925823083653
1103.0 1.0408983251281048
1103.5 0.6889410452544593
1104.0 0.8239415472471008
1104.5 1.156197494216229
1105.0 0.6391347502007703
1105.5 0.7499782106071128
1106.0 1.1541754549178014
1106.5 0.909998378986274
1107.0 0.6024205230350589
1107.5 0.7988099678829605
1108.0 1.1753996326561338
1108.5 1.5954535991642984
1109.0 0.6521632171762943
1109.5 0.6744228853792602
1110.0 0.3201038099006682
1110.5 1.2388545634795571
1111.0 1.595464122055605
1111.5 0.9661051611735462
1112.0 0.9858541510645606
1112.5 0.6170265228586664
1113.0 0.9104077139062174
1113.5 1.9190504191427968
1114.0 0.9521798787988713
1114.5 1.1061434868304922
1115.0 1.2741242153678043
1115.5 1.1112364421048213
1116.0 1.1546370447536933
1116.5 0.9911313820964561
1117.0 0.8917090364856941
1117.5 0.6294327348955533
1118.0 0.7242139070635207
1118.5 1.4637668255257772
1119.0 0.7825045368970616
1119.5 0.5019450257092373
1120.0 1.3063172250366608
1120.5 1.0175293112979196
1121.0 1.2808918670578107
1121.5 0.8530303795577739
1122.0 1.8320582338997116
1122.5 0.9770789959347018
1123.0 0.5496504967126996
1123.5 0.6501163070974089
1124.0 0.8798104132472512
1124.5 1.4833393890698658
1125.0 0.6745238138184124
1125.5 0.5843637560860447
1126.0 0.6288881441598986
1126.5 1.389584171040239
1127.0 0.9223884994503645
1127.5 0.4090355689061696
1128.0 1.055427427875516
1128.5 1.2679276901386838
1129.0 1.115173186262194
1129.5 1.2744099260433601
1130.0 1.9396765749033378
1130.5 0.9088896031944118
1131.0 0.8498015755098028
1131.5 1.0362027170985066
1132.0 1.1723321228296313
1132.5 0.6727022508422714
1133.0 1.563248225394997
1133.5 0.5057225631402266
1134.0 0.8909270800785835
1134.5 1.0617862782743528
1135.0 0.9069500249388551
1135.5 0.9770792969383316
1136.0 0.7870430758305413
1136.5 0.9498208591408206
1137.0 0.4589262397858045
1137.5 1.1525954209491351
1138.0 1.1530350028523895
1138.5 1.5976517437747364
1139.0 1.1088704672353895
1139.5 1.1974967114632604
1140.0 1.0492419742080097
1140.5 0.9133939690001431
1141.0 0.9408723794655879
1141.5 1.1631995227477059
1142.0 0.750472491318184
1142.5 0.6320050886322954
1143.0 1.025191680382285
1143.5 0.8737249363936093
1144.0 1.5859764358290356
1144.5 0.9458089959800225
1145.0 0.6251350379575177
1145.5 0.6610427391929441
1146.0 0.7727373857561847
1146.5 1.1229072346430535
1147.0 0.9843791338280002
1147.5 0.8012028349274931
1148.0 0.7521023741260915
1148.5 0.8611064992915305
1149.0 0.5963341213718502
1149.5 0.6808321328051483
1150.0 1.260014573750473
1150.5 1.2836077848464658
1151.0 1.4270227775003472
1151.5 1.3719401706293406
1152.0 0.8736935664361561
1152.5 1.297159460630698
1153.0 0.7061086078338935
1153.5 0.9812952243826718
1154.0 0.4298683049769301
1154.5 0.6152139556820102
1155.0 1.3575185941295724
1155.5 1.0413344334110275
1156.0 1.1081591054224127
1156.5 0.847635721581253
1157.0 1.413075159244439
1157.5 0.5014419945245425
1158.0 0.6101228273071753
1158.5 0.4171255451158529
1159.0 0.9513525856825787
1159.5 1.192168649440952
1160.0 0.9967312754304822
1160.5 0.9372187620038485
1161.0 0.9096433061925805
1161.5 0.7917683188310115
1162.0 1.1869104234460182
1162.5 0.6647658495635741
1163.0 0.4574178807449422
1163.5 0.6566245239117134
1164.0 0.603088665847858
1164.5 1.7175637450936398
1165.0 1.051774689004048
1165.5 0.6125853553560506
1166.0 0.7550953833437026
1166.5 1.2176798295136027
1167.0 0.963461068210753
1167.5 0.6930147143096834
1168.0 1.3812343369943898
1168.5 0.7406395806086419
1169.0 0.6876450164677207
1169.5 1.0954406512430992
1170.0 1.018676209774552
1170.5 1.769422929177137
1171.0 1.5094409394365393
1171.5 1.4136940103806275
1172.0 1.1836666098358197
1172.5 0.6960352208131716
1173.0 1.115751110627166
1173.5 1.009412556170533
1174.0 1.051326444087961
1174.5 0.9450626958841283
1175.0 0.9621543674692721
1175.5 0.5864800778764145
1176.0 0.40070573103278434
1176.5 1.15414975084314
1177.0 2.1782902823868673
1177.5 1.0036803072347125
1178.0 0.9999363418367407
1178.5 0.7310504181893815
1179.0 0.8235342542400353
1179.5 0.83689162946496
1180.0 0.7109536837303743
1180.5 1.1399047882650846
1181.0 1.0966925512797334
1181.5 0.7547832223414865
1182.0 1.1107788033177326
1182.5 0.805367396386067
1183.0 1.0306226983775506
1183.5 0.73435353337883
1184.0 1.2523164485298337
1184.5 2.0358109482558846
1185.0 1.6341763447265243
1185.5 1.586403555852101
1186.0 0.7890426145724225
1186.5 0.881276868361579
1187.0 0.7355505801488769
1187.5 1.3449608604370904
1188.0 2.536884257066955
1188.5 1.03487919275529
1189.0 0.9847672336389974
1189.5 0.768066982638738
1190.0 0.6259305072380237
1190.5 0.9221202666903681
1191.0 1.4957301152776887
1191.5 0.6637809176270666
1192.0 1.419301971614248
1192.5 0.9342346104083107
1193.0 0.8061462668103526
1193.5 1.405645564858363
1194.0 0.7180381848140516
1194.5 1.1727396236424987
1195.0 1.442770037239296
1195.5 0.6802454863139953
1196.0 1.1123347845179465
1196.5 0.7972847374163505
1197.0 0.7559639578570119
1197.5 0.6744408639867183
1198.0 0.3798236009849282
1198.5 1.3611661663646704
1199.0 1.591673408549641
1199.5 1.5479197521119965
1200.0 1.4433582816624764
1200.5 1.707011205327169
1201.0 0.6984532535111188
1201.5 1.5997580231281177
1202.0 0.7028947601950339
1202.5 1.2199832620862305
1203.0 0.9905604618956336
1203.5 0.3688697759068198
1204.0 0.8586317929836826
1204.5 0.7863188788451618
1205.0 0.7001568475841412
1205.5 0.5220046833494023
1206.0 0.9122640472878002
1206.5 1.2726559728218803
1207.0 0.3137528579235943
1207.5 0.9961690418036371
1208.0 0.9419630184870879
1208.5 0.9558204089762061
1209.0 1.1118396647571265
1209.5 0.6573827519628725
1210.0 0.8115716691580609
1210.5 0.6600727081330959
1211.0 0.8035887617858495
1211.5 0.8295641767349808
1212.0 0.7537195861220105
1212.5 1.4278608627954217
1213.0 1.5097384764314055
1213.5 1.0799821496376527
1214.0 1.5216978429155619
1214.5 1.2855112431773217
1215.0 1.9662486984726875
1215.5 0.959650677808742
1216.0 0.9735453093680163
1216.5 0.6303509619588252
1217.0 0.9712995125888153
1217.5 0.5019506768295818
1218.0 1.5464927543803746
1218.5 0.9076211603311461
1219.0 1.2312200246313492
1219.5 0.8313156667046092
1220.0 1.2053715566799712
1220.5 0.7379617440166328
1221.0 1.6571314922647864
1221.5 0.9663009120114132
1222.0 0.5279092907214904
1222.5 1.2243899668493867
1223.0 0.6414794052779675
1223.5 1.5957400507577266
1224.0 0.45775352249833773
1224.5 1.3149877414243454
1225.0 1.2143745589795252
1225.5 1.4848139194161516
1226.0 0.8241492780170152
1226.5 1.8022091167899692
1227.0 0.6384321682005458
1227.5 0.7523694220826356
1228.0 0.30199362092245885
1228.5 1.0848124955797749
1229.0 0.6864202604546543
1229.5 1.4916910721730923
1230.0 1.7617940258510534
1230.5 0.8632570988273683
1231.0 0.7687716585637485
1231.5 1.3329157255586415
1232.0 1.476837660768961
1232.5 0.8635738495775619
1233.0 1.6335387776053674
1233.5 1.1098341332449673
1234.0 0.70762258110074
1234.5 0.7318396255388475
1235.0 0.8996934963771651
1235.5 0.568001286596578
1236.0 0.5329975728232741
1236.5 1.3101979262449142
1237.0 1.9292431290708238
1237.5 1.5515801259956539
1238.0 0.9059263839511017
1238.5 0.9710969483070243
1239.0 1.3634899875665092
1239.5 1.270828555304559
1240.0 0.8973883020176152
1240.5 1.0056873331047533
1241.0 1.1947099302552764
1241.5 1.0341872611021672
1242.0 0.9484801835792016
1242.5 0.8189101321641478
1243.0 1.1239517912291102
1243.5 1.597404409728855
1244.0 0.46225564188531043
1244.5 1.1065633796161394
1245.0 1.1072787487963187
1245.5 1.4339792476157163
1246.0 0.7281982381903813
1246.5 0.8554134864411639
1247.0 1.012761731821253
1247.5 0.754516104978
1248.0 1.2667406680713562
1248.5 1.5325936220858778
1249.0 0.9677822829366165
1249.5 1.0658156968792338
1250.0 0.8943270381256246
1250.5 1.2625600261786878
1251.0 0.7690966747270187
1251.5 1.0786074502527203
1252.0 0.7798171893188118
1252.5 1.648243565008726
1253.0 0.81615261172341
1253.5 0.4878059045282749
1254.0 0.5981596651772317
1254.5 1.6257218875273574
1255.0 0.7441322615208419
1255.5 1.534479306515176
1256.0 1.74788844890928
1256.5 1.8791003979519703
1257.0 1.0631916034169357
1257.5 0.9953602271839282
1258.0 0.7907701204617423
1258.5 0.804302474469258
1259.0 1.0003593867230232
1259.5 1.115606173196551
1260.0 0.6605852584639992
1260.5 0.6425404275624228
1261.0 1.1732404115594266
1261.5 1.106350830764955
1262.0 0.8740722986535192
1262.5 0.532791617873909
1263.0 0.9559882099766719
1263.5 0.6068351161572688
1264.0 0.8931263895601422
1264.5 0.6588070026808283
1265.0 1.1165776325378078
1265.5 0.681078250476596
1266.0 0.7259570361656198
1266.5 0.8497896070926192
1267.0 0.432754467003768
1267.5 1.3730035050727758
1268.0 1.2398206983956168
1268.5 0.5535312403973593
1269.0 1.0160257854791852
1269.5 1.4731380627246542
1270.0 1.0031512906749653
1270.5 1.7896068245852268
1271.0 0.7588754551862826
1271.5 0.8113859623655237
1272.0 1.2076301390299147
1272.5 1.6511508717503705
1273.0 0.799581591925389
1273.5 1.582562407409204
1274.0 0.811784957779616
1274.5 1.3177712332249314
1275.0 0.9824760603783775
1275.5 1.053233113138718
1276.0 0.47775396031721196
1276.5 1.3341859800451654
1277.0 0.4790346885467841
1277.5 0.9716365238373412
1278.0 1.39917451303406
1278.5 0.7186054361430676
1279.0 0.9208157054613961
1279.5 0.7918655432691368
1280.0 0.8496242918518508
1280.5 1.0053644526333108
1281.0 0.6580648688882857
1281.5 2.721547705611131
1282.0 1.1977041960121393
1282.5 0.8438046649272639
1283.0 1.0909919267461845
1283.5 1.2202599236215936
1284.0 1.100665882476417
1284.5 1.154844664818179
1285.0 0.8623764808808776
1285.5 1.0292641725113985
1286.0 1.4342145497750085
1286.5 1.5972213358260294
1287.0 0.8993331731053261
1287.5 0.6937824961080634
1288.0 1.3113178034540742
1288.5 0.7946669329059781
1289.0 1.6722198395731382
1289.5 1.102891728679289
1290.0 1.0214896897813266
1290.5 1.1041380993840941
1291.0 0.9039423302020516
1291.5 1.1163859705018164
1292.0 0.8608235658727663
1292.5 1.1589570591035492
1293.0 0.6962801526214387
1293.5 1.0903325113736029
1294.0 0.8967975030730942
1294.5 1.2885592631527976
1295.0 1.1752041917204998
1295.5 0.8590584373546468
1296.0 0.8293453164356908
1296.5 1.23517599155264
1297.0 1.1438503357183318
1297.5 0.9168165994032909
1298.0 1.213337911230496
1298.5 1.1116790235460732
1299.0 1.4444783444261726
1299.5 0.9851559368496665
1300.0 1.536010480425936
1300.5 0.8743261587871345
1301.0 1.490735786970707
1301.5 1.4329742276393422
1302.0 0.6032182558815025
1302.5 0.700374594710836
1303.0 0.9747960999653922
1303.5 0.5976835570364257
1304.0 1.629243887281866
1304.5 0.7147931183750587
1305.0 0.784695736638668
1305.5 0.8300728883579997
1306.0 0.6548475797267304
1306.5 0.8451580794495571
1307.0 0.6730617984809395
1307.5 0.9621296907058221
1308.0 0.9012391083052007
1308.5 1.257213865172648
1309.0 0.714146597273726
1309.5 0.5006446268267332
1310.0 1.993909364236932
1310.5 0.8726569191566717
1311.0 1.189921985722683
1311.5 0.7543378095038382
1312.0 1.2124057895656046
1312.5 1.2224154057386998
1313.0 0.7986227295150119
1313.5 2.1542480099824006
1314.0 0.7831055798762507
1314.5 0.6905867945949167
1315.0 0.8095794850247956
1315.5 0.7760731603450517
1316.0 1.5044504754426187
1316.5 1.5480063696155941
1317.0 1.0989614196896627
1317.5 0.5279802514539857
1318.0 1.172829275459937
1318.5 0.24584746193720852
1319.0 1.4000968035896393
1319.5 0.7118799669161717
1320.0 0.7217205323484466
1320.5 1.453398281853552
1321.0 0.7512628412366962
1321.5 1.066974223640829
1322.0 0.6123338534796632
1322.5 0.9278028245048413
1323.0 0.6210910053987058
1323.5 1.0436415138805002
1324.0 0.53494666570551
1324.5 1.343881581216965
1325.0 2.2753266932975555
1325.5 0.8972538696204946
1326.0 0.8651428586045729
1326.5 1.814581946590863
1327.0 0.8014588450479228
1327.5 1.2361610663622793
1328.0 0.7846765458290095
1328.5 1.2358969106620745
1329.0 0.8223406135532314
1329.5 0.8701641052791095
1330.0 1.005445756129264
1330.5 0.7857347787711673
1331.0 1.026186612236067
1331.5 1.4348788847215568
1332.0 1.2515700325966015
1332.5 1.4355494899678978
1333.0 1.51986874574039
1333.5 0.794932650659598
1334.0 0.4913715706330599
1334.5 0.7791723329265592
1335.0 0.8070921903342517
1335.5 0.6497618189715944
1336.0 1.1574144418647392
1336.5 1.5855260479463489
1337.0 1.0623115332590105
1337.5 0.6790104463817079
1338.0 0.8660038185914618
1338.5 1.5323691596919091
1339.0 0.6237094197554525
1339.5 1.13181912936694
1340.0 0.6787438825191663
1340.5 0.7910052426670242
1341.0 1.1205367631869882
1341.5 1.6060595533466975
1342.0 0.9063907721480913
1342.5 1.0614477057641816
1343.0 1.652031754562608
1343.5 0.4199215464356354
1344.0 0.8991757509005605
1344.5 1.0302186665110133
1345.0 0.6689306557641952
1345.5 0.6937526995959653
1346.0 1.0785445597427183
1346.5 0.7816659675491794
1347.0 2.0964381197218143
1347.5 0.6577354252450507
1348.0 0.7772378930193501
1348.5 0.7648175707946864
1349.0 1.1151230577700535
1349.5 0.8058325148959209
1350.0 1.7076260282163114
1350.5 0.3259529175280146
1351.0 0.838311730701899
1351.5 0.9379688636935579
1352.0 1.1641694659560995
1352.5 1.059276841293626
1353.0 1.2741611608864587
1353.5 0.49858124990660746
1354.0 0.7075515628706917
1354.5 1.0667601596126377
1355.0 0.7807342284118444
1355.5 0.9308948666078072
1356.0 1.2129038624948367
1356.5 0.7651637504342819
1357.0 0.6420289673043313
1357.5 1.7106713900553818
1358.0 1.5603869201934528
1358.5 1.9891064995712235
1359.0 1.5719494062471997
1359.5 1.1172117918358229
1360.0 1.191940199132051
1360.5 0.8791471046374421
1361.0 1.147671055759388
1361.5 0.8162640142892365
1362.0 2.1449320873549573
1362.5 0.7052461774795543
1363.0 1.0246001639734992
1363.5 1.4412348072479275
1364.0 0.6227922104241979
1364.5 1.3990408102323149
1365.0 1.0701074822907928
1365.5 1.000849223108736
1366.0 1.7372611559636209
1366.5 0.6397923305858626
1367.0 1.6985007749535719
1367.5 1.3561101152010142
1368.0 1.051889036861548
1368.5 1.1653830835552998
1369.0 1.11578215585188
1369.5 0.5854683160353584
1370.0 0.5132451142945678
1370.5 0.7135620592616148
1371.0 1.6332298218624999
1371.5 0.7524517226880083
1372.0 1.2324508822682194
1372.5 1.0376579583063599
1373.0 1.174794822375656
1373.5 1.1458401305865686
1374.0 1.031341520959543
1374.5 0.9536503042790835
1375.0 1.337147471945212
1375.5 1.0801105128950064
1376.0 0.9760910138860306
1376.5 0.6091301143928076
1377.0 0.8615231265835401
1377.5 1.1618724877547457
1378.0 1.2774542785672915
1378.5 1.3961643769210146
1379.0 0.8041872950385656
1379.5 1.653426530400294
1380.0 0.9791077166175947
1380.5 0.902005112676523
1381.0 0.6862206491968055
1381.5 0.7229061245733677
1382.0 1.3314184646914846
1382.5 0.5331000916775804
1383.0 0.9218962154249866
1383.5 0.5387626281347278
1384.0 0.8623472384242753
1384.5 1.2548440035856514
1385.0 0.8898094606887416
1385.5 1.7179464072624495
1386.0 0.9582148173282632
1386.5 0.8694571620276998
1387.0 0.9943352487822882
1387.5 1.3482687091069
1388.0 0.7725590444785895
1388.5 0.759163977620843
1389.0 1.6882927577757103
1389.5 0.5658779969875268
1390.0 1.0548629012110151
1390.5 0.7043163903448071
1391.0 0.4956085934650943
1391.5 0.8421070444054102
1392.0 1.2206313396960544
1392.5 1.2294828295473383
1393.0 0.8665972732390554
1393.5 0.5145334740199745
1394.0 1.0004105599416508
1394.5 0.6936633346464223
1395.0 0.7942496587028682
1395.5 0.7028276308514911
1396.0 0.8960970515224047
1396.5 2.174059874521289
1397.0 0.6772210333060199
1397.5 0.33716244256951977
1398.0 1.8040246356161487
1398.5 0.8568274311392978
1399.0 0.6126768423092159
1399.5 1.139289111378928
1400.0 0.6367519541506184
1400.5 0.7000878581818767
1401.0 1.0718198407050115
1401.5 0.6433892497542473
1402.0 1.2538185240965511
1402.5 1.108367050376304
1403.0 1.1548917790024702
1403.5 1.4560541095503092
1404.0 0.7727683329331957
1404.5 1.343360171293186
1405.0 0.7402665795019296
1405.5 2.079471217782494
1406.0 0.4138450124230227
1406.5 1.1733762657429974
1407.0 1.789794328030244
1407.5 1.1577998310938131
1408.0 1.0825095821168547
1408.5 1.1099043051679454
1409.0 1.1441931041651523
1409.5 1.3963519210495443
1410.0 0.5856163919445452
1410.5 1.2123652499915405
1411.0 0.7450996217557395
1411.5 1.170437497628282
1412.0 1.1687888884048276
1412.5 1.1305130588013483
1413.0 0.7588877948865609
1413.5 1.0831238668190282
1414.0 0.40405970863996565
1414.5 0.8954998972264774
1415.0 1.8462738347203729
1415.5 0.9180431671611023
1416.0 1.0636656892902712
1416.5 0.6592845213715417
1417.0 1.0367765580332926
1417.5 0.8634555624557465
1418.0 0.9031456652211223
1418.5 0.6348245762554223
1419.0 0.5741691167199654
1419.5 0.9403377622817981
1420.0 0.5817615364198596
1420.5 0.8156946613198701
1421.0 1.8615660703078567
1421.5 1.6249679958475696
1422.0 1.394801933702814
1422.5 0.5589762496693453
1423.0 0.8777656694945628
1423.5 0.7067793784001959
1424.0 0.9052383232369791
1424.5 0.9379910754273875
1425.0 0.9682710854842356
1425.5 1.8777804841902666
1426.0 0.6700613181749948
1426.5 0.6332296140689504
1427.0 1.1388499593144061
1427.5 0.5953291726900649
1428.0 0.8339307375778855
1428.5 0.5104112109188736
1429.0 1.0368767265658927
1429.5 1.0082531502768168
1430.0 0.7175404322003847
1430.5 0.798322512466585
1431.0 1.2375075258969557
1431.5 1.0205489720085035
1432.0 1.191084539475885
1432.5 1.43032127921675
1433.0 0.5098886139917269
1433.5 0.8899443953485253
1434.0 1.2998046524104587
1434.5 0.720687230389137
1435.0 1.2954585385470345
1435.5 1.069410372563663
1436.0 0.9000971195218205
1436.5 1.2296895958565697
1437.0 2.161086278035161
1437.5 0.7007741722788087
1438.0 1.4258965914901873
1438.5 0.6712780850350107
1439.0 1.062520449786955
1439.5 1.5358669083241185
