0 0.38934391300317633
0.5 1.4284102776847516
1.0 0.826121688782413
1.5 0.9783950094371529
2.0 1.6541875493132472
2.5 0.4330276213846143
3.0 0.556087631274333
3.5 0.7936067649996599
4.0 0.46659434006863953
4.5 0.7275516394377981
5.0 1.0434592055835392
5.5 1.1231540496613244
6.0 0.9100837461553261
6.5 0.8355241081226539
7.0 0.6351761892337449
7.5 0.8104539108226433
8.0 0.8508685225677681
8.5 0.8502523183791115
9.0 1.310687611062342
9.5 1.089945128391494
10.0 0.7685029457552228
10.5 1.4974104840128915
11.0 0.8003080401039937
11.5 1.17805029742195
12.0 0.893402926733389
12.5 0.9535673420059323
13.0 0.6808583473578464
13.5 1.0941417055879112
14.0 1.2301741853928665
14.5 1.1218349971554753
15.0 0.9196160617209442
15.5 0.8567376168188903
16.0 1.1972225571239643
16.5 0.8688067575624668
17.0 0.8969938826513711
17.5 0.9101483119615675
18.0 0.7608776725657231
18.5 1.451256910616447
19.0 1.137323190009175
19.5 0.7498048517258193
20.0 1.0769008572932584
20.5 0.5366641941113908
21.0 1.2873163940548262
21.5 0.9198724934906175
22.0 1.3902997645473596
22.5 0.9707435061933267
23.0 1.0225603437185384
23.5 0.7002394372348268
24.0 1.0315027336120415
24.5 0.7114152049607622
25.0 1.645989777696332
25.5 1.9883010357096462
26.0 0.7956744173344854
26.5 1.4725036794439
27.0 1.2912503676893414
27.5 0.8009594540941636
28.0 1.9389889571227648
28.5 1.739611592098567
29.0 0.9596786297868886
29.5 0.7336702589746025
30.0 1.295182942028319
30.5 1.3183806537092502
31.0 0.8386744946174447
31.5 1.3690822185657878
32.0 0.9945281230368059
32.5 1.2510960044340957
33.0 1.3754541996772267
33.5 1.404406036639549
34.0 0.6735386990690155
34.5 0.461500554195554
35.0 1.189909331617167
35.5 1.0747705546506712
36.0 1.3583136700697624
36.5 0.6597800637761266
37.0 0.966970801091544
37.5 1.106275680526036
38.0 0.2696968308060196
38.5 0.8392224611510756
39.0 0.7889297966776984
39.5 0.7743656251063253
40.0 1.2793346832761219
40.5 0.2
41.0 1.696951331038981
41.5 0.9052377496048067
42.0 0.9225251395376642
42.5 1.5754242790896218
43.0 1.219818286448418
43.5 1.4408261605380985
44.0 1.8223378058093065
44.5 0.7587742945502443
45.0 0.724555429738182
45.5 1.067890490511564
46.0 1.4550460889326398
46.5 1.0775541977951932
47.0 1.424116396917535
47.5 0.9048136143630617
48.0 0.7893564776600832
48.5 1.2421857009752273
49.0 1.1637464894172074
49.5 0.5736672615994035
50.0 0.8687858969242293
50.5 0.9544107159769024
51.0 0.9487993909256524
51.5 1.175250608407922
52.0 1.4722306612504066
52.5 1.2426131055375953
53.0 1.0317690968285174
53.5 0.7516542809465152
54.0 1.309608737966428
54.5 1.3223185597805145
55.0 0.8527586040794515
55.5 1.0303194820146193
56.0 0.8226882374193605
56.5 1.2268460019668508
57.0 0.6197138674177293
57.5 1.8812090375925306
58.0 1.182640973230817
58.5 0.5983047734759294
59.0 0.5063948880324836
59.5 0.9889617192794337
60.0 1.4341460864304199
60.5 0.5326506595519915
61.0 1.8295343835309805
61.5 0.6240644159606015
62.0 0.8264972112409631
62.5 0.9482205448774079
63.0 0.5948255532301225
63.5 1.042196205309181
64.0 0.9971092275265296
64.5 0.7544683122458172
65.0 1.722291978318438
65.5 0.8548382025797915
66.0 1.105941330420717
66.5 0.7141382460076243
67.0 0.8402195531161338
67.5 1.4594013088883933
68.0 0.5468536241443848
68.5 1.08707687277513
69.0 0.8495527498159776
69.5 1.1540203714835027
70.0 1.608166427923438
70.5 1.2583184997407808
71.0 0.8140848331939607
71.5 0.4598859333307054
72.0 1.1554157272386119
72.5 0.7184536737994998
73.0 1.5051586665775836
73.5 0.2813245462332312
74.0 0.7541385432828974
74.5 1.2762335367164312
75.0 1.5607658181993886
75.5 1.3360681528683873
76.0 1.473419069756551
76.5 1.0965042073698417
77.0 1.3512426549595573
77.5 1.0787622900540823
78.0 1.1567573565900742
78.5 1.442431517216747
79.0 1.2718531636617527
79.5 0.9553402875935408
80.0 1.1820813803240169
80.5 1.3087798190242772
81.0 0.727488721082665
81.5 1.3856063522105384
82.0 0.5327304587342514
82.5 0.9076249620602751
83.0 1.1253351993986724
83.5 2.1550236781257746
84.0 1.1350340613232337
84.5 0.845273015906095
85.0 1.3949069930128712
85.5 1.3669531394064323
86.0 0.7797961293777708
86.5 1.2260060736854133
87.0 1.6079122934386856
87.5 1.1852339556201792
88.0 1.2181357789704061
88.5 0.7158798412405716
89.0 1.634421664258169
89.5 0.9589296419247405
90.0 0.7955636561727103
90.5 0.8518470908404062
91.0 1.6103041805428866
91.5 1.888891443487093
92.0 0.9644423618107517
92.5 1.0544462507922323
93.0 2.0614602428063513
93.5 1.0033012140186244
94.0 0.4628207264034707
94.5 1.4544320321186213
95.0 0.7798479767993208
95.5 0.8567814319313715
96.0 0.9035642634079595
96.5 1.5666851286182188
97.0 0.650324734644797
97.5 1.300207942512009
98.0 0.7604531945259998
98.5 1.420570458662508
99.0 0.556460565196701
99.5 0.9153042669646463
100.0 0.6995005720159395
100.5 0.8472854712154307
101.0 0.5655981583101849
101.5 1.222309984053049
102.0 0.7073672695524068
102.5 1.4079637660478337
103.0 0.9082522551600485
103.5 1.291937358676503
104.0 0.6706650136472405
104.5 1.3356418646046948
105.0 0.81696451928102
105.5 1.1813118995814018
106.0 1.4702821131425514
106.5 1.5359389191716142
107.0 1.524295636057631
107.5 0.47917251469423067
108.0 1.1749772547240602
108.5 0.947488585726611
109.0 0.8274546197235734
109.5 0.5316579980132022
110.0 0.8344108077333773
110.5 0.8098836470546595
111.0 1.4986380946919184
111.5 0.5299027250211068
112.0 0.8818800358607555
112.5 0.8802629779109807
113.0 1.123660259262022
113.5 0.741871439943448
114.0 0.7552412201207471
114.5 0.8591146079229239
115.0 1.4052056123336643
115.5 1.3247967367170155
116.0 1.1195744860629366
116.5 1.3063695662572408
117.0 1.458899679376254
117.5 1.010013479169598
118.0 0.7400216194061024
118.5 0.8105856188264962
119.0 0.6124058696681587
119.5 1.273252973530496
120.0 0.5717171138879362
120.5 0.874148683343964
121.0 1.2384022499320866
121.5 0.8852357108748886
122.0 0.8152040970445555
122.5 1.2988615230695082
123.0 0.8152324379591253
123.5 0.6206092050066967
124.0 1.7336009088086444
124.5 1.1992449378186563
125.0 0.9646284317060696
125.5 1.5072609861837103
126.0 0.905615708411801
126.5 0.6517767261277354
127.0 1.3152234753449632
127.5 1.1002428113658527
128.0 1.3049891560005817
128.5 1.0409051092067332
129.0 1.3155496418230093
129.5 1.0196615171293106
130.0 0.7312006590030206
130.5 1.3714167290110841
131.0 0.7409733098931677
131.5 0.7005440224582675
132.0 0.9101242348391978
132.5 1.2895961135804033
133.0 0.6845815305387533
133.5 0.49878819497797844
134.0 1.1406929960093914
134.5 0.5742501623722975
135.0 1.2509888208881823
135.5 2.1952163903977824
136.0 1.7828923829548708
136.5 1.1037418593476942
137.0 0.9410247328781383
137.5 0.47512064881690197
138.0 1.3789967303375068
138.5 1.4172677061088859
139.0 0.8249728422433542
139.5 0.8044895937587118
140.0 1.1090384896454952
140.5 0.9685624609876711
141.0 0.735247527922164
141.5 0.813188117472541
142.0 0.9536376516355518
142.5 0.8186638073472323
143.0 1.1302965767297635
143.5 0.6734378289806591
144.0 0.6303156950451207
144.5 0.702131899806955
145.0 0.8791678155414094
145.5 0.946723396034026
146.0 0.6264013395311745
146.5 0.9126355510233877
147.0 1.686086964609518
147.5 0.8582051988472849
148.0 1.0543995280464284
148.5 0.7012491997976502
149.0 1.0781544014168554
149.5 0.7314208609271577
150.0 0.7386972859373122
150.5 0.5628169474753871
151.0 0.744763402589279
151.5 0.9074294893062669
152.0 0.9208157815807492
152.5 1.4200614149847715
153.0 0.21735818977730903
153.5 1.1435139094662068
154.0 1.2291850648299474
154.5 1.3106135915342305
155.0 0.5704442084884777
155.5 0.9582986457337767
156.0 0.6239839821204297
156.5 0.5645370543009222
157.0 1.166046197556273
157.5 1.1326860228984788
158.0 1.426095371901555
158.5 1.2819782591743627
159.0 1.2477740194964597
159.5 0.7361526906708865
160.0 1.7623534882132463
160.5 0.6736620264583468
161.0 1.2627616605018863
161.5 1.697990759213639
162.0 0.9549018293973428
162.5 0.3312732065483477
163.0 1.43203934232569
163.5 0.6770557000287563
164.0 1.1685093959813861
164.5 1.3784225471693694
165.0 1.8389361040714576
165.5 0.8476532290814183
166.0 1.8742706150938102
166.5 1.366331981427721
167.0 1.1012299162125263
167.5 0.7433106563142087
168.0 0.6316410608279437
168.5 1.0850713772255354
169.0 0.7311711350741072
169.5 1.044975148152639
170.0 1.1406172816836386
170.5 1.5348007096736773
171.0 1.3777389371283209
171.5 2.039259422207644
172.0 1.032413627512475
172.5 1.32568827609844
173.0 1.1766497912595766
173.5 1.7084386961791793
174.0 1.5920715844050397
174.5 0.7150778025264617
175.0 1.0469401942638146
175.5 0.7758894700299717
176.0 1.241216490311132
176.5 0.8591317167837452
177.0 0.8055396569401048
177.5 1.375253025459294
178.0 0.9411239496595327
178.5 0.6593442019743457
179.0 0.9013251384669928
179.5 1.0229292268414776
180.0 0.8200641450937898
180.5 0.8625010929327681
181.0 0.8660841193110644
181.5 1.0730724454616474
182.0 1.3187020155938756
182.5 0.5258954628979814
183.0 0.6432288870154351
183.5 0.9215241138676679
184.0 0.8951610061422638
184.5 1.213734703699323
185.0 0.516128867937961
185.5 1.661980471318953
186.0 1.2067958370854037
186.5 1.324055435408165
187.0 1.0485059529642773
187.5 1.753214634867566
188.0 1.2758541312136025
188.5 0.7965604008596785
189.0 1.0142103670415077
189.5 0.47176362044444276
190.0 1.1879225452319429
190.5 0.6951738609678784
191.0 0.8757453077754739
191.5 1.2226034991503423
192.0 0.9747383434173281
192.5 1.2081397593238248
193.0 0.9804595001909232
193.5 0.3403283296112627
194.0 2.4861346478771966
194.5 0.9499332584640503
195.0 0.6698115340956544
195.5 1.6664367990324402
196.0 0.6692495221683408
196.5 0.6899165865292329
197.0 0.6741909153041932
197.5 1.226130252864782
198.0 1.0919779263786924
198.5 1.881388461766039
199.0 1.414401490278171
199.5 1.4678741918207359
200.0 0.466666858179011
200.5 0.5418111773545404
201.0 0.6405259652336788
201.5 0.9562565045697718
202.0 1.6145252657910316
202.5 1.863094047794529
203.0 0.8293353054805415
203.5 1.5222556698770746
204.0 1.4048137334435444
204.5 0.9625802436250411
205.0 0.6599344873697599
205.5 0.7272371661818318
206.0 0.963890281494034
206.5 1.2071434513075556
207.0 0.9379393194637069
207.5 0.6424198893972914
208.0 1.0024970066706942
208.5 0.5490752588010008
209.0 1.660220253478791
209.5 0.9868036192419928
210.0 1.5563624582117614
210.5 0.9125783841944883
211.0 1.4384328520206076
211.5 1.1111728627455988
212.0 0.8711569511656596
212.5 1.4369475349203769
213.0 1.323632857340479
213.5 0.8399883496908114
214.0 1.318044458003428
214.5 0.8305002406268752
215.0 1.270849700195189
215.5 0.9055773966647269
216.0 1.1703955993979702
216.5 1.7855913428558845
217.0 1.5054090324267784
217.5 0.9881546813656078
218.0 1.0120270330113659
218.5 1.1622717869365986
219.0 1.2184701461093455
219.5 0.7572099331605273
220.0 0.667712999513809
220.5 0.5557793167103571
221.0 1.0086319189090167
221.5 0.9107148616338434
222.0 1.7388308303076538
222.5 0.7249503582031279
223.0 1.2922082811698798
223.5 1.1094540604854166
224.0 0.5551771440281162
224.5 0.929365933798725
225.0 1.7165793489979921
225.5 0.6643298531370996
226.0 1.2326830950186731
226.5 0.5541443169165599
227.0 1.443999106004334
227.5 0.49460310296108373
228.0 0.36465274714728624
228.5 0.7955673217189203
229.0 1.0500155068047512
229.5 1.2294516160664077
230.0 0.42791469779603375
230.5 0.8990345757517251
231.0 1.292745034433895
231.5 1.1854481430784096
232.0 0.9494530654039605
232.5 0.6630271551347846
233.0 0.765545940217734
233.5 1.5531188375422085
234.0 1.422544944653625
234.5 1.6320216464357964
235.0 1.3525340780257782
235.5 1.527893965101797
236.0 0.5512963932493257
236.5 0.7797125414724162
237.0 0.5972713470805264
237.5 1.3908973205535524
238.0 1.208374894108439
238.5 0.8501733366074138
239.0 1.1607287721887065
239.5 0.8325849903607307
240.0 1.0245842493910486
240.5 0.778754454302286
241.0 0.8557085149283679
241.5 0.6333180288074527
242.0 1.0090651277461373
242.5 0.897149171774946
243.0 0.9616169794160833
243.5 0.7666804802985951
244.0 0.8676061746744173
244.5 1.0748748198317064
245.0 0.6335659574103467
245.5 0.9928299144824997
246.0 0.8915861647741186
246.5 1.2507115116637417
247.0 1.6455226257515725
247.5 0.6847172785584185
248.0 1.190144942514411
248.5 0.8844323512743962
249.0 0.9333015874998598
249.5 0.7876326606794525
250.0 0.9110221814403194
250.5 0.8055411317601651
251.0 0.8774533988438256
251.5 0.9841071888294558
252.0 0.44281213642148587
252.5 0.9244291330597996
253.0 0.8832900826884502
253.5 0.7237404248377894
254.0 0.8331045402924335
254.5 2.409166106086873
255.0 0.2
255.5 0.643620637642802
256.0 1.3599830654226586
256.5 0.9882235080869899
257.0 0.7793029785528118
257.5 1.0945979828104795
258.0 0.6755180964480263
258.5 1.182148902835239
259.0 1.067923868498423
259.5 0.6402130932793825
260.0 0.8516237692283692
260.5 0.9370536497369978
261.0 0.9019354065052918
261.5 0.9502750635873778
262.0 0.9871057767335427
262.5 0.6263257949052545
263.0 1.5060154098011194
263.5 0.5538382140719298
264.0 1.0331039949937326
264.5 0.5913249231257769
265.0 2.3776557850455373
265.5 0.8126894657157565
266.0 0.7988237283740336
266.5 1.3265726767627761
267.0 1.7851268648794623
267.5 0.8937332819648863
268.0 1.552023393644034
268.5 1.3074166600860209
269.0 0.9557895992693539
269.5 0.7915125488690862
270.0 1.0381521060210745
270.5 1.0556509324824956
271.0 1.7805248184139555
271.5 0.9147886164274339
272.0 1.036634023885079
272.5 0.7417479859613765
273.0 1.4189718964787565
273.5 1.1716796495813075
274.0 0.8484297047901739
274.5 0.848971908990407
275.0 0.9649706840275123
275.5 0.7546353333144098
276.0 1.944335211388526
276.5 0.6086649613964669
277.0 1.4292935642516094
277.5 1.1483583169043878
278.0 0.8068699469058925
278.5 1.1016317211140296
279.0 0.6857510043291432
279.5 1.340307527007777
280.0 0.8662659887857334
280.5 0.9490314446105631
281.0 1.1335216264135148
281.5 1.2396485769500973
282.0 1.0742114152327316
282.5 0.9524016039621805
283.0 1.2497951694587381
283.5 0.6646365666997925
284.0 0.6181573803545577
284.5 1.189337748927884
285.0 1.96396603355406
285.5 1.104957756103139
286.0 0.9124636281727734
286.5 0.7907790044442694
287.0 0.7570495317975974
287.5 1.0139749173945547
288.0 0.9783555568669628
288.5 0.44268541625484376
289.0 0.6427522279809477
289.5 0.7593534834448201
290.0 1.2091382230607066
290.5 0.7103652234400779
291.0 0.7699001802639176
291.5 1.1841019165069513
292.0 1.0872596420686782
292.5 1.3217920133408154
293.0 1.3113612148915568
293.5 1.1439748497617173
294.0 0.816202427135303
294.5 1.224959996366643
295.0 0.6982361899963597
295.5 0.9716928979115451
296.0 0.9649215451077057
296.5 1.0533319198906859
297.0 0.7028619136106081
297.5 0.5972019264417128
298.0 0.6468726733718622
298.5 1.7476990624105229
299.0 1.0459355315819046
299.5 0.2
300.0 0.9540920494030302
300.5 0.8124538110335393
301.0 0.7501757211517468
301.5 1.038439205218441
302.0 0.7368888978361506
302.5 1.1997040848185057
303.0 1.269994668318668
303.5 0.9293533076729683
304.0 0.8955831784584576
304.5 1.652285923600569
305.0 1.1133575195572871
305.5 1.4124374178319634
306.0 0.8355996462466119
306.5 1.0658272407015477
307.0 1.4715867889865453
307.5 1.6422233578786751
308.0 2.163419375902547
308.5 0.8318730230289518
309.0 0.41056999307360664
309.5 0.9775472076853563
310.0 1.1581113119703148
310.5 1.2520955400778626
311.0 0.8049514708322176
311.5 1.0058851253354106
312.0 1.3073540507399175
312.5 0.8777083227255059
313.0 0.7166395552878023
313.5 1.3619100961436317
314.0 0.8041223800457575
314.5 0.7170112828793784
315.0 0.8892022582978296
315.5 0.6136096703143045
316.0 0.7460460282671808
316.5 0.9649623959946101
317.0 0.513184863194098
317.5 0.9164292681584564
318.0 1.6408793836919395
318.5 0.9789254500222105
319.0 1.396163799096541
319.5 2.0604599237775223
320.0 1.5743304623991876
320.5 1.9758527991325336
321.0 0.2
321.5 0.9286021023647193
322.0 0.9349135930881547
322.5 1.2442998784656567
323.0 0.5672280744302098
323.5 0.6496367386241695
324.0 0.7985164165578528
324.5 0.5750181492959205
325.0 0.990869601621821
325.5 1.4884119476663213
326.0 1.1461303527853648
326.5 1.1594284458860447
327.0 0.7828226823777743
327.5 1.3107663974961836
328.0 1.34810065267314
328.5 0.807632199587728
329.0 0.693920318135662
329.5 1.1975289176862143
330.0 0.9904928084436676
330.5 1.4311537673389414
331.0 0.7732132805541512
331.5 1.3003394006656075
332.0 0.8828976372193267
332.5 0.7272632032721159
333.0 0.7955078944983653
333.5 1.3791531927874687
334.0 1.6543187103851587
334.5 1.1131522448725586
335.0 0.6827285429339682
335.5 0.8004042072336216
336.0 0.9815354783769704
336.5 0.8000437659390596
337.0 0.2
337.5 0.8386560883345225
338.0 0.9753619534281914
338.5 0.6740440091567704
339.0 0.7788998333545076
339.5 0.47503429711203327
340.0 1.3122968568267444
340.5 1.443719942728971
341.0 1.4721236310208377
341.5 1.156676107030358
342.0 0.9708556191532913
342.5 0.5460301455551234
343.0 0.33234099886632673
343.5 0.9656428368043166
344.0 0.7810061368069786
344.5 0.7914490320975176
345.0 1.0589873609889904
345.5 0.9889965716976048
346.0 1.0089601226925176
346.5 1.2851915848466247
347.0 1.4908965119199582
347.5 1.4001791751472057
348.0 1.1221718569565158
348.5 1.30699482754929
349.0 0.9335306936039066
349.5 1.1426943185435285
350.0 1.069587706420196
350.5 1.3804889383209962
351.0 0.9861502127392314
351.5 0.6805067999604486
352.0 1.2383076231737742
352.5 1.0603116504361507
353.0 0.7716942148234417
353.5 0.5725815628830384
354.0 1.4463775874509945
354.5 0.8239622044670911
355.0 0.9731297947968316
355.5 1.1612883731311223
356.0 1.3643920030321088
356.5 1.0047364085977228
357.0 0.8100123365269503
357.5 1.3502540306334967
358.0 1.22989740535268
358.5 1.051899161770888
359.0 1.1520268559202882
359.5 1.2112797023755943
360.0 0.8639701781498285
360.5 1.2977750400207708
361.0 0.9932925976865149
361.5 1.1321301913838089
362.0 0.7819197080809237
362.5 0.8767121275076448
363.0 1.3215305693192931
363.5 1.0095363963913746
364.0 0.7797179011803506
364.5 0.8258658478939191
365.0 0.6291202625152634
365.5 1.0310068562770534
366.0 0.7044877583130558
366.5 0.6813317908784913
367.0 1.8763263135533834
367.5 0.6267983269538271
368.0 1.2633877227788735
368.5 0.7928212597814519
369.0 1.2683957158286225
369.5 1.8979850549133155
370.0 1.078690737405296
370.5 0.6350536067247451
371.0 1.1593867017023882
371.5 1.5595749036135698
372.0 1.5242750078089107
372.5 1.0113777471285665
373.0 0.992127998451979
373.5 1.20885154499788
374.0 1.0517745146608746
374.5 1.2050380667056617
375.0 0.887530911620261
375.5 0.8285937524779126
376.0 1.1499539825587626
376.5 1.284127296184421
377.0 1.193716644507184
377.5 1.1493974890305116
378.0 0.7577500183349952
378.5 1.5890272756680648
379.0 0.8093179204117804
379.5 0.7270131279325397
380.0 1.1630879686541162
380.5 0.4870895462477964
381.0 0.6320432616387329
381.5 1.0519958375327367
382.0 2.825942105953614
382.5 1.078465713553141
383.0 1.5306814171015612
383.5 1.428072929499804
384.0 1.0768212925814686
384.5 1.6697229130541338
385.0 0.7178869941671204
385.5 0.9652267365820872
386.0 0.9377467037757969
386.5 1.3467278897471102
387.0 1.0119166611149293
387.5 1.6682032891613274
388.0 0.6987091615901855
388.5 0.5060965452091126
389.0 1.093371193111698
389.5 0.7270809978937197
390.0 0.9627792656991705
390.5 0.9311087155402487
391.0 1.133038413891027
391.5 1.0872934338853013
392.0 0.49280736646465956
392.5 0.9763382717722613
393.0 0.2
393.5 0.772970830226996
394.0 0.9350002478656761
394.5 1.1805432608164745
395.0 0.6307612311429472
395.5 0.5449316106176681
396.0 0.9927649322416903
396.5 1.5117175328530925
397.0 1.6720498525248857
397.5 0.990542309700587
398.0 0.6380733959336354
398.5 0.7147495986400807
399.0 0.7787125905411537
399.5 1.018052240624412
400.0 0.8951060637965106
400.5 0.7248772711238554
401.0 0.6925446136912742
401.5 0.7450354849954707
402.0 1.7357816220926012
402.5 0.7417135540012403
403.0 0.7115239212118483
403.5 0.7620943722404478
404.0 1.4575744374588393
404.5 0.5995981030873816
405.0 1.1814972092181268
405.5 0.6036517270760895
406.0 2.0101436277640854
406.5 1.0551349768117944
407.0 1.105352272100169
407.5 0.6864056090472703
408.0 1.2273938828060524
408.5 0.9991391004833164
409.0 0.5911126981092102
409.5 0.46860895048299533
410.0 0.7854835281017568
410.5 1.146920157000756
411.0 1.4334831026032218
411.5 0.8601326913167162
412.0 0.8257876998003865
412.5 0.630293031675065
413.0 1.1176816919261472
413.5 0.2
414.0 1.4115057266290343
414.5 2.245972534192363
415.0 1.7564129543477183
415.5 1.0681097333049012
416.0 1.0893782223745738
416.5 0.959045834605906
417.0 0.8358232822467584
417.5 0.816331106515848
418.0 0.7103571865506184
418.5 1.062641785049554
419.0 0.7031926150970415
419.5 0.9161746625865614
420.0 1.1663551964167866
420.5 0.35213129048516045
421.0 1.5154313019458323
421.5 0.9658815546767069
422.0 0.8365979192141094
422.5 0.8276454753607492
423.0 0.8541654706753857
423.5 0.5042761540213461
424.0 1.0487421446967937
424.5 1.2002823268856466
425.0 1.0093407873117202
425.5 1.2082341873850941
426.0 1.5398501225984447
426.5 2.1699245759904393
427.0 0.4791261420837176
427.5 0.7011340806027392
428.0 1.0308712854157032
428.5 0.9183781179500187
429.0 1.0922322412303351
429.5 0.710522688243154
430.0 0.7077582825395383
430.5 0.7714633149083792
431.0 0.6437783795211764
431.5 1.3442330248451468
432.0 1.3214673132337489
432.5 0.2961226113811154
433.0 0.9748342921474432
433.5 0.897825167590591
434.0 0.9386692372742431
434.5 0.9797498527587762
435.0 1.0654554208083429
435.5 0.8672051785821688
436.0 1.2068542053779994
436.5 0.986176139272579
437.0 0.9898088764437837
437.5 0.8154212819043922
438.0 1.3909044212237778
438.5 1.0759668841087127
439.0 0.8369961015852079
439.5 0.8223433622153951
440.0 1.2966425864705138
440.5 0.7320656706625814
441.0 1.3626475374330362
441.5 1.118059727190118
442.0 0.3733194507744475
442.5 0.7922194507520681
443.0 0.5130957660780535
443.5 1.0868501510745914
444.0 1.6953625819072349
444.5 0.7768301862432351
445.0 0.6173106431728334
445.5 0.4819275146732353
446.0 0.7597669702316284
446.5 0.8643472832463444
447.0 1.267357902867324
447.5 0.9693079870474791
448.0 0.7764809755857762
448.5 2.056366409229709
449.0 0.7830726934064334
449.5 0.8696802915940092
450.0 1.3506855447034933
450.5 0.9432635172990969
451.0 1.3825363779237447
451.5 0.9561566936783339
452.0 1.3595065417470389
452.5 1.1708418087684898
453.0 0.7816229666117993
453.5 1.4033388912141365
454.0 0.6563837339195728
454.5 1.2305537376367002
455.0 1.3350703182901436
455.5 0.8193348391103206
456.0 1.5031781697972573
456.5 0.7765385331689416
457.0 1.4763458534074831
457.5 1.7226712605367842
458.0 1.0920878388823172
458.5 0.5871422218399206
459.0 1.3895587689869333
459.5 0.8438970477681198
460.0 0.745757090289617
460.5 0.44636263924937
461.0 1.3540046849687704
461.5 0.9186700001088609
462.0 0.7762809318813273
462.5 0.476214387953181
463.0 1.0063429640744044
463.5 0.6938186898850146
464.0 0.7654789375135281
464.5 1.0789533659758381
465.0 1.6365794083893097
465.5 0.9534834943750504
466.0 0.714898699142046
466.5 1.83242649524647
467.0 1.4165653685102684
467.5 0.8753885890595947
468.0 1.1360929125452564
468.5 1.0430154401363563
469.0 1.0175286679067792
469.5 0.812131220284752
470.0 1.027004212426823
470.5 1.0993195636195157
471.0 0.5970742229726378
471.5 0.93471080141722
472.0 0.9446199518057363
472.5 0.8565162838208927
473.0 0.8834737086242177
473.5 2.209664695360744
474.0 0.8498665770037088
474.5 1.6900751848629665
475.0 0.8235099865155328
475.5 1.0242836972655809
476.0 0.9831739225141432
476.5 0.6137279132835417
477.0 0.9394476795518821
477.5 1.0332767718045701
478.0 1.1558046510802642
478.5 0.5548678594793822
479.0 0.941925455124654
479.5 1.025796846793966
480.0 1.6511294677650938
480.5 0.8720690170658941
481.0 1.7747853397441826
481.5 0.7652768280273623
482.0 1.736588589320112
482.5 0.538959791908171
483.0 1.418014706380308
483.5 0.849149673261252
484.0 0.5654165664385765
484.5 1.0358367855760462
485.0 0.7831914951740085
485.5 0.822940280813834
486.0 0.7515409154751791
486.5 0.7538146522177243
487.0 1.6296282738336796
487.5 1.6419902183326514
488.0 1.1611216563786224
488.5 1.6016429112897885
489.0 1.1540381359071186
489.5 1.2723162914820412
490.0 0.8513412352015294
490.5 0.42732336051975417
491.0 0.864597448560631
491.5 1.3177140484906293
492.0 1.322561764643966
492.5 0.865992439409227
493.0 0.886699402159249
493.5 0.6849482557947546
494.0 1.3765095212116043
494.5 1.166646796840856
495.0 0.8415682016527383
495.5 0.9676036616479341
496.0 1.2083749841673104
496.5 0.6893552204433052
497.0 0.9530269563717544
497.5 0.6769061650310814
498.0 1.2899110246833798
498.5 0.9609662836158754
499.0 0.5417758928943505
499.5 1.062323256507128
500.0 0.6791992687725585
500.5 1.3351688625721347
501.0 1.4076181503586984
501.5 0.5238184176110634
502.0 0.7671612865016293
502.5 0.9232538840290815
503.0 1.4289486214960303
503.5 0.7815409191740874
504.0 0.902162909220461
504.5 0.699567041421647
505.0 0.5380799083614896
505.5 1.0844793456700128
506.0 1.0510415542702938
506.5 1.5446016918848895
507.0 1.454095597723077
507.5 1.2298571401259826
508.0 0.9123287425784419
508.5 0.9544105992436304
509.0 1.0319765487977106
509.5 1.166880624270242
510.0 0.929406293927902
510.5 0.6664988879128017
511.0 0.4085140591994527
511.5 0.8047257809633283
512.0 1.2696893502376794
512.5 1.949742964154844
513.0 1.4103363474338488
513.5 0.9772837139265281
514.0 0.6938721606471396
514.5 1.2140514263535063
515.0 1.0286379245473078
515.5 2.3724183018276923
516.0 0.6374210836897446
516.5 1.083717749909058
517.0 0.8780276555032344
517.5 0.8524351554122797
518.0 1.1213986736121395
518.5 0.531672107717396
519.0 0.8763890625495518
519.5 0.9952760571317666
520.0 0.99063696339978
520.5 0.5752075973443177
521.0 0.48347135613110587
521.5 0.646144575797603
522.0 1.8678222854477036
522.5 0.7132726554594855
523.0 0.9880328884266382
523.5 2.1108706606859973
524.0 1.7489969000289394
524.5 0.9208757163139604
525.0 1.307949716610274
525.5 0.9321738438516826
526.0 0.8879668584616869
526.5 2.342920520444923
527.0 1.0180521778689933
527.5 0.9643526393917405
528.0 0.5215130930918941
528.5 0.7629940072670599
529.0 1.308618356910872
529.5 0.8127517330119182
530.0 1.1987648220613274
530.5 0.989147018429928
531.0 0.9772189445793704
531.5 0.7109078789389625
532.0 1.16437981271649
532.5 1.0102006861725283
533.0 1.0455557128763506
533.5 1.049360178248841
534.0 0.8798080122962272
534.5 0.9776199283074071
535.0 0.9068198893568831
535.5 1.4947897127936298
536.0 1.2817906388452345
536.5 2.2563984976666247
537.0 0.7900485760185236
537.5 0.5311186211410946
538.0 0.6028006463317958
538.5 1.216362583124067
539.0 0.5770634522412401
539.5 1.020979820982457
540.0 1.282138144824621
540.5 0.9512088697099172
541.0 0.9106770167159339
541.5 0.8543432611274022
542.0 1.102281382633072
542.5 0.7628355279711716
543.0 1.1390129109445088
543.5 1.0980323808093677
544.0 0.9220384950948203
544.5 0.8078561575571223
545.0 1.413243004882871
545.5 0.7573159328095921
546.0 0.7610106584208982
546.5 2.0553019605022222
547.0 1.2278258259345716
547.5 1.0222558478791508
548.0 0.7302913236267439
548.5 0.9425401922311096
549.0 1.111050077989884
549.5 0.675414954650574
550.0 0.9044840612008447
550.5 0.884128515943496
551.0 0.5337987228555616
551.5 1.0461205742485729
552.0 1.4869748914249987
552.5 1.0857995727235141
553.0 0.7859999251321361
553.5 1.0515480847274232
554.0 0.9163645195936796
554.5 1.2351092076990444
555.0 0.8828854485136608
555.5 1.5812819450793794
556.0 1.1149579081975531
556.5 0.9241634775564116
557.0 1.182484026638543
557.5 0.7890428364175809
558.0 1.212314245084843
558.5 0.6571060999642275
559.0 0.6003638709936324
559.5 0.7100172697328841
560.0 0.8296048994677488
560.5 1.331773572599278
561.0 2.691010709329489
561.5 0.5180931716511301
562.0 1.1641528363375984
562.5 1.3532191693782707
563.0 1.2796236016466893
563.5 1.0465088436604413
564.0 1.474788363091176
564.5 1.1682893094632365
565.0 0.7487263735176575
565.5 1.3497376790106377
566.0 1.040190427892063
566.5 0.4298625716324344
567.0 0.7188810778189614
567.5 0.22401108726195196
568.0 0.8195512368661905
568.5 0.6855377331476269
569.0 1.3084834024283196
569.5 0.661073546947088
570.0 0.9331054846829102
570.5 1.941568134501248
571.0 0.6550712970700044
571.5 1.3303637072223924
572.0 1.7522108709002784
572.5 0.8397415826533032
573.0 0.35818206579374123
573.5 1.2779758099087088
574.0 1.4312764932049906
574.5 1.2706243852866579
575.0 0.786192809989809
575.5 0.8441558324348032
576.0 0.7197893297336639
576.5 0.6517708062445973
577.0 0.9401404471799666
577.5 0.5869180660361115
578.0 0.7635017038990033
578.5 0.7070118212006345
579.0 0.6805486528507382
579.5 1.0830424742372877
580.0 0.5117690111111624
580.5 0.9690893350377536
581.0 0.9401563553703574
581.5 0.4449173173674057
582.0 0.9284387651441118
582.5 0.9050801875863095
583.0 0.9457451831800396
583.5 1.1156742122272152
584.0 0.7994844512728438
584.5 0.5988228325818988
585.0 0.5524197643947948
585.5 0.9627439341234413
586.0 0.5143703061198701
586.5 1.6967231448320865
587.0 0.4635432134665116
587.5 1.335629533025703
588.0 0.7036712663092668
588.5 0.8605002801154222
589.0 1.4256428184865366
589.5 0.3789612361102631
590.0 1.3949009868635835
590.5 1.0933966116045717
591.0 0.9587761665496145
591.5 0.9517190568908835
592.0 1.0420771936964188
592.5 0.9453508461451157
593.0 0.8418688986369496
593.5 1.3278472805069448
594.0 1.1002730597779793
594.5 0.9501061286776634
595.0 1.843286320326082
595.5 1.0762807353664035
596.0 1.3305229678088706
596.5 0.8607922350449738
597.0 2.0722409511296247
597.5 2.131520625214628
598.0 0.8468037834942128
598.5 0.6289945794197888
599.0 0.9837646416891956
599.5 0.6551373518402752
600.0 0.5120018706003913
600.5 0.9750390247400809
601.0 2.2552789046327644
601.5 0.35654927922456003
602.0 1.2963633119138072
602.5 0.8977028733287127
603.0 0.5581882937412728
603.5 1.3334947769601544
604.0 1.2005620078080623
604.5 0.5360630901122871
605.0 0.36829961066611416
605.5 0.6427279016644187
606.0 1.1292417270812716
606.5 0.7814227522321662
607.0 1.531948778596154
607.5 1.8922678670688864
608.0 1.147400528111481
608.5 0.8958252930886863
609.0 0.8399177338675117
609.5 0.9038499179388104
610.0 1.1859853538822533
610.5 2.0562676132697746
611.0 1.84207147507564
611.5 1.3716418140751143
612.0 0.6662683924424962
612.5 0.9876197898875914
613.0 0.6321866170331095
613.5 0.6565423433469644
614.0 0.27706090930203786
614.5 1.3070690759379904
615.0 1.1599852597793756
615.5 0.8867574275041501
616.0 1.997427249968073
616.5 0.5989830626723269
617.0 1.2057267118223112
617.5 0.7923381069011777
618.0 0.4347158443908775
618.5 1.3954445980164387
619.0 2.0871124673601384
619.5 0.9994229023407397
620.0 1.5890858264085255
620.5 0.7859212077792413
621.0 1.6045501048157478
621.5 1.130495497999838
622.0 1.1022493274776377
622.5 0.5996403733193765
623.0 0.8995456439329143
623.5 1.3232368496752365
624.0 0.9648318172255852
624.5 0.7293538625646321
625.0 0.647310057482111
625.5 0.976908747656474
626.0 0.6808902353772357
626.5 1.144502158890134
627.0 0.7109413263899753
627.5 1.4942267770255695
628.0 1.1075250195731607
628.5 0.507413925799487
629.0 0.9094975756610874
629.5 1.21357610896581
630.0 1.3150382437028094
630.5 1.3045461928950988
631.0 0.7321552960367775
631.5 0.9048748869711953
632.0 1.497494048403717
632.5 2.0647420482333594
633.0 1.4448520398547546
633.5 1.0651298145256702
634.0 0.3468929717473348
634.5 1.017599374052859
635.0 0.8023990649474635
635.5 0.7653068761384283
636.0 1.4548362126222896
636.5 0.6196054650474456
637.0 0.8532101723405295
637.5 0.7950359678815989
638.0 0.4982708056310651
638.5 1.3466259159326812
639.0 1.3585401521315013
639.5 0.955248609386429
640.0 1.2622916666261856
640.5 1.1118501100282963
641.0 0.8917773382017693
641.5 1.3526787587635707
642.0 0.7124177638330402
642.5 0.7380007147956245
643.0 0.7803054284030423
643.5 0.2608720659833378
644.0 0.9375646202016279
644.5 1.1235764667527923
645.0 0.6964081449080526
645.5 0.8893008076059457
646.0 1.0465819647150088
646.5 0.9944661488651689
647.0 0.6625543500152857
647.5 0.4156935230794826
648.0 0.9713144486011034
648.5 0.9178441800155241
649.0 0.6659016816092108
649.5 2.023262460010606
650.0 1.4444084508823967
650.5 0.9706866419365066
651.0 0.8355580213099576
651.5 0.7036100621176484
652.0 1.9353078682954394
652.5 0.6662670347833359
653.0 0.5455799172455886
653.5 1.0890059072670102
654.0 1.456603630810823
654.5 1.234513264882375
655.0 0.912431946792218
655.5 0.807996952398736
656.0 0.5098897457973799
656.5 0.6731895473435496
657.0 0.8707494059719378
657.5 0.574530576049123
658.0 0.641091332626696
658.5 0.793224038412272
659.0 0.4314944134308656
659.5 0.900263958319504
660.0 1.0577320694510899
660.5 1.229919651592388
661.0 0.8230825328190822
661.5 1.2918287610228445
662.0 1.4641949790767566
662.5 1.5667153392269584
663.0 1.4980275281748767
663.5 2.495621827891996
664.0 2.390587637905596
664.5 2.273604216022434
665.0 0.7501580708655798
665.5 1.4297149208944022
666.0 1.2530737165579384
666.5 1.254752632059617
667.0 0.9602340685007935
667.5 0.298912739767742
668.0 0.970362713850313
668.5 1.4956709299611266
669.0 1.0072308989307872
669.5 0.8160562490624624
670.0 0.978396815000853
670.5 0.6001446883846758
671.0 1.6786287911400222
671.5 0.7143969175184475
672.0 1.0981528549296704
672.5 1.1895529628076664
673.0 0.6579831748684684
673.5 0.8757499958229199
674.0 1.3238627088578423
674.5 0.6274141328014315
675.0 1.0069049360729467
675.5 1.0756267359527314
676.0 0.5910045334282126
676.5 1.3062494403306022
677.0 0.7582887719505611
677.5 1.4480349307770497
678.0 0.835663019216792
678.5 0.869980242338279
679.0 0.7293668532468809
679.5 1.5918392958472878
680.0 1.2745514106877245
680.5 1.55762121402547
681.0 0.7216873081504047
681.5 0.8055621976503693
682.0 1.2895285712363291
682.5 1.1325811823529697
683.0 0.6640430157850366
683.5 0.6888008295334602
684.0 0.6157247966861346
684.5 0.7245455038267683
685.0 1.5094755524177517
685.5 0.6558253889882564
686.0 0.6320435605092839
686.5 0.7850708720305859
687.0 1.116347976601625
687.5 1.1333892097810634
688.0 0.6948773391580615
688.5 0.9348929723611986
689.0 0.40192335024667136
689.5 0.7897197517610737
690.0 0.9900033202854605
690.5 0.6452157216407397
691.0 0.9216483362497658
691.5 1.0096418907876754
692.0 1.9207682581244043
692.5 2.4260014815099264
693.0 0.8470265136601702
693.5 1.0045250854798717
694.0 1.6291555571108831
694.5 1.9615018774865134
695.0 0.8662067245139516
695.5 0.8554681256769827
696.0 0.6486422238100047
696.5 0.6463044943985603
697.0 0.7053791818968798
697.5 0.7688438590305873
698.0 0.5733959133552562
698.5 1.6562253308927093
699.0 0.8062390413925582
699.5 1.1034863367792362
700.0 1.4102504624365966
700.5 0.9842850752957698
701.0 0.6797455711327233
701.5 1.171987580594513
702.0 0.9721827091019923
702.5 1.2005714570496209
703.0 1.5237342649361172
703.5 1.0593132703087424
704.0 1.425937483714176
704.5 1.1451393285726343
705.0 2.2194987028846422
705.5 1.0761646027592418
706.0 1.2396866038162586
706.5 1.8421476907933267
707.0 1.054662592521685
707.5 0.5989900423442827
708.0 1.6450072469812342
708.5 1.450035773183738
709.0 1.2371545638100476
709.5 0.6855630966307171
710.0 1.2270595875365347
710.5 1.4571124374863968
711.0 0.8173071375400274
711.5 0.8478677138504005
712.0 1.2772942481687646
712.5 0.8369845553114822
713.0 0.6265754611458279
713.5 1.2020029592326922
714.0 0.4952791705114914
714.5 0.889957575525781
715.0 0.8300578260804653
715.5 0.9389451451179466
716.0 1.1957074835119081
716.5 0.2
717.0 0.5726529073986768
717.5 1.2205224727905106
718.0 0.527960996920076
718.5 1.0050461423724713
719.0 1.4221709214942408
719.5 1.2600433160527253
720.0 0.9523495146888727
720.5 0.6540911673165635
721.0 1.0038698292313866
721.5 1.0541551824249904
722.0 0.607308466220657
722.5 0.6814061250978162
723.0 0.7536920856558995
723.5 0.7054448945293792
724.0 0.8384683755194009
724.5 0.882936177557869
725.0 1.117614904523394
725.5 0.8654557885951099
726.0 1.0095340976236478
726.5 1.3462340319011825
727.0 0.7374503573925177
727.5 0.8575186145660239
728.0 0.8479598926715931
728.5 0.8279511490995597
729.0 1.7113305378939656
729.5 1.2980331601149198
730.0 0.684483121092897
730.5 1.1189086218414461
731.0 0.9123411944904465
731.5 0.9460437755839906
732.0 2.0352530975745333
732.5 1.4686739608563602
733.0 0.9687558239840315
733.5 1.0743305259719813
734.0 1.315144555770119
734.5 0.7628555692208192
735.0 1.3618144752795276
735.5 0.6809700330836236
736.0 0.5506552884872236
736.5 0.9231769239632436
737.0 0.7458950904477206
737.5 0.6301237112662827
738.0 0.6813109950689434
738.5 1.7608271554015282
739.0 0.9459589217624638
739.5 1.171018586804124
740.0 0.6096268357075738
740.5 1.0128825182149723
741.0 1.7266896275780739
741.5 1.0190611133823104
742.0 1.028746999234197
742.5 0.5281366149625089
743.0 1.8793469857934886
743.5 0.8506220821987216
744.0 0.7114662231955369
744.5 0.7998998747968338
745.0 2.4929954089181248
745.5 0.699889245611123
746.0 0.94445250003008
746.5 0.9139385458275608
747.0 1.3229369826064463
747.5 1.059955532488638
748.0 1.4571308594894838
748.5 1.10117423188153
749.0 1.1658387788702123
749.5 1.1949183949074644
750.0 1.4770982970043778
750.5 0.8363461328466887
751.0 1.0046892951964
751.5 0.623700721129602
752.0 1.5590863064424458
752.5 0.8160677928628244
753.0 0.8120191886843104
753.5 1.438900736576096
754.0 0.6428081821501177
754.5 1.7925669773665853
755.0 1.1098083151103912
755.5 1.0812707215499064
756.0 1.2087010350596556
756.5 1.398733226962416
757.0 1.3500435226329592
757.5 0.5506206306421226
758.0 1.4174273262386876
758.5 0.5655564739438053
759.0 0.647710538912755
759.5 1.2453649335829624
760.0 0.7367476363232182
760.5 0.5376322880979498
761.0 0.8778722483911361
761.5 0.7964816401352712
762.0 1.1048309988253
762.5 1.066638173992858
763.0 0.723226547793176
763.5 0.9091374269707785
764.0 1.5139243890556733
764.5 0.6032975133788318
765.0 0.7340578283180181
765.5 0.6542881077772484
766.0 0.4176354695663297
766.5 1.0679531396570114
767.0 0.9886175899046372
767.5 0.7645020815916355
768.0 1.1639043035334664
768.5 1.440136401375099
769.0 1.7473434839712882
769.5 0.8719687002487647
770.0 2.4792970816779607
770.5 0.957768962712476
771.0 1.1316843734408832
771.5 1.3711600864440319
772.0 0.5498587088684117
772.5 1.4908054247714184
773.0 0.7789970345846675
773.5 1.2999782853377309
774.0 1.2629153922561758
774.5 0.9175171638914703
775.0 0.9576708224462132
775.5 1.3420159254226927
776.0 1.1707638369689963
776.5 0.7875801283562435
777.0 0.9547409911063629
777.5 0.4571055741491317
778.0 0.5392950974468379
778.5 0.3338951858504038
779.0 1.1066625715558398
779.5 1.2291259743959975
780.0 0.6381512577471982
780.5 1.202492954881742
781.0 1.496957231490967
781.5 1.7541476918233396
782.0 1.1424840866983264
782.5 1.0965428196366944
783.0 1.0361997606461197
783.5 0.661236010219431
784.0 0.856636304569017
784.5 1.5429529028081772
785.0 1.161825484124076
785.5 1.4234713148999072
786.0 1.4285355993241224
786.5 0.769382923266537
787.0 1.3575786354828927
787.5 0.6551155890282763
788.0 1.6502863082144121
788.5 0.7186103518552762
789.0 0.9448780799008849
789.5 1.204358183413695
790.0 0.9827137726273363
790.5 1.5958035693291381
791.0 1.06173033414893
791.5 0.9005481649725039
792.0 1.5126027247670812
792.5 1.6587746395838003
793.0 0.9740221524205982
793.5 0.6220733051803149
794.0 0.6561470991376277
794.5 0.5953175678309547
795.0 1.5787050101610856
795.5 0.8366202932036597
796.0 1.1602656887139116
796.5 1.442994644802208
797.0 1.1543332864152132
797.5 0.8357316216559096
798.0 1.8925071455170106
798.5 1.4207918121728227
799.0 1.0414592536388894
799.5 1.4243219215337284
800.0 1.0602634755190747
800.5 1.4842368553499554
801.0 1.5441212782412155
801.5 0.4459928910978638
802.0 1.4598482506248667
802.5 1.6313424462835053
803.0 1.1285001844735092
803.5 1.1309562601349783
804.0 1.2653354348969956
804.5 1.0566250138839748
805.0 0.8251256356459447
805.5 1.0219215243305833
806.0 0.8726676450163857
806.5 1.3945612192325691
807.0 1.0876288229427926
807.5 0.398163519140336
808.0 0.70906406866892
808.5 0.500569127914911
809.0 1.2690293371852794
809.5 0.7609742224961782
810.0 1.3273574491931042
810.5 1.1952886542987158
811.0 1.0241474757951345
811.5 1.1444975633836894
812.0 0.6014513661592449
812.5 0.5148838616682607
813.0 1.0603675901543108
813.5 1.6140734588413097
814.0 0.4270919374853609
814.5 0.6206707789197321
815.0 1.5291205814696975
815.5 0.8951957491130275
816.0 0.7514762256346401
816.5 0.8508338089471399
817.0 1.2206565440244184
817.5 1.754499343079246
818.0 0.6542691647107675
818.5 1.182663034956386
819.0 0.874751724576611
819.5 1.1558381859907119
820.0 1.509720417554494
820.5 0.6958298218366813
821.0 1.0071533141260467
821.5 0.6914310786424605
822.0 0.7479396123583018
822.5 1.4918976486736004
823.0 0.9883529513859368
823.5 0.48007305119500987
824.0 1.7055794581115702
824.5 0.5612130158006337
825.0 0.5394315136562982
825.5 1.247459331191593
826.0 0.6420998104531155
826.5 1.3354734584146533
827.0 1.2996413833825207
827.5 1.1749908593735623
828.0 1.387200687859988
828.5 0.8224590669227594
829.0 1.4123721146459194
829.5 0.9584297969258805
830.0 1.5052951956790062
830.5 1.1078758579165866
831.0 0.8813833430022004
831.5 1.8047870495713267
832.0 0.883662736480397
832.5 1.5332035892923601
833.0 1.3405835422275187
833.5 1.2845734301212448
834.0 1.3667969571969207
834.5 1.3545211506332095
835.0 0.8835311730910829
835.5 1.9769898153235697
836.0 0.5725040031694607
836.5 1.338578662049379
837.0 0.5574395390789629
837.5 0.9716262015195372
838.0 1.8888663036055688
838.5 1.0178091293346037
839.0 1.0552509313727385
839.5 0.8507837594652062
840.0 0.6976460360609147
840.5 1.0797995626762915
841.0 0.5077994244438355
841.5 1.1649875533516916
842.0 0.9373046215859782
842.5 0.9473790996225047
843.0 0.48781884148880195
843.5 0.7677381478406485
844.0 0.5853644348914109
844.5 0.24411172497651068
845.0 0.8159801083273216
845.5 1.2240440750800172
846.0 1.4537327578274701
846.5 0.7013687648947451
847.0 0.7429269064394406
847.5 1.3852967203589541
848.0 1.7344396152032697
848.5 1.2748430684849366
849.0 1.0348937165902472
849.5 0.8773431485994678
850.0 1.1821299821747813
850.5 0.7938152814903365
851.0 0.606711929607795
851.5 1.2291012369239578
852.0 0.7685767889037319
852.5 0.5511062955172481
853.0 0.5213727938259274
853.5 0.5433811941650485
854.0 0.8017307324223335
854.5 1.3699280685185748
855.0 0.8582119217110826
855.5 1.2968111792659225
856.0 1.2522213312532915
856.5 1.0057907656516063
857.0 0.9293816090589266
857.5 1.1921479615762052
858.0 0.6799078403753329
858.5 2.1177207797960835
859.0 0.760574290079805
859.5 1.5821663686168308
860.0 0.9358993683458428
860.5 1.6218117573383939
861.0 1.7914876926238996
861.5 1.0294255850699872
862.0 0.9232493469253216
862.5 0.4220258229021653
863.0 0.6124172377789949
863.5 0.7972771539420851
864.0 0.7870534878964912
864.5 0.7984825951922504
865.0 1.4424903362273147
865.5 1.825044622342802
866.0 2.066190846794256
866.5 0.5864542597464595
867.0 0.891516643549578
867.5 1.4882064381724884
868.0 1.2423109438468851
868.5 0.7826658509261365
869.0 0.8536708977451255
869.5 0.8787594975799333
870.0 1.0832060512254695
870.5 1.1941760994944826
871.0 1.3251094852597576
871.5 1.0219421746730828
872.0 0.6756777439465737
872.5 0.5154904628560777
873.0 1.1119279612357413
873.5 1.2489813851667035
874.0 0.8478642668337811
874.5 1.0461205260657693
875.0 1.5116571748947765
875.5 0.9648811995162057
876.0 0.8988770957986738
876.5 1.2859897303321217
877.0 0.7683044323794957
877.5 1.1365632878658811
878.0 0.8402299667369156
878.5 0.962799317112619
879.0 0.8068784275039882
879.5 1.0389426798440617
880.0 0.39785017368648257
880.5 1.79427534899528
881.0 1.0130226861846672
881.5 0.6174823309196399
882.0 1.6928312443745428
882.5 0.7908425515615543
883.0 0.5211263179576692
883.5 0.8950922451849709
884.0 0.9064282937077333
884.5 1.249193331151388
885.0 0.964670171918831
885.5 0.9423741994294044
886.0 1.199572866597633
886.5 0.5708931623148076
887.0 1.1667374745616812
887.5 0.9509309322207076
888.0 1.3968383318956237
888.5 1.1222314310239616
889.0 1.0912422787291307
889.5 1.1243445062809843
890.0 1.0083849163902385
890.5 0.8649780527188269
891.0 0.6415084544842213
891.5 1.0747554364402507
892.0 1.310046834153789
892.5 0.9765512095392924
893.0 1.1266101204560566
893.5 0.9429656576282777
894.0 1.008544412310028
894.5 1.5696157009156646
895.0 1.7688352463558057
895.5 1.0881555899055377
896.0 0.694673339741538
896.5 0.6573070423867744
897.0 1.5602150125008412
897.5 1.1381179116277897
898.0 0.927887620453941
898.5 0.8391614205065817
899.0 1.1012465566233753
899.5 0.986157594513879
900.0 1.3190212785038415
900.5 0.47626116773175603
901.0 0.7163103643119553
901.5 1.1809286066192566
902.0 0.8524860862784638
902.5 1.2345389760938281
903.0 0.7533747901633505
903.5 1.127855929901351
904.0 1.3659468816063511
904.5 1.7249577859207927
905.0 0.8628706990366006
905.5 1.5742043423748484
906.0 1.3815006679531792
906.5 1.6169843982972334
907.0 0.8257450818644514
907.5 0.9442824408937296
908.0 0.8693899686880321
908.5 1.1519937411483592
909.0 0.9978448734226839
909.5 1.3361698236664523
910.0 0.7092457673291712
910.5 0.5940564968110107
911.0 0.8152675290002873
911.5 0.7778099282351165
912.0 1.9548725267354001
912.5 0.8622914926919496
913.0 1.6887662125130234
913.5 1.1561951271269768
914.0 1.3721137072930487
914.5 0.6596164597956007
915.0 0.9465319006108811
915.5 0.7708556467919478
916.0 1.2692047529478048
916.5 1.262854961429011
917.0 0.7153053030751235
917.5 0.42738035569901484
918.0 0.873806918278923
918.5 0.8996762568742017
919.0 1.6656670697856422
919.5 1.2167490014302298
920.0 0.9886513930643488
920.5 0.6601970857241662
921.0 0.642112051908924
921.5 1.043359504228341
922.0 1.0763130557345069
922.5 0.70938039846197
923.0 0.6959269010702096
923.5 0.7290099540440604
924.0 1.2391285500173455
924.5 0.9333984070939086
925.0 0.7634620121299902
925.5 0.8053904202690405
926.0 0.819264264680788
926.5 1.1477242052011893
927.0 1.0244897530817196
927.5 1.104633837167961
928.0 1.0178545899111149
928.5 1.6690486788485357
929.0 0.9354073767153956
929.5 1.626999436141738
930.0 0.7225322195306679
930.5 0.8099463496688032
931.0 1.411826259759529
931.5 1.2511125064516895
932.0 0.9795503205045275
932.5 0.7432934616030524
933.0 1.1284645798782833
933.5 1.0279499650440664
934.0 1.9647287060696916
934.5 0.8318286607117912
935.0 1.20208929960539
935.5 1.1241305438087315
936.0 1.3884558761828414
936.5 0.5429880360111652
937.0 1.239851482273779
937.5 0.6957907645681201
938.0 0.6572115773388822
938.5 1.9469143005200666
939.0 0.5509859270108379
939.5 1.0977064571607318
940.0 1.167995654141956
940.5 0.7402184011541451
941.0 0.776934419256342
941.5 1.0026383168629391
942.0 1.0275148864329575
942.5 0.678475871180646
943.0 0.9429480487109209
943.5 0.7689663451989381
944.0 0.6282338573525448
944.5 0.7964026936697397
945.0 1.4941421024908648
945.5 0.6064114743217179
946.0 1.5667045494427811
946.5 0.3946506207400409
947.0 1.0034375197559593
947.5 0.694753800667078
948.0 0.6917109314621143
948.5 0.900740533318876
949.0 1.0795253667995024
949.5 1.5342279227646993
950.0 0.8668609771048901
950.5 1.0904307936058872
951.0 0.7897538119791983
951.5 0.8013237218784015
952.0 0.9926656135607119
952.5 0.9771373677823412
953.0 1.4224747885276559
953.5 0.9204569342453792
954.0 1.7011637293115918
954.5 0.6982993396285855
955.0 1.018360454832643
955.5 1.6700592962772123
956.0 0.9193545216560801
956.5 1.6865098319735043
957.0 0.7863834294145196
957.5 0.9031513426217712
958.0 1.5457270108628065
958.5 0.5384421578760106
959.0 1.560917728533211
959.5 1.2524820039229376
960.0 1.1112587872483166
960.5 1.5287774041203521
961.0 1.1101215714099628
961.5 0.8808738116733782
962.0 0.8372115666057706
962.5 1.1930011482249263
963.0 1.1029627753454214
963.5 0.8117980762037021
964.0 0.7307353612876455
964.5 0.6056489252509986
965.0 1.3997134562050186
965.5 1.015119505016192
966.0 2.034681389387748
966.5 0.6897026569678137
967.0 0.9672830908330633
967.5 0.8389756856609443
968.0 0.9499021285902395
968.5 0.9457221315353046
969.0 1.8061984152087067
969.5 0.7242119166642285
970.0 1.0332877925670882
970.5 1.6816196076241612
971.0 0.8129301693979639
971.5 1.0394815662759558
972.0 1.2430343446988008
972.5 0.8655586860841809
973.0 1.3415725211940441
973.5 0.976370219449795
974.0 0.6204145972475743
974.5 0.9477743043050765
975.0 1.2202739013701722
975.5 1.371230267527341
976.0 1.50897835734902
976.5 1.3522913524169125
977.0 0.4843628712510133
977.5 1.0305907025193708
978.0 0.9971121763580028
978.5 0.670337532084775
979.0 0.8906505203246327
979.5 1.3584462622811881
980.0 1.03979774763877
980.5 0.5984652879180616
981.0 0.2
981.5 0.8361446353253225
982.0 0.9037131273573202
982.5 0.9979688539667457
983.0 0.5132656649813907
983.5 1.280506048868495
984.0 0.9336278794187354
984.5 1.2396019602737622
985.0 1.0173238733561574
985.5 0.6519832627860331
986.0 1.2991040812858619
986.5 0.6949189531190185
987.0 0.9548961398823346
987.5 0.6672856384089161
988.0 0.8354555518657594
988.5 1.0115944222916866
989.0 0.5675506718484598
989.5 0.4653557790424667
990.0 0.7411795291043353
990.5 2.0341029422845334
991.0 0.8121648730893622
991.5 1.1425070538462405
992.0 1.2173224268697151
992.5 0.7074880931891964
993.0 0.732648336596561
993.5 1.3279122200616038
994.0 0.8475972567232005
994.5 0.8522629897060028
995.0 0.817408228863359
995.5 1.6102434362409377
996.0 0.5572844310737217
996.5 0.4923264259666535
997.0 0.7883910051931549
997.5 0.8215468637998804
998.0 1.6130419622097074
998.5 1.3559776950249463
999.0 1.3326782680711093
999.5 1.0170176468030265
1000.0 0.7715227293546588
1000.5 0.8345978164167411
1001.0 0.6058921759859928
1001.5 1.191372970781396
1002.0 1.2286365423720291
1002.5 1.7195231221274154
1003.0 1.1049241599810598
1003.5 1.6397538849091746
1004.0 0.5901055559649626
1004.5 0.2
1005.0 1.0594977471455362
1005.5 0.6993059928873596
1006.0 0.6800898885510847
1006.5 1.058592707383701
1007.0 1.3188942339800114
1007.5 1.3950312585703823
1008.0 1.3460858470687427
1008.5 0.7085040020675158
1009.0 0.7394325599418704
1009.5 1.1698195143278096
1010.0 0.4978219319880408
1010.5 1.4331827550508742
1011.0 0.7012761401501896
1011.5 1.679286502767273
1012.0 0.77829917558626
1012.5 0.8623556196570752
1013.0 0.5635486964564256
1013.5 1.578437663147442
1014.0 1.3673895659993875
1014.5 0.6742809971700612
1015.0 1.0982299181226967
1015.5 1.00960147859902
1016.0 0.5469550944283775
1016.5 0.9495498266251583
1017.0 0.8404117212347628
1017.5 0.5047712586026795
1018.0 0.608864426368629
1018.5 1.6847807944330513
1019.0 0.5125644539609946
1019.5 0.9335855895646725
1020.0 0.9135651968580428
1020.5 1.1934078568874926
1021.0 1.2697364625800254
1021.5 0.6342729855267201
1022.0 1.3494325710384358
1022.5 1.088128848809203
1023.0 1.0057112191394335
1023.5 0.5815660841565342
1024.0 1.021642025322897
1024.5 0.68790154130365
1025.0 0.792916279028377
1025.5 1.1207399801378237
1026.0 0.7850991135554845
1026.5 1.5747065857098295
1027.0 0.9827697215623776
1027.5 1.171756475690802
1028.0 1.0784671734739377
1028.5 1.3222190401843308
1029.0 1.0455377806179844
1029.5 0.7166909332785818
1030.0 1.895066479255028
1030.5 0.8805446117928264
1031.0 0.8545564675721524
1031.5 1.4336392812642171
1032.0 1.7290528560274914
1032.5 0.7607669786415776
1033.0 0.7460247567423564
1033.5 1.5000289312639605
1034.0 1.4053485849741048
1034.5 1.3880264020211555
1035.0 0.44485861832974044
1035.5 0.8532158479424612
1036.0 0.868730701891588
1036.5 0.6267972083887761
1037.0 1.1648146687243577
1037.5 0.42433476951311977
1038.0 1.0646359463987536
1038.5 2.3127577660873047
1039.0 1.332374833506909
1039.5 0.8858578742684825
1040.0 0.8106621732872153
1040.5 1.5272675914159648
1041.0 0.8776359286255645
1041.5 1.329215602451892
1042.0 2.328947715424576
1042.5 0.8633865283147795
1043.0 1.2501070199276099
1043.5 0.5982883118575746
1044.0 1.323814764351197
1044.5 0.9373348841170377
1045.0 0.7410661647594372
1045.5 1.1830630725996414
1046.0 1.073030066418652
1046.5 0.5130510010707933
1047.0 0.8770589593147006
1047.5 0.8420010718519011
1048.0 1.0640972377495466
1048.5 1.3725465822013967
1049.0 1.0325658543320082
1049.5 0.855410912197182
1050.0 0.635266671032007
1050.5 1.601386281805323
1051.0 0.2399479848138354
1051.5 1.0197803615734449
1052.0 1.5654537370147574
1052.5 0.5432679943497533
1053.0 0.7636734211370684
1053.5 0.8646069938975195
1054.0 0.7247987464127579
1054.5 1.788944441647664
1055.0 1.6952477812624402
1055.5 0.6630906951645619
1056.0 1.6926296362950284
1056.5 1.459851523256833
1057.0 1.0095189101114808
1057.5 0.6613236458643852
1058.0 0.6523639666328759
1058.5 1.174694170341501
1059.0 1.2257013632475102
1059.5 1.2621649573349836
1060.0 0.6697618689613074
1060.5 0.7575937137116224
1061.0 0.4782499335810325
1061.5 0.5478536330933499
1062.0 0.58567001509306
1062.5 0.38400050005001457
1063.0 0.9310754516487016
1063.5 0.9965771346410266
1064.0 0.7633622877231241
1064.5 0.804016767897702
1065.0 0.7227772212239757
1065.5 0.6117570344107813
1066.0 0.853421076708639
1066.5 1.472209428518735
1067.0 0.9221507664366244
1067.5 1.5001760942168527
1068.0 1.248172842986785
1068.5 0.6126772876329598
1069.0 1.3044402541595062
1069.5 0.9322107024564207
1070.0 1.064831394322654
1070.5 0.7567021529849884
1071.0 0.6121939348845857
1071.5 0.8734516462368448
1072.0 1.39202175879641
1072.5 0.8597469555094044
1073.0 1.2011245522367484
1073.5 0.5429940223220217
1074.0 0.7630006984085291
1074.5 0.8830744401947141
1075.0 1.1107163795779047
1075.5 0.9471664401275386
1076.0 0.8493629816308061
1076.5 0.936279427520832
1077.0 0.675135818215677
1077.5 0.9738007031862739
1078.0 0.7820826127542918
1078.5 0.9037564418200938
1079.0 0.3490338925396045
1079.5 0.7501914326535312
1080.0 0.9442795139226703
1080.5 0.41257806644930617
1081.0 1.2031547002838026
1081.5 1.893356924945957
1082.0 1.1292329797334406
1082.5 1.3793075504241932
1083.0 1.1592917111472898
1083.5 2.4943677043595005
1084.0 0.9333383181253488
1084.5 1.2718720379812454
1085.0 2.1281536808040937
1085.5 1.5099212570076048
1086.0 0.7302534147876838
1086.5 0.6668566005303622
1087.0 0.6363809435317811
1087.5 1.6299899151849986
1088.0 1.8674260190386414
1088.5 1.1997757226030568
1089.0 1.4540147642457404
1089.5 1.073499636757069
1090.0 0.7350944348947988
1090.5 0.882414126482579
1091.0 1.4925991669640375
1091.5 0.6564917141366844
1092.0 0.22248085589332767
1092.5 1.2557406714315578
1093.0 1.3480501037732902
1093.5 1.3710777521843642
1094.0 1.1418059505997218
1094.5 1.5193564207908794
1095.0 2.0325312223561784
1095.5 1.4896614797266596
1096.0 1.6865190874517375
1096.5 1.5329095691927979
1097.0 0.8250796404559023
1097.5 0.4966761118054727
1098.0 1.187726862650679
1098.5 1.0714883364217664
1099.0 1.1155853952837678
1099.5 1.4682368326971558
1100.0 1.4118085852819515
1100.5 0.768609539461953
1101.0 0.9153131822985097
1101.5 0.8183481204530796
1102.0 1.560057822737241
1102.5 1.3258732662677324
1103.0 0.8141192911674062
1103.5 0.751565279016349
1104.0 0.8623908839918788
1104.5 0.6441968792050232
1105.0 1.32912545178274
1105.5 0.7328709125139266
1106.0 0.932332783277808
1106.5 0.8650122870477349
1107.0 1.1437174429178305
1107.5 1.4923415954508026
1108.0 1.0198146606810405
1108.5 0.8402226657964676
1109.0 1.3052546725902499
1109.5 1.0638639931956115
1110.0 1.367917955697358
1110.5 1.4390499498497982
1111.0 0.8310448953261557
1111.5 1.634582851941619
1112.0 1.7789680681836337
1112.5 0.8737154231863691
1113.0 0.6906360424346031
1113.5 0.6817906141525708
1114.0 0.739235477470838
1114.5 0.7534611865219549
1115.0 0.9266743284794499
1115.5 2.1555860024858324
1116.0 1.0770257015495521
1116.5 1.3717533649064642
1117.0 0.8271915011195516
1117.5 1.302274502512485
1118.0 1.5984003035278191
1118.5 1.2516591157961257
1119.0 1.2963186742907804
1119.5 0.9243293939318985
1120.0 1.6692024088623443
1120.5 0.6402216663399086
1121.0 1.0119569855661175
1121.5 0.8024379237874615
1122.0 0.6260293881457965
1122.5 1.747390964570633
1123.0 0.5788383148088336
1123.5 1.0526689557919524
1124.0 1.2526950231013827
1124.5 0.9169094156386789
1125.0 0.7158424644356887
1125.5 0.9421986636525546
1126.0 0.6833574471396175
1126.5 0.7007508726084926
1127.0 1.2868214297020846
1127.5 0.8174332749235087
1128.0 1.2705934629395101
1128.5 1.003187440812332
1129.0 1.2439771622091285
1129.5 0.8076538497785243
1130.0 0.6874281661842044
1130.5 1.4488647443840414
1131.0 1.4298015978723224
1131.5 0.697634540350969
1132.0 0.6027558116559231
1132.5 1.1072304095612333
1133.0 0.8361975116468343
1133.5 1.3084080167683645
1134.0 1.2981332406091834
1134.5 0.7576472979686237
1135.0 1.021964462482046
1135.5 0.7075293089751091
1136.0 0.5206064220263271
1136.5 1.1478842715594824
1137.0 1.5640278742508862
1137.5 0.8533736726129895
1138.0 1.4677597811962908
1138.5 1.5594621615282964
1139.0 1.9144589173404198
1139.5 0.7106660206772777
1140.0 0.4850680120638279
1140.5 1.1656897440789344
1141.0 1.1895412961450906
1141.5 1.2825648294420902
1142.0 0.7241620982092678
1142.5 1.1970492220963314
1143.0 0.6000999630906285
1143.5 1.0059584051899613
1144.0 1.1578126410258824
1144.5 1.307706338448018
1145.0 1.2480812623990043
1145.5 1.8050104179318849
1146.0 0.4631741904459034
1146.5 0.3994986473503638
1147.0 0.9633857584094829
1147.5 0.6071865984010949
1148.0 1.058523135900498
1148.5 0.7350162032116967
1149.0 1.4457073310119952
1149.5 1.0866988923499594
1150.0 1.9654983287787076
1150.5 0.9381572777822831
1151.0 0.4666355487020307
1151.5 0.5026153901096726
1152.0 0.9232904468604208
1152.5 0.9595770809019554
1153.0 1.0803802978678303
1153.5 1.129331681614262
1154.0 1.6117949734645722
1154.5 0.7819707130510027
1155.0 1.1201455340272028
1155.5 0.7827047629865657
1156.0 0.81194689762558
1156.5 1.3161831452830293
1157.0 1.242413367969211
1157.5 1.2873233640148785
1158.0 1.1421486077325778
1158.5 0.7914382569778255
1159.0 1.0785937355399084
1159.5 0.629106027055852
1160.0 1.1187378838368418
1160.5 1.4944757841398029
1161.0 0.892006412186557
1161.5 0.8774951115723563
1162.0 0.8436651977751601
1162.5 1.5288701979806771
1163.0 0.5253497686176619
1163.5 1.0451094035748256
1164.0 0.625451049974387
1164.5 1.0222338351703146
1165.0 1.2704080846411596
1165.5 0.8731079566965974
1166.0 0.6684781239900677
1166.5 0.6204477404310915
1167.0 2.1656031930391775
1167.5 1.8310216665516617
1168.0 1.3396003619609371
1168.5 1.3966225610340757
1169.0 0.9263761182408417
1169.5 1.2210612885010974
1170.0 1.5149661247479311
1170.5 0.985847139784812
1171.0 0.9374095735258732
1171.5 1.0271401741631725
1172.0 0.9149190240636498
1172.5 0.7843155592764585
1173.0 0.9636357006525914
1173.5 1.2640117380957867
1174.0 1.0832082627492199
1174.5 0.5108182048502976
1175.0 0.8612364992458779
1175.5 0.7227222677692963
1176.0 1.719903869381969
1176.5 0.735087987384482
1177.0 0.9378268819542387
1177.5 1.5677264662072294
1178.0 0.8188064266181405
1178.5 0.8937073766645447
1179.0 0.5154935871864207
1179.5 0.9906871597232995
1180.0 0.893371706476662
1180.5 0.5401324074661533
1181.0 2.1478828479314727
1181.5 0.7735127682728977
1182.0 1.6751994502585026
1182.5 1.9676817493484373
1183.0 0.7457402710335396
1183.5 1.2302138447341981
1184.0 0.8657350177542109
1184.5 0.9192617472882719
1185.0 1.0258190856784826
1185.5 0.7749021539691412
1186.0 1.496123989253408
1186.5 1.1491949163933706
1187.0 1.0541485548726421
1187.5 1.0104139242083083
1188.0 1.490822786066194
1188.5 1.310648324405066
1189.0 1.230171475642287
1189.5 0.408475753331218
1190.0 0.6691881688100968
1190.5 1.2638136006000233
1191.0 1.0457020905275383
1191.5 2.026264439331501
1192.0 2.010999988166552
1192.5 1.501466226886265
1193.0 0.9011395743318392
1193.5 1.2046393237691844
1194.0 1.1395999033847835
1194.5 1.1940425275013897
1195.0 1.4350878488656527
1195.5 0.8776463639199379
1196.0 0.9259053496059307
1196.5 0.9770341066962673
1197.0 0.8014607959734998
1197.5 1.3571837327559457
1198.0 1.2806490684213379
1198.5 0.8690471439467473
1199.0 0.9869152109739704
1199.5 0.6432523107641833
1200.0 2.01332300508413
1200.5 0.8288599853250787
1201.0 1.227784019565373
1201.5 0.7866078646488761
1202.0 0.9284382223542582
1202.5 0.789962155244633
1203.0 1.1806187026948745
1203.5 1.118144450642259
1204.0 0.5681297666785731
1204.5 0.6080303163775233
1205.0 0.6571746665504827
1205.5 1.3079556065201785
1206.0 1.4095054621195238
1206.5 1.984957486111429
1207.0 1.0787594654439916
1207.5 1.0801718636655882
1208.0 0.9448767005211205
1208.5 0.9074751286320677
1209.0 1.0744867945444145
1209.5 0.656313293732905
1210.0 1.155231904883737
1210.5 1.2234009838494364
1211.0 0.8745423052808601
1211.5 1.1383538237104378
1212.0 0.8188912325931992
1212.5 2.066458512605403
1213.0 1.2352768780488574
1213.5 1.2818480891451407
1214.0 1.4061728203951165
1214.5 1.1332027066228885
1215.0 0.9498639518558772
1215.5 0.7368524102279445
1216.0 0.933628084942573
1216.5 0.7375956995824768
1217.0 1.1047752813562144
1217.5 0.4263508442989876
1218.0 0.9033185429177284
1218.5 1.2622493572252629
1219.0 1.0029156487706428
1219.5 1.1314050785620258
1220.0 0.7259006141671448
1220.5 0.7097382776744581
1221.0 1.478286868914677
1221.5 1.5277536976767558
1222.0 0.6936072886902751
1222.5 0.9389673319213665
1223.0 1.7110332352441218
1223.5 0.6952910091222013
1224.0 1.1545738531127436
1224.5 0.9656751915057882
1225.0 0.7867763687252737
1225.5 1.7139291961781074
1226.0 0.9425768955717069
1226.5 0.6642289523296399
1227.0 1.722632759477809
1227.5 0.5066433842556655
1228.0 1.4780778842863298
1228.5 0.6586918350367381
1229.0 1.4008903323183821
1229.5 0.5990372546273413
1230.0 1.0446813532339663
1230.5 1.27995671403299
1231.0 1.252452411489111
1231.5 0.9357968795011535
1232.0 0.9092561458574019
1232.5 1.0712338871412346
1233.0 2.359771446093958
1233.5 0.9476833410958585
1234.0 1.2655032142550913
1234.5 0.9889506991513752
1235.0 1.1451815538335577
1235.5 0.7769614266201557
1236.0 1.6798327264206858
1236.5 0.7825221580653564
1237.0 0.7821328358905743
1237.5 1.7741900016837873
1238.0 0.5519925605133433
1238.5 0.7890010892054612
1239.0 1.7875414848090077
1239.5 0.5028997950749998
1240.0 1.3510535436713664
1240.5 2.061292028642402
1241.0 0.7902175621991301
1241.5 1.1520411584133163
1242.0 0.8847484737747536
1242.5 0.6547843297724154
1243.0 0.9614371189644966
1243.5 1.0363179788943295
1244.0 1.0198492318787347
1244.5 0.7042439934416083
1245.0 0.9900757055536946
1245.5 1.036341573048683
1246.0 0.9339163326378678
1246.5 1.6705743150120056
1247.0 1.4935881205403447
1247.5 0.8812084751840545
1248.0 1.8721300569216939
1248.5 0.8485910308152063
1249.0 0.9183975505893978
1249.5 0.7157154079377641
1250.0 0.7986137803809283
1250.5 1.619007782999928
1251.0 1.6423784053893105
1251.5 0.9432264948113612
1252.0 0.7517834393989613
1252.5 0.9218003144472335
1253.0 0.5667707683202582
1253.5 0.7648791736732297
1254.0 0.9774505874001875
1254.5 0.9993674503859555
1255.0 0.6665307139202177
1255.5 1.1799301846903172
1256.0 1.4098803759166283
1256.5 1.5885525716127518
1257.0 0.760989329628629
1257.5 1.3368895029201115
1258.0 0.23123415634842226
1258.5 0.6695243188522555
1259.0 1.2911692427540498
1259.5 1.2171581702424947
1260.0 0.722204786154279
1260.5 1.339826235100773
1261.0 0.9629697945255502
1261.5 1.1706927763630475
1262.0 0.8263664588831968
1262.5 1.1594615395775154
1263.0 0.6237888213644966
1263.5 0.6216576653192697
1264.0 0.97765860326576
1264.5 1.1689373469603113
1265.0 0.40882414287380076
1265.5 0.6825640181945212
1266.0 2.120864730633112
1266.5 0.7166991927123602
1267.0 1.2592976245500729
1267.5 1.5643359109937864
1268.0 0.8585902752011894
1268.5 1.4028473038381524
1269.0 0.6363978558739926
1269.5 0.44673890766124535
1270.0 0.9367114057264131
1270.5 0.6371183055630991
1271.0 0.9786051243528654
1271.5 0.9853992682771078
1272.0 1.6971793069410221
1272.5 0.689149611698229
1273.0 1.3241826059068469
1273.5 1.1322458050179414
1274.0 0.6358888312235706
1274.5 0.7807146027924459
1275.0 0.5839093079699276
1275.5 0.7597273847693431
1276.0 1.8775013489192318
1276.5 0.6477965666182037
1277.0 0.9842030392432777
1277.5 0.8183514248200557
1278.0 0.8620275431089036
1278.5 0.9935714637838291
1279.0 0.7271302805393285
1279.5 1.402769043697175
1280.0 1.6673600715803296
1280.5 0.6263321357135413
1281.0 0.7092016125361691
1281.5 1.134344102921667
1282.0 2.2704746370039355
1282.5 1.0365503226685886
1283.0 0.6966005704944156
1283.5 1.1910570556928368
1284.0 1.0168016485086548
1284.5 1.1298222589904345
1285.0 0.5662471908796147
1285.5 0.8317497562529446
1286.0 0.7621412606970266
1286.5 1.7878138074950383
1287.0 0.6480528821075815
1287.5 0.6999338340180736
1288.0 1.3411330338294554
1288.5 0.8274961493665666
1289.0 1.0339550107983553
1289.5 0.8761801221358391
1290.0 0.6981343145503878
1290.5 1.4692036555311638
1291.0 0.7190380367868079
1291.5 0.887094144427588
1292.0 0.6563326940592424
1292.5 1.8242875613985339
1293.0 1.5661248581087328
1293.5 1.0985009013028706
1294.0 0.875747256213064
1294.5 1.5046208528973728
1295.0 0.7717141056217269
1295.5 2.0064863846677774
1296.0 0.8576248098103753
1296.5 1.3283070483355255
1297.0 0.6815771528131862
1297.5 1.2018266202252423
1298.0 1.4756469018099487
1298.5 1.6600287694356979
1299.0 1.1384507434477453
1299.5 0.4281373507757906
1300.0 0.8481434512511941
1300.5 1.13850922537544
1301.0 0.7123013978456912
1301.5 0.40582183558694385
1302.0 0.9696705720732433
1302.5 0.6904652187370699
1303.0 1.294528051512267
1303.5 0.7624639907569797
1304.0 0.6678529810638087
1304.5 0.6360196337287871
1305.0 1.158766002594597
1305.5 0.9940252494384619
1306.0 1.0010213880840202
1306.5 0.6703908924596614
1307.0 1.0026616080542523
1307.5 1.530782926755231
1308.0 0.8194967832009146
1308.5 1.2708827121682424
1309.0 0.7676104872229446
1309.5 1.0224101389810354
1310.0 0.7707925545343668
1310.5 1.552226994832258
1311.0 1.0175173736040193
1311.5 1.4259241111299714
1312.0 0.7225013222842769
1312.5 1.1695248982182727
1313.0 0.6972054781205789
1313.5 0.9752686049859846
1314.0 1.7073463684223245
1314.5 0.9397218209451479
1315.0 0.6630669653373409
1315.5 1.533301347701273
1316.0 0.5586201434486403
1316.5 0.4848885792559221
1317.0 1.7406214573247767
1317.5 0.6878534405101357
1318.0 1.3261441946285057
1318.5 0.8848991222019066
1319.0 0.28544339514804895
1319.5 0.9693745761704805
1320.0 0.8566246943733717
1320.5 0.7646952479874503
1321.0 0.6560417298283473
1321.5 1.3628747943282624
1322.0 1.8611304476527146
1322.5 1.7237186505805022
1323.0 2.2811438955669083
1323.5 2.292646525965269
1324.0 1.292302194539868
1324.5 1.643393505871161
1325.0 1.0684702751522883
1325.5 1.7276939544014045
1326.0 0.8180091444153859
1326.5 0.8185754611375171
1327.0 1.2230322537867613
1327.5 2.0577841111236626
1328.0 1.4739794105316961
1328.5 0.7822549066875046
1329.0 0.8007058047719056
1329.5 1.4146615398097184
1330.0 1.7653625211698127
1330.5 1.1034321136824121
1331.0 0.8008341222882368
1331.5 1.1779288821727611
1332.0 0.997549656290272
1332.5 0.9224440609717907
1333.0 1.3342593630278232
1333.5 0.609321030893262
1334.0 1.4260551632664085
1334.5 0.9054912498795855
1335.0 0.56307387482637
1335.5 0.711175199483497
1336.0 1.1265268730244622
1336.5 1.0685910641847127
1337.0 1.0339458718464316
1337.5 0.6689100668612551
1338.0 0.8626487582787254
1338.5 1.030361851572848
1339.0 1.0297651257659484
1339.5 1.6372529307528207
1340.0 0.8182024099992088
1340.5 0.8964400101240705
1341.0 1.2222782752634744
1341.5 0.962852089143372
1342.0 1.3031920741149525
1342.5 1.5510521657784984
1343.0 0.6756805663149191
1343.5 1.3585434864504795
1344.0 1.3692112606402742
1344.5 0.6742425484539362
1345.0 1.6548591265010337
1345.5 1.3120634301299137
1346.0 1.2531668775658265
1346.5 1.2187328943479883
1347.0 1.18062569217191
1347.5 0.4881499404796827
1348.0 1.6646577169257046
1348.5 1.5351595395405333
1349.0 0.8313236785110825
1349.5 0.9816585710831761
1350.0 0.7787541841198509
1350.5 0.9644186053239342
1351.0 1.6657941386882351
1351.5 1.6752589764857557
1352.0 0.48148160331586004
1352.5 0.6652203178200738
1353.0 0.9690671733936993
1353.5 1.0497253226746923
1354.0 0.801635766149965
1354.5 1.2683169293826797
1355.0 1.030755558355934
1355.5 0.7121767548543603
1356.0 0.7880348628413465
1356.5 0.9521204553686335
1357.0 0.8170318770991712
1357.5 1.0736991638342417
1358.0 1.4260999666447614
1358.5 0.7953590115048694
1359.0 0.9132253551053084
1359.5 0.7960748956889578
1360.0 1.0302554524509757
1360.5 0.3843095594507745
1361.0 1.6022204985456898
1361.5 1.338697263665144
1362.0 1.9246293205098288
1362.5 1.230081442498941
1363.0 0.8140347980440684
1363.5 0.6281579271142329
1364.0 0.8329834428293187
1364.5 1.0595887373640034
1365.0 0.5794636027734277
1365.5 1.031381229955615
1366.0 0.7903054009980869
1366.5 0.9129261351773916
1367.0 0.8328065627907932
1367.5 0.6052365537608386
1368.0 0.5798536086283412
1368.5 0.7257920675634695
1369.0 0.9816561733536305
1369.5 0.9228304933644915
1370.0 1.3533876578770725
1370.5 0.2
1371.0 1.2816969000514569
1371.5 0.8203210902331607
1372.0 0.6999668907613581
1372.5 0.7879774222458982
1373.0 0.7531222695796602
1373.5 0.3719936755329758
1374.0 1.2388018442605122
1374.5 0.6280455823154902
1375.0 1.5547448036804083
1375.5 0.7993184275882331
1376.0 1.2751062948255436
1376.5 0.8823947360367455
1377.0 0.3606503662159001
1377.5 0.5346163696621382
1378.0 2.549059964253682
1378.5 0.9467004389553589
1379.0 1.177087363349096
1379.5 0.9636277495119714
1380.0 0.9284650754086298
1380.5 1.0723021516297948
1381.0 0.8991966907415261
1381.5 0.7129058541801185
1382.0 1.0419557271009037
1382.5 1.5376466372992126
1383.0 0.9114671693729643
1383.5 0.7759349380151938
1384.0 1.514229971041932
1384.5 1.3222166806256812
1385.0 0.7077432328577877
1385.5 0.595907656031087
1386.0 1.8451728244247367
1386.5 0.6372587004825452
1387.0 0.672178946180034
1387.5 1.4471095570813253
1388.0 1.563906647618249
1388.5 1.0268413578478544
1389.0 1.410325528448054
1389.5 1.314203587300502
1390.0 0.9917311509278356
1390.5 0.5990928017542778
1391.0 0.7452430813920581
1391.5 0.7496925590924948
1392.0 1.2727008686357932
1392.5 0.7540014212697715
1393.0 0.5167256482642087
1393.5 1.1541279098167494
1394.0 1.5915865222748766
1394.5 0.9812449116751975
1395.0 1.0730564315358457
1395.5 0.7739854145667613
1396.0 2.041845549472093
1396.5 1.3241929797460623
1397.0 0.9460182052253971
1397.5 0.6935652077377932
1398.0 1.2420175104581992
1398.5 0.7300976203968059
1399.0 1.8350119354676462
1399.5 0.792819766453722
1400.0 1.5752276600973096
1400.5 1.0778496608671237
1401.0 1.159784477746118
1401.5 0.6505169076376685
1402.0 0.842388294684857
1402.5 0.23825308079909846
1403.0 0.9822014074992788
1403.5 0.5989685031399636
1404.0 0.7167096491230778
1404.5 1.0860028064694816
1405.0 1.3969565626066163
1405.5 0.800808502233711
1406.0 1.4313630603292054
1406.5 1.9993859939600331
1407.0 0.9549835574203094
1407.5 0.7486096827181505
1408.0 1.0367601890045446
1408.5 1.0573010862712788
1409.0 1.5980986311382308
1409.5 0.8244590576775025
1410.0 1.2028010771565534
1410.5 1.2354143971815739
1411.0 1.2740582152726534
1411.5 0.797753692385065
1412.0 0.7091902482083066
1412.5 0.8662067749791557
1413.0 0.9148494243633126
1413.5 0.7682246703445748
1414.0 1.370641105758049
1414.5 0.9702975683322702
1415.0 1.0616079670034724
1415.5 1.3861238235587083
1416.0 1.2375814877272984
1416.5 0.99270617228319
1417.0 0.7560443088048574
1417.5 1.3518436847650088
1418.0 1.1330338435663423
1418.5 1.541508713950765
1419.0 0.28785690525272056
1419.5 0.9355789984276123
1420.0 1.2084054393601655
1420.5 1.7350267119396552
1421.0 1.4033336225098108
1421.5 1.3936951946862841
1422.0 0.7167954082508838
1422.5 1.2140568092626132
1423.0 0.9282081537265839
1423.5 0.807490282467598
1424.0 0.7231137730337556
1424.5 1.1950595141805116
1425.0 1.1350598330041253
1425.5 1.741543048106844
1426.0 1.308930543549149
1426.5 1.3124838603464055
1427.0 0.7086653384465452
1427.5 1.0558297937812209
1428.0 2.1259286958482586
1428.5 0.8957334276930629
1429.0 0.8243930485323406
1429.5 1.0832188610963864
1430.0 1.3988168290537564
1430.5 1.0097940468271132
1431.0 1.0172375410168746
1431.5 2.17998997332445
1432.0 1.326879870297962
1432.5 0.945367883577963
1433.0 0.5716281670200698
1433.5 1.0611086963848444
1434.0 1.1059365297826642
1434.5 0.5231685020019536
1435.0 0.8110198661293462
1435.5 1.2073305831285417
1436.0 0.8866054670485833
1436.5 0.5325921769338501
1437.0 1.079479054925017
1437.5 0.9064185917158833
1438.0 1.2402468204563526
1438.5 1.5901667178216337
1439.0 0.8557140570474748
1439.5 1.4421066717508237
