0 0.9956943405287295
0.5 0.5548223863436694
1.0 0.6808631349076064
1.5 0.7229911630469799
2.0 1.1513359404622991
2.5 0.818528085210069
3.0 0.9448173610539945
3.5 0.7397160367301001
4.0 0.7531084507831552
4.5 1.26793737332014
5.0 0.3398603580437787
5.5 0.8889001475908053
6.0 0.7995274457234728
6.5 0.6894198851368232
7.0 1.5275932677180661
7.5 0.35199396426403917
8.0 1.5888765057964807
8.5 1.3447270582143571
9.0 1.329408760702195
9.5 1.5379976577797572
10.0 0.47321338242057964
10.5 1.1254435036084982
11.0 1.3703230184390112
11.5 1.1708712770489662
12.0 1.4510031671131927
12.5 1.268567257299999
13.0 0.7454369739072803
13.5 0.5370633367379102
14.0 1.3151429509104786
14.5 1.345353333379153
15.0 0.7267812032601854
15.5 0.7588075957358518
16.0 1.3123315454692563
16.5 0.9592619696469448
17.0 0.5097494744934072
17.5 1.1033022073641514
18.0 1.1204199646292334
18.5 1.2795355388153138
19.0 0.7937707369162952
19.5 0.7929721415983402
20.0 1.5523253949195053
20.5 0.7366657192819535
21.0 0.9259039163859497
21.5 0.9970088705330983
22.0 0.7316331872109462
22.5 1.1444237553457517
23.0 0.5972906748345851
23.5 1.3867441076722027
24.0 0.9626531998729142
24.5 1.0483344004080544
25.0 1.020483817000172
25.5 1.031745981702917
26.0 0.5023683161242009
26.5 1.1099055594182827
27.0 1.1354618949701707
27.5 0.8647570197355292
28.0 0.7655830141216954
28.5 0.8392083782590866
29.0 0.821851865303928
29.5 1.692762844939585
30.0 0.8295960150862242
30.5 1.1474153837890422
31.0 0.8596974156420144
31.5 0.48174734912318806
32.0 1.3718909266027137
32.5 0.6071445652220977
33.0 0.6532112773553127
33.5 0.624121704211193
34.0 0.4232917797524654
34.5 1.1137891527860964
35.0 1.1143157005485174
35.5 1.4909672278668817
36.0 0.7503777472475863
36.5 0.9158290825790394
37.0 1.5887133730184715
37.5 1.2427988336279587
38.0 1.7830790039865532
38.5 0.9531943923988067
39.0 1.0531623978523412
39.5 1.5212815495038687
40.0 1.2065554874006597
40.5 0.9067424941174007
41.0 1.2663241804742542
41.5 0.4822260563143234
42.0 1.1539008237927346
42.5 0.6575321946862593
43.0 0.8628749329878503
43.5 0.7419181213629833
44.0 0.7353457148478202
44.5 1.06605509304542
45.0 0.6344217065250909
45.5 1.3987065266663756
46.0 1.2620001355225976
46.5 0.848447260903153
47.0 1.1839094582675567
47.5 0.8735348566471733
48.0 0.8433580292272935
48.5 0.7824576142394876
49.0 0.8654802715331738
49.5 0.9628710429221926
50.0 0.7884310346100705
50.5 0.7101732745374905
51.0 0.7785795682775037
51.5 0.9711573362379231
52.0 0.8915964976666045
52.5 1.7066574950824593
53.0 1.2094272129811539
53.5 1.2729085850012187
54.0 0.8139854122824446
54.5 0.7747304453957025
55.0 0.8024716358460346
55.5 0.5237653565694089
56.0 0.6660773253348485
56.5 1.5320978169979398
57.0 0.6097979244344045
57.5 0.8647901294089999
58.0 0.9414656723567824
58.5 1.8006986830411473
59.0 1.7900893967019829
59.5 0.7631073317260659
60.0 1.2302164844010046
60.5 0.6331524574808962
61.0 1.6293233720002251
61.5 0.8203324745483705
62.0 0.6437997630185452
62.5 1.099167847680517
63.0 1.7250021914918912
63.5 1.543200861923896
64.0 1.5450819791090646
64.5 0.7288184444525827
65.0 1.295108183202498
65.5 0.9945267547554043
66.0 1.175302970132638
66.5 0.6204206622718142
67.0 1.1996504496313778
67.5 0.8188737520265761
68.0 0.34396249460947503
68.5 1.2870360969279004
69.0 0.8682702558323228
69.5 1.2023358933064392
70.0 0.5594523896850634
70.5 0.9332746393352854
71.0 1.4494249974531987
71.5 1.0856325565118157
72.0 0.2
72.5 0.6839270697881963
73.0 0.6811453749355315
73.5 0.5911739241160445
74.0 0.7760769593257056
74.5 0.5604310207132405
75.0 0.8766300507269312
75.5 1.4713707096233186
76.0 0.984211006881485
76.5 0.594546877110602
77.0 1.1533074622003452
77.5 1.1516004163617168
78.0 0.7467564723752409
78.5 1.0848794539342779
79.0 0.8423419523775423
79.5 1.1574182004501568
80.0 0.809162194634639
80.5 0.6477765091538452
81.0 1.22156671341565
81.5 1.4225347054408752
82.0 1.6555231708111935
82.5 0.6662861165681435
83.0 1.363910065206694
83.5 0.9169916420316959
84.0 1.061541031772086
84.5 1.3946553863366669
85.0 1.6425451944298755
85.5 0.7464173515115062
86.0 0.9514470882561191
86.5 1.3213890490390514
87.0 0.7651957774674187
87.5 0.9857747988352075
88.0 1.0730395262972956
88.5 1.1020273395127036
89.0 0.5890756449627464
89.5 0.6771381847680192
90.0 1.1233238240145713
90.5 0.7251143782228234
91.0 1.6110514024063505
91.5 1.4121606622105496
92.0 0.2
92.5 0.6316356122457413
93.0 1.2382496405346353
93.5 0.5923946987393892
94.0 0.7981132120903609
94.5 1.4916069812237795
95.0 0.5913750129697427
95.5 0.5358182998390457
96.0 0.4205531893345291
96.5 0.9156320653440686
97.0 1.8660193013153195
97.5 1.1800493898158313
98.0 1.4661993405859128
98.5 1.9747685645128366
99.0 0.5319555749010636
99.5 0.8826198479722767
100.0 0.7423294601963247
100.5 1.6227589641773554
101.0 0.5040717340307291
101.5 1.1248298187931314
102.0 1.326945026837699
102.5 1.6107483581899644
103.0 1.2507649076788474
103.5 1.507276112736871
104.0 0.7679722270419959
104.5 0.4684795227654269
105.0 1.478083126400403
105.5 1.1247125331568326
106.0 0.5360400187476215
106.5 0.6955525076229425
107.0 1.9890892506312912
107.5 0.46791678478714904
108.0 1.059303575021894
108.5 0.7498928739621069
109.0 0.6947382359100751
109.5 1.3019225876990728
110.0 0.44109747016264167
110.5 0.3714006278889084
111.0 1.9301272121302406
111.5 1.2335869188352244
112.0 0.5272625419462984
112.5 0.874806349645953
113.0 0.4081539134697607
113.5 1.0478969500557576
114.0 0.7417075708435354
114.5 1.740321444232769
115.0 0.6190939720184188
115.5 0.913161382973499
116.0 0.9215297178082307
116.5 0.5215777252875522
117.0 0.8879158252511822
117.5 0.6432763415442806
118.0 0.577475893857084
118.5 0.5505556418518801
119.0 0.8965623702736043
119.5 0.48713782285102813
120.0 2.2617980603588412
120.5 1.0383368249522933
121.0 1.3160987767116625
121.5 1.583076975606407
122.0 0.9302226768269752
122.5 1.103380575675673
123.0 0.92075470476677
123.5 0.8136224711372528
124.0 0.4755806997893855
124.5 0.828229907809199
125.0 1.8127563663105115
125.5 0.9488963619716995
126.0 1.0339886198420722
126.5 1.1782254239962078
127.0 0.5909778749680935
127.5 0.984207988873824
128.0 1.3626726020712585
128.5 0.4601576863781979
129.0 1.0316019328360229
129.5 1.1030829230361303
130.0 1.3901032487240825
130.5 0.9247010198048209
131.0 1.0454173601267458
131.5 0.9124924623808399
132.0 1.1910176282311529
132.5 0.9751814642096912
133.0 0.9670823220110851
133.5 0.4254379896851166
134.0 1.280551215046334
134.5 1.6031120849077958
135.0 0.6793466543229854
135.5 0.5796267416754934
136.0 0.8754093685225435
136.5 1.1227033021724262
137.0 0.8095885625754908
137.5 0.8598857982459396
138.0 0.9250866447231009
138.5 1.2012002900149594
139.0 1.0031282431873594
139.5 0.9144817597473553
140.0 1.0241259008089245
140.5 0.7981122264967249
141.0 1.2567729734706656
141.5 0.73035999660766
142.0 1.456552634415483
142.5 0.2895845934167124
143.0 1.3465228604162292
143.5 0.6492921154886999
144.0 1.312357477308871
144.5 0.6261436038096821
145.0 0.5271300589684127
145.5 1.653189095716575
146.0 1.0015570472707176
146.5 0.6513991940969845
147.0 1.0786874970995248
147.5 2.176857839882631
148.0 0.9351040202811319
148.5 1.4611871097931908
149.0 1.4886380621184514
149.5 2.2082416055520406
150.0 0.7147276032944891
150.5 2.0055813231104103
151.0 0.7986654238327753
151.5 0.42701244234597724
152.0 1.3755170941117905
152.5 0.817656888146094
153.0 0.9706859884225254
153.5 1.462100308431661
154.0 0.9242768961632284
154.5 1.3829470849030008
155.0 0.557260441655127
155.5 0.7709346892826721
156.0 0.7093702778319246
156.5 1.1175120507399288
157.0 0.7031970670990526
157.5 0.7216638977169285
158.0 0.7200615931561807
158.5 1.1739409425160159
159.0 1.1583063752229008
159.5 0.90254297570728
160.0 1.2750155975329691
160.5 1.0844857492963138
161.0 1.1565750625985585
161.5 0.7662039617761468
162.0 0.7092993654932991
162.5 0.49221905926653536
163.0 0.8885050750624883
163.5 1.2956729776015687
164.0 0.7019105354172105
164.5 1.049368015929822
165.0 0.4449260188912906
165.5 1.0727103619610694
166.0 1.0300290207642568
166.5 0.6738232750794737
167.0 1.7897868438970828
167.5 1.2088068548016326
168.0 1.816614198165209
168.5 0.6401880403492706
169.0 1.3132161237296767
169.5 0.818896683199648
170.0 0.2
170.5 1.150208390195677
171.0 1.3542355298493995
171.5 1.2624608154845967
172.0 0.9972405700575253
172.5 1.4795238462001556
173.0 0.8854232807252407
173.5 0.6759244228477824
174.0 0.8073462159799545
174.5 0.9562258905187123
175.0 1.0108833333267007
175.5 0.9359672329984857
176.0 1.719422643322417
176.5 2.03080754385664
177.0 0.9584585910487274
177.5 2.0914889971877484
178.0 1.105234541153841
178.5 0.47323925731475314
179.0 1.2670486302665447
179.5 0.7720711853050106
180.0 1.7117186254021959
180.5 1.3666132166313711
181.0 0.9627447339901285
181.5 1.1528975999875755
182.0 0.9996210920523586
182.5 0.7769312094300845
183.0 0.7037263135263081
183.5 1.1500263386406284
184.0 1.5541897180980202
184.5 1.267058433247204
185.0 1.0394718095376958
185.5 1.5639862848285364
186.0 0.7189783928198317
186.5 1.0348338622991622
187.0 0.9160410453183434
187.5 0.8154700372694472
188.0 1.0245436213700643
188.5 0.3710556634037028
189.0 1.3396733145347188
189.5 1.6613298343808047
190.0 0.8769857745341529
190.5 0.40593603493195574
191.0 0.7857985405552852
191.5 1.119872842465301
192.0 0.8559832509292955
192.5 0.4879447224662794
193.0 0.8546774052523932
193.5 1.20019441805908
194.0 2.197247128734045
194.5 0.880794588191568
195.0 0.81958627647992
195.5 0.7868557399835969
196.0 0.5230167025098321
196.5 1.5633639334643075
197.0 0.9315481813898462
197.5 0.9175715451784539
198.0 1.325151912438527
198.5 1.1347158982718362
199.0 0.8212499468390522
199.5 0.7695710328557508
200.0 1.8764348451301007
200.5 1.4383389303761525
201.0 0.8850838296243444
201.5 1.0795380406619826
202.0 0.8875146142643349
202.5 0.9098601607427845
203.0 1.2244604418348948
203.5 0.9225605088565815
204.0 1.3596074856957578
204.5 1.067686721862311
205.0 0.8412525261185646
205.5 0.5867259801882304
206.0 1.4468609316115217
206.5 1.1966103919010362
207.0 0.8508346279382023
207.5 0.7643717931731719
208.0 1.585275019798726
208.5 0.5945630979482414
209.0 1.7449729845359743
209.5 0.9551741428779764
210.0 0.6687832232189688
210.5 1.3385249455644468
211.0 0.7006493541945513
211.5 0.3643706821630206
212.0 0.9880246456220131
212.5 0.7156693182009815
213.0 1.9016079329642355
213.5 1.9552232534257925
214.0 0.8259697218425166
214.5 0.5694110342765353
215.0 1.025893197666013
215.5 1.2300854839894875
216.0 0.6035208985736757
216.5 0.8669465637848632
217.0 1.3063032126881005
217.5 1.7748836841645375
218.0 1.1108200268323836
218.5 0.8308862851419094
219.0 1.0603160412357644
219.5 0.9836802559498607
220.0 0.8633603234203344
220.5 0.6896026340812903
221.0 1.6156726183507568
221.5 0.8119204756950041
222.0 0.8738156977585816
222.5 1.0722044424163293
223.0 1.6252178856136563
223.5 2.2106362521634644
224.0 1.3010813069465614
224.5 1.0348560387008274
225.0 1.8602781607895937
225.5 0.871202191225747
226.0 0.5641139050984968
226.5 0.5963235051388548
227.0 1.760917472616132
227.5 0.8222088881458756
228.0 0.8227390845626076
228.5 1.182429112674865
229.0 0.6491779964314457
229.5 0.3325838657950091
230.0 1.282812523799437
230.5 0.522968192214373
231.0 0.8883799854841758
231.5 1.1961975091076964
232.0 1.3697503654630476
232.5 1.1677732987126483
233.0 1.4104427718910109
233.5 0.8291574682191472
234.0 1.3002012115867023
234.5 1.280896699715897
235.0 0.7795691362720639
235.5 0.6522183241784136
236.0 1.1507904114906244
236.5 0.8180652280134558
237.0 0.7795741483375328
237.5 0.8807536116378831
238.0 1.441836369697831
238.5 1.0617303330787997
239.0 1.3216439010935301
239.5 1.4727244043438255
240.0 0.6170884983799143
240.5 1.0305304789210927
241.0 0.8767769074742604
241.5 0.7480762776671777
242.0 0.7028864648112967
242.5 1.391203066521622
243.0 0.8075542476239513
243.5 1.1408242854822495
244.0 0.7826074791097104
244.5 1.5641103272807289
245.0 0.6579301868284082
245.5 0.8207923415117988
246.0 1.7587350039580754
246.5 0.8996986169082566
247.0 0.888289387066426
247.5 0.6553038067828578
248.0 1.4012927539890134
248.5 0.8438597376727522
249.0 1.0261612477789412
249.5 1.9865287857565348
250.0 1.0537511885577575
250.5 0.9712084144516671
251.0 0.4995664132509047
251.5 0.7838782721223935
252.0 0.7750369984399089
252.5 1.4469696677178225
253.0 0.8489200564182409
253.5 0.5522095217625487
254.0 0.9068905385919426
254.5 0.5205192256231064
255.0 1.5310155313343476
255.5 0.49437270221517526
256.0 1.1851316102823228
256.5 0.9648900121840374
257.0 0.7066906819789873
257.5 0.620313866178221
258.0 1.0913980446441367
258.5 0.7099264222520592
259.0 0.8254317782031024
259.5 0.6070197046828397
260.0 0.8374633354361227
260.5 1.237215278755297
261.0 0.8084106598251058
261.5 1.3933869872348983
262.0 0.8079365518484598
262.5 1.7158360725520798
263.0 1.9012160928689665
263.5 0.8493226811791256
264.0 0.5799557485657773
264.5 0.43655053655377957
265.0 0.8505522646583761
265.5 1.1155247815150768
266.0 0.7732391413599122
266.5 1.4875159835166067
267.0 0.8957183067219753
267.5 1.9644718171331914
268.0 0.8462369568211601
268.5 0.696000725826551
269.0 0.9548161817397216
269.5 1.6573974736265278
270.0 0.7140557649777878
270.5 1.335144008925
271.0 0.763201633618922
271.5 1.5969056865224323
272.0 1.2719510588681853
272.5 1.3489650881429198
273.0 1.6854418950877275
273.5 0.6757440681593878
274.0 1.3993987229510654
274.5 0.8438881308813837
275.0 1.8189368212532564
275.5 1.6234524384504097
276.0 1.2035557439341151
276.5 0.7227527286870947
277.0 1.2603676418517553
277.5 0.9715102481678729
278.0 1.8047067852260732
278.5 0.7898906741885046
279.0 0.33092020119066945
279.5 1.3717518353039027
280.0 0.8447135953057592
280.5 0.9989669773338982
281.0 1.221619287382294
281.5 1.575255689949203
282.0 0.9669477675814783
282.5 1.4166446225836618
283.0 1.0128344054726282
283.5 1.2210678031943396
284.0 0.6576101925864055
284.5 1.132531522038989
285.0 0.9919465379962081
285.5 1.3861084989999544
286.0 0.9960204516650834
286.5 1.8010604450772196
287.0 1.852697624055173
287.5 0.9123986482995032
288.0 1.2646179555242658
288.5 0.7341419191570019
289.0 0.8314768590114219
289.5 1.3823027338112717
290.0 0.602203074752431
290.5 1.2648163554466902
291.0 1.5800574859076781
291.5 1.4142949078357596
292.0 1.1117312096621075
292.5 0.43734936704556393
293.0 1.1849273846091788
293.5 0.9038969834190546
294.0 0.997416530560614
294.5 1.3875766476285833
295.0 1.0723396215019214
295.5 0.46445359569387484
296.0 1.094303020938845
296.5 0.5740741467847333
297.0 1.0485478278427331
297.5 1.2169912131858918
298.0 0.5407481957581333
298.5 0.7024148226579248
299.0 1.196690721152783
299.5 1.1043050263940086
300.0 1.3681850779552525
300.5 1.4003047784790683
301.0 0.6426177582846733
301.5 1.5295427698273865
302.0 0.7864634589034183
302.5 1.6403400977199483
303.0 0.9764363464462098
303.5 0.6159899958151878
304.0 0.6172386075668693
304.5 1.3407165421323362
305.0 0.9560338458103635
305.5 0.9092557461792341
306.0 0.7260854467162676
306.5 2.7852131293090023
307.0 0.840440902799789
307.5 0.940686698948209
308.0 1.4847468780189514
308.5 0.6236469891295593
309.0 0.41805816811463936
309.5 1.5718606150784784
310.0 1.2006420845971264
310.5 1.362724926771869
311.0 0.5114178727540706
311.5 1.150522570936746
312.0 0.8751025209441465
312.5 0.8488479596349954
313.0 0.718487401110633
313.5 0.9932504806580088
314.0 0.9188862068085722
314.5 1.0005034673401798
315.0 0.7774035472077111
315.5 0.5246938859797563
316.0 1.083325975736576
316.5 1.0240190681166519
317.0 0.9680024148631838
317.5 0.6392285538197802
318.0 0.7989294844361596
318.5 1.0459827581900902
319.0 0.7052610774215134
319.5 1.3035588677473768
320.0 1.9629111292396488
320.5 0.2
321.0 1.6113948119536938
321.5 1.7298198840737173
322.0 1.150681766232801
322.5 0.7937302082975226
323.0 0.7031231911247359
323.5 0.6438988160490394
324.0 1.0859920029582417
324.5 1.5031899230343764
325.0 0.8185994385147216
325.5 1.6707465328572915
326.0 1.7980088799417335
326.5 0.9736770978130374
327.0 1.4285503784609337
327.5 0.44540140487095686
328.0 0.628467251534734
328.5 1.376321406904006
329.0 1.3845221269794772
329.5 0.6957079678338163
330.0 1.0775604689776341
330.5 0.4923309266973732
331.0 0.4548214462897524
331.5 0.5738269665598672
332.0 0.7727068014953242
332.5 1.2159388542810028
333.0 1.2184995983446418
333.5 1.1879045764836067
334.0 1.8490917548619268
334.5 0.7155273168922378
335.0 1.1680123343638718
335.5 0.8966214191995762
336.0 1.5301235012258592
336.5 1.0923186195366323
337.0 0.2
337.5 0.4547317459499457
338.0 1.028047293358418
338.5 0.8467150233987467
339.0 1.2473604322009502
339.5 1.5980740028305083
340.0 0.6959280009850302
340.5 0.9205738339205543
341.0 0.8161450412864832
341.5 1.077799323204279
342.0 0.2338204736061691
342.5 1.1562824714936122
343.0 0.7013229022907603
343.5 0.807481663586908
344.0 1.0681066514608677
344.5 1.8625744059463956
345.0 1.3921198594855357
345.5 1.176313440994842
346.0 0.6833663340201276
346.5 1.5101619962670911
347.0 1.1402187949906284
347.5 1.2253160631793683
348.0 0.898314034548499
348.5 0.749352155904206
349.0 0.9565511979706739
349.5 0.38841449247108434
350.0 0.874223063694174
350.5 1.7649507368226507
351.0 0.7805642303706213
351.5 0.46388669232661683
352.0 0.884668707676864
352.5 0.9435560657037669
353.0 1.044901428190004
353.5 1.057191431539167
354.0 0.7493489211559795
354.5 0.43901235107688774
355.0 1.2599985716745135
355.5 1.2616976573428942
356.0 0.8144527061231857
356.5 1.6355950016663825
357.0 1.2595512252286412
357.5 0.9631481188135814
358.0 0.8865335194262256
358.5 1.0450864730869398
359.0 1.1020438853486954
359.5 0.825452947750129
360.0 1.7988182192583837
360.5 0.6663942343176894
361.0 0.9040630862895356
361.5 0.9893391019964992
362.0 0.8331992025583803
362.5 0.7374714172129516
363.0 1.8164414775116908
363.5 0.7394557790960385
364.0 0.7279358416981843
364.5 0.7062299504441116
365.0 0.2
365.5 0.5695021626456612
366.0 0.7482170814262127
366.5 1.1290764506553752
367.0 0.707748887858746
367.5 1.0930233509352414
368.0 0.8430655705697023
368.5 1.5116262113386256
369.0 1.3231941737041808
369.5 0.9218912887746917
370.0 0.9652403956552427
370.5 0.5580645740847854
371.0 0.6872486214853792
371.5 1.004064235826254
372.0 0.8441315629813451
372.5 1.7218270152306276
373.0 0.9404347533919851
373.5 0.47016585950998147
374.0 0.5844637485009785
374.5 0.8499121138305906
375.0 0.8722163388038517
375.5 0.9282413778059022
376.0 0.9741038990142952
376.5 0.68920804890341
377.0 1.0819034904225893
377.5 0.9033305936532248
378.0 0.7294996860425071
378.5 0.8833661590600853
379.0 0.7335164263133225
379.5 0.7767569415572302
380.0 1.5395154271023328
380.5 1.562527623368184
381.0 0.7744150929327216
381.5 1.8129558152739529
382.0 1.0932553684928656
382.5 1.329489520887377
383.0 0.8379211981530121
383.5 1.7506969934050467
384.0 2.0763235234191075
384.5 1.1772972306948992
385.0 0.5850440261268929
385.5 1.0273401376139655
386.0 0.9642757496927896
386.5 0.7269040996366156
387.0 0.7255062869604565
387.5 1.7296079464502396
388.0 1.1819922531485094
388.5 0.6825101677535081
389.0 1.3005158350963466
389.5 0.9056004463411994
390.0 1.9779188364852156
390.5 0.452612336618878
391.0 1.021015161994896
391.5 0.2
392.0 0.8166847446846668
392.5 0.8886459193242745
393.0 0.7658657495165851
393.5 1.6748733987289945
394.0 0.8645527529759257
394.5 1.0726434862855034
395.0 1.4117064518924733
395.5 2.0404713288551264
396.0 1.3283143187444604
396.5 0.5032971936049442
397.0 0.9961369420602887
397.5 1.21851372212978
398.0 1.362271345901219
398.5 1.3733136787986864
399.0 1.1910015093956674
399.5 1.3035110922696234
400.0 1.1269533694756633
400.5 1.106974426157333
401.0 0.8708275708596461
401.5 0.612605077345894
402.0 0.7681940750602563
402.5 1.020546101112742
403.0 0.8235140048779253
403.5 0.6909999216830587
404.0 1.2142033398014092
404.5 1.0356451464570504
405.0 0.8518172511440252
405.5 0.7423598705329845
406.0 1.306919774691065
406.5 1.5965922308951905
407.0 1.5765303534374295
407.5 1.1367253980605363
408.0 0.6083343580930843
408.5 0.7481029380513584
409.0 0.7333644134619391
409.5 0.8374725492365533
410.0 0.8881629021133723
410.5 1.5350887781909988
411.0 1.852211134320997
411.5 1.4811161936444337
412.0 0.9458480563171131
412.5 0.8376201008948725
413.0 0.9885829270681386
413.5 0.6969153680962317
414.0 0.7694829925864829
414.5 0.9501522374963947
415.0 2.3059103415302724
415.5 0.6074827443724399
416.0 0.8755097170977234
416.5 1.1144500217723499
417.0 0.5802138511959954
417.5 0.9385207590529602
418.0 0.3436231718302476
418.5 0.6860432993214107
419.0 1.862669979527519
419.5 1.225223299760776
420.0 0.9732831359816767
420.5 0.6012571616782342
421.0 1.0172647887917796
421.5 0.7138430056224965
422.0 0.7904295057254337
422.5 2.049256932517357
423.0 0.9596130113171557
423.5 1.6319492808330731
424.0 0.49419910797282035
424.5 2.110390626113452
425.0 1.1675242335013984
425.5 1.0443612641087752
426.0 1.2160329984601295
426.5 0.7626467790612188
427.0 1.1869468744129104
427.5 0.47973157094879537
428.0 0.9114109738488329
428.5 0.8303769475228993
429.0 0.8254529016658791
429.5 0.7845358689411074
430.0 0.45482511820815763
430.5 1.00359252227878
431.0 0.7304555863415609
431.5 0.8544003075839975
432.0 0.896525429198805
432.5 0.564360880690005
433.0 1.0207148707236298
433.5 1.838821917358609
434.0 0.6339095885250042
434.5 1.8207257685708176
435.0 0.28265432350920827
435.5 0.8129736424442332
436.0 1.6595002213223005
436.5 0.816671344225055
437.0 1.3005514882121139
437.5 1.7780882972372831
438.0 0.9337868518706018
438.5 0.875381350340539
439.0 0.7672666758828937
439.5 1.153316441062648
440.0 0.7316774026327855
440.5 0.9946338343901995
441.0 0.7227817350106573
441.5 0.6606856837542832
442.0 0.7358256508156815
442.5 0.7480179248036358
443.0 0.7595228969641392
443.5 0.9422810671979673
444.0 0.919617400032679
444.5 1.366628409274993
445.0 1.4493801074757484
445.5 0.7376647492831994
446.0 1.123724622383719
446.5 0.7957067762007395
447.0 0.7681674815006511
447.5 0.6301399266264289
448.0 0.7610519287067221
448.5 1.0399759716146253
449.0 1.0711909285929697
449.5 0.6312289462195286
450.0 0.5677705504882763
450.5 0.9151408355220998
451.0 0.9028100931399023
451.5 0.7201807683835583
452.0 1.130151512957323
452.5 0.6923489952204005
453.0 1.471007989995054
453.5 0.47607002955176353
454.0 1.7555227568526415
454.5 0.8426630189663704
455.0 0.823885622889889
455.5 0.5493697895172962
456.0 0.5133352367927501
456.5 0.7645072053943784
457.0 1.1567580949200633
457.5 0.6638037525204983
458.0 0.8345630697370938
458.5 0.8645264185431711
459.0 0.7597809115620529
459.5 0.5880503409746709
460.0 0.7090018464003665
460.5 0.9131195209572613
461.0 0.5582546108393145
461.5 0.7070390077754471
462.0 1.0646863803470086
462.5 0.8432619949914302
463.0 0.7943384113394444
463.5 0.5985815371491667
464.0 1.4072266496247192
464.5 1.2277576966225996
465.0 1.822226527010598
465.5 1.0037077842230036
466.0 1.6299298818275605
466.5 1.3451894421206818
467.0 0.7122386790903026
467.5 0.8421494347728178
468.0 1.0816716850860253
468.5 0.8210589088107748
469.0 0.5411009491453511
469.5 0.8213259936441544
470.0 1.1872264248356719
470.5 0.7414889157455673
471.0 1.84091655728293
471.5 0.8868441360671934
472.0 0.9195431458818788
472.5 0.7037548625633401
473.0 1.2561418865182508
473.5 0.8872103092211545
474.0 1.283814595189831
474.5 0.650795766099217
475.0 1.8070255024889037
475.5 0.637154317035719
476.0 0.7004926309056007
476.5 1.2248540603114608
477.0 0.7010265271618665
477.5 0.7188231491644799
478.0 1.5435476675115156
478.5 0.7094799924571086
479.0 1.2525905376381776
479.5 0.8422511891145608
480.0 0.6052240869943051
480.5 1.1071574516595173
481.0 0.9889583403992726
481.5 0.8297970984285282
482.0 0.7883834464944471
482.5 0.6913113970099687
483.0 1.8292339722822422
483.5 1.0122089940252863
484.0 0.9616496568323117
484.5 1.3156767879969036
485.0 0.7551500299715255
485.5 1.4052742163931433
486.0 1.218825870606739
486.5 2.0510118412833496
487.0 1.050895494034964
487.5 0.9238047463662006
488.0 1.4802482154511991
488.5 1.432407475990935
489.0 1.07237886269087
489.5 0.9112884948542204
490.0 0.7989689870730371
490.5 1.0760545511495225
491.0 0.7833470951359133
491.5 0.9311260594967458
492.0 0.6290916250560423
492.5 0.850255375957338
493.0 1.2404836954381815
493.5 0.904215280297426
494.0 1.0353797145768258
494.5 1.8869517725435632
495.0 1.3692983340649407
495.5 1.3442457028167025
496.0 0.7999094909096349
496.5 1.023237247932683
497.0 0.9961142836656592
497.5 1.3793285402101947
498.0 1.1455005089378547
498.5 0.9707910247475982
499.0 0.9368694725796728
499.5 1.5535836376832228
500.0 0.6388829902304399
500.5 0.7925709390795324
501.0 0.562058053128276
501.5 1.1674787893496876
502.0 1.301555912233614
502.5 0.7383012500813109
503.0 0.7758105003453791
503.5 0.6816664844522189
504.0 0.5090492970136935
504.5 1.7063023976868144
505.0 0.9906307373640335
505.5 0.87966997311303
506.0 1.0537846649710847
506.5 1.1058314320149663
507.0 0.9680292652127137
507.5 0.6851716581737104
508.0 1.3011278909619555
508.5 0.834519385962627
509.0 1.0836721283556057
509.5 0.2565101809248437
510.0 1.3476963714761458
510.5 0.9732522484880397
511.0 0.5385124517913423
511.5 0.7273699790199648
512.0 0.9183709899142646
512.5 0.6885165855603115
513.0 0.8141313583308539
513.5 1.4916715020393103
514.0 1.5117736676655995
514.5 1.086286943348182
515.0 1.6727579185273154
515.5 0.8910635846820423
516.0 1.0283424378302897
516.5 0.9924643784144578
517.0 0.8572448630218502
517.5 0.9605962876263945
518.0 0.6082894632287302
518.5 0.8384473229481473
519.0 0.5271124271985075
519.5 0.6201772988841823
520.0 0.6162740389371485
520.5 0.825247023520076
521.0 1.1285373223814592
521.5 0.7875730457736634
522.0 1.159080888657817
522.5 1.1147928953610555
523.0 1.1884327948986482
523.5 1.5641372692812996
524.0 0.5913668979532885
524.5 0.8776406822241576
525.0 0.7236663224085569
525.5 0.8128535249482389
526.0 0.8590085877067116
526.5 1.0318700827462453
527.0 1.1303066270986895
527.5 1.1595329936745151
528.0 0.890049128782198
528.5 0.6805611083957979
529.0 1.4483355360718568
529.5 0.9851077025766753
530.0 0.9288399611649168
530.5 1.092703619994774
531.0 1.5390675748836817
531.5 0.4596678168302853
532.0 1.2019542320621226
532.5 0.9415520158648316
533.0 1.4458528746576724
533.5 0.6698704022816475
534.0 0.859813318637467
534.5 1.7166669544875544
535.0 0.7406145017744252
535.5 0.8931028416990038
536.0 0.3584849073540981
536.5 0.7888957081388568
537.0 1.0570225083683424
537.5 1.3495742218075093
538.0 1.106199645862921
538.5 0.9898869635718992
539.0 1.0303257702491622
539.5 0.8346350995238038
540.0 0.9339666828020025
540.5 1.5734922064215624
541.0 1.8632156844987802
541.5 1.3475217424245078
542.0 0.5959243073900999
542.5 0.6701995554074587
543.0 1.42331327921773
543.5 1.9567405344080058
544.0 0.6424059706489191
544.5 0.5251214627179709
545.0 1.5035685552835893
545.5 0.9350910704837961
546.0 0.5921203873338443
546.5 0.8398355979690422
547.0 0.727725121467219
547.5 1.312829163711723
548.0 0.8694452239701483
548.5 0.9154364826247721
549.0 1.507053079891656
549.5 1.2539446399628669
550.0 0.9783810207856131
550.5 1.0937043502693369
551.0 1.093482358421973
551.5 0.6572710753683579
552.0 0.9374996062741346
552.5 1.29443035761595
553.0 1.8079509173887272
553.5 1.0683829222556283
554.0 0.6869718291157656
554.5 0.754724092801029
555.0 1.2025192993570804
555.5 0.9656052939713627
556.0 1.829891579968348
556.5 0.9659889245825296
557.0 1.5702161391919511
557.5 0.7711667354945946
558.0 1.5811508230419182
558.5 0.5738473327107427
559.0 1.2011885790860992
559.5 0.5786921867668515
560.0 2.1240022661092097
560.5 0.9874392356756503
561.0 0.9118155081541486
561.5 0.6974110148338304
562.0 1.1241784376352435
562.5 2.0082405262924374
563.0 1.059809290617777
563.5 1.0572492175148431
564.0 1.0080786748557853
564.5 0.7754081716029171
565.0 1.4081172305236516
565.5 0.5501161269368121
566.0 1.6862648827490587
566.5 1.0200720718753766
567.0 1.0988234465001585
567.5 1.5954383450402756
568.0 0.44160183905977507
568.5 1.0096985122403948
569.0 1.2241597465218137
569.5 1.0960248034157871
570.0 1.3497052528228983
570.5 0.6670064051179041
571.0 1.936840308128918
571.5 0.828554043658128
572.0 1.034037032601114
572.5 1.3563540190774541
573.0 1.3474271110949405
573.5 0.8533964327790597
574.0 1.1733246604955188
574.5 0.8133661241234371
575.0 0.6590512042652186
575.5 0.8627435786974811
576.0 1.002142393271104
576.5 0.7047881152987621
577.0 0.8233664650968473
577.5 0.91965471289697
578.0 0.8929802853482977
578.5 0.6225835568453622
579.0 0.9833125281705173
579.5 0.985575120933931
580.0 0.7046847591633181
580.5 1.0661399348614304
581.0 0.6771953911001276
581.5 0.7644362770844264
582.0 1.9097733349816486
582.5 0.8624261152919686
583.0 1.4721682879245335
583.5 1.0648118701249203
584.0 1.05932743172091
584.5 0.3008779762204712
585.0 1.1597100187894567
585.5 0.6232691504120071
586.0 0.651942632332428
586.5 0.5895910277607918
587.0 0.6861757877297214
587.5 1.447074844893414
588.0 1.1242583993314583
588.5 1.1791798541826444
589.0 0.8478562454335256
589.5 0.8744749047219378
590.0 0.6851386636084063
590.5 1.299915892256827
591.0 0.5189740283761697
591.5 1.0019706305073912
592.0 1.124277762561018
592.5 1.063709619540174
593.0 1.3822726224606745
593.5 0.8286668208706848
594.0 1.722017860086841
594.5 0.2
595.0 0.7770001100416405
595.5 2.142633970244345
596.0 1.0550031690988648
596.5 1.0088820898807977
597.0 0.929266990406676
597.5 1.6930557065575935
598.0 0.8846045647405056
598.5 0.6458465262639957
599.0 1.2126805736140276
599.5 0.4984804181836643
600.0 0.8493550983695155
600.5 0.8189862055321258
601.0 1.665222517066177
601.5 0.9786958506813822
602.0 0.5832497307174132
602.5 0.7263366087803171
603.0 0.7669812107336442
603.5 0.6324132170037794
604.0 1.3940352095891821
604.5 1.8055540849091378
605.0 0.7441317449180326
605.5 1.3732890449851278
606.0 0.4627162592059073
606.5 0.7985482371536368
607.0 1.3412712717026758
607.5 1.2176073934334217
608.0 1.6371422915352833
608.5 0.5697332486977156
609.0 0.5227735665047577
609.5 0.5866088181126438
610.0 0.870201351600886
610.5 0.7168777486980408
611.0 1.146483817413768
611.5 0.7100515217754227
612.0 1.1678630394691059
612.5 0.8176794861618532
613.0 0.7634709882096498
613.5 0.6178334351186634
614.0 1.24776952346199
614.5 1.039983737356823
615.0 1.1230550245102249
615.5 1.2444718161969468
616.0 1.1691622081828745
616.5 0.7483841572108811
617.0 0.6409891269713177
617.5 1.5797476401007544
618.0 0.7332042200179527
618.5 0.6770658481063466
619.0 1.1771185248873333
619.5 0.8431840189351438
620.0 0.7399761479604221
620.5 0.8778297560423614
621.0 1.6431108905345257
621.5 1.2543633086746224
622.0 1.0866901807314178
622.5 1.8384197095181651
623.0 0.5741979880611012
623.5 0.7839696112113994
624.0 0.6919480200566217
624.5 0.726348319668375
625.0 0.8498268308941523
625.5 0.832734208214762
626.0 1.314593652124174
626.5 1.038832514706711
627.0 0.8183031489869921
627.5 0.8582434380665941
628.0 1.249897317097731
628.5 1.1583618518751493
629.0 0.588355153253193
629.5 0.8455361505555741
630.0 1.1980724198270276
630.5 0.8229480224502255
631.0 0.908983228774042
631.5 1.136359783472845
632.0 0.9604227139006851
632.5 0.7515744401950721
633.0 0.7200304703869668
633.5 0.44438310153634664
634.0 1.375880128991969
634.5 0.6795052328556741
635.0 0.6059932026309794
635.5 1.0691329909199547
636.0 1.1504059762648655
636.5 0.8102586472056791
637.0 1.5413601731235218
637.5 0.8165399534537875
638.0 0.6997821946192065
638.5 1.5536155904253417
639.0 0.6544805332449848
639.5 0.9291920626965762
640.0 0.7725690189373535
640.5 0.8755607881269771
641.0 1.6297203279765151
641.5 1.3222401119306282
642.0 1.264434445978407
642.5 0.5720648573339622
643.0 2.1579169588565583
643.5 1.0641023430018481
644.0 0.7205057055215587
644.5 0.5677981140221027
645.0 1.4591607786534055
645.5 0.8935635700636851
646.0 1.0876865596265572
646.5 1.0667139260063667
647.0 0.5760317021316551
647.5 1.1962360273285995
648.0 0.8364306271535918
648.5 1.0329524780162909
649.0 0.5333330481916139
649.5 0.7726772660571736
650.0 0.7531808291307109
650.5 0.8995511014448382
651.0 1.411130381754655
651.5 1.2858327415449051
652.0 0.7724778660003916
652.5 1.7556106527581852
653.0 1.2164035562931685
653.5 1.578244528522649
654.0 0.7533857926239261
654.5 1.7513425093075017
655.0 1.0749601558601738
655.5 0.5591486959065877
656.0 0.3891540630632887
656.5 0.8905273581608597
657.0 0.6843434294574585
657.5 1.067223953666831
658.0 0.7330568271020406
658.5 0.6481118612678267
659.0 1.0195176084907636
659.5 0.8045329409544899
660.0 1.0557438452071484
660.5 1.9233519797285852
661.0 1.4368011450838518
661.5 1.0675567650392175
662.0 1.8567577869601397
662.5 1.5883991136215658
663.0 0.7064747224367949
663.5 0.6762635568965546
664.0 0.5709278381630374
664.5 0.9530062540277927
665.0 0.9320077309661104
665.5 1.814786908160106
666.0 0.7824200093152899
666.5 0.9639253519918382
667.0 0.9268161072311073
667.5 0.5806623584860678
668.0 1.6151063321479144
668.5 0.6626774834129501
669.0 0.6008291855102376
669.5 0.716687041418933
670.0 1.4947492248966632
670.5 0.9323736071247649
671.0 0.5706941039018021
671.5 1.3768291994975144
672.0 1.2240110187450055
672.5 0.9037784041248003
673.0 1.015418759579826
673.5 1.1488366752849188
674.0 0.766287342129815
674.5 1.029568005063969
675.0 0.7365211373054084
675.5 1.326404381328525
676.0 1.1519944655564576
676.5 1.0560376652942034
677.0 0.8863346120499538
677.5 0.6992556634186365
678.0 0.7665497887231769
678.5 1.2407400320995607
679.0 0.8606252326675421
679.5 0.7991522918687268
680.0 0.57487717184145
680.5 1.3542854443226071
681.0 1.0533330982982838
681.5 0.6413787162838956
682.0 0.8178997794212758
682.5 1.4004411116657747
683.0 1.6501739541693903
683.5 0.5435790821001502
684.0 1.0096638911683065
684.5 1.1572059393339271
685.0 1.4078922244521457
685.5 1.5164185777632675
686.0 1.8776444583326817
686.5 1.20954957039878
687.0 0.9092784769663572
687.5 1.0074176374389863
688.0 0.7400917562995215
688.5 0.6520867145348446
689.0 0.6477979573712238
689.5 0.36515727324918545
690.0 0.7858372299408535
690.5 0.6751704712901607
691.0 0.5317315115970437
691.5 0.7646598795703335
692.0 0.7701150209083991
692.5 0.6638971014691728
693.0 1.2519472743670708
693.5 1.251195774756166
694.0 0.8608532875637667
694.5 1.3683750384305964
695.0 0.9987825294388202
695.5 0.7320528870366336
696.0 0.9672346703541853
696.5 0.8916955055066266
697.0 0.32098474213487305
697.5 1.0578857252668707
698.0 1.5284330082368296
698.5 1.1083001473202603
699.0 0.9386132916938362
699.5 0.7417960949698841
700.0 0.9148076031513313
700.5 0.7828634949658715
701.0 0.8112441521539362
701.5 1.2856624944242987
702.0 1.5658771198047825
702.5 1.159105769007711
703.0 1.1638141594854157
703.5 0.7329632274397213
704.0 1.2804546414662368
704.5 1.15315131223343
705.0 0.963249532178889
705.5 0.584292604109655
706.0 0.7112491777815928
706.5 1.0086394952018458
707.0 0.5237904701440763
707.5 1.1460999703221297
708.0 0.6972478171937764
708.5 0.9449990931155875
709.0 0.8277007303756788
709.5 0.9578768392757069
710.0 1.12196595296824
710.5 0.8149082135653509
711.0 0.814407946969316
711.5 1.3819992263156533
712.0 1.7861099744816684
712.5 0.8720744483636496
713.0 1.461436445946724
713.5 0.741234594926543
714.0 0.32681548976400343
714.5 0.7155836243200417
715.0 1.0540930561642936
715.5 1.5373239425389107
716.0 1.7339238247357747
716.5 1.4499484487072483
717.0 1.026209222891945
717.5 0.5483494010114067
718.0 1.5152717792557895
718.5 1.2504284673810124
719.0 0.9497188739175517
719.5 0.7035697822735596
720.0 1.0108047271466827
720.5 0.8757611365779918
721.0 0.9204281615128674
721.5 0.5483297708630825
722.0 1.0769180857611955
722.5 1.673727990227003
723.0 0.9464628931548194
723.5 0.9052744617892667
724.0 0.7859669939012631
724.5 1.1233371526693772
725.0 0.5355476030117837
725.5 0.8580471151135443
726.0 0.4612730157475129
726.5 0.7830191484362504
727.0 0.813463312617892
727.5 0.5078194745800618
728.0 1.282044963316785
728.5 0.9771591994298181
729.0 0.7401345520292939
729.5 1.6797063553764493
730.0 1.0791221792364958
730.5 0.6860915661774077
731.0 0.7417392410577841
731.5 0.9489646584953982
732.0 0.9673996113778561
732.5 0.5256166013655909
733.0 1.244199476708252
733.5 0.77920297579953
734.0 0.7531203530513197
734.5 2.2581248095141833
735.0 1.0323738902715922
735.5 0.2
736.0 0.6466535105390703
736.5 1.1448942672069853
737.0 1.2930579266075366
737.5 1.1195684773585177
738.0 1.1080412190357278
738.5 1.616932276520548
739.0 0.7040376253426939
739.5 0.8776752652414599
740.0 0.5745145769508154
740.5 0.741998097649875
741.0 1.5911079955070604
741.5 1.3234006802189917
742.0 1.0242392620126273
742.5 1.558599664129889
743.0 0.6625820649040156
743.5 0.987812405481943
744.0 1.4616918357541147
744.5 1.9020099316228891
745.0 1.9076455053991261
745.5 0.6771540236187872
746.0 1.371783316439528
746.5 0.7468731497230205
747.0 0.5133856941424906
747.5 0.8925153227580642
748.0 1.216900980959306
748.5 0.9050000682110426
749.0 0.6741526342026902
749.5 0.6396092856743162
750.0 1.0600304442716362
750.5 0.42256594496357586
751.0 0.8480668701549725
751.5 0.2
752.0 0.9683357930967262
752.5 1.0319972232144283
753.0 1.3706087837394287
753.5 0.6096183093181531
754.0 0.5241723358982523
754.5 1.538547159412015
755.0 0.8002071636750476
755.5 0.7044649915432353
756.0 1.0394199773197224
756.5 0.9174373387652162
757.0 0.9450982472607983
757.5 1.2734868488953472
758.0 0.8594975091380884
758.5 1.4597581203215897
759.0 0.5326019235992174
759.5 1.2647786889252237
760.0 1.235741094639018
760.5 1.0208092877607333
761.0 1.0118138458736206
761.5 0.6665194680094707
762.0 1.1906354888972661
762.5 0.9833289954322721
763.0 1.1659413177054432
763.5 1.1868674770299426
764.0 1.0058033656364893
764.5 0.8227036813751647
765.0 1.450172450820227
765.5 0.792385763391231
766.0 1.299952540384821
766.5 1.991370327224863
767.0 1.2363100032580796
767.5 0.8985524502023934
768.0 1.0485994833523438
768.5 1.1506365740130668
769.0 0.8278303663435415
769.5 1.394871675950447
770.0 1.2464495064672154
770.5 1.0842413031811002
771.0 1.7842696485020721
771.5 0.9759975469037515
772.0 0.42609435203427903
772.5 1.8739652951915557
773.0 0.5635655381113457
773.5 1.5459241281716838
774.0 0.4570453519679039
774.5 1.2871797819734265
775.0 0.8678369531573997
775.5 0.7406550213099599
776.0 0.8265093652553424
776.5 1.1131637590136574
777.0 1.3309676585927925
777.5 1.3892717421886642
778.0 0.7286056513823594
778.5 1.032007581433911
779.0 1.3276532486710289
779.5 0.894521651759536
780.0 1.890047844012397
780.5 1.0850859669435704
781.0 1.5111429058854462
781.5 1.0800200013126942
782.0 1.477539044248108
782.5 0.45124362379820504
783.0 1.2978066315481966
783.5 1.0778163785819714
784.0 0.6643784226355831
784.5 0.8075703264385663
785.0 0.9929232903720079
785.5 1.2243817135679969
786.0 1.7078735379255723
786.5 0.9661694393062132
787.0 0.7757382011535984
787.5 0.724276181633998
788.0 0.7814264112653779
788.5 0.7764922979669004
789.0 1.337810695917721
789.5 1.2314061868396728
790.0 0.9159787742991358
790.5 0.725359581499381
791.0 2.193889063786349
791.5 0.9446045482824527
792.0 1.3445616261417142
792.5 0.6561112772127544
793.0 0.9960192633396181
793.5 1.4239085711502926
794.0 0.6481082931859095
794.5 1.044287872590158
795.0 0.9660323476253444
795.5 1.3684907217786246
796.0 1.0402333053693769
796.5 0.49521108965847993
797.0 0.6425869596286122
797.5 0.9674340260320864
798.0 0.776603818917349
798.5 0.9303707309999363
799.0 0.9902373256903849
799.5 0.6842415225481852
800.0 0.9189013777381372
800.5 0.9993361461811751
801.0 0.9416086165981538
801.5 1.1129525474030386
802.0 1.203296151401243
802.5 1.303713795437769
803.0 1.2711669388308238
803.5 0.6606588817649947
804.0 0.7367975496919172
804.5 1.3350879830726778
805.0 0.691836233233587
805.5 1.1613609559857985
806.0 1.2885297452408495
806.5 1.4545243946568034
807.0 0.7131309926948077
807.5 1.4041322684341506
808.0 1.0324630512147845
808.5 1.0487675442525446
809.0 1.6443208775277585
809.5 0.6276180359894152
810.0 0.4834236631277987
810.5 0.709241078147722
811.0 1.2767352985507405
811.5 1.0738222112023434
812.0 0.4779489849117807
812.5 1.0157203673113917
813.0 0.7054510564538574
813.5 0.575241094780984
814.0 1.518999577697737
814.5 1.098789894112162
815.0 1.7083823483672163
815.5 0.7872351684176943
816.0 0.7505503227221938
816.5 0.841374743082477
817.0 0.4788640567023132
817.5 0.875071176537916
818.0 2.0984344776076536
818.5 0.8501469897128322
819.0 1.954722878655255
819.5 1.5932765843078067
820.0 1.1254434566126625
820.5 1.4650181714981598
821.0 1.1679719579855337
821.5 1.508310089091165
822.0 1.1941775942041266
822.5 0.5979665597874944
823.0 1.0166851615492742
823.5 1.3227017847220406
824.0 0.658327441211397
824.5 0.5481284385228028
825.0 0.7756813521814006
825.5 1.4237304638771096
826.0 0.8158156286586108
826.5 0.9317514475697135
827.0 0.8157933067798131
827.5 0.7132830462927452
828.0 1.0994449055877944
828.5 2.244680236580195
829.0 0.7199133630863743
829.5 0.796409901632025
830.0 0.6301408841684766
830.5 0.6167482903432295
831.0 0.6355957055294121
831.5 1.1447982421944234
832.0 0.9014405408968948
832.5 1.0998459210039198
833.0 1.2717029075306008
833.5 0.7941866375401935
834.0 1.3610879247038992
834.5 0.8736889754864341
835.0 1.0868803251030372
835.5 0.5289194201030123
836.0 0.5774263525436657
836.5 0.7087940515672733
837.0 1.6273970582623152
837.5 0.8040432563411144
838.0 0.7136952569354058
838.5 0.9287905086549239
839.0 2.050986766494205
839.5 0.7676817699128584
840.0 0.5085859687613782
840.5 0.6522183115598627
841.0 0.8435091908930795
841.5 0.8860083681425476
842.0 0.8479317231519282
842.5 0.8946010123112708
843.0 1.667767565390721
843.5 0.6679606643037654
844.0 1.1027259680843087
844.5 0.27259250610444996
845.0 0.6725994916258351
845.5 1.5517045335159505
846.0 1.3361524271802017
846.5 0.7919195102442406
847.0 0.6173199287769053
847.5 0.5950919552990552
848.0 0.37073132856531343
848.5 0.7894303422615633
849.0 1.2253690708532707
849.5 0.7192105490369348
850.0 0.7227780947355341
850.5 0.8976300551457774
851.0 0.5354495514935748
851.5 1.3023626590389714
852.0 0.91703729671072
852.5 1.3494564470489396
853.0 0.5573040114310195
853.5 1.0071276849683022
854.0 0.7348800941652741
854.5 0.8279854526104788
855.0 1.611318231346368
855.5 0.8552822356242489
856.0 1.5631197476207892
856.5 1.6574906732332773
857.0 0.9030038242556047
857.5 0.8037480760977661
858.0 1.3248187904153195
858.5 0.9050448417965445
859.0 1.1285128060038483
859.5 0.9585135742209956
860.0 1.1252685746955757
860.5 1.183094291381497
861.0 0.5984943635933451
861.5 0.8696482804150585
862.0 0.9959240192024885
862.5 1.268177942929258
863.0 1.0166776300480633
863.5 1.0706286675265215
864.0 1.4753680944960075
864.5 0.6137869267539252
865.0 0.886172939741372
865.5 0.9341089420018598
866.0 0.9339961852895754
866.5 0.47662620262948885
867.0 0.6822623006040157
867.5 0.4409649076633243
868.0 0.6408401096301388
868.5 1.9384818329111844
869.0 2.596674030509272
869.5 0.6009723736756285
870.0 0.9332713911168576
870.5 0.6829840352070844
871.0 0.661248976072375
871.5 0.44251639337025106
872.0 0.8635435369113837
872.5 0.5517431281584113
873.0 0.93178989256931
873.5 1.8877066324808043
874.0 0.9800643284770197
874.5 1.1759672899148998
875.0 1.2848545641466487
875.5 0.7818721886682043
876.0 1.215093599043708
876.5 0.9467169797642311
877.0 1.2760081171268545
877.5 1.3187769908058535
878.0 0.9181630335240396
878.5 1.003445122094016
879.0 0.5251485505024445
879.5 1.2446921936817792
880.0 1.2880143662810601
880.5 0.5263106450348143
881.0 1.1673461395384934
881.5 0.7973129833160745
882.0 0.80742547310293
882.5 0.9727496011798383
883.0 0.4422349083138088
883.5 1.0585634068032563
884.0 0.6225742357836963
884.5 0.7586231303691364
885.0 0.800078112182832
885.5 0.6561076742622511
886.0 1.3118178403942453
886.5 0.8901409552625497
887.0 0.6662722532615143
887.5 1.0986632715614806
888.0 0.9841345559146686
888.5 0.8691260873708055
889.0 1.0401500125457632
889.5 0.8520968723744203
890.0 0.5263253689402337
890.5 0.7934125763653996
891.0 1.0905571688020697
891.5 1.3994657018169514
892.0 0.92456754289537
892.5 1.1542439018729898
893.0 1.5825688009047698
893.5 0.746671130220475
894.0 0.7830462133220351
894.5 0.9563507101384414
895.0 0.8568362352957142
895.5 0.8531451038365828
896.0 1.0509121423161134
896.5 0.8336689734223365
897.0 0.5936130709351164
897.5 0.5374941148792829
898.0 0.8652568116058053
898.5 0.7133054005125703
899.0 1.5314273267794443
899.5 0.9675541130702278
900.0 0.5642187898174209
900.5 0.7637949585859458
901.0 1.7110741214980423
901.5 1.2777053057583436
902.0 1.1406990828498018
902.5 0.9932115282415344
903.0 0.7123465081519363
903.5 1.1030150561150975
904.0 0.6487439775524396
904.5 0.9826194425833276
905.0 0.7825186027496865
905.5 1.1380456813832953
906.0 0.8665600787164593
906.5 1.911835421509795
907.0 0.46804766613241455
907.5 0.9724175192578749
908.0 1.0633879281422582
908.5 2.154082668131226
909.0 1.0459431645980748
909.5 0.8006210568132146
910.0 1.536353734054864
910.5 1.2266613756224576
911.0 0.899820122813213
911.5 0.8036156066480801
912.0 1.0122660155152472
912.5 0.6163706855033804
913.0 1.972799432204857
913.5 1.0640865865626306
914.0 1.4262468972972937
914.5 0.9766782629026213
915.0 1.3992104456994032
915.5 0.8346003174628791
916.0 1.2495205650610233
916.5 0.6978138063635535
917.0 1.429301928163282
917.5 1.0127408073988091
918.0 1.1095424993132539
918.5 0.804508278212017
919.0 0.7498751046528084
919.5 1.4245443026722922
920.0 1.3006264907960041
920.5 0.44744510293428474
921.0 2.0527107514331058
921.5 0.9525671226280433
922.0 1.077404143513255
922.5 1.2451004019740028
923.0 1.3167034496722536
923.5 1.3160264182812056
924.0 1.0003269394649983
924.5 0.8648197064305059
925.0 1.4185589625639645
925.5 0.9864026349865724
926.0 0.2
926.5 1.2337735357441812
927.0 1.1209391953848453
927.5 1.0181252899576227
928.0 1.1787417663294864
928.5 0.7250246088327905
929.0 0.7117893678218972
929.5 1.3987609902817386
930.0 0.9259273989981187
930.5 0.6247732487171233
931.0 1.0189312468900973
931.5 1.713480446701321
932.0 1.1070389918934636
932.5 1.593327765705454
933.0 1.086628847338289
933.5 0.6465014364103279
934.0 0.613073542829208
934.5 0.8816712307175791
935.0 1.3662280885974685
935.5 0.6057777514661492
936.0 1.3503314376903859
936.5 0.9513512076083043
937.0 1.1919814195542884
937.5 1.2151103030308321
938.0 0.826464816096016
938.5 0.9328779239097899
939.0 0.8604895808392301
939.5 0.7420102032957063
940.0 1.5176056367099893
940.5 0.8891764503660856
941.0 1.0498777863303856
941.5 0.989427799181864
942.0 0.9015929113417821
942.5 0.9903805750629783
943.0 1.0360152838322394
943.5 0.45010884337886514
944.0 1.3893782804482329
944.5 1.4965505363410485
945.0 1.5034279257226015
945.5 1.0628375559554806
946.0 0.6621651295907227
946.5 0.8080847391890412
947.0 1.1744457890833466
947.5 0.7004084589527588
948.0 0.8497275839133889
948.5 0.9496315321850262
949.0 1.2260096364156645
949.5 0.7988901049631795
950.0 0.8205340201149858
950.5 1.747235445665702
951.0 0.20699083906842852
951.5 1.1459493957205111
952.0 1.3841615889828658
952.5 1.0549761398682027
953.0 0.9952469017450293
953.5 0.8482521184094373
954.0 1.2336497531763404
954.5 0.8232211437308208
955.0 2.1020254461576227
955.5 0.29819773016701445
956.0 0.5761620860725749
956.5 0.5938072485732573
957.0 1.4212508856877737
957.5 0.8046216392352163
958.0 1.2621017465988895
958.5 0.4637884518430464
959.0 1.517329237626083
959.5 0.9168983323990475
960.0 0.3412658357074503
960.5 1.0088342776939982
961.0 1.388030531396648
961.5 0.8106972534484805
962.0 0.9168567937684265
962.5 0.6688026328140024
963.0 0.7693081712676678
963.5 1.3812620838540268
964.0 0.5960626110823095
964.5 0.7502526787571868
965.0 1.3215946679838964
965.5 1.6990302687971552
966.0 0.854627478038097
966.5 1.2832189156668263
967.0 0.79211538702139
967.5 0.8797380513177091
968.0 0.6399067724185741
968.5 0.7870043134920044
969.0 0.7002353344108208
969.5 1.4849163665996579
970.0 0.9078273671535682
970.5 1.1251887149090751
971.0 0.3619188833815098
971.5 1.1550566385466743
972.0 0.6352848324704018
972.5 0.7787528770397695
973.0 0.8892885030687443
973.5 0.6093042134787493
974.0 0.848612230845634
974.5 1.1747294588266468
975.0 1.4278677549873944
975.5 0.7992320158281749
976.0 1.0657129382286126
976.5 1.1018428381232936
977.0 1.1327879817974766
977.5 1.119169981890748
978.0 0.8860131717875684
978.5 1.0228659760800605
979.0 0.6662773282037782
979.5 0.9817689657456888
980.0 0.7708201962446848
980.5 1.3834429797187593
981.0 1.2285219763084476
981.5 1.060847803801974
982.0 1.0829589489531493
982.5 0.8100412240933901
983.0 0.5840439470910302
983.5 0.8506287608019049
984.0 0.7236583575660134
984.5 0.8032999147602691
985.0 0.992226151610306
985.5 1.3352733305878863
986.0 1.3366418240910725
986.5 1.7669396629368275
987.0 1.135019834738427
987.5 0.7281112536196391
988.0 1.8525501520065943
988.5 1.543656403493845
989.0 0.6616663723501182
989.5 0.9668335995987285
990.0 0.5952671943705953
990.5 0.8744628372985914
991.0 0.796426718373068
991.5 0.8458251683642032
992.0 0.7931861555645439
992.5 0.8872804610983217
993.0 1.2925792262168057
993.5 1.005883435594342
994.0 0.6975621909961824
994.5 1.2665852550160102
995.0 1.5573823659739294
995.5 1.2047048865748953
996.0 0.9803178173502927
996.5 1.020485320948879
997.0 0.7430464111489037
997.5 2.1430995802407056
998.0 1.1413629649974824
998.5 1.7398602319866834
999.0 0.7056586734250826
999.5 0.8134380989953263
1000.0 0.9178885764998685
1000.5 1.5584563964263265
1001.0 1.2527676342560021
1001.5 0.5232251449908543
1002.0 1.3095966023822196
1002.5 0.5574155926544124
1003.0 0.8379264376966458
1003.5 1.1442472048772947
1004.0 1.4278163551472036
1004.5 0.7591281510297231
1005.0 1.106831482320095
1005.5 0.5726173545009889
1006.0 1.11134560893858
1006.5 1.1847136132183658
1007.0 1.0656882962429153
1007.5 0.7888385106369344
1008.0 0.7213664163331319
1008.5 0.5067266578407654
1009.0 0.3544241849995119
1009.5 0.8648174126936586
1010.0 0.7081814747523567
1010.5 1.4249520284486272
1011.0 1.2140387256035017
1011.5 1.5373165351304507
1012.0 1.3384694767036565
1012.5 1.2955441544634791
1013.0 0.8980122581678385
1013.5 0.5153371326819071
1014.0 0.9901838137374429
1014.5 0.9907053870443752
1015.0 0.8206681852238396
1015.5 1.5236044117619447
1016.0 1.5909986159151304
1016.5 1.067444408755219
1017.0 0.6830948643817212
1017.5 0.7330944890174
1018.0 0.5484595428145522
1018.5 0.8428124643785715
1019.0 0.6738087987543697
1019.5 0.6369887936684221
1020.0 0.6120632988546584
1020.5 1.1052891568979686
1021.0 0.7582590546649501
1021.5 1.0902868603860973
1022.0 0.9716685969389381
1022.5 1.100660544328266
1023.0 0.7570669491679316
1023.5 1.513246411344298
1024.0 0.9623555027220794
1024.5 0.8879628439993368
1025.0 1.2051562953356012
1025.5 0.8777409177143206
1026.0 0.974367953113335
1026.5 0.8181354129841345
1027.0 0.9939274928893377
1027.5 1.3234979851372732
1028.0 0.8812474336683201
1028.5 1.334652290041525
1029.0 0.8890809670322231
1029.5 1.1135617603875112
1030.0 0.9790157167105803
1030.5 0.9984742943460199
1031.0 1.0423960516630282
1031.5 1.3404597616129488
1032.0 0.6631924099282585
1032.5 1.7673185981101702
1033.0 0.8639283457932625
1033.5 0.7063963890046167
1034.0 0.2312824599570774
1034.5 1.3286058529346656
1035.0 1.0488984965628378
1035.5 2.3061800584983074
1036.0 0.9690273500011934
1036.5 0.8570583593809533
1037.0 0.6040538520035172
1037.5 1.1616690655367132
1038.0 0.9653322927495812
1038.5 0.7415575450279945
1039.0 1.0173686518176783
1039.5 1.3919590723607835
1040.0 0.7618280143227827
1040.5 0.8482062049032244
1041.0 0.9693971783412492
1041.5 0.9231147987842616
1042.0 0.8130467802005655
1042.5 0.6835469236547529
1043.0 0.755574038935533
1043.5 1.6065724064949083
1044.0 1.0525690784072395
1044.5 0.4957018368207037
1045.0 0.776343158036806
1045.5 0.7158999529669512
1046.0 0.7796360126543977
1046.5 1.1425128982922188
1047.0 1.0333580861534108
1047.5 0.5239773343215465
1048.0 0.7544316682942801
1048.5 0.9436159710052602
1049.0 0.7550718576169302
1049.5 0.779499954792447
1050.0 0.8029506040154689
1050.5 0.2
1051.0 0.7027963170045464
1051.5 0.5543168544993922
1052.0 0.570504928853609
1052.5 0.597021261407659
1053.0 0.5219252573003516
1053.5 0.5526522252824481
1054.0 0.2
1054.5 1.0060502436975263
1055.0 0.6266262163954183
1055.5 0.8411741345868713
1056.0 1.6768752971166871
1056.5 1.304576558375007
1057.0 1.3340751416676246
1057.5 1.0407772855544373
1058.0 1.4403103776485575
1058.5 0.6810621401458778
1059.0 0.45137098871413917
1059.5 1.1289754414133002
1060.0 1.0238420875027834
1060.5 0.7706883730737129
1061.0 0.5627221550244874
1061.5 0.7164289152483478
1062.0 0.6828711963108296
1062.5 0.7818131896119753
1063.0 1.2324901353759747
1063.5 0.7545642220508473
1064.0 0.7103232330039273
1064.5 0.8047095390591996
1065.0 0.5588159774402426
1065.5 1.0431471919906805
1066.0 1.1551313825775726
1066.5 0.3163914252951504
1067.0 0.6963158288263946
1067.5 1.6065359463166136
1068.0 0.7589924259373848
1068.5 0.8353383339982137
1069.0 1.3762025717967625
1069.5 1.139989296990453
1070.0 0.9763399870457462
1070.5 0.8274770040612851
1071.0 1.400160039698393
1071.5 1.138976737493886
1072.0 1.0598301605258889
1072.5 0.7547769450186572
1073.0 1.4783131187898366
1073.5 0.7700092022680802
1074.0 1.5555610080800282
1074.5 0.783756205171895
1075.0 0.8981631019185485
1075.5 1.13982942340678
1076.0 1.4065250784398442
1076.5 1.2426950031376092
1077.0 0.9603919299566749
1077.5 1.257337542544382
1078.0 0.6891669018048701
1078.5 0.8900355750492261
1079.0 0.9528709498319263
1079.5 0.863384401847466
1080.0 1.3488392706832113
1080.5 0.749439092264095
1081.0 1.2254099339154103
1081.5 0.6943427130269185
1082.0 0.9897802530591862
1082.5 1.9724642428213048
1083.0 0.9807741187763289
1083.5 0.2
1084.0 0.5408763720546764
1084.5 0.7750243621775663
1085.0 0.8234788834887282
1085.5 1.2521706572683649
1086.0 1.4351526320476267
1086.5 0.9834132843693406
1087.0 0.7882008702643443
1087.5 1.2084490488235782
1088.0 1.2870286498433652
1088.5 0.7570060172060533
1089.0 1.0270758887227567
1089.5 1.0672413820681372
1090.0 1.1747114100243283
1090.5 1.01417178661594
1091.0 1.7061238216594639
1091.5 1.0152314572802101
1092.0 0.8842366294557704
1092.5 0.8342408989700141
1093.0 0.5003452625614168
1093.5 1.3406061617832208
1094.0 0.5887542730302864
1094.5 1.3796068094493514
1095.0 1.2302303350345654
1095.5 1.0433968217991896
1096.0 1.1676135327991353
1096.5 1.4408484496728078
1097.0 0.7417248681277115
1097.5 0.6558703415871661
1098.0 0.7413487748366288
1098.5 0.8772420758030977
1099.0 0.8705134574561142
1099.5 0.8690601249838975
1100.0 0.5348862334571107
1100.5 1.203858433756167
1101.0 1.8099754526392098
1101.5 1.007873478856808
1102.0 1.498759383100484
1102.5 0.98048896636725
1103.0 0.7821506318919436
1103.5 1.0739640685779
1104.0 1.2088073116085631
1104.5 0.8230133988154393
1105.0 0.43596414771687675
1105.5 1.0357828457530698
1106.0 0.8155893865362767
1106.5 0.8380394921388472
1107.0 0.8654168262812995
1107.5 0.2
1108.0 0.9972572144882473
1108.5 0.832715392653208
1109.0 0.8520572103972582
1109.5 1.0910115102233175
1110.0 1.5560923172533467
1110.5 1.0634047188878533
1111.0 0.9101079274694837
1111.5 0.9210153718418164
1112.0 0.8438900738764754
1112.5 0.7763738379266062
1113.0 0.7113852148012185
1113.5 1.988292402328053
1114.0 1.109287412533059
1114.5 1.5781730934133251
1115.0 0.8008661732494903
1115.5 1.1481487329111955
1116.0 1.193900664363773
1116.5 0.7891814452090479
1117.0 0.6505632046000315
1117.5 1.1180835735651122
1118.0 0.8633708149453209
1118.5 2.2121639097046044
1119.0 0.43332050470954997
1119.5 0.523118840468294
1120.0 0.9118326137132253
1120.5 0.8404396549698818
1121.0 0.8171056275972571
1121.5 0.8876165600150067
1122.0 0.3850593222897222
1122.5 2.086439023032103
1123.0 1.0210715609842675
1123.5 1.1265619375047988
1124.0 1.3579095423051792
1124.5 0.9742473511231011
1125.0 1.3416948746331876
1125.5 1.1913191636795908
1126.0 1.4648748997618417
1126.5 1.0207510227207024
1127.0 0.9321385392333696
1127.5 0.9569983469419825
1128.0 1.1083325087806217
1128.5 0.8578644828939923
1129.0 1.362749312350489
1129.5 0.8090633562606552
1130.0 0.8830956370066178
1130.5 0.8709669231714094
1131.0 1.3538820273810959
1131.5 0.7007050660275541
1132.0 1.4373912573317509
1132.5 0.7916132842137086
1133.0 0.9275880119670107
1133.5 1.1255689020562762
1134.0 1.150406337211883
1134.5 0.9313729587970535
1135.0 1.836217797684279
1135.5 0.5908990078521761
1136.0 1.8215119624346077
1136.5 0.7323992458783268
1137.0 1.429920644800825
1137.5 0.9495782900056379
1138.0 1.3628934021885444
1138.5 0.6267044873589518
1139.0 0.6247154695657811
1139.5 0.8763212366705357
1140.0 0.7644609879567745
1140.5 1.9540922989751168
1141.0 0.5427632767016766
1141.5 0.6872969693282563
1142.0 1.7703115319257385
1142.5 0.9071785884321086
1143.0 0.6352022338371037
1143.5 1.157109951290803
1144.0 2.053645614081462
1144.5 1.1652546583702854
1145.0 1.0704691637797312
1145.5 1.1438628596254237
1146.0 0.8031751247070313
1146.5 0.7803988915980198
1147.0 0.9880629537958393
1147.5 0.8481078312114214
1148.0 2.514933866233788
1148.5 0.8376145375084588
1149.0 0.9464334150273586
1149.5 1.0622892924542127
1150.0 1.0712969227612579
1150.5 1.8422319716934044
1151.0 1.708970024669512
1151.5 0.794595369434217
1152.0 2.499662168654625
1152.5 0.813593066230383
1153.0 0.7466517037390606
1153.5 0.6023194644056589
1154.0 0.799296881195265
1154.5 0.6769626082752668
1155.0 1.3040261148912171
1155.5 0.8903074934808849
1156.0 1.0189792026606792
1156.5 0.7046136833986691
1157.0 0.9718567021099853
1157.5 0.7291940699412913
1158.0 0.9254377067638804
1158.5 1.7559038204740833
1159.0 0.47493673991008756
1159.5 1.541807760700245
1160.0 0.8120200271670837
1160.5 0.7825305428064415
1161.0 0.5448262395905072
1161.5 0.9954098030478857
1162.0 2.0032510954113296
1162.5 0.4351200773696345
1163.0 0.7446562525581759
1163.5 0.6519190969841457
1164.0 1.7047907138951173
1164.5 1.2315946241186442
1165.0 1.014519152123909
1165.5 0.5766138331057742
1166.0 0.8684840327331738
1166.5 0.8537754855999059
1167.0 0.7694050246786985
1167.5 0.4544254366518813
1168.0 1.3999948922457492
1168.5 0.6238243533527685
1169.0 1.2773926954035058
1169.5 1.1954768354322547
1170.0 0.8777595690316947
1170.5 0.5791598993391736
1171.0 2.129850225505417
1171.5 1.210264401687684
1172.0 0.6555724373397193
1172.5 1.0992437929752439
1173.0 1.742875063755685
1173.5 1.15372015555858
1174.0 1.2215524069775252
1174.5 1.84068126035852
1175.0 0.8379007617771003
1175.5 0.5890056990244741
1176.0 0.5992774240962805
1176.5 0.9570742375053399
1177.0 1.2886136519531042
1177.5 1.03834720612298
1178.0 0.9942220481998214
1178.5 0.8768371257051364
1179.0 1.3899075982040117
1179.5 1.0773010708688489
1180.0 0.9014503516005796
1180.5 1.2697358575729718
1181.0 1.6732760320964046
1181.5 1.0194721868059387
1182.0 0.9472609145094878
1182.5 1.8002230997026882
1183.0 1.0769969736159895
1183.5 1.5561550615569417
1184.0 0.6682355908509373
1184.5 0.990143438642441
1185.0 0.7615672759286956
1185.5 0.9486692834339775
1186.0 0.9147188984705023
1186.5 0.5042525695735828
1187.0 0.9753085383331286
1187.5 1.0690224069037249
1188.0 0.42861053124713455
1188.5 0.8467343550176804
1189.0 0.4908994372065719
1189.5 1.6937932399859514
1190.0 0.8445749111015469
1190.5 1.345500746711767
1191.0 0.8084086681022622
1191.5 0.7294319601479217
1192.0 1.4788336102985422
1192.5 1.141122985238908
1193.0 1.9347865963433182
1193.5 0.6681029856118912
1194.0 0.7556522168930006
1194.5 1.0295430907756455
1195.0 0.8784424927820682
1195.5 1.0842596461263974
1196.0 0.8363835395608521
1196.5 1.6213881945395219
1197.0 1.159141019471054
1197.5 0.7368530935907631
1198.0 0.9379433536563605
1198.5 0.7207813804047414
1199.0 1.2219091350937288
1199.5 1.4937285245228302
1200.0 1.6324051950507128
1200.5 0.7282371989640697
1201.0 1.5983241487795057
1201.5 1.1532089494477025
1202.0 0.8629447201380829
1202.5 1.143348390399729
1203.0 1.1828361531589477
1203.5 0.9073159316287727
1204.0 1.662443072426735
1204.5 1.0540160854704494
1205.0 1.7088004243351227
1205.5 1.167895663927248
1206.0 1.0956589001911756
1206.5 1.0887392834440897
1207.0 1.0677731478279182
1207.5 0.8900785280281586
1208.0 1.2092637449256598
1208.5 0.8094548977127558
1209.0 0.9310375063442962
1209.5 1.13725612801908
1210.0 1.6212053009777145
1210.5 0.8487364529113839
1211.0 0.9921881108925824
1211.5 0.7118177175759828
1212.0 0.8570117821914512
1212.5 1.3629546982916738
1213.0 0.8869161840133151
1213.5 1.1985715331941464
1214.0 1.1041862033208374
1214.5 2.292103015732504
1215.0 0.7331431570912905
1215.5 0.4319402418668443
1216.0 0.9651933108237248
1216.5 0.9677804637231435
1217.0 1.0695058967515447
1217.5 0.4028218453935939
1218.0 0.5929740270217667
1218.5 0.9228107056797831
1219.0 1.2461217418154207
1219.5 0.33801525947416944
1220.0 1.8829849425458631
1220.5 0.9398692910767805
1221.0 0.4552980283427803
1221.5 0.7792902816374273
1222.0 0.9862668483589351
1222.5 1.3349496890291195
1223.0 1.2319612593980247
1223.5 0.8122232429488507
1224.0 1.4993405414553802
1224.5 1.3482904931579296
1225.0 1.2517650114408672
1225.5 0.7996633738207022
1226.0 1.1393201672825546
1226.5 1.23564691108195
1227.0 1.0591208555921319
1227.5 0.9869488543181754
1228.0 1.5914485614181366
1228.5 0.8812810926523503
1229.0 0.594757576025828
1229.5 0.8073699522640928
1230.0 0.953211835745459
1230.5 0.658578717572283
1231.0 1.4131079537529665
1231.5 0.4082389249312005
1232.0 0.9603540601824432
1232.5 0.817777919774554
1233.0 1.1006973704886271
1233.5 1.129430391340761
1234.0 0.7695603803353691
1234.5 1.372519515237278
1235.0 1.042373078230278
1235.5 0.623769473645214
1236.0 1.364715009111722
1236.5 0.41933455420059174
1237.0 0.944549638581179
1237.5 0.564870800366267
1238.0 0.7435494445993869
1238.5 1.1744369275507442
1239.0 1.2281402542334758
1239.5 0.553912941447304
1240.0 0.7283533658018587
1240.5 1.2086049889382537
1241.0 1.0017791979009838
1241.5 0.8393787600175011
1242.0 1.093888472758652
1242.5 1.328992440866307
1243.0 0.8537001156408501
1243.5 1.6859129231627605
1244.0 0.804625244405454
1244.5 0.9366394760096197
1245.0 0.6629839803000284
1245.5 0.9095251066633375
1246.0 1.1365741087445675
1246.5 1.1874472649787116
1247.0 0.933969881224331
1247.5 1.0068283959071878
1248.0 1.179114262230767
1248.5 0.656281307618944
1249.0 1.0298287884480972
1249.5 0.8528014392691742
1250.0 1.5372961826453126
1250.5 1.2366764572877926
1251.0 1.2988790503559855
1251.5 0.793509286324741
1252.0 0.6138152013954825
1252.5 1.5094031878371248
1253.0 1.1944691556368703
1253.5 1.8939871710919483
1254.0 0.9217043202772016
1254.5 0.8274896334408219
1255.0 1.6993300082394458
1255.5 0.9789043498892656
1256.0 0.5322289151559343
1256.5 1.0948358312824067
1257.0 0.7944380715144879
1257.5 0.6327273630109711
1258.0 1.0281609096814064
1258.5 1.2984336080762997
1259.0 1.8837968067958872
1259.5 0.9025374686417365
1260.0 1.780056770289951
1260.5 1.1650061178844529
1261.0 1.8227540929259622
1261.5 1.2346842089127832
1262.0 0.8199173487071707
1262.5 0.8787682688609885
1263.0 0.980165830903963
1263.5 1.0108315483206178
1264.0 1.3766052911482873
1264.5 1.1818626146374136
1265.0 0.8312130836757212
1265.5 0.4986284806698619
1266.0 1.3634593332265275
1266.5 0.5739100281827074
1267.0 0.2
1267.5 1.09315562164167
1268.0 1.3776943123641674
1268.5 1.083935114225239
1269.0 0.7230819757402478
1269.5 0.5656476103770689
1270.0 1.1311589217965774
1270.5 0.6725368811958452
1271.0 0.6605895435885103
1271.5 1.9301861674068315
1272.0 0.6770390629985736
1272.5 0.7665772730745319
1273.0 0.9695696271125851
1273.5 2.1460813305224327
1274.0 1.4029104919532027
1274.5 1.7108655139622249
1275.0 0.8822749459599895
1275.5 1.4047278189376442
1276.0 1.0045599479682037
1276.5 1.0558596779075176
1277.0 0.3609110583016557
1277.5 1.101728469512246
1278.0 0.3657585053356467
1278.5 0.7965163966151985
1279.0 1.183849307693827
1279.5 0.9091542244322826
1280.0 1.3954422231298005
1280.5 1.0323325353537598
1281.0 0.7121292989725426
1281.5 1.0837983710536259
1282.0 1.0603786680929241
1282.5 1.1999347443939041
1283.0 0.9304553152514007
1283.5 1.346676786682901
1284.0 0.6282209054478645
1284.5 1.4268127395895958
1285.0 1.3309991777245564
1285.5 0.7207089065289831
1286.0 0.7189798603408911
1286.5 1.514573912687974
1287.0 0.9145670970472393
1287.5 0.4173765492330159
1288.0 1.440889560205172
1288.5 0.7492082375163756
1289.0 0.723658934216678
1289.5 0.5803937958001244
1290.0 0.8771681920521329
1290.5 1.0516194722134444
1291.0 1.9906422304935685
1291.5 0.7758177521698645
1292.0 1.583746997219539
1292.5 0.9297518353591523
1293.0 1.306644536684321
1293.5 2.0644651768824445
1294.0 1.1015725585904854
1294.5 0.9347767760467822
1295.0 1.0372663443215138
1295.5 1.2879612495143027
1296.0 1.5450711595956372
1296.5 0.9397633194025244
1297.0 0.4900245769912454
1297.5 2.238953133580329
1298.0 1.3184734982136426
1298.5 1.4570237713053356
1299.0 1.3982006589558158
1299.5 0.47325607047592877
1300.0 0.5161280192377068
1300.5 1.0248627109719655
1301.0 0.5501584654218736
1301.5 1.229649724603405
1302.0 1.5303988301421148
1302.5 0.5519574085636817
1303.0 1.2135180120447
1303.5 1.3135236874493903
1304.0 0.9428795633128075
1304.5 0.2
1305.0 0.9057992740523939
1305.5 1.5511496639817473
1306.0 0.7238623235894913
1306.5 0.9108278348197139
1307.0 1.6852397311153022
1307.5 0.9372494155959178
1308.0 0.8564014202103067
1308.5 1.2050092738297824
1309.0 1.5090608350580825
1309.5 0.9004116395472112
1310.0 1.2496992224337005
1310.5 0.8891393778995077
1311.0 0.9201293611547983
1311.5 1.6448084525323248
1312.0 1.2524085639171456
1312.5 0.9282381828861378
1313.0 1.2351107372278687
1313.5 0.3365804422726081
1314.0 0.617934946874471
1314.5 1.0017655930954636
1315.0 0.5789909612134274
1315.5 1.2367188558379762
1316.0 1.184022121974142
1316.5 0.8670702651272535
1317.0 0.6263749534989027
1317.5 0.8122848153581945
1318.0 0.9398433802534139
1318.5 0.8004350786387913
1319.0 2.1373344285987987
1319.5 1.103388365527531
1320.0 1.4808217177778888
1320.5 1.558826985730053
1321.0 1.2102114420459489
1321.5 0.4533204030102599
1322.0 0.4510026234019092
1322.5 0.9625574172900152
1323.0 0.8175197796800743
1323.5 1.2938449320498089
1324.0 0.7325735966228066
1324.5 0.8711385539867529
1325.0 0.2717365622275568
1325.5 0.5401884670656387
1326.0 1.1042416026154247
1326.5 1.2592507391377281
1327.0 1.138301098365231
1327.5 0.9526208113255787
1328.0 0.5785784033248782
1328.5 0.9668788346205479
1329.0 1.5933602864504446
1329.5 2.190452828529584
1330.0 1.3469333511279837
1330.5 0.5286221643813032
1331.0 1.129562408723102
1331.5 1.6352387939003594
1332.0 0.8007594105312889
1332.5 1.1656576998942034
1333.0 1.3867701184061982
1333.5 1.0179430107586542
1334.0 1.002120606674247
1334.5 0.801034496913491
1335.0 0.37455956687491626
1335.5 1.2922210693318839
1336.0 1.415139641276664
1336.5 1.2667135938017249
1337.0 1.0826801242465778
1337.5 1.376526436226845
1338.0 1.868586635536718
1338.5 2.098489766458442
1339.0 0.6152897042776446
1339.5 0.730516692309493
1340.0 1.7508936326729758
1340.5 0.431126680922564
1341.0 1.2587787426651413
1341.5 2.2536811438749784
1342.0 1.323265339379605
1342.5 1.207189466749245
1343.0 1.0191731431311062
1343.5 0.902394803227119
1344.0 0.7893956173617538
1344.5 1.19834148030436
1345.0 0.7232349153396493
1345.5 0.6884343367107396
1346.0 1.4233861664165377
1346.5 0.9890643409745701
1347.0 1.0692225507646738
1347.5 0.9005926141851669
1348.0 0.7931512305936121
1348.5 1.0522148865593517
1349.0 0.5017883642674414
1349.5 1.1200940814315032
1350.0 0.8552650614913774
1350.5 2.2305608524396994
1351.0 1.204634821172931
1351.5 0.899685458710291
1352.0 1.364059355271328
1352.5 1.1946160081671264
1353.0 0.4856347999338162
1353.5 0.8946892540571029
1354.0 1.0033457862607418
1354.5 0.9831515860188585
1355.0 1.404179493237733
1355.5 1.0503198491068058
1356.0 0.4672761718065679
1356.5 0.940276966367238
1357.0 1.1099460828023322
1357.5 0.2
1358.0 0.9563841673614398
1358.5 1.5021785048774872
1359.0 1.1466533054906038
1359.5 1.3666021456712087
1360.0 0.8393507863672058
1360.5 0.6703053535813414
1361.0 0.904073440206687
1361.5 0.8471745892131496
1362.0 1.0236442740118759
1362.5 1.4152374544039892
1363.0 1.4829190841192652
1363.5 1.2832234456561116
1364.0 1.3959828473074032
1364.5 0.6949002406074073
1365.0 0.7380589297549796
1365.5 1.2784956312363283
1366.0 2.7622453161328697
1366.5 0.965405920122265
1367.0 1.8401406228653534
1367.5 0.7421506489354253
1368.0 0.5849946054385178
1368.5 0.621942127258841
1369.0 1.2403822994207534
1369.5 0.6513479336535833
1370.0 0.9932898002764581
1370.5 0.7778922686564703
1371.0 0.8217824918811347
1371.5 0.7797592077064568
1372.0 0.6023416142555648
1372.5 1.6666502787400592
1373.0 1.7658152898445856
1373.5 1.114490222906722
1374.0 0.7890905700650005
1374.5 1.1659472875894963
1375.0 1.0477579953528064
1375.5 0.8068450723837493
1376.0 1.6230773174392623
1376.5 0.29709336562495836
1377.0 0.6660656668856026
1377.5 0.7492161882483653
1378.0 0.8240743981857619
1378.5 1.042023548304805
1379.0 1.4956391426172053
1379.5 1.0742855202062294
1380.0 1.3468003403552786
1380.5 0.7500175100212928
1381.0 1.1722951894221865
1381.5 1.4379562892129905
1382.0 1.6160514997282873
1382.5 0.8395022584957562
1383.0 0.8928857233219742
1383.5 1.2649885932161355
1384.0 0.6455225178170256
1384.5 2.020414749164717
1385.0 1.0024441929510601
1385.5 0.8873021455000917
1386.0 0.5533085329455342
1386.5 1.2376717473103391
1387.0 1.192371095278907
1387.5 1.7896625649946585
1388.0 0.31234535540204356
1388.5 0.5867075457660151
1389.0 1.789130756859139
1389.5 0.6373749311485242
1390.0 0.5424611402000681
1390.5 1.0381497412769933
1391.0 1.7500134807794367
1391.5 1.6591966554335804
1392.0 1.2886933763953707
1392.5 0.6631772435505985
1393.0 1.3486582071019642
1393.5 1.4586475346928451
1394.0 1.620227647419691
1394.5 1.682948617768719
1395.0 1.3182625401498564
1395.5 0.9114593907745422
1396.0 0.5847297545104126
1396.5 0.8785040238462105
1397.0 0.8101542940605849
1397.5 0.6607897353147243
1398.0 1.6289637472976644
1398.5 1.7737134841091895
1399.0 0.851964635276985
1399.5 1.3225208074979005
1400.0 1.37589564416459
1400.5 0.6889467422848355
1401.0 0.45698058883568415
1401.5 1.1277517769164942
1402.0 1.0937022474701061
1402.5 1.5711053556228656
1403.0 1.9307780142061923
1403.5 0.7024536232890926
1404.0 1.3242090167263179
1404.5 1.4310888727150135
1405.0 1.3405498006279608
1405.5 0.6491311278461499
1406.0 1.010892810920553
1406.5 1.5573058523457006
1407.0 0.8279781135239306
1407.5 1.1988880462408793
1408.0 1.1142096719671262
1408.5 1.1977133905219537
1409.0 0.843450813702907
1409.5 1.5891931209992722
1410.0 0.8422904451136941
1410.5 0.9626903676878709
1411.0 0.9950946336379111
1411.5 0.6958602489154171
1412.0 1.2439316857158005
1412.5 0.5119061649690063
1413.0 1.1057041666612806
1413.5 0.7257253156102517
1414.0 0.6670997679077882
1414.5 0.9551382418074832
1415.0 0.4628714858519375
1415.5 1.5109937365123343
1416.0 0.7980078168447325
1416.5 0.8102569495149214
1417.0 0.864018757119563
1417.5 1.1099000429231072
1418.0 1.9562099877980357
1418.5 1.2468407233973147
1419.0 0.9333915501104973
1419.5 0.6322232776018344
1420.0 0.7189198671961037
1420.5 1.4491347410144142
1421.0 0.6786239547102615
1421.5 1.075091042711049
1422.0 1.0742549372157733
1422.5 0.95969045795145
1423.0 1.6577513922139837
1423.5 0.7498052667346085
1424.0 0.916266839178341
1424.5 0.7020940225676993
1425.0 0.7017722744171799
1425.5 1.1081983946447538
1426.0 0.8630586725186667
1426.5 1.0605534253713982
1427.0 1.283149179789113
1427.5 0.629605229894005
1428.0 0.8725427665225495
1428.5 1.7779775248546077
1429.0 0.788665411224333
1429.5 0.7648959995316562
1430.0 0.5584458487693833
1430.5 0.8903005618207585
1431.0 0.7990800665747482
1431.5 0.7708751588022823
1432.0 1.3542012987575962
1432.5 0.7625456648275994
1433.0 0.7915502066132488
1433.5 1.3562286197292084
1434.0 1.0542851699252014
1434.5 1.141675785945141
1435.0 1.2000147589474173
1435.5 0.7381473513085207
1436.0 0.8139134725868211
1436.5 0.8922921756783213
1437.0 1.7089262673549084
1437.5 1.1061481189710047
1438.0 1.4970840025943026
1438.5 0.8079604899306773
1439.0 1.205528911189091
1439.5 0.8035484377859031
