0 0.70391776367192
0.5 1.03386505062454
1.0 0.9832345602452945
1.5 0.6411061127669873
2.0 0.9427546937286908
2.5 0.6064303704589948
3.0 0.7424058863585496
3.5 0.7374628367404952
4.0 0.7291162962275912
4.5 1.2409331724873551
5.0 0.728473795734039
5.5 0.7477528099216015
6.0 0.6461745026555491
6.5 0.8688140164292235
7.0 0.785963229712136
7.5 0.633135884653539
8.0 0.6915327393762227
8.5 0.7048484344259143
9.0 0.6108139336360174
9.5 0.6870423958799896
10.0 0.7332565067889805
10.5 0.8761602542921507
11.0 0.7102521230659816
11.5 1.2409203199862293
12.0 0.5807743714858674
12.5 1.103853727111465
13.0 0.6373371306754406
13.5 0.8655244844421077
14.0 0.4337459405311573
14.5 0.7178003671367252
15.0 0.8627175116082966
15.5 0.7195743400201993
16.0 0.8557334513907469
16.5 0.9423794483845802
17.0 0.8881161394954848
17.5 1.0223621630581528
18.0 0.9805833404140893
18.5 0.8991007884101683
19.0 0.6131645155774361
19.5 0.5567708119243286
20.0 0.8323133079967018
20.5 0.7304710740767995
21.0 0.8418501070467921
21.5 1.0476016243928745
22.0 0.5998384894408865
22.5 0.996903390180879
23.0 0.9118338631870375
23.5 0.5817081324817452
24.0 0.9785241769275959
24.5 0.9536424909725114
25.0 1.0901422159318244
25.5 0.963265791500411
26.0 0.613966229830613
26.5 0.8039649215161064
27.0 1.0063451646018082
27.5 1.022670762763212
28.0 1.3501755608246917
28.5 0.8091933885132812
29.0 0.5950016802585285
29.5 0.5682955381538999
30.0 0.7514750994814582
30.5 0.6584389098589682
31.0 0.6370551621954983
31.5 0.785972712986557
32.0 0.6643115670407773
32.5 0.8340396587417227
33.0 0.9153905528658093
33.5 0.7744530930817703
34.0 1.2581789362127513
34.5 0.8435735456656757
35.0 0.8891528620123235
35.5 0.9699821871543157
36.0 0.7205990680576984
36.5 0.5929100339745207
37.0 0.7960604647028582
37.5 0.4891608144009977
38.0 0.676090892251168
38.5 0.7749061374728934
39.0 0.7806218916211652
39.5 0.6996657739534986
40.0 0.9094449022496358
40.5 1.1522321046328392
41.0 0.8928982755760162
41.5 0.7609906596831721
42.0 0.7466733664794551
42.5 0.8188072739982115
43.0 0.6770072782852778
43.5 0.8605878595497607
44.0 0.8818074810013699
44.5 1.2041092930915793
45.0 1.002488729299985
45.5 0.872587596314742
46.0 1.1734209122704768
46.5 1.1871446668141161
47.0 0.8118728433741722
47.5 0.9684124173444697
48.0 0.48960310892228576
48.5 1.170207859081462
49.0 0.7918357274885419
49.5 1.0910792847053892
50.0 0.6936713573347415
50.5 1.093250868883491
51.0 0.6332638634421084
51.5 0.7385107843813263
52.0 1.2027869677196539
52.5 0.9231702919073337
53.0 1.0176125551517192
53.5 0.8136349180482967
54.0 0.7476057481188609
54.5 0.6663456324589847
55.0 0.7996854086388481
55.5 1.1749069609705682
56.0 1.166929756127905
56.5 1.6665595236043682
57.0 0.2696332046652388
57.5 1.0710779105937207
58.0 0.8007111396914773
58.5 0.7147337789556176
59.0 0.718849321962253
59.5 0.6435757011746095
60.0 0.5910179848725201
60.5 0.7149887497675131
61.0 0.8755570978505556
61.5 0.6634711351018663
62.0 0.7733280673965638
62.5 0.5058893498106236
63.0 0.7670174947427542
63.5 0.7775618679718528
64.0 0.921841487710116
64.5 1.0471012137260358
65.0 0.8718578071172847
65.5 0.5529987219138995
66.0 0.9515075712633159
66.5 1.0819904856019216
67.0 0.9359829757008553
67.5 0.6450241757695054
68.0 0.9353794393431538
68.5 0.8345750454471326
69.0 0.9265539090638102
69.5 1.0151244033487956
70.0 0.4056038406799077
70.5 0.7877168061258055
71.0 0.6217267176002929
71.5 1.0491315474406193
72.0 0.6494849152058688
72.5 0.48990121576557244
73.0 0.47619529357610274
73.5 0.8523423363897396
74.0 0.8443397757644382
74.5 1.1699702150392126
75.0 0.8150831459529932
75.5 0.7030968802839064
76.0 0.8789422760888057
76.5 0.8527347171199193
77.0 0.6401312830901713
77.5 0.7331397438274518
78.0 0.625680215637537
78.5 0.6297756848312741
79.0 0.6458204645386687
79.5 0.8473030034754607
80.0 0.42074710142482935
80.5 0.9849550716026667
81.0 0.6197410376358117
81.5 1.4782766029893055
82.0 1.0540502524594977
82.5 0.5429275564856312
83.0 0.908180506613359
83.5 1.0225864634866506
84.0 0.801760318883759
84.5 1.0595379647056402
85.0 0.6622367943343275
85.5 0.4673147649225102
86.0 1.2733275130734474
86.5 0.5638664200324763
87.0 0.841930100621789
87.5 1.170612835666529
88.0 1.2460885620394386
88.5 0.5475894871313185
89.0 1.3174467746706733
89.5 1.1246969686873516
90.0 1.0297652997058055
90.5 0.9774535193717664
91.0 1.1231316348391434
91.5 1.1380578058105795
92.0 0.7570245775275689
92.5 0.9757818189390592
93.0 0.9541808005431023
93.5 0.9482686126595681
94.0 1.026671814686289
94.5 0.6780757582746152
95.0 0.3597968769518926
95.5 0.7089600103333833
96.0 0.8522517624484951
96.5 0.9716669778237819
97.0 0.8104455062462563
97.5 1.0759766744454828
98.0 1.2427292798577074
98.5 1.1221500662608335
99.0 0.4138249923083679
99.5 0.6967017522952432
100.0 0.7354980531135513
100.5 0.7847899094770598
101.0 0.607473035338302
101.5 0.6292156814363287
102.0 0.86511457139775
102.5 0.9230801705032705
103.0 0.8311101425615511
103.5 1.0667858403609292
104.0 0.7375147126910885
104.5 0.9303775710532354
105.0 0.7049965361530455
105.5 1.1953934485958573
106.0 0.8208844122196867
106.5 0.6006628555954612
107.0 0.7484951507678348
107.5 0.8642203568369717
108.0 0.7926139585845691
108.5 1.312220632032471
109.0 0.7620033256060337
109.5 1.0359847981300794
110.0 0.7876055407443567
110.5 0.5388962192612657
111.0 1.0604127016179572
111.5 0.6285383246815706
112.0 0.6095888505533387
112.5 1.3016625126056973
113.0 0.6857682108351963
113.5 1.170314535289243
114.0 0.6028258215399085
114.5 1.5137399683539694
115.0 0.7226195228572847
115.5 0.8757429292271641
116.0 1.0341903365688754
116.5 0.8609474093583975
117.0 0.7567064553164243
117.5 0.8473156125142907
118.0 0.6044647377376904
118.5 0.978431411714421
119.0 0.8913064449799615
119.5 0.8230737010280107
120.0 0.8034499304196816
120.5 0.8065374379620389
121.0 0.6959886197894773
121.5 0.8525893385112251
122.0 0.7524480414851424
122.5 0.7943747087127895
123.0 0.7120056856734385
123.5 1.385092251746342
124.0 0.9551442243888673
124.5 1.020970471640939
125.0 0.8035289782189712
125.5 0.6101739481114579
126.0 0.7670080290832517
126.5 0.9524706483523533
127.0 1.059536309940078
127.5 1.1287050740357345
128.0 0.7861731432829417
128.5 1.2112465200843372
129.0 1.2512687634465451
129.5 0.8579967505756965
130.0 1.1156409690759388
130.5 0.36988122673009755
131.0 0.8280659505740147
131.5 1.4607125110318746
132.0 0.8223303847842909
132.5 1.0589506770373316
133.0 1.1570282306756106
133.5 0.693257660480662
134.0 0.6131874987079025
134.5 0.7111533157009675
135.0 1.0439452051847828
135.5 1.0111380086522535
136.0 0.812235873653951
136.5 0.9351005490192197
137.0 0.6578588194141319
137.5 0.9423861929279829
138.0 0.8156973014457034
138.5 0.8041733712163366
139.0 1.0604859101153095
139.5 0.7027294621819868
140.0 1.0043639099710326
140.5 1.0917889862262866
141.0 0.5945031757124815
141.5 0.7713766537338489
142.0 0.8405057663932092
142.5 0.9687276874298623
143.0 0.5342130958838058
143.5 1.4779603505099594
144.0 0.843186831237939
144.5 1.2369984758771055
145.0 1.0147071962061573
145.5 0.9356549682638047
146.0 0.7808226819097945
146.5 0.7656179510146166
147.0 0.8310448966621331
147.5 1.4855602184399623
148.0 1.2638674985143388
148.5 0.8337818206752012
149.0 1.1722255746790904
149.5 0.5964231170850938
150.0 0.9990784016348102
150.5 0.8111970277547533
151.0 0.8463230353462106
151.5 0.8543488949084515
152.0 0.8123128116083762
152.5 0.782160830508758
153.0 0.8848947242143368
153.5 0.9667814668830226
154.0 1.139686246901033
154.5 0.9242595045634026
155.0 0.6972967507910872
155.5 0.8346805782057778
156.0 1.0232192464852585
156.5 0.6873656317908816
157.0 0.6251990900041258
157.5 0.9878550157054444
158.0 0.8305337313440551
158.5 1.2536438594501986
159.0 0.8532198440025422
159.5 0.6666009343588051
160.0 0.8961576963102911
160.5 0.46181425434108425
161.0 0.7188430894981623
161.5 1.045638169596161
162.0 0.9197155271439706
162.5 0.9983945347334686
163.0 1.0592651477986579
163.5 0.5897591731907199
164.0 0.8862845151464491
164.5 0.864309223444644
165.0 0.6048313589358165
165.5 0.8373273503972072
166.0 1.2263720128252473
166.5 1.2465897073685979
167.0 0.6542800916063616
167.5 0.5961222865233959
168.0 0.7107837125468817
168.5 0.4646716986871826
169.0 0.4785810117429953
169.5 1.605785593659813
170.0 0.7850348259315953
170.5 0.9092598598824992
171.0 1.0451954031510737
171.5 0.504215747066519
172.0 1.1082393229491727
172.5 1.059384854470121
173.0 0.5684280795239982
173.5 1.0906858452440358
174.0 1.1908679641162603
174.5 0.7461338248723797
175.0 0.37318472861192664
175.5 0.49557878801513716
176.0 0.8718474983204085
176.5 0.6265510052731768
177.0 1.0794798782973143
177.5 0.7250195864846405
178.0 0.9724800649877738
178.5 0.5725100208055478
179.0 0.5691109385788866
179.5 0.8941386239747513
180.0 1.1439927141606123
180.5 0.5359446232851448
181.0 0.8501428488498799
181.5 1.0783563810050438
182.0 0.8268086028080498
182.5 1.0304154476036818
183.0 0.7070312954602503
183.5 1.1827863950005628
184.0 0.9045006910401014
184.5 0.9199942601133795
185.0 0.6586360023206586
185.5 1.0118165902487806
186.0 0.8022984513190026
186.5 0.7684958831244131
187.0 0.7882770000002215
187.5 1.070344511369016
188.0 0.60252303885552
188.5 0.8733310257045941
189.0 0.60365899264303
189.5 1.136595182042108
190.0 0.32402782679401887
190.5 0.4619830659331142
191.0 0.5854324483063582
191.5 0.9959509615680964
192.0 0.6863148820686832
192.5 0.577556133608714
193.0 0.8195997049885906
193.5 0.7590659553594319
194.0 1.0686991223349769
194.5 0.6000536531345337
195.0 1.0026648445380943
195.5 1.0663606102169538
196.0 0.7233407499817543
196.5 1.1173148162395892
197.0 0.9228842861155462
197.5 0.8512146297725514
198.0 0.953043411387591
198.5 0.6088074191979642
199.0 0.6247526128980674
199.5 1.394028695358657
200.0 0.6054523547452226
200.5 1.1306000801496694
201.0 0.7125631014065075
201.5 0.5511764562160156
202.0 0.8902463591475198
202.5 1.0252129115930602
203.0 1.1905942271257148
203.5 0.7088312097741096
204.0 1.2852862793991668
204.5 0.7355660698526647
205.0 0.8166376972190843
205.5 0.7423510787646703
206.0 0.5276343392555287
206.5 0.9627113162537284
207.0 0.5383118743114265
207.5 0.6271264206365605
208.0 0.8078064816513084
208.5 0.7153586916289956
209.0 0.8027926444207165
209.5 0.7054999627889402
210.0 1.0468383592506247
210.5 0.7341161104381031
211.0 0.8992446280893089
211.5 0.8938414549181433
212.0 0.4961038253856883
212.5 1.0829735420693893
213.0 0.8794821847674694
213.5 1.358703131426104
214.0 0.6903749094218313
214.5 1.1210733257870484
215.0 1.1300480168445983
215.5 0.7591090301441186
216.0 0.7458232225043916
216.5 0.6339479390019653
217.0 0.4949986931195405
217.5 0.7632618909651119
218.0 0.7695670291431149
218.5 0.5867602313243554
219.0 0.8105732639819634
219.5 0.9675232782987251
220.0 0.776126981364768
220.5 0.5779281171760693
221.0 1.0067180653440795
221.5 0.8032512951127346
222.0 0.7058797225440135
222.5 0.9996815341322098
223.0 1.5066590332118297
223.5 0.8559531904121649
224.0 0.9731645228016028
224.5 0.9685193945191257
225.0 0.9978354258075617
225.5 0.8891665416978196
226.0 0.8926963387485449
226.5 1.0858954450769096
227.0 0.9466897045161318
227.5 0.8941115049708037
228.0 0.6904632570084402
228.5 0.8396723601732774
229.0 0.6771389024010407
229.5 0.6992578956903244
230.0 1.0515272441689396
230.5 0.9135363505697311
231.0 1.2344156900876775
231.5 0.8314744233705822
232.0 1.013468164193079
232.5 0.6892978948124655
233.0 0.8210074101132745
233.5 0.9574913076846578
234.0 0.873191731176556
234.5 0.941946586952922
235.0 0.9229862323858222
235.5 0.889273020461369
236.0 0.8993503568352279
236.5 0.6295234125025408
237.0 0.5396484204717902
237.5 0.7049241814727215
238.0 1.4366526560677753
238.5 0.8857196354688759
239.0 1.1312940412400547
239.5 0.7120094983847693
240.0 0.6999647414504553
240.5 1.1922263656783103
241.0 0.9290171019168809
241.5 1.0460249314626127
242.0 1.0607446270317695
242.5 1.238091410514963
243.0 0.5237259673917349
243.5 0.5797991071222484
244.0 0.7998874179824007
244.5 0.6740144292031185
245.0 1.3320124383467438
245.5 0.8495685450646511
246.0 0.4342461275208208
246.5 1.3019302949897331
247.0 0.6448180135031436
247.5 0.6272547577892662
248.0 0.6753187269670768
248.5 0.6063622755930609
249.0 0.9046062721114807
249.5 0.8172781852357092
250.0 1.147736555970208
250.5 1.2184417476636658
251.0 0.841630437313758
251.5 0.6883208846777952
252.0 0.534061104135
252.5 0.39607786507664816
253.0 0.35615669801687827
253.5 0.7098188843838187
254.0 0.6323455476174612
254.5 1.0975544304287022
255.0 0.9680228169638769
255.5 1.1343439888206062
256.0 0.7033076156352435
256.5 0.7246067279718575
257.0 1.2447799257290681
257.5 0.5994186210416401
258.0 1.3241228750043341
258.5 0.846763267984699
259.0 0.8025682218131657
259.5 0.7270925856961914
260.0 1.1857608670211432
260.5 0.6751620986559113
261.0 1.0697220155945653
261.5 1.0274690457703346
262.0 1.0673207325084197
262.5 0.6859518836068781
263.0 0.6695461967674099
263.5 0.8699364884876721
264.0 0.9576212674122893
264.5 1.0290911750151184
265.0 0.8549251426251163
265.5 0.8735215677370645
266.0 0.4691258973649144
266.5 0.9042460709377538
267.0 0.8515609759268508
267.5 0.6356203514997352
268.0 1.4967996239931334
268.5 0.8248380761944567
269.0 0.8190695144178628
269.5 1.4870748784116323
270.0 1.3491665690300065
270.5 0.8130463136275374
271.0 0.8576621806378943
271.5 0.9884198542873481
272.0 0.8560164232010932
272.5 0.959331607969774
273.0 1.1914546587120785
273.5 1.1316666856881104
274.0 1.5044093427615375
274.5 0.9876121194383847
275.0 0.6388336834839343
275.5 0.8409144531315431
276.0 0.5807676702169875
276.5 0.8467107617077645
277.0 0.8092292821494003
277.5 1.0178912527554647
278.0 0.8547636517522124
278.5 1.065686777543405
279.0 0.7634640522738692
279.5 0.46900204490980113
280.0 0.864658461853202
280.5 1.0500769305822308
281.0 1.2771711333658322
281.5 0.5600224949765413
282.0 1.436921894309622
282.5 0.6261705454400925
283.0 1.0207018625358608
283.5 0.533045543809537
284.0 0.5266065417579124
284.5 0.688904710484404
285.0 1.2757827335104928
285.5 0.9129977528540842
286.0 0.8824502104818841
286.5 1.471895685448094
287.0 0.6966943075929306
287.5 0.7450222961051232
288.0 0.7220614602697972
288.5 0.9444694048575277
289.0 0.44626996816793996
289.5 0.686791537397974
290.0 0.8276648770738644
290.5 0.8366009261344876
291.0 0.8635490868178453
291.5 0.8814195604201078
292.0 0.46019726114691534
292.5 0.6959465116848418
293.0 0.8268218685246871
293.5 0.7308754456718471
294.0 0.7813471038658167
294.5 0.9365006224209289
295.0 0.5888954560705171
295.5 0.5821221302817041
296.0 0.5712100738604347
296.5 0.8521231638607827
297.0 1.1610871491685122
297.5 0.8338074145917636
298.0 0.6565314423165141
298.5 0.6760888251648978
299.0 0.7164905422624723
299.5 0.9815469186480632
300.0 0.9900354339349839
300.5 0.8496756765411857
301.0 1.0928366430784768
301.5 0.4458239505359616
302.0 0.8828047553052243
302.5 0.9118088702049572
303.0 0.6888116251889101
303.5 1.046995690303485
304.0 0.5758473655105458
304.5 0.7420362768969959
305.0 0.9161131270532832
305.5 1.1005958539555156
306.0 0.7969260196621819
306.5 0.8281182369816191
307.0 0.8144975143923401
307.5 1.0089787037877698
308.0 1.2874321237573259
308.5 1.2971136055181016
309.0 0.3766579359925829
309.5 1.0027289485633217
310.0 0.7211472168216242
310.5 1.313922928154029
311.0 1.0535610221516811
311.5 0.7743827789598359
312.0 0.6348269902196615
312.5 0.6778691328984303
313.0 0.8240014317449893
313.5 1.1167507877245704
314.0 0.7523586211744375
314.5 0.6373265106101795
315.0 0.9082942775679161
315.5 0.7838544570270012
316.0 0.7847750203415917
316.5 1.1115728421098132
317.0 1.047503274651673
317.5 1.2213981628212618
318.0 0.9424854387930284
318.5 0.6944061240042454
319.0 0.8546925264043959
319.5 0.801145957598802
320.0 0.7104149758976335
320.5 0.4212704337363161
321.0 0.8161717190743514
321.5 0.7624930126095413
322.0 1.0636160866788746
322.5 0.7355386923692884
323.0 0.6010181304643124
323.5 0.4384198014119203
324.0 1.0365886127036976
324.5 1.087473303174564
325.0 0.8089415673344906
325.5 0.9609237775145851
326.0 0.9035322085916311
326.5 0.43268282843129274
327.0 0.8798924418206595
327.5 1.2144030663595777
328.0 0.5828997155985227
328.5 1.3374611446354319
329.0 1.0195043884619612
329.5 1.2252545596013569
330.0 1.2639010561709776
330.5 0.7242834280461596
331.0 0.6422851407830252
331.5 0.8901026540531796
332.0 0.9191332618284287
332.5 0.8970755320198136
333.0 0.5187220087841777
333.5 0.884714138700214
334.0 0.9076270210041932
334.5 0.5763390934081828
335.0 0.9901003360847109
335.5 0.6135278999762122
336.0 1.0635458911119504
336.5 0.8110644453926203
337.0 1.4783127031048908
337.5 0.9120283645832383
338.0 0.7066890511507833
338.5 0.8637803270574682
339.0 0.8073249229820063
339.5 1.356790946912551
340.0 1.1230446762018613
340.5 1.1563923853162592
341.0 0.8599936895568046
341.5 0.8019681380105759
342.0 0.7624931453698041
342.5 0.718952167482974
343.0 0.4438331340574964
343.5 0.4915143439655143
344.0 0.9853681183297904
344.5 1.2565705221349215
345.0 0.9971228175462634
345.5 1.1165889920147343
346.0 0.5399205096878208
346.5 0.8485570996235317
347.0 0.941909754720933
347.5 1.1212033991692845
348.0 0.966007067756695
348.5 0.8495726004758
349.0 0.8536574855218675
349.5 0.7536050081114678
350.0 0.7207217739212082
350.5 0.8572753027103437
351.0 0.692499456177496
351.5 0.8969749292453244
352.0 0.8508239858357443
352.5 0.7286900606326636
353.0 0.5914124863659064
353.5 0.8908342185286757
354.0 0.9873956520134108
354.5 0.7983490573008318
355.0 0.7483679570153821
355.5 1.1756317013047968
356.0 0.803688239130842
356.5 1.2925583013289228
357.0 0.9715022260087567
357.5 0.600174785551681
358.0 0.9088091351733056
358.5 0.3810228296322696
359.0 0.7711112788408927
359.5 1.1035487839872706
360.0 0.7523230272767112
360.5 1.2704901490234435
361.0 0.7720745571607122
361.5 1.1453179836295309
362.0 1.1252680047690282
362.5 0.8384577372344448
363.0 0.8114171154416443
363.5 1.448684190125169
364.0 0.5299023937195351
364.5 0.626472960477533
365.0 0.8144276120947169
365.5 1.0316530838770694
366.0 0.8874242739714109
366.5 0.5512486604946447
367.0 1.2092493677480525
367.5 0.7044053806746817
368.0 0.6165510163397196
368.5 0.7707117706520528
369.0 0.9292414824288246
369.5 0.6895633030676351
370.0 0.724644652249917
370.5 0.6697859525619241
371.0 0.4942717668829377
371.5 1.2483972025190837
372.0 0.7245999870702085
372.5 0.85159465373477
373.0 1.0526051335984534
373.5 1.1133431674971752
374.0 1.318641050571178
374.5 1.2784832592234183
375.0 1.225555317570687
375.5 0.6955819654971243
376.0 0.7699917653124873
376.5 0.7581726839043474
377.0 0.6254086331387165
377.5 0.6989974762511194
378.0 0.5867458403204632
378.5 0.3952809847635146
379.0 1.0070974561613109
379.5 0.658084651515767
380.0 0.8044507387948592
380.5 0.4432199920007413
381.0 0.5878775360106928
381.5 0.7911349386478375
382.0 0.6008351278982645
382.5 0.8302032383740987
383.0 0.7122016503620836
383.5 0.8340034888422518
384.0 1.0367718250228857
384.5 0.8856212274279112
385.0 0.8813416724901912
385.5 0.9463033372968312
386.0 0.7914075702398887
386.5 0.8965451840176768
387.0 0.8980893159782293
387.5 0.9647897892480416
388.0 1.0397872225196416
388.5 0.9862362616140685
389.0 0.9150013808146136
389.5 0.8960358432994628
390.0 0.4938221221545218
390.5 1.0052261634051565
391.0 1.0328345317312335
391.5 0.25499376906167676
392.0 0.8232606153812343
392.5 0.709654390151589
393.0 0.9021706098555999
393.5 0.5730932972405753
394.0 1.0279071889726061
394.5 0.9025611283461941
395.0 0.6495803313808257
395.5 0.6447042074422293
396.0 0.6920855291841969
396.5 0.8701277939145442
397.0 0.8112415094614431
397.5 0.7440264100685932
398.0 1.1716564182143414
398.5 1.1175475547591873
399.0 0.8807835632108715
399.5 0.7192409876526316
400.0 0.817466282427866
400.5 0.8755389563881385
401.0 1.332645374524439
401.5 0.8971572369050578
402.0 0.7273304063526259
402.5 0.6183834389765213
403.0 0.6483398871396528
403.5 0.6529509647657112
404.0 0.9563233414163501
404.5 1.1423536624573245
405.0 0.7300456524827319
405.5 1.1871005776843113
406.0 1.0881696065500277
406.5 0.9095672291897361
407.0 1.1480151106460532
407.5 1.2085119979287924
408.0 1.0807396971287977
408.5 0.9941947797509072
409.0 1.2276690572762536
409.5 0.6006090049877435
410.0 0.6363325382356984
410.5 0.7174051475191019
411.0 0.8990861550537164
411.5 0.8344452183114475
412.0 0.7872382585273198
412.5 1.0374624108085382
413.0 0.8601398470041441
413.5 0.8777989286111363
414.0 0.5146260027451863
414.5 0.7224005541768043
415.0 0.8431603259128153
415.5 0.931336965589102
416.0 0.6377883297399505
416.5 0.9458995015794844
417.0 0.5209818759020606
417.5 0.8516977548414668
418.0 0.6399999330351025
418.5 0.7555835587943842
419.0 0.5558913571729527
419.5 0.7169141053636894
420.0 1.2230699759581118
420.5 1.043578475504712
421.0 1.0679645797551642
421.5 0.9633914158795325
422.0 0.7712828935717189
422.5 0.638391417892159
423.0 1.1267380062071655
423.5 0.22229763361599558
424.0 1.2121538035265553
424.5 0.8214766313116095
425.0 0.6675663823391407
425.5 0.9231693671189574
426.0 0.8597569357396053
426.5 0.7047041538260981
427.0 1.023067990464133
427.5 0.3958277300703024
428.0 0.8929065545704018
428.5 1.4690665279972432
429.0 0.9546358082850774
429.5 0.7854572782327609
430.0 1.2211467971199281
430.5 1.1894426089306545
431.0 0.7891195413876277
431.5 0.8082019146327921
432.0 0.6543383941856529
432.5 1.0465405069812028
433.0 0.6778756250447711
433.5 0.8653764784040665
434.0 0.9509519961354225
434.5 0.769422158455058
435.0 0.6415286054284466
435.5 0.4525127815220764
436.0 0.8806048989037887
436.5 0.8562865966058784
437.0 0.9237286743142752
437.5 1.129725236428536
438.0 0.6990060337064081
438.5 0.7362676098354615
439.0 0.8775587912914931
439.5 0.5450213822222195
440.0 0.9519063592850301
440.5 0.8449524122035107
441.0 0.5390569057823278
441.5 0.5906802142365873
442.0 0.6583925955492502
442.5 0.7046350076830787
443.0 0.9586301098028507
443.5 0.9028331003133896
444.0 0.24915928528983483
444.5 0.9751491185504095
445.0 1.2588370152830877
445.5 0.7431866842012351
446.0 0.9827005371435811
446.5 0.21923500222604614
447.0 0.48251158647265696
447.5 0.6407833632408293
448.0 0.8337435724583987
448.5 1.1090511199023156
449.0 1.0847810023216813
449.5 1.2248579548721201
450.0 1.1337692907179582
450.5 1.371120793871891
451.0 0.7768125417511521
451.5 0.5390975929481399
452.0 0.8230705463053556
452.5 0.7741230606181781
453.0 0.8705795600350215
453.5 0.7636636750128702
454.0 1.3622134367898053
454.5 0.8185119249967382
455.0 0.7294412268732948
455.5 0.7371552492888649
456.0 0.8147779296136812
456.5 1.1141731176342755
457.0 0.6798583076272289
457.5 0.900055673959933
458.0 1.1230531758111657
458.5 1.234013212749957
459.0 0.7108220176582472
459.5 0.9800139150450256
460.0 0.8941525136156666
460.5 1.004394178800714
461.0 1.0143906291047318
461.5 1.0345083098876795
462.0 0.7935661964314806
462.5 0.9787519189363076
463.0 0.7280006370387949
463.5 0.700037265832651
464.0 0.7270707747619933
464.5 0.9491741041417385
465.0 0.42641616639562663
465.5 0.9929324879698909
466.0 1.1521442068904615
466.5 1.0557953150411645
467.0 0.8750783759179439
467.5 0.8487003573955643
468.0 0.8108642813445683
468.5 0.9002816013385502
469.0 0.816824381122335
469.5 0.711863383992948
470.0 1.1885168181779069
470.5 0.6676859431004161
471.0 0.9676756981676495
471.5 1.092830784991578
472.0 1.0643596058028881
472.5 0.9503848085411206
473.0 1.5509626959060785
473.5 0.5355164290450967
474.0 0.9285274848494655
474.5 1.3903779910355412
475.0 0.9089031528394058
475.5 0.556717900490548
476.0 0.6630021082583396
476.5 0.7728030227791016
477.0 0.42707364047474344
477.5 0.7464787867734437
478.0 0.936444333298097
478.5 0.7586210682980206
479.0 1.2360711399279234
479.5 0.8383870596425889
480.0 0.8609605739395163
480.5 1.0070153600802778
481.0 0.68592482153746
481.5 1.1489866460877516
482.0 0.899293146171384
482.5 0.41712427462338647
483.0 1.0425500381529418
483.5 0.7831216909874275
484.0 0.8446813191974292
484.5 0.7428207090021997
485.0 0.9371278038566904
485.5 0.9555912082283364
486.0 1.042281365320778
486.5 0.8624902160187202
487.0 0.66423481198803
487.5 0.9024105861208094
488.0 0.7239520181738841
488.5 1.309705693219344
489.0 1.2303798202366079
489.5 0.7519470204849987
490.0 0.9381919447593952
490.5 1.1631320963802125
491.0 0.6837697703161764
491.5 0.9620922605307975
492.0 1.0046701448326059
492.5 0.8454770853654614
493.0 0.5952401817616771
493.5 0.77768678802249
494.0 0.7318349674681716
494.5 0.5460171512527074
495.0 0.7719339852042424
495.5 0.6290489391063558
496.0 0.6311680856840585
496.5 1.367079742275905
497.0 0.5922666358688711
497.5 0.8191191380100828
498.0 0.709243637151268
498.5 0.7381020042790125
499.0 0.8083325748749227
499.5 0.5369743811887416
500.0 0.8425547588257498
500.5 0.7369108111654425
501.0 0.7768944066048127
501.5 0.9010851951620453
502.0 0.9888285640007004
502.5 0.9743909849838965
503.0 0.9885972166799546
503.5 0.8952684614053102
504.0 0.7394894744065468
504.5 0.7545353652059963
505.0 0.8422938051123304
505.5 0.9415465053230028
506.0 0.6180854938321498
506.5 0.4525221414782113
507.0 0.6020573237039502
507.5 0.8300316753959323
508.0 0.6111663214142926
508.5 0.590056804806
509.0 1.0648138585271227
509.5 0.7121824267919794
510.0 0.6499233217355995
510.5 0.6677390500259803
511.0 1.0520125646024234
511.5 0.7275115700078776
512.0 1.0833158029898453
512.5 0.7529104997330871
513.0 0.5395201161169344
513.5 0.93766987246378
514.0 0.8112418893143056
514.5 0.5709036994848464
515.0 0.8410907062658368
515.5 0.647271978668714
516.0 0.6009452254816803
516.5 1.073077635289899
517.0 1.1587298613120631
517.5 0.7243950261153277
518.0 0.8868635394520752
518.5 0.9931561446758745
519.0 1.164662048623058
519.5 0.9166196728135052
520.0 0.8105148342666539
520.5 0.6547789552724173
521.0 0.5469297392117518
521.5 0.8247892446910392
522.0 1.0300431244889676
522.5 0.4089246250259164
523.0 1.0923933878205971
523.5 0.8845731509545995
524.0 0.43347034522973676
524.5 1.093043395102145
525.0 0.729304680082984
525.5 0.4977420427961349
526.0 0.57234480519662
526.5 1.2701132523373038
527.0 0.8098411691920091
527.5 0.6802803109922795
528.0 0.6134162336678414
528.5 0.8897662644339694
529.0 0.5419859465490794
529.5 1.158345385843348
530.0 1.2358951336140216
530.5 0.6399154144055132
531.0 0.9491141192602808
531.5 1.1526075530372106
532.0 0.7237821800223916
532.5 0.7179150255851734
533.0 0.6483693164988524
533.5 1.4119273509430441
534.0 0.9266249572854524
534.5 0.909714278064446
535.0 1.426474588069624
535.5 0.7489353291963703
536.0 0.4911955800354138
536.5 1.298547487107093
537.0 1.1168420130136898
537.5 0.7648786261135891
538.0 1.1727572377318913
538.5 0.7685549354336292
539.0 0.864204625284319
539.5 0.7876254056468635
540.0 1.0339433337483726
540.5 0.928259672581172
541.0 0.43522370036974994
541.5 0.844857113475979
542.0 0.8854546207844012
542.5 0.4983650256121343
543.0 0.6552933193899572
543.5 0.7731729983174783
544.0 0.7564791028037905
544.5 0.7083079736403832
545.0 1.4446456356846638
545.5 0.8037581822895101
546.0 0.7976062574293282
546.5 0.9141968540845515
547.0 0.3602049457985786
547.5 1.0241757627339132
548.0 0.7714527609717681
548.5 0.9452563410669903
549.0 0.7306251878879675
549.5 0.9835325687133076
550.0 0.7317201409912479
550.5 0.8338911615585836
551.0 0.5195710753554303
551.5 0.4689042984301011
552.0 0.7539841395180178
552.5 1.1273962145132517
553.0 0.677935660202559
553.5 0.7394377456760688
554.0 0.5737340465982483
554.5 0.8977591193066594
555.0 0.886383657308127
555.5 1.1004673019394386
556.0 1.1775403513649638
556.5 0.7357789002154591
557.0 0.5056031564061407
557.5 1.2669768481371764
558.0 0.7827327239941704
558.5 0.7399546915298174
559.0 0.6937165619030747
559.5 0.6073583400831177
560.0 0.6882761058024391
560.5 0.6683432132746441
561.0 0.9231502828209821
561.5 0.8397261445627311
562.0 0.9168501835723546
562.5 0.5321750401687881
563.0 1.0952752156700483
563.5 0.7786310782249115
564.0 1.1556106822335106
564.5 0.7961919687172323
565.0 1.3095630482711738
565.5 0.5114041428630864
566.0 0.6526567650370239
566.5 1.0320019698500806
567.0 0.7002009308885633
567.5 0.8951708613649849
568.0 0.5610781366784228
568.5 0.6939337507344343
569.0 0.9029580276548161
569.5 0.9031828315857184
570.0 0.8111555765927361
570.5 0.8771260825310135
571.0 0.8207214943171999
571.5 1.2093266970903724
572.0 0.9364400699190463
572.5 0.8006470150693004
573.0 0.9197389191807572
573.5 0.9805001263473317
574.0 0.718860900998233
574.5 0.6583362438498037
575.0 0.87155886919032
575.5 0.7507599462295789
576.0 1.0029549753132603
576.5 0.7649348525580713
577.0 1.1427451552152335
577.5 0.6799070437853947
578.0 1.3582846955761196
578.5 0.8076576076123584
579.0 0.6905339152859751
579.5 1.0934931037424456
580.0 0.8567083276559513
580.5 0.6255741463052804
581.0 0.9758840193534699
581.5 1.2635811666273182
582.0 0.873341141581063
582.5 0.7853582618685062
583.0 0.874530704769096
583.5 0.6161422738241228
584.0 0.7212646078347038
584.5 0.9816525871615223
585.0 0.6906944343583066
585.5 0.8960505332693551
586.0 0.7470963139334836
586.5 0.8596983047175928
587.0 0.8323650257245871
587.5 0.6476606197537377
588.0 1.2652064667038678
588.5 0.6330799432031922
589.0 0.7217071419224386
589.5 0.7029157404556243
590.0 0.911294818593078
590.5 0.4839359512839761
591.0 0.6205485477538211
591.5 0.7053985507423526
592.0 0.4597703593758679
592.5 0.5432342714926909
593.0 0.9174823417100901
593.5 0.6316648080764378
594.0 0.8353365761220746
594.5 0.9485582837383704
595.0 0.45683061690099896
595.5 0.8227674161997195
596.0 0.6728759778796085
596.5 0.7112421660442156
597.0 0.9514972037262268
597.5 1.262020003099289
598.0 0.9449656369064718
598.5 0.6752441939885169
599.0 0.6929914970277271
599.5 0.9741019948492442
600.0 0.6366819150632799
600.5 0.5005286808975427
601.0 0.9510330194955565
601.5 1.105099993207184
602.0 1.1701068465350841
602.5 0.8437012950385554
603.0 0.5079079549205632
603.5 0.8950258506973428
604.0 0.6434415546474086
604.5 0.6503158057889846
605.0 0.7302784377471412
605.5 0.5621988331922607
606.0 1.2379205267972846
606.5 0.670968107992759
607.0 0.6193247724211313
607.5 0.5406450085699515
608.0 0.6522284174307773
608.5 1.1892257992190214
609.0 1.1068301026104816
609.5 0.5923480479596239
610.0 0.8247502429386855
610.5 0.8606907066617852
611.0 0.7654803965053238
611.5 1.2247758876771573
612.0 0.7278262522508512
612.5 0.8493929678082748
613.0 1.1718252414942085
613.5 0.679899793093788
614.0 1.0466792486186696
614.5 0.5082180806023018
615.0 0.9999651025665643
615.5 1.097139921460883
616.0 0.5200230673447737
616.5 0.9351648804732564
617.0 0.756191650295803
617.5 0.9084326142711432
618.0 0.7388219446991371
618.5 1.0243466702675272
619.0 1.0625289597776097
619.5 0.7444327288832389
620.0 0.8976494267375075
620.5 1.2552432381146204
621.0 0.7756399780374155
621.5 0.9207292978272528
622.0 0.8853468670929503
622.5 1.2100392411933432
623.0 0.9434290333898419
623.5 0.7993992823169136
624.0 0.9239065171470424
624.5 0.7978161346173067
625.0 0.8139486957663842
625.5 0.7863417727164466
626.0 0.9863919910982897
626.5 0.47258620916833544
627.0 1.0004534297214742
627.5 0.5816696983608509
628.0 0.8064258796247514
628.5 0.6734902673704108
629.0 0.6959435420197158
629.5 0.8939807289948616
630.0 0.8479597631379499
630.5 1.21588009766181
631.0 0.8658982873871166
631.5 0.6377870896766294
632.0 0.5716223847465802
632.5 0.622485489871468
633.0 0.8603903603437404
633.5 0.7427772307566831
634.0 0.5548574280824032
634.5 0.6897902881457041
635.0 0.7383918014982811
635.5 0.9931642577864326
636.0 1.1649398148150016
636.5 0.9686390368100724
637.0 0.8068331132627005
637.5 0.6605455131099657
638.0 0.806270251398041
638.5 0.7419815493287354
639.0 0.8593554830741037
639.5 0.89226864807357
640.0 0.7107250262444664
640.5 0.9273902837878005
641.0 0.9660057318961517
641.5 0.7868805516688223
642.0 0.8671875475082818
642.5 0.8800191495732141
643.0 0.9811650783237742
643.5 0.8607017529118315
644.0 0.932420322838577
644.5 0.6027610903006992
645.0 0.9385189615901317
645.5 0.700344186498405
646.0 0.7796589757586441
646.5 0.8139802483959895
647.0 0.609803042355151
647.5 0.7423620771609684
648.0 0.8530705375682637
648.5 0.8170230947676065
649.0 0.952344479064754
649.5 1.203604813737227
650.0 0.9671145003206165
650.5 0.631475219329941
651.0 0.640974032961987
651.5 0.6484470606209007
652.0 0.7988530560645932
652.5 0.8274079479334453
653.0 0.681280110839432
653.5 0.7981978810925889
654.0 0.7680845912215855
654.5 0.9258117143664857
655.0 1.1547441206518825
655.5 0.7708955740532386
656.0 0.7411499938596358
656.5 0.7495381500170262
657.0 0.6398302263150106
657.5 0.6781771752293232
658.0 0.6595870434956816
658.5 0.9499840182915298
659.0 0.40965184495403767
659.5 0.8220598170354796
660.0 0.7902016262777178
660.5 0.6675236514222094
661.0 0.6778032963457735
661.5 0.876387401291709
662.0 0.739571637302505
662.5 0.9040157492680061
663.0 0.6492249917286552
663.5 0.7124752958240204
664.0 0.871457638228371
664.5 0.8755722893387896
665.0 0.733831538600267
665.5 0.5342214684899982
666.0 0.6267665387206565
666.5 1.1865995860899519
667.0 0.7785647460845467
667.5 0.8713968699965231
668.0 1.0850921185973714
668.5 0.8731952290260594
669.0 0.6651227141778697
669.5 0.9840142594840813
670.0 0.9890469545182647
670.5 0.6874491759211987
671.0 0.9057380979527344
671.5 0.49603717856076823
672.0 0.640854421428872
672.5 0.7677178216441383
673.0 1.0482126661492839
673.5 0.7813184185516431
674.0 0.8518149176512044
674.5 0.7959780946785837
675.0 0.5478408649913156
675.5 1.2241152570797686
676.0 1.0533315241841477
676.5 0.937348346671903
677.0 0.8179982932140726
677.5 0.8172277095350358
678.0 1.1999703481719133
678.5 0.8561819722766382
679.0 0.821398940811136
679.5 1.0896079550241349
680.0 0.8211710488540656
680.5 0.9960319998522291
681.0 0.70702263779167
681.5 0.7170765645481043
682.0 0.7710784778769242
682.5 1.142851003957364
683.0 0.9462326219098056
683.5 0.4302113145148386
684.0 1.0235889478750304
684.5 1.1964552520942442
685.0 0.7408758051454352
685.5 1.3194289598823128
686.0 0.5482499453582539
686.5 0.8282941135151601
687.0 0.40409174506422024
687.5 0.8299904246962879
688.0 0.8139649644320566
688.5 1.221312380087245
689.0 0.8115806074630365
689.5 1.186672138283917
690.0 0.8540603642325737
690.5 0.3998539270626304
691.0 0.5531908300736366
691.5 0.7691519565902811
692.0 0.5222938744835783
692.5 0.6120139460843961
693.0 0.8412503878875797
693.5 0.6119513876844155
694.0 0.7710194180604721
694.5 0.5747104053325558
695.0 0.5490543641172151
695.5 1.0741152393303934
696.0 0.6233951211553286
696.5 0.6277631535868677
697.0 0.8169991268559678
697.5 0.8395015531579095
698.0 0.9838389330389519
698.5 0.5382561834569626
699.0 0.7850467708769197
699.5 0.8807740280662886
700.0 0.7133682373197401
700.5 0.49895139580548153
701.0 0.5379535527332198
701.5 0.911607438709783
702.0 0.745557454963675
702.5 0.6607035178998076
703.0 0.9292049699775096
703.5 0.5058241173756641
704.0 0.9176206103114184
704.5 0.5721004319120424
705.0 0.7804456933306454
705.5 1.1865602974440668
706.0 0.6679328089003793
706.5 0.8865020375766042
707.0 0.8761755826090794
707.5 0.7451228626878605
708.0 0.955098288777074
708.5 0.9760799288193529
709.0 0.8492281531600208
709.5 0.8553736328544845
710.0 1.1219607312898199
710.5 1.0718779304987207
711.0 0.8737089938499916
711.5 0.7218284474143177
712.0 1.0572105745578133
712.5 1.2844383703086197
713.0 0.7662232204819581
713.5 0.6157822696575095
714.0 0.49944152362018795
714.5 0.510141840960775
715.0 0.7907082091948914
715.5 0.7882183248456807
716.0 0.8119215431890294
716.5 0.7900436790695704
717.0 0.937632243095005
717.5 0.6757348131488639
718.0 0.7101742643260607
718.5 0.9411756294885478
719.0 1.2167294407932288
719.5 0.49800723344708886
720.0 0.8279375205632407
720.5 0.792505666155034
721.0 0.6229359253679532
721.5 0.748450593001476
722.0 0.6649852886247307
722.5 1.105424498685502
723.0 1.3773596410106845
723.5 0.7795205067589293
724.0 0.6049200419688415
724.5 0.5412261110940351
725.0 0.8582966601688016
725.5 0.7283192995471226
726.0 0.8624883750716197
726.5 0.8040037626934144
727.0 0.5870600289651993
727.5 0.4627352979082072
728.0 0.7678875895605961
728.5 0.8738022065955924
729.0 0.8049095216929761
729.5 0.6506504906727064
730.0 1.0144595057934798
730.5 0.69980993288465
731.0 0.9600183825002118
731.5 1.2301381915223082
732.0 0.8518910478499423
732.5 0.7679001470476989
733.0 0.707173439219525
733.5 0.9012410740142851
734.0 1.242271861206915
734.5 1.317604201919949
735.0 0.5657529323341789
735.5 0.9132438538144296
736.0 0.958530220807055
736.5 0.5642400683542825
737.0 0.9417022093766554
737.5 0.8711471154743584
738.0 0.7044511447195874
738.5 0.7747348503867514
739.0 0.7323275958318574
739.5 0.9470271077567922
740.0 0.7928768446838321
740.5 0.7897654436964348
741.0 0.8149559706322895
741.5 0.9669637314388735
742.0 1.1610680719718884
742.5 0.7591879979938121
743.0 0.5676503208903783
743.5 0.6111508377404445
744.0 0.8669128960736365
744.5 0.5979178985852942
745.0 0.8138538319220578
745.5 0.548756071860159
746.0 0.9918216849067585
746.5 1.1424951618796897
747.0 0.9593575901016314
747.5 0.8791488581497879
748.0 0.8397885196186579
748.5 0.8416758981929333
749.0 1.0331440134988132
749.5 0.9438027160873041
750.0 0.7959727982843581
750.5 0.9602711624639453
751.0 0.863091043508325
751.5 0.8190813272291735
752.0 1.0994106348554362
752.5 1.0131773778741169
753.0 0.6258079666925682
753.5 0.9005878683710182
754.0 0.6210064623063786
754.5 1.1358468778498931
755.0 0.9188081581815213
755.5 0.7893495131368726
756.0 0.818308232629988
756.5 0.7334848191268355
757.0 0.7672701838385945
757.5 0.6307039148145039
758.0 0.42497694708835054
758.5 0.7513852593538327
759.0 0.6387706475845065
759.5 0.7999139766632034
760.0 0.46042359618086554
760.5 0.5658779647218006
761.0 0.7717672735723922
761.5 1.2378426790090085
762.0 0.6471244750461036
762.5 0.6357868737844726
763.0 1.0329350198100153
763.5 1.1996858329446134
764.0 0.5401901733134087
764.5 0.8637040301224508
765.0 1.1489873835557505
765.5 0.6119863907194831
766.0 0.9239638516563253
766.5 0.865602446337328
767.0 0.8042243210223139
767.5 0.7954109556973126
768.0 0.8762858229362576
768.5 1.2103188223855863
769.0 0.9016459965035797
769.5 0.6197403183422834
770.0 0.8830140210003156
770.5 0.6462244169558908
771.0 0.5319283969311239
771.5 0.919776964913129
772.0 0.8940308939114172
772.5 0.8595297387861087
773.0 0.8766511131790116
773.5 1.0211207170699426
774.0 0.9112190205362474
774.5 0.7370372284170781
775.0 0.7166968888129106
775.5 0.829047236442246
776.0 0.2965451632924579
776.5 0.9071068615441404
777.0 1.1335699150355647
777.5 0.6747538663372666
778.0 1.2530406593403693
778.5 0.9606685142612008
779.0 0.9402378899828856
779.5 1.3734268035113935
780.0 0.7508363369838869
780.5 0.7845409659493621
781.0 1.1856142577337696
781.5 0.8359425302718291
782.0 0.6722385081714037
782.5 0.8054129724980053
783.0 0.8816554190933239
783.5 0.888396082222443
784.0 0.8085564873160564
784.5 0.8023379713436498
785.0 0.7691249832069833
785.5 1.620120010674625
786.0 1.053977795278593
786.5 1.3975432398602725
787.0 1.1270640446628941
787.5 0.8782120233850481
788.0 0.6063949138507178
788.5 1.1544745868941364
789.0 1.2072732852148573
789.5 1.0031234447698132
790.0 0.7262271657827013
790.5 0.663960335339131
791.0 0.8624481308050549
791.5 1.0104932877763657
792.0 0.9063735431028754
792.5 0.9157164480841254
793.0 0.7484156284962886
793.5 1.1314774263320846
794.0 0.8190486293785878
794.5 0.7200386296977215
795.0 0.9205156231775333
795.5 0.8448615401899169
796.0 0.509657853273005
796.5 0.747384761238443
797.0 0.8093253227169579
797.5 0.8300731952349572
798.0 0.5423558169146574
798.5 0.5305181330539522
799.0 1.4389053896744943
799.5 0.2695541173216412
800.0 0.9668583809684177
800.5 1.2764572365740776
801.0 0.5872421061300029
801.5 0.8325989225560468
802.0 0.9671339536995829
802.5 0.9399186150961432
803.0 0.6629292377595399
803.5 1.0141575158521512
804.0 0.7918788126913716
804.5 0.6047036628512416
805.0 1.0506184580220068
805.5 0.3769517471411114
806.0 0.7372535748258913
806.5 0.8217783127063674
807.0 0.8816502118057177
807.5 0.8060233533504844
808.0 1.2223703263870278
808.5 1.0300402779487017
809.0 0.7136368827374786
809.5 0.6678709520407193
810.0 0.7139920984860102
810.5 1.0210158123439712
811.0 0.5302771398021546
811.5 0.7852468774912087
812.0 0.7540165905994882
812.5 0.9230507551898011
813.0 0.8586187708901056
813.5 0.7899735366990079
814.0 0.9849363995573461
814.5 0.9119337524587139
815.0 1.1360390033620644
815.5 0.7220950153039448
816.0 0.851910775371812
816.5 0.7228440230505768
817.0 0.7026259387463303
817.5 0.5282940148751221
818.0 0.6339973787881855
818.5 1.1961431289764053
819.0 1.1586399611483544
819.5 0.6969351987672301
820.0 0.5756557266256254
820.5 1.041637811701943
821.0 1.0550467753930157
821.5 1.5638208578228376
822.0 0.9008594445134404
822.5 1.2211410848289836
823.0 0.6500919167765067
823.5 0.5582182268141453
824.0 0.9453918464614202
824.5 0.8734178486861017
825.0 0.5882066288627417
825.5 0.9789231381715815
826.0 0.9084822958415735
826.5 0.9356071824037893
827.0 0.7284579487042623
827.5 0.7900135083269049
828.0 0.6582930013050288
828.5 1.1296083798369274
829.0 0.5497780044772544
829.5 0.2988809599674777
830.0 0.7644944720718264
830.5 0.9098376202804672
831.0 0.8232252423374871
831.5 0.9593771084842837
832.0 0.31454538227982404
832.5 1.0147379671733991
833.0 0.583296107070125
833.5 1.2859859057837837
834.0 1.2184335127473618
834.5 0.8692903172429405
835.0 0.7725475264976018
835.5 0.865331607207372
836.0 1.006769602826914
836.5 1.3461195011973248
837.0 0.6822241947757324
837.5 0.8282690776302328
838.0 0.6947048208198303
838.5 0.7289774582886686
839.0 1.0941067957391768
839.5 0.6148192456836443
840.0 1.2077401227482363
840.5 1.1143022030514587
841.0 0.37935864508722345
841.5 0.47790477681044136
842.0 0.8906161808136208
842.5 0.6604522891390265
843.0 0.9981228696104412
843.5 0.9309439002685462
844.0 1.4957784099108544
844.5 0.8292187158147015
845.0 0.8271721479748504
845.5 0.903466500134058
846.0 0.6070955214666152
846.5 0.7023553125402211
847.0 0.7935157787757168
847.5 0.7950462116031574
848.0 1.4036004105960853
848.5 1.056368676598414
849.0 0.9288145211498859
849.5 0.5581220748398266
850.0 0.9782153162428446
850.5 0.7656354542168311
851.0 0.8244080947081784
851.5 1.0702729806248816
852.0 0.9428614293655986
852.5 0.8061205324954663
853.0 1.2978794516122114
853.5 0.818194948848519
854.0 0.6361097790232391
854.5 0.5827905722618311
855.0 1.1763409361966262
855.5 0.9999217990970277
856.0 0.5287077077718307
856.5 0.7473625974731773
857.0 0.4108355056942592
857.5 0.9539445309143992
858.0 0.7103101017587525
858.5 1.2386912034869006
859.0 1.076406541832749
859.5 0.6925855221096466
860.0 0.7092751171054942
860.5 1.6426423681017657
861.0 0.7912787108659078
861.5 0.7365330606393741
862.0 0.7610860204372398
862.5 1.3094222016092307
863.0 0.8333171984091186
863.5 0.5428783518034809
864.0 0.6759675936137396
864.5 0.6794629829345357
865.0 1.0167308925145544
865.5 0.6934400234378808
866.0 0.7663458136662418
866.5 0.5176730777532084
867.0 0.6136947312026536
867.5 0.8931280738975189
868.0 0.9869679294809865
868.5 0.9162780250226148
869.0 0.6260620520222642
869.5 0.6959477508118317
870.0 0.5963199532360957
870.5 0.4760767897404983
871.0 0.786023196856424
871.5 0.686839669182584
872.0 0.32658338575539797
872.5 0.8499343637581727
873.0 0.7009045940253958
873.5 0.7189158873446482
874.0 0.7624772583244532
874.5 0.801719525716396
875.0 0.616422863689963
875.5 1.176525036836545
876.0 0.948176352741352
876.5 1.1159279099367292
877.0 0.8395790599368342
877.5 0.671583989723347
878.0 0.9046833476094267
878.5 0.8821559189333277
879.0 1.1001230648206817
879.5 0.668591332834306
880.0 1.0639091784016987
880.5 0.8948688953475896
881.0 0.5697909223940407
881.5 0.9323066190630713
882.0 0.7127464280145779
882.5 0.5564634578160117
883.0 0.7939569203308776
883.5 1.077660816448705
884.0 0.5252419168101101
884.5 0.6066417679723392
885.0 0.6421662109549806
885.5 1.4567994221440024
886.0 0.6089297231724233
886.5 0.7442800760425081
887.0 1.0236508175933556
887.5 1.0710689838008576
888.0 0.8031469166186682
888.5 0.7864181065013802
889.0 0.7753949494086055
889.5 1.220898448770515
890.0 0.6870242951118435
890.5 1.2053189664169264
891.0 0.7288768794503062
891.5 0.941056146519244
892.0 0.8082336214377427
892.5 0.8393146635456725
893.0 0.8869753973039791
893.5 0.7539953701260953
894.0 0.8622863062805544
894.5 0.5026836222303109
895.0 0.7654745591553742
895.5 1.2180288533987425
896.0 0.7950746163421498
896.5 0.9808380497468141
897.0 0.7487176660745214
897.5 0.7777712132590748
898.0 0.8141221482010919
898.5 1.2755514224680646
899.0 0.7907179758324838
899.5 0.907408124189971
900.0 1.0557611647299725
900.5 0.7602696414966101
901.0 1.1803066889215565
901.5 0.8192294537109812
902.0 0.7787745512405482
902.5 0.7777463216829872
903.0 1.0729962274638158
903.5 0.9458921332024197
904.0 1.1146267464748785
904.5 0.8877351580450177
905.0 1.015365360725104
905.5 0.7772374342987793
906.0 0.9252099788970083
906.5 0.9809630036742067
907.0 0.7008409018605699
907.5 1.3862928868979045
908.0 0.5996031686547432
908.5 0.9319069126617932
909.0 0.906808763914873
909.5 1.0623812469368832
910.0 1.1795240210052809
910.5 0.7921437129159233
911.0 0.7794790011650274
911.5 0.5589872017513917
912.0 0.743234338422623
912.5 1.3909131310553489
913.0 0.7744491171625141
913.5 0.6612563569755721
914.0 0.6909532280633488
914.5 0.685283746109715
915.0 1.096315715821004
915.5 0.962180866094835
916.0 0.9092850073885832
916.5 0.939042483695715
917.0 1.0007447360602286
917.5 0.8982900418336837
918.0 1.1236612214108457
918.5 1.088025291451829
919.0 0.7457808232393766
919.5 0.5612238997018206
920.0 0.7481059338315721
920.5 0.918274429148396
921.0 1.0433533588464312
921.5 0.7793089795886468
922.0 0.868344478659842
922.5 0.6403540729467391
923.0 0.6247175447257529
923.5 1.0595272619918825
924.0 0.8494969913139283
924.5 0.9610084152509755
925.0 0.648735373370116
925.5 1.10103156093548
926.0 0.638372718170985
926.5 0.5671093063113166
927.0 0.8316243357010971
927.5 0.6894572829095278
928.0 0.7705672029591426
928.5 0.6375881032589295
929.0 0.7308993253209868
929.5 0.9355773958448845
930.0 0.7501140999310333
930.5 1.1020884454619289
931.0 0.5050922543573614
931.5 0.8862499451268278
932.0 1.0880836394055093
932.5 1.2534897875574949
933.0 0.5885676523774215
933.5 0.5305035383561576
934.0 0.9123171695959205
934.5 1.145974568738819
935.0 1.0868633983871434
935.5 1.0249298093867019
936.0 0.7739791869553401
936.5 1.2646757474377779
937.0 1.246862616238684
937.5 0.7392285522020511
938.0 1.2013321749487615
938.5 0.5851383884256991
939.0 1.2582274022315192
939.5 0.9485230096870354
940.0 0.8509878037129066
940.5 0.31590262569647937
941.0 0.7484452531453336
941.5 1.0274552739149219
942.0 1.0696639839919793
942.5 0.4512308162647174
943.0 0.6584119467242109
943.5 0.9461175666109449
944.0 0.6939030808395912
944.5 0.9873146593324296
945.0 0.8109520771336576
945.5 1.36264679166339
946.0 0.8877793096306033
946.5 0.8152546656189307
947.0 0.9769771640995137
947.5 0.9927840376622574
948.0 1.0627903272363541
948.5 1.105558935633886
949.0 0.4841962698327418
949.5 0.8161291482922439
950.0 0.4747647417649765
950.5 0.7060409730970183
951.0 0.6930421930291697
951.5 0.6297198873605312
952.0 0.7518566193972023
952.5 0.9259709397359253
953.0 0.7511951976064601
953.5 0.8422473929935257
954.0 0.7398880444859943
954.5 1.3156277781337111
955.0 0.6953046751540146
955.5 0.9077475340976611
956.0 0.6652771973166542
956.5 0.7973419658324219
957.0 1.216737439918897
957.5 0.8175497446261037
958.0 0.6882145281891212
958.5 0.678675442108414
959.0 0.8316062846621177
959.5 1.0375885602628203
960.0 0.9038586218048403
960.5 0.90204445878539
961.0 0.9626431877991701
961.5 0.9583778977619244
962.0 0.7417505666186015
962.5 0.38820349314869246
963.0 0.7330823428558324
963.5 0.9783633858911909
964.0 0.606530077107393
964.5 0.7425639925661718
965.0 0.6675632222231284
965.5 1.1685312046243026
966.0 0.7848394988476117
966.5 0.8460110975764914
967.0 0.9251290641281711
967.5 1.2025979097878796
968.0 0.6239649357751018
968.5 0.8658014317899396
969.0 1.2782241395472633
969.5 0.6108052013460339
970.0 0.8799925349105753
970.5 0.5905224013509939
971.0 0.8077448736455166
971.5 0.6041522724439511
972.0 1.0896406912402319
972.5 0.9573807055628951
973.0 0.83410273868383
973.5 1.0666554130274222
974.0 0.8306402024409965
974.5 0.4164291198204003
975.0 1.1520292667142469
975.5 0.9405353091612623
976.0 0.5926548421421147
976.5 0.7828337796663717
977.0 0.7870070810308305
977.5 0.9852638966097973
978.0 0.48358361412701206
978.5 0.8333977821314285
979.0 1.1453184225170814
979.5 0.873618184878326
980.0 1.2160219059102015
980.5 0.7772914442297243
981.0 1.5604112859572985
981.5 0.7928561977296174
982.0 0.479086827211229
982.5 0.9643340816883093
983.0 0.5966487432040832
983.5 0.6809076172717439
984.0 0.9527009962047117
984.5 1.1856594065584265
985.0 0.876859502388013
985.5 0.6856800006304006
986.0 1.1029131433974717
986.5 0.8214499164865656
987.0 0.6587688205115032
987.5 0.5564826845302805
988.0 0.5046255620791835
988.5 0.9830859078137217
989.0 0.6426082673036562
989.5 0.5798656163285942
990.0 0.9183121421251312
990.5 0.5049215153966458
991.0 1.2667220598738695
991.5 0.6669996651982975
992.0 1.2009153317863732
992.5 1.0124558148719172
993.0 0.7454588708299574
993.5 0.7914296400928609
994.0 0.8437070565330023
994.5 0.8565970248088131
995.0 0.6842013036013579
995.5 1.042846241982877
996.0 0.7359185272045453
996.5 1.2601970838095082
997.0 0.7810557330948873
997.5 0.7549714636026148
998.0 1.0680447111094258
998.5 0.9794320025274932
999.0 1.0121636535097824
999.5 1.2721316307630532
1000.0 0.6842192822599031
1000.5 1.4061141452744723
1001.0 1.4471469042643867
1001.5 0.4123180485776527
1002.0 1.009089591332628
1002.5 0.8639380007607456
1003.0 1.1169446968596781
1003.5 0.7206347502187223
1004.0 0.8220693628042073
1004.5 1.1853355844714133
1005.0 0.9358744198761639
1005.5 1.475895527221522
1006.0 0.9098197970606448
1006.5 0.9359942778403991
1007.0 0.9712125301377548
1007.5 0.8438028321719371
1008.0 1.2596853568873552
1008.5 1.2375606418371867
1009.0 0.6084462029228921
1009.5 1.1552386502076721
1010.0 1.258523871888637
1010.5 0.6326333249029706
1011.0 1.031869693353955
1011.5 0.8672079489691868
1012.0 0.5113679258056084
1012.5 0.684993686135483
1013.0 0.8598383012084665
1013.5 0.9602409096405362
1014.0 0.6672725975912548
1014.5 0.9081163406972117
1015.0 0.7012959150853724
1015.5 0.8953755508902315
1016.0 0.7878169179113335
1016.5 0.9009219016473375
1017.0 0.627881091653713
1017.5 0.8320181979043417
1018.0 0.9128385241083672
1018.5 1.0576564395096206
1019.0 0.6327118049491033
1019.5 1.0743963351753554
1020.0 0.6480930678419042
1020.5 0.9605446065716545
1021.0 0.7303065841603418
1021.5 0.831666353884589
1022.0 1.0372037659539002
1022.5 0.8568078488491726
1023.0 0.878123799559557
1023.5 0.6364581326568726
1024.0 0.5050864699799104
1024.5 0.6925360815282244
1025.0 0.9861286773785267
1025.5 0.8861045312746791
1026.0 0.42543746623243034
1026.5 1.2457465808871353
1027.0 0.9039748606384526
1027.5 0.7653862819220221
1028.0 0.6436721337833203
1028.5 1.0077624385239496
1029.0 1.6759973163055732
1029.5 1.1890137067911544
1030.0 1.450758765192141
1030.5 1.353416051988909
1031.0 1.2966024798108398
1031.5 0.8606086313539771
1032.0 1.0795353344002987
1032.5 0.996793785967041
1033.0 0.7068352726044618
1033.5 1.0661199996211472
1034.0 0.6584298706259051
1034.5 0.8513441237450592
1035.0 0.9254659888708154
1035.5 0.3140992793651372
1036.0 0.990852267792977
1036.5 0.6228805780017259
1037.0 0.8410101726797815
1037.5 0.5878431794382304
1038.0 0.42850162888971244
1038.5 1.1090636263815905
1039.0 1.1339666459769002
1039.5 0.7928345132322067
1040.0 0.3121526465028624
1040.5 0.9598135855866445
1041.0 1.0022351375497989
1041.5 0.9559226414970353
1042.0 0.8795853858115672
1042.5 0.7098853180661508
1043.0 0.7373726973354158
1043.5 1.0989806812433462
1044.0 0.7044108075873179
1044.5 0.8356888020190514
1045.0 0.7922574326722811
1045.5 0.8101952057859747
1046.0 0.5290169836701799
1046.5 0.6938410033252888
1047.0 0.7027394974425942
1047.5 0.8626526248802038
1048.0 1.0558739726837767
1048.5 0.6238757936433061
1049.0 1.0880241966926867
1049.5 0.7970734645479973
1050.0 1.113987784863
1050.5 1.0994918563176006
1051.0 1.089289969208539
1051.5 0.8504446275161157
1052.0 0.49175486700319787
1052.5 1.0107488489941259
1053.0 1.1930177595607327
1053.5 0.9090239565333038
1054.0 1.041744355377942
1054.5 0.8387479440465253
1055.0 0.8365844998224146
1055.5 0.7304819990973146
1056.0 1.0766906327041013
1056.5 0.7933765997681015
1057.0 1.1375199809287875
1057.5 0.5071157417683929
1058.0 0.8342419203733629
1058.5 0.4113684385816842
1059.0 0.9299120341250267
1059.5 0.9635549840802407
1060.0 0.6993799496221298
1060.5 0.6000945520352239
1061.0 1.059491097604436
1061.5 0.4820838221500668
1062.0 1.0138979813510567
1062.5 0.5846138706273918
1063.0 0.7112514822450233
1063.5 0.70234552459769
1064.0 0.6877324260589461
1064.5 0.9210653372469486
1065.0 0.680524294694079
1065.5 0.33108827728578666
1066.0 0.5192903032933303
1066.5 0.5363187435669887
1067.0 0.6456889881601311
1067.5 0.7231187736712354
1068.0 1.0140588151485996
1068.5 0.6446763533661046
1069.0 0.8036498700135526
1069.5 1.0184650081514122
1070.0 0.9507231327332544
1070.5 0.7263499178622684
1071.0 0.5464457552192965
1071.5 0.5707580093599174
1072.0 0.5655735251628649
1072.5 0.6337136588091374
1073.0 0.4013607537931924
1073.5 0.6689136263079843
1074.0 1.0916081376185875
1074.5 1.1293094397685686
1075.0 0.5727223487853293
1075.5 1.129279681120023
1076.0 0.6978245366699825
1076.5 0.7233669399964877
1077.0 0.8740810822077603
1077.5 0.7687464377653448
1078.0 0.6029749902350667
1078.5 1.0318370840056181
1079.0 0.9057093845111368
1079.5 0.8407911608653065
1080.0 0.8300148426548734
1080.5 0.8792931093802479
1081.0 0.5554938919902239
1081.5 0.8864895147405396
1082.0 1.0994549305158428
1082.5 0.5818637650942105
1083.0 0.6647608076528171
1083.5 0.7179103672582843
1084.0 0.7315664738127947
1084.5 1.1318853086742877
1085.0 1.21711546296554
1085.5 0.6939488395681528
1086.0 0.6812922133685497
1086.5 1.191239861306946
1087.0 0.7252456327811492
1087.5 0.3567506504940987
1088.0 0.8984106949740687
1088.5 0.6953444694295724
1089.0 0.6309284096805721
1089.5 0.9849709219633984
1090.0 0.7919328158614736
1090.5 0.8711417741423055
1091.0 0.8567396511285004
1091.5 0.8349066116408541
1092.0 1.0405412641253142
1092.5 0.7799037901323083
1093.0 0.28789280821404156
1093.5 0.7838725228904871
1094.0 0.9497410065841618
1094.5 1.0365424977253082
1095.0 1.1406837291930372
1095.5 0.51841966797333
1096.0 0.9832461407513935
1096.5 1.023764105444226
1097.0 0.8242422117164683
1097.5 0.8983557712421961
1098.0 0.7899168296065224
1098.5 1.121545827704236
1099.0 0.981850100956992
1099.5 0.5672444410913453
1100.0 0.4205766971200649
1100.5 0.6250818562884197
1101.0 0.8187630498417307
1101.5 1.1192866452572447
1102.0 0.7362434562248195
1102.5 0.9551316434955244
1103.0 1.2378294302178094
1103.5 0.7661515975114339
1104.0 1.3080673883686587
1104.5 0.6599879730676869
1105.0 0.8011884363828394
1105.5 0.7763443116395189
1106.0 0.71543960573926
1106.5 1.0891976392786686
1107.0 0.7494019060725887
1107.5 0.8582086809584764
1108.0 0.7947017670207432
1108.5 0.5095090250197705
1109.0 0.6123330855981624
1109.5 0.7256545119693352
1110.0 0.5822920844597321
1110.5 1.1250643906125215
1111.0 1.23423190269118
1111.5 0.8453474667002152
1112.0 0.5171140330488764
1112.5 0.3317356970081154
1113.0 0.5672510567998406
1113.5 1.1823072662266467
1114.0 0.7008466382280243
1114.5 0.9815538572332867
1115.0 0.6463567008979889
1115.5 0.9936113284020363
1116.0 0.7876557406030846
1116.5 0.9608889786793036
1117.0 0.9530809916739824
1117.5 1.3539695460022523
1118.0 0.9443469661968256
1118.5 0.7642973673250535
1119.0 0.7156995802184554
1119.5 1.0282138139108015
1120.0 0.6071629856829164
1120.5 0.7286418029455803
1121.0 1.0173933749701445
1121.5 0.9887239587975301
1122.0 0.8534294802821607
1122.5 0.7631372193344772
1123.0 0.8809943976272336
1123.5 0.9052030551263168
1124.0 0.6710408497483396
1124.5 0.5256684229072148
1125.0 0.6271084561694236
1125.5 0.7059369855967907
1126.0 0.8250363000155332
1126.5 0.667737965921345
1127.0 1.2490373283904204
1127.5 0.8990122067604591
1128.0 0.7317152143568149
1128.5 0.5606070161637946
1129.0 0.7344533095967685
1129.5 0.6287355449632468
1130.0 0.8191333906966247
1130.5 1.0204054854542035
1131.0 0.68027052980981
1131.5 0.8157665607992217
1132.0 0.7160743016243816
1132.5 1.1452324244987668
1133.0 1.0036313874012057
1133.5 0.8257873288608586
1134.0 0.693525336023241
1134.5 1.0483284600769271
1135.0 0.8125311166395545
1135.5 0.7773214840042311
1136.0 0.6139811365849905
1136.5 0.7343666260667853
1137.0 0.878283052576657
1137.5 0.7268770762554837
1138.0 0.910627143628133
1138.5 1.0275494465926702
1139.0 0.7526866824689
1139.5 1.0509241206917965
1140.0 0.7395510893587258
1140.5 1.0119318326650029
1141.0 0.8023546413037064
1141.5 0.548157746908001
1142.0 0.6669323505766771
1142.5 0.7760435120773814
1143.0 0.6580608496828504
1143.5 1.1445609312489984
1144.0 0.9027408965678612
1144.5 0.9084680894753507
1145.0 0.7186437721281984
1145.5 0.9286015259644562
1146.0 1.0545426233513828
1146.5 0.8809910333104753
1147.0 0.7512534581546488
1147.5 0.5269695996149311
1148.0 0.875065214323359
1148.5 0.9954530097440797
1149.0 0.9758296411723597
1149.5 0.8184186589487792
1150.0 0.4727252699029363
1150.5 0.9183157682759926
1151.0 0.9716965630538337
1151.5 0.6502265048984786
1152.0 0.7126580966145359
1152.5 1.3490597102477062
1153.0 0.9282889335630002
1153.5 0.492643245599158
1154.0 1.0100220041268622
1154.5 0.560963633977055
1155.0 0.9433816441102378
1155.5 0.9316472283664581
1156.0 0.9859085069831579
1156.5 0.9597106440704506
1157.0 0.7749965640555359
1157.5 0.7190721396801392
1158.0 1.4644621424497304
1158.5 0.6300505601167312
1159.0 0.796837349415918
1159.5 0.821560356709673
1160.0 0.8034866379449437
1160.5 0.633109210496327
1161.0 1.004289725006247
1161.5 0.7843514253412782
1162.0 0.7813758979227223
1162.5 0.7826617982582078
1163.0 1.1773580384910034
1163.5 0.7557422329043754
1164.0 0.7262708668786143
1164.5 0.7471488832754739
1165.0 1.0589485028254821
1165.5 0.8658422974966904
1166.0 0.7122785614256208
1166.5 0.889394268308654
1167.0 1.431288239369535
1167.5 1.0786159400031883
1168.0 0.8707372895630829
1168.5 0.9514459533041795
1169.0 0.9111476660154127
1169.5 0.6884946385561586
1170.0 1.0331780491342255
1170.5 0.9155687273745605
1171.0 1.1729632408211017
1171.5 1.049478836233223
1172.0 0.6237729094582767
1172.5 0.7763968084072418
1173.0 1.2742193324312945
1173.5 1.1191264134564145
1174.0 0.6564285386923234
1174.5 0.9591563768755897
1175.0 0.8210272587719254
1175.5 0.892292228308537
1176.0 0.5899344291656762
1176.5 0.7635590980191329
1177.0 0.6899774204393644
1177.5 1.7058540803440412
1178.0 1.1366175474933955
1178.5 0.8502498559664656
1179.0 0.9372422809555212
1179.5 0.9407123284624672
1180.0 0.7970796872237205
1180.5 0.873526528313509
1181.0 0.7612208237702432
1181.5 0.7354574065102288
1182.0 1.1254438228871972
1182.5 0.597156094099661
1183.0 0.8357511679356091
1183.5 0.9581079367911816
1184.0 0.9324749251405553
1184.5 1.3226676628225498
1185.0 0.730485843629338
1185.5 0.8103993992047847
1186.0 0.6579422484943982
1186.5 1.021755152320558
1187.0 1.2833461556648276
1187.5 0.7398449913000371
1188.0 0.8952131804089141
1188.5 0.783394701775362
1189.0 1.0561448620126515
1189.5 0.6971145168745592
1190.0 0.5066344358596517
1190.5 0.7340833953252108
1191.0 0.9874260971596276
1191.5 1.2201779438937663
1192.0 0.7603570396144383
1192.5 0.649913523849869
1193.0 0.685792523891646
1193.5 0.7774857078189559
1194.0 0.7380862861055978
1194.5 1.0334259158057328
1195.0 0.765250259867188
1195.5 1.069438418445297
1196.0 1.0998414159268632
1196.5 0.6705622256495124
1197.0 0.6728426746897296
1197.5 0.8223688106024876
1198.0 0.583469239090598
1198.5 0.8439990912290987
1199.0 0.9194839193594222
1199.5 1.0563526604953546
1200.0 0.8922489181819588
1200.5 0.8501357025461411
1201.0 0.5577598822987934
1201.5 0.7255308008737659
1202.0 0.6713043498184523
1202.5 0.6614585799183624
1203.0 0.5007098927498261
1203.5 1.3617013613835856
1204.0 0.7359026812782414
1204.5 0.6189598633076021
1205.0 0.8525765620644257
1205.5 0.7810153584462172
1206.0 1.0584536581044395
1206.5 0.7832355607638635
1207.0 0.416481160297729
1207.5 0.8279239194523507
1208.0 0.8791211610438516
1208.5 0.935459225388056
1209.0 0.6093671075233948
1209.5 0.49042734661216353
1210.0 0.5872713106732868
1210.5 0.5790852154732311
1211.0 0.9854986561750614
1211.5 0.490402101953779
1212.0 0.9599089684384248
1212.5 0.9332212659950551
1213.0 0.9455711706101373
1213.5 1.1245691600706151
1214.0 0.6276572058051284
1214.5 0.9124835593589289
1215.0 1.0777456014645415
1215.5 0.7103766579792301
1216.0 0.7403214174759759
1216.5 0.9261740698224405
1217.0 1.1127124205740875
1217.5 1.1817098841937397
1218.0 1.403154004103292
1218.5 0.5569718170535409
1219.0 0.9021314501883759
1219.5 1.0306698856405876
1220.0 0.7373778448667206
1220.5 1.0996404745681039
1221.0 0.7197545733257213
1221.5 0.6934166799578675
1222.0 0.8103180081188712
1222.5 0.989969399960895
1223.0 1.005132247784689
1223.5 0.8491945181298876
1224.0 0.9759640789349024
1224.5 0.5370744711337733
1225.0 0.6374473729355163
1225.5 0.8175404957527963
1226.0 0.8356267500639544
1226.5 0.8272020715232846
1227.0 1.1096007474641418
1227.5 0.807880333199744
1228.0 0.6616037763247169
1228.5 0.9635783840665326
1229.0 0.8905128413437734
1229.5 0.8281146914321431
1230.0 0.6270693379972644
1230.5 1.2112191150476768
1231.0 1.008478534854634
1231.5 1.4891513232627205
1232.0 0.45902548300247153
1232.5 0.7335603343226917
1233.0 0.698278453736885
1233.5 0.46565653773629884
1234.0 0.5115657693943694
1234.5 0.8176216027086285
1235.0 0.8622101954279262
1235.5 0.7643192670163728
1236.0 0.6206563564060146
1236.5 0.7106367535385926
1237.0 0.8348089370766507
1237.5 0.9760647516725913
1238.0 0.824723730878606
1238.5 0.8010892756536325
1239.0 0.6275483962129862
1239.5 1.0353612016664735
1240.0 0.9328181216949285
1240.5 0.7280772524703027
1241.0 0.8606781328532185
1241.5 0.45878875213238757
1242.0 0.8941880388797925
1242.5 0.4499899719192333
1243.0 0.7207090859045766
1243.5 0.6665296807459618
1244.0 0.7699690972139253
1244.5 0.7769375721573277
1245.0 0.7059839591038654
1245.5 0.8241355187388613
1246.0 0.9267987154393336
1246.5 1.0403228288601434
1247.0 0.4271276772605942
1247.5 1.146113254989577
1248.0 0.9592926284765873
1248.5 1.2154979277383322
1249.0 0.7158331544346386
1249.5 0.413417751475876
1250.0 0.8348984480040722
1250.5 0.7701809731000893
1251.0 1.1676120651782944
1251.5 0.8142099756940777
1252.0 0.920236030652694
1252.5 1.0942962603095134
1253.0 0.8933632136139752
1253.5 0.9818592285896444
1254.0 0.6781354670297911
1254.5 0.9920394731797728
1255.0 0.7340849770458298
1255.5 0.9475689262362121
1256.0 0.84530548174812
1256.5 0.9582612944278943
1257.0 0.8871836409306026
1257.5 0.31710898735693843
1258.0 1.0023736240183647
1258.5 0.6440430537159134
1259.0 0.87602136444039
1259.5 1.0164093624734374
1260.0 0.8457592943750267
1260.5 1.1413935990035526
1261.0 0.9020131280891107
1261.5 0.731936727868564
1262.0 0.8519108301405858
1262.5 0.6082955471205636
1263.0 0.6291467792906944
1263.5 1.098418638113363
1264.0 1.1343325091828074
1264.5 0.7737563538398557
1265.0 1.0218800166841766
1265.5 0.8875279909431182
1266.0 0.7395761059042043
1266.5 1.3480920017373303
1267.0 1.0018063560903643
1267.5 0.8095865812430045
1268.0 0.777283875053788
1268.5 0.5515996418368696
1269.0 0.7556910063141794
1269.5 0.7440432589159554
1270.0 1.1029313413200332
1270.5 0.8117930734226635
1271.0 0.9828390455533123
1271.5 0.81487580171993
1272.0 0.9221265628977959
1272.5 0.9807790034993309
1273.0 0.7882547157556961
1273.5 0.9677994295477039
1274.0 0.7115794302258903
1274.5 0.5482653314894872
1275.0 1.4941303151151302
1275.5 0.9893448772445999
1276.0 0.4795741747093018
1276.5 1.1604888894643002
1277.0 0.9153248673421699
1277.5 1.0860449292663161
1278.0 1.0452847102615097
1278.5 0.8294337567789865
1279.0 0.7898859198319776
1279.5 0.6502118718716098
1280.0 0.9531839199344001
1280.5 1.012649315911792
1281.0 0.5330073165482754
1281.5 0.5925361777116005
1282.0 0.6784956968374334
1282.5 0.5129824333352597
1283.0 0.8113695178605254
1283.5 0.8779366595136157
1284.0 1.3993993232944262
1284.5 0.5892138667686229
1285.0 0.8952699607586485
1285.5 0.6766534967752076
1286.0 1.0032417401066387
1286.5 0.5896273085285701
1287.0 0.43602569206803843
1287.5 0.9503955706822395
1288.0 0.6729562475518036
1288.5 0.7341983112933312
1289.0 0.6655551811046005
1289.5 0.957122958857938
1290.0 1.3185835015806566
1290.5 0.7442509165022893
1291.0 1.032516551784426
1291.5 0.5875897576125187
1292.0 0.8032021553266242
1292.5 0.5741194879777212
1293.0 0.6622312164427664
1293.5 0.5479265441022942
1294.0 1.166399155085785
1294.5 0.796579614083365
1295.0 0.6725478977987644
1295.5 0.8539796577855976
1296.0 1.0111609540936495
1296.5 0.9752005934685477
1297.0 0.777520875728039
1297.5 0.599602062557422
1298.0 0.9247251931995486
1298.5 0.6465946886980213
1299.0 0.9306598981493108
1299.5 0.7117653021518522
1300.0 0.9754666052746019
1300.5 0.47012580990139696
1301.0 1.1448058250144202
1301.5 0.6776336577443682
1302.0 0.7615773053817114
1302.5 1.1414241253366573
1303.0 0.9342741639108336
1303.5 1.5455710512832441
1304.0 0.5357904127313062
1304.5 0.7906051663178737
1305.0 0.827220487303048
1305.5 0.6057215784705456
1306.0 0.7277054512369023
1306.5 1.2916184231500387
1307.0 0.8609385959324964
1307.5 1.1090076176738768
1308.0 0.8394046885322599
1308.5 0.7810951634035579
1309.0 0.7906048708251848
1309.5 0.700872741802868
1310.0 0.8824987729229121
1310.5 0.7117669410735927
1311.0 0.9428536123965545
1311.5 0.7119303927133442
1312.0 0.8972403176752308
1312.5 0.6212872566926297
1313.0 0.4991065364067484
1313.5 0.7619898094752925
1314.0 1.1595197230137624
1314.5 1.285304298686707
1315.0 0.861076116849035
1315.5 0.8474811490091669
1316.0 0.6294591215215437
1316.5 0.8696390339478244
1317.0 0.7418284096453103
1317.5 0.7371159650568031
1318.0 0.895288016609161
1318.5 0.7156034382217484
1319.0 1.326526182172164
1319.5 1.0780308888775176
1320.0 1.2800707593921339
1320.5 0.8984919880809519
1321.0 0.48184926873503864
1321.5 0.9250849004912394
1322.0 0.5549654402176156
1322.5 1.0284190193041278
1323.0 0.7314040515062357
1323.5 0.9762424349669041
1324.0 0.9264518701848636
1324.5 0.5037080989221505
1325.0 0.7510502063865212
1325.5 0.591396308122649
1326.0 0.8811132670925959
1326.5 0.8885385218615314
1327.0 0.7504106193119979
1327.5 1.0252355217900766
1328.0 0.7855777711034884
1328.5 0.7830797019507154
1329.0 0.5521323594001553
1329.5 0.6313303301477979
1330.0 0.6289846956180847
1330.5 1.2131613206827652
1331.0 0.7303190438784403
1331.5 0.694602113508391
1332.0 0.9962846772520688
1332.5 0.8833898925433381
1333.0 0.9200328566550553
1333.5 0.7290720380787266
1334.0 0.4936379352734256
1334.5 1.0885170571186942
1335.0 0.6647359230511287
1335.5 0.4561961490996046
1336.0 1.1575634364907907
1336.5 0.4917372142714068
1337.0 1.856365141395132
1337.5 0.7766368225122064
1338.0 1.037086742156707
1338.5 1.0480873023790456
1339.0 0.9348743271337687
1339.5 0.7602417490251934
1340.0 0.7092665030102634
1340.5 0.8438901566036794
1341.0 1.2913678390702406
1341.5 0.901742549641741
1342.0 1.0694948584831816
1342.5 0.9531772100481077
1343.0 1.1920312822187518
1343.5 0.7425958525989668
1344.0 0.8654771399332226
1344.5 1.0452466080284166
1345.0 0.5951892332633759
1345.5 0.7018567183578606
1346.0 0.4828258604245003
1346.5 0.9417177407247019
1347.0 0.7995790268851406
1347.5 0.5980345853187736
1348.0 0.9516553206972527
1348.5 0.4462850623094708
1349.0 0.9249326488884184
1349.5 0.7533630626587535
1350.0 1.4904337474044436
1350.5 0.568229202730898
1351.0 1.3293039124435675
1351.5 0.8065255670289132
1352.0 0.5706167434002031
1352.5 1.3933441360347174
1353.0 0.5995998627718659
1353.5 0.7260708886139056
1354.0 0.6170321640006957
1354.5 0.7693065502199452
1355.0 0.9678136071656349
1355.5 0.8544970803506509
1356.0 0.730802176612259
1356.5 1.0713620920604197
1357.0 1.3683249747190986
1357.5 0.9917172653267503
1358.0 1.1198022128399387
1358.5 1.0414569917889152
1359.0 1.2408758078573754
1359.5 0.9315412761462447
1360.0 0.8781262824749352
1360.5 0.8574249063514656
1361.0 1.2995163355790174
1361.5 0.7572424654845591
1362.0 0.20434395864678728
1362.5 0.8215696863781659
1363.0 0.923068463742058
1363.5 0.8751399916207763
1364.0 0.7940525862484249
1364.5 1.0004013123785862
1365.0 1.2229415134308197
1365.5 0.7797017824945558
1366.0 0.6062442638094103
1366.5 0.8869595160412451
1367.0 0.6691687975032663
1367.5 0.9689188474056736
1368.0 0.8750503627405071
1368.5 0.7094593241776272
1369.0 0.8639642899955895
1369.5 0.8578884245439216
1370.0 1.2012924786803867
1370.5 0.7869816174500655
1371.0 0.7009370896276483
1371.5 0.6087109155979638
1372.0 1.3063893445793717
1372.5 0.911612255350134
1373.0 0.8972387618169626
1373.5 0.9401289388334437
1374.0 0.6989985687685749
1374.5 0.6732136195458918
1375.0 0.9456175492697807
1375.5 0.8582666720882761
1376.0 0.6351889439404816
1376.5 0.5639209012661329
1377.0 1.1232649334784632
1377.5 0.7797731130590366
1378.0 1.36796765904065
1378.5 0.7449683637628439
1379.0 0.8691648246724044
1379.5 1.0869065762225898
1380.0 0.7214084250404866
1380.5 0.7300326482533832
1381.0 0.7928991630681463
1381.5 0.664791486060574
1382.0 1.020472984743982
1382.5 0.5633459868476981
1383.0 0.49536522154010865
1383.5 0.6220556316642951
1384.0 0.9078405602896982
1384.5 0.8913152846022743
1385.0 1.069602757886408
1385.5 0.523768503739797
1386.0 1.023367495214472
1386.5 0.8978238206545845
1387.0 0.4957705040788093
1387.5 0.822491572748143
1388.0 0.9231899273516686
1388.5 1.4621540395468176
1389.0 0.7635375084546572
1389.5 1.1323035769305276
1390.0 0.9445952754802174
1390.5 1.1344382629393626
1391.0 0.9088005787301472
1391.5 1.3130866404873927
1392.0 1.0075997179304974
1392.5 0.9215365298369618
1393.0 1.106187173092027
1393.5 1.3926379385281311
1394.0 1.0179719242953227
1394.5 1.0228566685796965
1395.0 0.6722580027843665
1395.5 1.0982553068949001
1396.0 0.8059460085647601
1396.5 0.8490163058047673
1397.0 0.6638086484216312
1397.5 0.5269633643669855
1398.0 0.7162740392284781
1398.5 0.7417127082747599
1399.0 0.6632228151976292
1399.5 1.3492565435409523
1400.0 0.7554894003454717
1400.5 0.7248140505087508
1401.0 0.8782669463782853
1401.5 0.9741579828207088
1402.0 0.9807539435562243
1402.5 0.770410270803872
1403.0 0.7157070340866731
1403.5 0.8683746879659984
1404.0 0.7574601663824378
1404.5 1.0294999172019967
1405.0 0.8921049200773883
1405.5 0.9114473532982434
1406.0 0.7394041244182334
1406.5 0.6110469505444419
1407.0 0.7869647096017678
1407.5 0.5080624458016927
1408.0 0.7817961520280001
1408.5 0.9193324503695495
1409.0 0.8180392901902864
1409.5 0.5402131615442572
1410.0 0.7845765125538231
1410.5 1.0682314047345665
1411.0 0.6172289118055783
1411.5 0.6326319016882935
1412.0 1.015738262730299
1412.5 0.8833085748794027
1413.0 1.2630778777316063
1413.5 0.7094317256249252
1414.0 0.9655337653872338
1414.5 0.9175287349276946
1415.0 0.9469802934383478
1415.5 0.9759491452821629
1416.0 0.5361174090186684
1416.5 0.7509861870780337
1417.0 0.6220570652639255
1417.5 0.7821728723917112
1418.0 0.3431617428783494
1418.5 0.46917646736106383
1419.0 0.8052878668819148
1419.5 1.4110076008316121
1420.0 1.2262911023032852
1420.5 0.348937243328347
1421.0 0.4957218788974987
1421.5 0.8641241325899254
1422.0 0.6125592870941627
1422.5 1.016499532338538
1423.0 1.0452327857714596
1423.5 0.9834482987437676
1424.0 1.6193687725798682
1424.5 0.997059688509742
1425.0 0.7320627819830285
1425.5 0.6866704788668028
1426.0 0.9465172125798391
1426.5 0.8397551036891017
1427.0 0.6548038354511357
1427.5 0.8418820385971193
1428.0 0.3974146061308979
1428.5 0.5032622583041675
1429.0 0.6163495439109807
1429.5 0.8148866897909361
1430.0 0.9681046723205899
1430.5 0.7937400692654082
1431.0 0.44599239988773687
1431.5 0.47101323125564
1432.0 1.049527880605408
1432.5 0.8130641041666651
1433.0 0.8706735643642272
1433.5 0.784484850057328
1434.0 0.8852285615327202
1434.5 0.8623616781466058
1435.0 1.043555171700295
1435.5 1.342474730636201
1436.0 1.3876183623672431
1436.5 1.0676926910175115
1437.0 1.061276505181599
1437.5 1.0900677365775195
1438.0 0.8644729011447638
1438.5 0.8875713399651299
1439.0 0.9387007599041639
1439.5 0.7774378687228332
