0 0.8631793368079907
0.5 1.8576566919178013
1.0 0.4867443035195206
1.5 0.8066507633045206
2.0 0.2762416922512938
2.5 0.2330396142626343
3.0 1.887916906923202
3.5 0.3581497270118075
4.0 0.7757867070043927
4.5 1.242028292736294
5.0 2.2549993588098634
5.5 1.7514765081824026
6.0 1.0113596905847977
6.5 1.1333461313905753
7.0 1.3043752771783936
7.5 0.8518033726708437
8.0 1.4626267457910591
8.5 0.8259888215938676
9.0 1.121998675070691
9.5 1.3959751930109672
10.0 1.568176072468484
10.5 1.1226898853873997
11.0 1.3530434401300337
11.5 1.3408033926943046
12.0 1.7135381348323144
12.5 1.3293874521078648
13.0 1.2277736185371344
13.5 1.0085873516411397
14.0 0.8863435672877756
14.5 1.246861378591696
15.0 1.1403073923073481
15.5 1.073909805895016
16.0 1.0010644024745647
16.5 2.032800409860486
17.0 0.8777340046351392
17.5 0.5247399948679129
18.0 1.487175617826286
18.5 1.112285212034919
19.0 1.8822572373817437
19.5 0.9036367181130868
20.0 0.7150124756426288
20.5 0.8928430081982921
21.0 0.6342475210996679
21.5 0.7701798397891013
22.0 1.1547368194566916
22.5 1.8620705741464882
23.0 1.4867067207682998
23.5 1.7666128533778651
24.0 2.111180885073459
24.5 1.1507785498902336
25.0 0.7005956999050851
25.5 0.5830652833678387
26.0 0.5160230189597488
26.5 1.3451150367533051
27.0 0.6351849334188684
27.5 0.6361453274024731
28.0 1.0286889320179533
28.5 1.9363053605362917
29.0 0.7179008465537792
29.5 0.9791701521244891
30.0 1.526702545017217
30.5 0.8846147412946106
31.0 0.9187328270297108
31.5 1.0485091390657917
32.0 1.2773475935650167
32.5 1.2732402540946142
33.0 1.77255736949527
33.5 1.236972052186454
34.0 1.882128212862631
34.5 1.6546163725013066
35.0 0.8343452153982671
35.5 1.1504470535339253
36.0 1.4838922892994089
36.5 1.1971761921796382
37.0 1.1080207576653414
37.5 0.7407440937757175
38.0 0.9522071430661726
38.5 0.8316620381320559
39.0 1.628115849802484
39.5 0.6700731647702445
40.0 0.7107904192152069
40.5 1.7602461945018235
41.0 1.399855825889455
41.5 1.1256433167121922
42.0 2.2863141691496063
42.5 0.8256569617158445
43.0 1.4889082947459484
43.5 0.6019559009881867
44.0 0.3326953692479744
44.5 0.9078118797136097
45.0 1.7996430681102704
45.5 1.5042761101627633
46.0 1.5752317243759162
46.5 2.198739277445751
47.0 1.2813796992100566
47.5 0.9270949324817535
48.0 0.9515413243124442
48.5 0.8090101462614507
49.0 1.9639362733652972
49.5 1.0983312003088752
50.0 1.4357285662901522
50.5 1.1891182607412718
51.0 0.8013345421670686
51.5 1.2939608152001818
52.0 0.6937574013714585
52.5 0.89538492765922
53.0 1.3515433234315766
53.5 1.3916815718131232
54.0 1.4892769325794095
54.5 0.9572229251867312
55.0 2.040848759584019
55.5 1.0617870280519108
56.0 0.8292855822869027
56.5 0.6247252642339807
57.0 1.0567092748952376
57.5 0.9202411125958658
58.0 1.1035013489453251
58.5 1.1039052510246645
59.0 1.2583343967850593
59.5 0.7097689643153937
60.0 1.2076099941724057
60.5 1.0547567366222381
61.0 1.2692186881917766
61.5 1.2122052577798532
62.0 1.9023317279141427
62.5 0.6045130591288248
63.0 1.2315582835386896
63.5 0.9862877856941189
64.0 0.9488800032806814
64.5 1.3786929650485698
65.0 1.0602139064861813
65.5 0.7782098917901712
66.0 1.4534559127688476
66.5 0.6788088042226121
67.0 2.0140845402149115
67.5 0.2
68.0 1.0382075043755385
68.5 1.05614350102524
69.0 0.8476364723598676
69.5 0.8590204125033082
70.0 0.8158899618962346
70.5 1.4610195272615853
71.0 0.9412020774481846
71.5 0.7950722923563442
72.0 1.3506703945869747
72.5 1.1459928508797979
73.0 0.7367730479020456
73.5 1.56702988693996
74.0 0.7051987519101337
74.5 1.3814601499314683
75.0 1.7173717533221151
75.5 1.0547255789568764
76.0 0.9359268524619949
76.5 1.1823143149497402
77.0 1.625813902049312
77.5 0.6554771617813544
78.0 0.827830973317341
78.5 0.8402528954634778
79.0 1.758769044025423
79.5 1.0390174229507991
80.0 1.4480635065915524
80.5 0.6980656013208458
81.0 0.8093724841485352
81.5 1.4535380256055417
82.0 1.1504196817823917
82.5 0.9303380614707141
83.0 1.2145405546254688
83.5 1.5780755845833476
84.0 0.7182538548706934
84.5 1.1570049573802639
85.0 0.8334372605120224
85.5 1.1254983707254174
86.0 1.005070395211249
86.5 0.6393984800635284
87.0 1.0069533855923116
87.5 0.9888684491970683
88.0 1.4869409721170859
88.5 1.6971075740119828
89.0 2.552869771190075
89.5 1.0259279391651526
90.0 1.9162733801742884
90.5 0.6627086110768176
91.0 1.7471724195270555
91.5 0.9186538034538294
92.0 1.918548948755829
92.5 0.7317437136567164
93.0 1.4806685778597342
93.5 0.8392221829726267
94.0 1.3832436287928984
94.5 1.4082071969783323
95.0 1.7243756580967649
95.5 0.8382050004328765
96.0 1.4919337006835214
96.5 0.8193337376454879
97.0 2.065682042460077
97.5 2.2768999402261536
98.0 0.7417080509224125
98.5 1.0501789246223
99.0 2.47867372444205
99.5 1.5441005059791753
100.0 0.8050626100671534
100.5 0.7207999312634717
101.0 0.2
101.5 0.7602714385261237
102.0 0.954096236460019
102.5 1.3587717723802193
103.0 2.091523926111538
103.5 0.5285586093715847
104.0 0.7590789914420549
104.5 1.8994590127083284
105.0 1.2669724411856054
105.5 1.9036858729171988
106.0 1.38458409917962
106.5 0.9101116272965115
107.0 0.8382968880643036
107.5 1.552172557851734
108.0 1.1022094306157724
108.5 1.1109175459061362
109.0 1.0999337684136006
109.5 1.0594382506541817
110.0 0.6108632893011711
110.5 1.1713059049732084
111.0 1.4114287984574934
111.5 0.7062994975279873
112.0 0.7943982894131576
112.5 0.6962386910366297
113.0 1.243377063387721
113.5 0.6957506200076532
114.0 0.6596201726878287
114.5 2.12643903245684
115.0 1.0343448471859222
115.5 0.8555464705772771
116.0 0.772586172578011
116.5 1.423897970834748
117.0 1.4585535967661012
117.5 1.6244368546177994
118.0 0.3896399532775767
118.5 1.0625474184087804
119.0 0.6819551632207609
119.5 1.9554923257043475
120.0 0.7386519542442587
120.5 0.9681509405075357
121.0 0.5501772190941183
121.5 1.4558902770378173
122.0 0.8314959656405558
122.5 0.26413308957791626
123.0 0.9591278782009875
123.5 1.6126484382792867
124.0 0.6830882581283841
124.5 0.7689410737719526
125.0 1.2179350640943216
125.5 1.0197008637859768
126.0 1.16754041053295
126.5 0.9968353251119686
127.0 1.0815499860572442
127.5 0.802888936216642
128.0 1.7151997285472356
128.5 2.3782665087829056
129.0 1.5837171181262124
129.5 0.7453711601483491
130.0 0.5275359875916477
130.5 2.4518433469610055
131.0 0.9937125305152474
131.5 0.8386006921680509
132.0 1.6456453102542135
132.5 1.354882985556012
133.0 0.4960319370131443
133.5 0.7421577135774444
134.0 1.6486622317242579
134.5 1.30204897818328
135.0 1.8435705802355926
135.5 0.869727863975851
136.0 0.8755853732428602
136.5 1.0590620835960438
137.0 1.1061573422113087
137.5 1.8448663463362998
138.0 1.1516546813868016
138.5 0.6238291853577551
139.0 1.385623954580463
139.5 1.2021967770855198
140.0 1.966623685811412
140.5 0.8787573265218422
141.0 1.4044187045602659
141.5 1.8823779553996045
142.0 1.5258974059069863
142.5 1.3277766318353628
143.0 1.9682931285578515
143.5 1.7305930583448301
144.0 1.5619104391373664
144.5 0.8715950419480685
145.0 1.3470829320433158
145.5 2.669963863561695
146.0 1.219587513767869
146.5 1.7014952149498215
147.0 1.1629424706486486
147.5 1.8834117004378306
148.0 0.9807256922510768
148.5 1.189645501735713
149.0 1.3325211171132865
149.5 1.2402963736898354
150.0 1.2847845672592435
150.5 1.2314343515618196
151.0 1.1376104805675684
151.5 1.4784086629415332
152.0 1.976059035792588
152.5 0.5706458695151011
153.0 0.7034807308667088
153.5 1.276658652651066
154.0 0.780634546530054
154.5 1.3851784329501653
155.0 1.0052492348220823
155.5 1.5235224659052753
156.0 0.7621012453706167
156.5 2.313411856969431
157.0 0.9908715133883366
157.5 0.6325658679294826
158.0 0.7789608767147801
158.5 1.17450808804394
159.0 1.0182932001904144
159.5 0.649546497722799
160.0 0.6005652111277742
160.5 0.9365269770223439
161.0 0.5885363165928731
161.5 1.367105521370822
162.0 1.2847748269769028
162.5 0.9455467856166055
163.0 0.5213150378214527
163.5 1.4704261072754345
164.0 0.5938887607287879
164.5 1.0946119422079335
165.0 1.680896842922023
165.5 0.9251259768790472
166.0 1.0804013458032493
166.5 1.8830260863236252
167.0 0.6630083182390966
167.5 1.6448122624434243
168.0 1.6254281734169895
168.5 0.7843195877410317
169.0 0.9508323317624385
169.5 0.6775905354468242
170.0 0.9234408377855343
170.5 0.92990681566459
171.0 1.0480697102656662
171.5 1.210513620236186
172.0 2.6552353556715427
172.5 1.8223903680881852
173.0 1.18674913331173
173.5 1.0929854289937775
174.0 1.9496790589173831
174.5 1.486958607030839
175.0 0.7561741143169516
175.5 0.9720183782295609
176.0 0.7508340551746374
176.5 1.7182689079942755
177.0 0.9676715526095393
177.5 2.3343843159275166
178.0 0.508973944944386
178.5 0.6226086116422745
179.0 1.546195373886575
179.5 1.1654257736538058
180.0 1.1043330484207596
180.5 1.5967016770112807
181.0 1.1150386130007939
181.5 1.022543040285298
182.0 1.0180091352290828
182.5 1.7162890721579394
183.0 1.0351162545537922
183.5 0.9974560298301586
184.0 1.3732443092875346
184.5 2.267220518604251
185.0 1.3757814954616419
185.5 1.8620791098502023
186.0 1.8155091222714916
186.5 1.229898941493726
187.0 1.0340965855934638
187.5 0.9359259729861522
188.0 1.8080216830829716
188.5 1.628120063320572
189.0 1.6516665149048804
189.5 0.9642866567007289
190.0 0.5982860372171788
190.5 0.802721787251129
191.0 1.4864433733260265
191.5 2.4645521462300257
192.0 0.7289387060881201
192.5 1.8636295322573262
193.0 0.9333794662033851
193.5 1.2745358074665392
194.0 1.9871902257611938
194.5 1.6893216382328573
195.0 1.4317861843502067
195.5 1.3339904842875767
196.0 0.7089600742590481
196.5 1.324150589545074
197.0 0.9253953012770283
197.5 1.266413378714687
198.0 1.7573353196997035
198.5 1.0418609649234085
199.0 1.8195511337273975
199.5 1.5429248310953123
200.0 0.8095153168815616
200.5 1.845258287264485
201.0 1.9967965005748498
201.5 1.3813639089512506
202.0 1.2297657675286997
202.5 0.8545292863086854
203.0 1.4011813523256822
203.5 2.4452418067060107
204.0 0.8817460095777303
204.5 0.7509094492681179
205.0 1.0400994742422722
205.5 0.8853642558121131
206.0 1.3286939153751214
206.5 1.0572856608922245
207.0 1.0447389074466893
207.5 1.5990937641363419
208.0 0.8098126666553512
208.5 0.7493197317235183
209.0 2.0113356293244755
209.5 1.2745242180295695
210.0 2.025614089797611
210.5 1.3451022292792316
211.0 1.5473682354826015
211.5 1.1878140959357797
212.0 0.9020550387828961
212.5 0.9125210303181323
213.0 1.7677634788913958
213.5 1.6288118434873518
214.0 0.8080543075644082
214.5 1.2832906014080123
215.0 1.0366221944197485
215.5 0.8822329609209407
216.0 2.033000310907773
216.5 1.6244577357372219
217.0 2.7472931377642125
217.5 0.7709468421196377
218.0 1.0201739857699585
218.5 1.258284657196513
219.0 1.455831408928086
219.5 1.3615428205644018
220.0 0.3764012306094795
220.5 0.7301046241139219
221.0 1.7566541387347923
221.5 1.1947329204197294
222.0 1.9270360502684907
222.5 1.0430631511180928
223.0 0.9821093493615694
223.5 0.9123325066394479
224.0 0.7613819392695715
224.5 0.8170397438677948
225.0 0.9438303303919916
225.5 0.9159885452854418
226.0 1.946562967746114
226.5 0.7144528795882288
227.0 1.5398264569324118
227.5 0.32055648767365075
228.0 0.8531188836310709
228.5 0.9342813544096621
229.0 0.8273383687138682
229.5 0.9186409267291974
230.0 1.1259840094657476
230.5 1.0605415046994995
231.0 0.6260727593475914
231.5 1.353837369324236
232.0 0.7817040503917669
232.5 2.0497599820144137
233.0 1.0051892615944749
233.5 0.9280583369189068
234.0 1.284850371511683
234.5 1.7600801512565873
235.0 0.42225595360231905
235.5 1.0349220281289848
236.0 1.1992650718521145
236.5 0.9956728478275969
237.0 0.32813666615903725
237.5 0.5849641971079917
238.0 0.7946168980785278
238.5 1.4994495948526891
239.0 0.9315587936175236
239.5 1.5375196360156118
240.0 1.5117830972636694
240.5 1.644328987661364
241.0 1.128931573453511
241.5 1.4334637269018238
242.0 0.7980944491742235
242.5 1.1862733899387479
243.0 0.7897906680484303
243.5 0.9977983992947954
244.0 1.3685927667021576
244.5 0.7867718175210732
245.0 0.8350292674597352
245.5 0.690016592732984
246.0 0.8311683886751768
246.5 1.9473177378231608
247.0 1.4843320819471544
247.5 1.1987185410425303
248.0 0.9400608070550863
248.5 1.1013659106880707
249.0 1.5698748219685916
249.5 0.8586559553549634
250.0 0.8538229260315284
250.5 1.2240828697161645
251.0 1.5400100127844123
251.5 2.3918861408956094
252.0 1.553167828663764
252.5 1.6672014828216715
253.0 1.0663263872004345
253.5 1.399479401562962
254.0 1.123553429027747
254.5 1.3558870738599658
255.0 1.2680240853856133
255.5 0.4981853955472843
256.0 1.5806051769060003
256.5 1.0705139108686168
257.0 0.5963245914739503
257.5 0.7250813533086651
258.0 0.4894083114303821
258.5 1.1276924226879186
259.0 1.537866070757186
259.5 0.9580010127149814
260.0 1.4890620609306078
260.5 1.752443367191249
261.0 1.2480635140455387
261.5 0.7242430014012964
262.0 1.1055684520587452
262.5 0.5328785446036446
263.0 0.8203732509145925
263.5 1.2489849489076732
264.0 0.9273114343197966
264.5 0.9862745606310348
265.0 1.5097592612656543
265.5 0.8885167100363538
266.0 1.3515834743060013
266.5 1.7318731221367658
267.0 0.6138402778591218
267.5 0.8548270098070447
268.0 2.1731205306631862
268.5 0.8209266946374645
269.0 0.8878952359027805
269.5 1.451146141546769
270.0 0.7616779169415113
270.5 0.9168881768074005
271.0 0.8297373578750794
271.5 0.8632882553784655
272.0 0.7512184685847652
272.5 1.426261847293854
273.0 1.5325412805706053
273.5 0.8685454168757755
274.0 0.964569745377738
274.5 1.159418126985936
275.0 1.0939679780267042
275.5 2.3611337671647803
276.0 0.6425795881525169
276.5 1.2463627383693137
277.0 1.3561267161264652
277.5 1.452335623858107
278.0 1.0042164034139545
278.5 0.5797252732127807
279.0 1.3898512051936796
279.5 0.46760799225224936
280.0 0.5646185200341438
280.5 0.8097151799359785
281.0 0.6526747745591299
281.5 0.934443694862497
282.0 1.9820880694772955
282.5 1.249190046902438
283.0 0.9338648346947457
283.5 1.5604494499440484
284.0 1.170911005481451
284.5 1.4099369518313536
285.0 1.0198608723502587
285.5 1.1326782665292243
286.0 0.9206458573856088
286.5 0.6736548565353631
287.0 1.1038793884632392
287.5 0.8681014618802011
288.0 0.7532945272621396
288.5 1.1063406903792568
289.0 0.8575379064305744
289.5 0.8432304185711939
290.0 0.9429780161017358
290.5 0.7939425084550831
291.0 0.6288152702790967
291.5 1.0469670981161519
292.0 0.9620209961271078
292.5 0.9367040963327798
293.0 1.4555007739566002
293.5 2.2096196730401196
294.0 1.8817987457443581
294.5 1.6342297318253005
295.0 1.3962284248103802
295.5 0.9802069330511977
296.0 1.4634971349387573
296.5 0.8531076114241054
297.0 0.7931972311893475
297.5 1.312300879025835
298.0 0.3417767376102432
298.5 1.5490167980564806
299.0 2.2106657638992533
299.5 1.1627147878663284
300.0 0.7880831591137264
300.5 1.6854831130906627
301.0 0.8913822836038506
301.5 0.8523504483740487
302.0 0.8327336916136309
302.5 0.7655929186842642
303.0 1.1353081667786156
303.5 0.723428490995891
304.0 0.952363277540784
304.5 1.2461849843455355
305.0 1.4568311108868124
305.5 0.6160039278887955
306.0 0.6439583849978238
306.5 0.6094900274689519
307.0 2.1751849569396073
307.5 0.9891567107547169
308.0 0.7522977305735064
308.5 1.6697634183798553
309.0 0.8843411935447933
309.5 0.8880152955002285
310.0 0.8436275537255198
310.5 1.1385217612573224
311.0 0.6828546569069462
311.5 1.5052062816458915
312.0 1.8049274343531811
312.5 0.9397248334724295
313.0 0.785554952206166
313.5 0.7657541184785281
314.0 1.2674714593776382
314.5 1.0084911418191946
315.0 0.5148176640951974
315.5 0.964262490333029
316.0 0.5665284128325857
316.5 1.1688016773038212
317.0 1.9769549138727904
317.5 1.6133713205986102
318.0 0.9356859791434606
318.5 2.619829633702331
319.0 1.533145605699731
319.5 0.9318590335706318
320.0 1.2194734435472872
320.5 1.2077092883682283
321.0 0.7761916701815106
321.5 0.9778546856849462
322.0 0.6425040843034522
322.5 0.830409989794342
323.0 1.289450825811505
323.5 0.9509092218494181
324.0 1.4756812757941629
324.5 0.952953289728193
325.0 1.5032367178395665
325.5 1.3817072830237294
326.0 0.5281217970401073
326.5 1.1348022355821903
327.0 0.8015741555092146
327.5 1.770183644299468
328.0 0.2
328.5 0.6415894234346775
329.0 1.2412203220899936
329.5 2.2725269470457095
330.0 0.9681767070387639
330.5 0.740717734269853
331.0 1.5414841043261762
331.5 0.9571111993020938
332.0 1.37886857374788
332.5 0.7576774264388981
333.0 1.9977784930468716
333.5 1.223493020856613
334.0 1.2880287152686403
334.5 0.7471814638016326
335.0 0.829124831464829
335.5 1.5269807628974374
336.0 1.9272678766471687
336.5 1.98850044519315
337.0 0.7180753410899456
337.5 1.1360999324656331
338.0 1.4543210553667492
338.5 1.8655202372705564
339.0 0.8883727973002997
339.5 1.057654048835364
340.0 1.3319184524317316
340.5 1.0836511524813528
341.0 1.8113592477157576
341.5 0.6451760978207497
342.0 2.0334777419461325
342.5 2.040265893173225
343.0 1.2536664272031959
343.5 1.4228755495156258
344.0 0.8067302556145737
344.5 1.158775338669816
345.0 1.1591196218166493
345.5 0.7388605462551576
346.0 1.6552318910349146
346.5 1.5074815065187592
347.0 1.5832072079179755
347.5 2.1393124368083205
348.0 0.8679594647987023
348.5 1.4979675507233017
349.0 0.5986921867904709
349.5 0.6452506092247581
350.0 0.7318939749673128
350.5 0.7296901048299507
351.0 1.2624264338927345
351.5 0.8720069859222528
352.0 0.6986920589360013
352.5 0.7641049840096739
353.0 1.4783270118743652
353.5 0.695588060270991
354.0 1.4791677166617094
354.5 1.5178055491501377
355.0 1.1305782058278269
355.5 0.6536337288847668
356.0 1.1071454501235272
356.5 0.7965713305007728
357.0 1.9944598700055955
357.5 2.8216205462378303
358.0 0.6620951290680237
358.5 0.8520674678431567
359.0 1.2449758173856569
359.5 1.488434483245725
360.0 0.5535615269299651
360.5 0.6172304969008833
361.0 1.9599730212178808
361.5 1.2330528042321078
362.0 1.58732010483246
362.5 0.5917706440676679
363.0 1.4280293592616196
363.5 1.4662176189821092
364.0 1.076303405708592
364.5 1.3452560074735
365.0 1.741627401824668
365.5 1.3100916844729529
366.0 1.1897266694554651
366.5 2.2316274480118627
367.0 1.4718084966254628
367.5 1.7465924779556812
368.0 0.45769836578757883
368.5 1.0842671583709826
369.0 0.6281188052333443
369.5 1.1230807885991576
370.0 1.780245650391436
370.5 1.193689292019243
371.0 1.486807502637296
371.5 0.822039126753659
372.0 0.8768354359602679
372.5 1.5586336817992807
373.0 0.9420105708525861
373.5 1.551476372401257
374.0 1.290350136479757
374.5 0.7920016486145265
375.0 1.5624086049685044
375.5 1.4457579242620582
376.0 1.4493026215151605
376.5 1.1693984395358523
377.0 0.7803278295519666
377.5 0.9148872939822137
378.0 1.050593139076477
378.5 1.1623498914208632
379.0 1.0306817814482354
379.5 2.0050801044466873
380.0 0.691399193997352
380.5 1.1919379473256957
381.0 1.5783020692624175
381.5 0.9699553984389782
382.0 0.7386058617085465
382.5 1.247166240735445
383.0 1.8075938088462513
383.5 0.5589727999972482
384.0 1.1758722699219342
384.5 2.0022208237655876
385.0 0.6399058822858787
385.5 1.1428463140643643
386.0 1.593814108366697
386.5 0.5968437709355597
387.0 1.4722305668491071
387.5 1.974844577740723
388.0 1.0722616605055797
388.5 0.8634372908653738
389.0 1.0466622974340312
389.5 0.49712745274486136
390.0 2.337511969414516
390.5 1.0861413772160224
391.0 0.7413340223216143
391.5 0.9235683123026508
392.0 0.2
392.5 1.006106594303811
393.0 1.6859233674590612
393.5 1.193113841478048
394.0 1.7159637796388179
394.5 1.390729742192748
395.0 1.603439405306976
395.5 1.5420287525036191
396.0 0.7572362423478856
396.5 2.2267280964738654
397.0 1.028397255146121
397.5 0.8639925966593913
398.0 1.1635922320058159
398.5 2.230890638268274
399.0 1.2592233989597248
399.5 1.4375205638996285
400.0 1.0392425473470168
400.5 1.649379264634082
401.0 0.8474705716571774
401.5 1.9966510431700302
402.0 0.9675219772922468
402.5 1.5865203820380769
403.0 1.14953488374
403.5 0.4103268713214563
404.0 1.237061363886827
404.5 1.8460615185530547
405.0 0.5868680429277149
405.5 2.2792507921280825
406.0 1.4365980261775533
406.5 0.9969803592615125
407.0 1.5385739358035733
407.5 1.3479839282087474
408.0 1.3575562593459307
408.5 2.397212892816767
409.0 1.3807463062388763
409.5 0.8281787703872981
410.0 1.0743455171694496
410.5 0.5686426274676586
411.0 0.856690964806071
411.5 0.44404298114000906
412.0 1.0855885019634894
412.5 1.0091422181780059
413.0 1.1531031294847685
413.5 1.353423010343646
414.0 0.7229509329611847
414.5 0.9338943790375374
415.0 0.7240105643213328
415.5 0.41458219286285447
416.0 1.0270826964387945
416.5 1.062423216280826
417.0 1.1270979844854097
417.5 1.0575910226308676
418.0 1.4857685174060697
418.5 0.7847976375465375
419.0 0.947503355368412
419.5 1.361695080601835
420.0 0.8359608014175182
420.5 0.7467556849686674
421.0 0.8077407478220303
421.5 1.9901919019408303
422.0 0.9965551277195759
422.5 0.680340319702389
423.0 0.863128276740481
423.5 0.7447869949299863
424.0 1.2776891229892802
424.5 1.2054745841895287
425.0 0.595880223874782
425.5 0.825098251590289
426.0 1.5111802901914169
426.5 0.8912862065819387
427.0 1.3379250743561062
427.5 1.471595194854389
428.0 1.1851224902795634
428.5 0.673226920596009
429.0 0.9305416519871634
429.5 0.6499262304104636
430.0 1.478515003419875
430.5 0.9912622682009586
431.0 1.22840271189947
431.5 0.9019969207850802
432.0 0.7967111180225073
432.5 1.0428016820555182
433.0 1.7063850929045932
433.5 0.9492815047077787
434.0 0.6889533493289177
434.5 1.5334009664698027
435.0 0.911575355509384
435.5 0.7667769877594832
436.0 0.8421840202153501
436.5 0.8731841160582331
437.0 1.0543221832804743
437.5 1.926404528035509
438.0 1.2759880762237987
438.5 0.8188588335145428
439.0 1.5624525009881238
439.5 0.5520544225333841
440.0 0.4958750820893943
440.5 1.435601979704416
441.0 1.4353872716543665
441.5 0.46911536273769583
442.0 0.6761083664691218
442.5 0.8249514785734973
443.0 1.6406575290375638
443.5 1.170500901155831
444.0 1.8067604632884122
444.5 1.3152753226233436
445.0 1.4546318077456526
445.5 1.00103478349177
446.0 1.4882041371363133
446.5 0.7038894226675511
447.0 0.7208314286624835
447.5 1.0333606184563304
448.0 2.7749414243245374
448.5 1.2520937590979124
449.0 0.8651930978293061
449.5 1.7219653699958126
450.0 0.7235508475845494
450.5 1.7275634375441602
451.0 1.6949745458308203
451.5 2.988228716949698
452.0 1.1583656960902364
452.5 1.1407340664812275
453.0 1.0903789916654971
453.5 0.7746220307271854
454.0 0.8614809976672156
454.5 0.685569341136925
455.0 0.892206001706501
455.5 0.5971435520872965
456.0 0.5684515069814524
456.5 1.1941507346425322
457.0 0.9039237436359528
457.5 0.7402111038390624
458.0 1.415215288234323
458.5 0.972734283292247
459.0 0.7392167588044973
459.5 1.3983737808498002
460.0 2.157527556982559
460.5 1.949481800016936
461.0 0.9029473243602347
461.5 0.6655472180393107
462.0 0.982167914551159
462.5 1.6805859542120545
463.0 0.8853504501386494
463.5 1.4132249905148
464.0 0.9135529238827489
464.5 0.7291957204854373
465.0 0.9104785467046078
465.5 0.898699757842168
466.0 0.5051217347718918
466.5 1.5675539459475365
467.0 2.422450847262334
467.5 1.3321641629441605
468.0 0.5147809060517767
468.5 1.0459918322733317
469.0 0.4241019201917481
469.5 0.6820030295637854
470.0 1.5085972582897247
470.5 1.4717845246858388
471.0 0.7376167729465466
471.5 1.05273708943274
472.0 1.7845628722066738
472.5 1.133037098311985
473.0 0.799825004528226
473.5 0.5481950314452784
474.0 1.7775923115868564
474.5 2.2238548469923174
475.0 0.5885120837418001
475.5 0.9901959741943362
476.0 0.8239144497037622
476.5 0.46733974131287404
477.0 0.7731486788056552
477.5 0.8078608124287279
478.0 1.1138326772162541
478.5 1.053863883091023
479.0 1.623618187110202
479.5 1.1051681962894104
480.0 0.8544305409986889
480.5 0.8765833741890141
481.0 1.6619841540410576
481.5 1.848160184271845
482.0 0.805455403687511
482.5 1.3608819300037307
483.0 1.4687465480588258
483.5 2.221596057215706
484.0 1.2730640283753878
484.5 1.590747870747665
485.0 0.9645910821501669
485.5 0.7332253848450732
486.0 1.0268113218755188
486.5 1.935496335320073
487.0 0.5067127361992352
487.5 0.6423525812231018
488.0 0.6332142041240241
488.5 0.9323990517556613
489.0 1.234690005536093
489.5 1.947960345532548
490.0 0.7370468755492887
490.5 0.9691960135749156
491.0 0.8844548313048798
491.5 0.7602729250867628
492.0 2.085681718121128
492.5 0.7688008429181901
493.0 0.7484916884916939
493.5 1.5535479741068146
494.0 0.32717187921025365
494.5 1.4266480933527679
495.0 1.7224202573590677
495.5 1.6753048782665672
496.0 1.181366691004321
496.5 0.4294664657824866
497.0 1.1210138940890717
497.5 0.5767443962455012
498.0 1.7461646876518953
498.5 2.0560640986746135
499.0 0.9979237143421085
499.5 1.2448476797354167
500.0 1.2237321845311975
500.5 0.5404901235993925
501.0 0.6185337566628079
501.5 0.8583237682144362
502.0 1.8258853780074815
502.5 0.7422244938572871
503.0 0.8531359151669056
503.5 0.6663592738879554
504.0 0.778835176810582
504.5 1.0345398571912914
505.0 0.8619229647022774
505.5 1.0126546589431937
506.0 0.6737192737350874
506.5 0.7167141956243359
507.0 1.65231793801125
507.5 0.9207978227665665
508.0 1.6856030967520317
508.5 0.9030085725853894
509.0 0.7857337748471095
509.5 0.7199361941475965
510.0 0.9717830174537092
510.5 0.6600822596492141
511.0 1.4449041335625632
511.5 1.3632430455674691
512.0 0.8198659925903866
512.5 0.7895050553213048
513.0 0.6336244448451955
513.5 0.5928663115982674
514.0 0.9883819114540777
514.5 1.2732781759982355
515.0 0.6227596017155737
515.5 0.9747620393416194
516.0 2.2208352203325963
516.5 0.6830112229352665
517.0 1.4950584775178184
517.5 1.1935461661118114
518.0 1.4499243300689275
518.5 0.8012518438655503
519.0 1.3155641861778125
519.5 0.9440514752061748
520.0 1.611350668637463
520.5 0.6322120381410745
521.0 1.3390698829079106
521.5 1.425558928005732
522.0 2.3780313540143485
522.5 0.5675863639083408
523.0 0.6537350891328991
523.5 0.9478339967584077
524.0 0.9976479415615866
524.5 1.185197140955439
525.0 0.8080156647072283
525.5 0.8127259966470648
526.0 2.0292426245226967
526.5 1.2619866271975377
527.0 1.0403669856065911
527.5 1.5375174349568552
528.0 0.8412384694463162
528.5 0.529365941759056
529.0 0.7977087032518654
529.5 1.1895309027189735
530.0 1.1149928112954053
530.5 0.7790273680541588
531.0 1.809624352203353
531.5 1.06179812818556
532.0 2.0958262895373263
532.5 1.6324715896370225
533.0 0.683087288205518
533.5 1.094127783994149
534.0 1.23798275128435
534.5 1.460427027703997
535.0 1.7985172520997437
535.5 0.8579697878534592
536.0 2.183274287270192
536.5 1.1397144602270006
537.0 2.2653641007942626
537.5 2.1362174351437515
538.0 0.9386963368988475
538.5 1.3472201605734282
539.0 1.8425369146628416
539.5 1.1007519872707672
540.0 0.7993724240324199
540.5 1.1771734423195461
541.0 0.9788460642287721
541.5 1.4195312143268697
542.0 0.9017178346624034
542.5 1.9209993232794664
543.0 1.8225295733812916
543.5 0.7594467657904
544.0 0.916967053118363
544.5 2.3129551704388733
545.0 1.0671457824562114
545.5 1.3248704510596674
546.0 1.1079895963970978
546.5 1.2330876618721986
547.0 0.7086105915064236
547.5 1.1552176641379015
548.0 0.9682289950135302
548.5 1.4388443936560167
549.0 0.7375522671113828
549.5 0.9224559207271776
550.0 0.9506810984212959
550.5 1.8425832380138099
551.0 1.6459239339570844
551.5 0.8428170669155464
552.0 0.8584115251524708
552.5 0.8268144732159547
553.0 0.8534440529044642
553.5 1.2667578279929232
554.0 2.3312172215144416
554.5 0.7418227441280976
555.0 1.8408931914859399
555.5 1.707214126647912
556.0 1.6661319867210567
556.5 0.8935603994520895
557.0 1.4776307621218143
557.5 0.9478269173902778
558.0 0.9586432530058395
558.5 0.7563551232031942
559.0 1.0691675006308892
559.5 0.7261478422456573
560.0 1.3761858388769201
560.5 1.332941145356815
561.0 2.1002353697404077
561.5 0.9909832600204362
562.0 2.4392003018106014
562.5 0.9644420885044902
563.0 1.074838883832355
563.5 0.8764710347010918
564.0 1.0206344889628314
564.5 1.3789268452459833
565.0 0.9027499044562564
565.5 1.4025679987845634
566.0 1.604305064206101
566.5 1.054917521669586
567.0 1.5617179691142373
567.5 1.6476363940748207
568.0 2.1095313869461805
568.5 2.321792899594907
569.0 1.621926577643309
569.5 0.9708377505523252
570.0 0.6944889645122081
570.5 0.23098964216274953
571.0 1.7974068263097633
571.5 1.036279746007859
572.0 0.7327809012991148
572.5 1.5457205156591685
573.0 0.7079764175502203
573.5 0.8769017833191268
574.0 1.359196453098345
574.5 1.3388803491250534
575.0 0.2
575.5 1.2165240711855752
576.0 0.7587650441905682
576.5 1.3032753174099212
577.0 1.821335265531716
577.5 0.821680721338621
578.0 1.3404154506566275
578.5 2.2079550271288317
579.0 1.071614189448178
579.5 1.2295090360979206
580.0 1.3482661434129906
580.5 1.940358898833463
581.0 1.2007058191527298
581.5 1.699300366594359
582.0 1.1896426847961195
582.5 1.6608220611562676
583.0 1.953089051518386
583.5 0.8940991978718348
584.0 1.1647517155619513
584.5 0.8236348237833898
585.0 2.3407141535451985
585.5 0.9066745999165008
586.0 0.8430445102290227
586.5 1.5374144971547774
587.0 1.3040026847130295
587.5 1.0794671341514608
588.0 1.7019866773654915
588.5 1.3250093706249293
589.0 1.2558619841655239
589.5 0.4941393629057018
590.0 1.8132604318385281
590.5 1.4743058695532092
591.0 0.7630648376607769
591.5 1.203307314738873
592.0 1.2402117881403505
592.5 1.1415134096057251
593.0 1.3993302584450151
593.5 2.4166982130649575
594.0 1.1134451305300317
594.5 1.1241392717949847
595.0 1.1722587800131257
595.5 1.8893455634752219
596.0 1.057179549797901
596.5 0.8644464150614349
597.0 1.1363338301713723
597.5 2.2623891228511006
598.0 0.8674628091614478
598.5 0.5717232595846495
599.0 1.5019156602900083
599.5 1.5134944721889356
600.0 1.7967221568710112
600.5 1.5336094515838923
601.0 1.154403617897159
601.5 1.586444733181735
602.0 0.9061432615233969
602.5 1.7045895365070596
603.0 0.8636991253973635
603.5 1.2993958668533345
604.0 1.0342286330517223
604.5 1.0539555472702151
605.0 0.6922630822345163
605.5 1.459565719269357
606.0 2.0496697602160507
606.5 0.8654954049589968
607.0 1.249165925690931
607.5 0.890257532719945
608.0 0.9585936323632885
608.5 1.1600977310738871
609.0 0.5644195237612049
609.5 1.2049448586848883
610.0 1.8462119194833444
610.5 1.8846852835294439
611.0 2.3950560212813814
611.5 1.3474543078874344
612.0 0.660440097925111
612.5 1.1615308855634896
613.0 1.6079318513846537
613.5 1.013217625552217
614.0 1.477480915114293
614.5 1.2889112667170881
615.0 0.7840075355058955
615.5 1.4214553151716482
616.0 1.578639272354216
616.5 1.2879609926699604
617.0 0.7908359399605235
617.5 1.2455767493225012
618.0 1.0679525378859152
618.5 0.7842099805725034
619.0 0.8867977982207019
619.5 1.9894134954526277
620.0 0.9390299022764692
620.5 1.302922884248399
621.0 0.5980111549387087
621.5 1.446629096908375
622.0 0.691804001635336
622.5 0.41062442046852976
623.0 1.2226536703254065
623.5 1.0194414024844187
624.0 0.782188695738647
624.5 0.7396338928375069
625.0 0.5430453474604802
625.5 0.9895853978234773
626.0 1.1946219021723459
626.5 1.3023913523520527
627.0 0.825009381296453
627.5 1.9531070151056364
628.0 1.0480049251297783
628.5 1.0100980893562765
629.0 0.49171005828393954
629.5 1.163570083318815
630.0 1.409063576468884
630.5 1.0824280601242957
631.0 0.8511811389112727
631.5 1.5377908268745093
632.0 1.134585575289071
632.5 0.9285659666671044
633.0 1.4569233137874984
633.5 0.7276258525648172
634.0 1.70176736289869
634.5 0.9044459796473898
635.0 0.7349509124331062
635.5 2.232439589034706
636.0 1.8868615240430089
636.5 1.4990534802394717
637.0 1.199709542939411
637.5 0.8050436295857425
638.0 0.903349395281039
638.5 1.7353481227072194
639.0 0.965834462520077
639.5 1.6321191816752352
640.0 1.0509379555934097
640.5 2.2711387285911004
641.0 1.1224682080176764
641.5 1.2518612236874618
642.0 1.1394764856611954
642.5 1.5864426237656375
643.0 1.3202098465853047
643.5 0.6488976824089159
644.0 1.1333069123622528
644.5 1.5755187297905147
645.0 0.6666492157952147
645.5 1.0033548062583446
646.0 1.3486815848201499
646.5 0.8095378318254968
647.0 1.6745633324452152
647.5 0.8227295370435888
648.0 1.5866354620429268
648.5 1.9214608428669737
649.0 0.9620152660508254
649.5 0.710697456589499
650.0 0.7396086433599303
650.5 0.9100969082012609
651.0 0.9681575937997193
651.5 0.7858719451318288
652.0 0.8098143967591614
652.5 1.0569953873380116
653.0 1.8873492510900725
653.5 1.2726873907885552
654.0 2.1270512759062923
654.5 1.0477776231628106
655.0 0.8513162965120229
655.5 0.9978999618165542
656.0 0.7688211906095553
656.5 1.184422825346573
657.0 0.6164067741621156
657.5 2.4027935822301854
658.0 0.8978128350866328
658.5 0.9090995003430413
659.0 0.8645819605159251
659.5 1.1157485401702196
660.0 0.7984946740216563
660.5 0.824384002435133
661.0 0.7606594980939823
661.5 1.5285276134853194
662.0 1.056948910044
662.5 0.797155501269941
663.0 0.8917722964871404
663.5 0.7784425441635953
664.0 2.0699464422609055
664.5 1.0519833662300202
665.0 0.8645823606035298
665.5 0.8263629421991887
666.0 1.235055373769264
666.5 1.261502316370481
667.0 1.1526016667577947
667.5 1.1330142316276368
668.0 0.8962408379210922
668.5 1.074417982284924
669.0 2.0856326619123724
669.5 0.8880843250757788
670.0 1.2567225327163905
670.5 1.0961391673676668
671.0 1.0770410440598666
671.5 1.9016251747336805
672.0 0.7106047726528062
672.5 1.290155372346931
673.0 0.7852532060626081
673.5 1.6192535961398296
674.0 0.7076907303529475
674.5 0.9814065681998307
675.0 0.6981991133812048
675.5 2.058388934545582
676.0 1.9031230033552595
676.5 1.314511552167899
677.0 0.9547540085632122
677.5 1.7817356290103636
678.0 0.621563210542443
678.5 0.7256377604263036
679.0 1.0523281012310588
679.5 0.6216879874473198
680.0 0.4869498931754637
680.5 1.3259706507644253
681.0 1.9051934420846144
681.5 2.0491282784702074
682.0 1.709565119520061
682.5 0.8770135446335511
683.0 2.1013688005478466
683.5 0.5413362553896244
684.0 0.6154448399951389
684.5 1.1994408516296482
685.0 0.9147013141559953
685.5 1.4357849798533793
686.0 0.5809063861416511
686.5 1.8338232790248448
687.0 1.3422145301191335
687.5 1.2539663480623469
688.0 1.0193244205924517
688.5 0.6934004716216572
689.0 1.1295540733418217
689.5 0.8507619751639092
690.0 0.6400116594152541
690.5 1.5159682933836902
691.0 2.01611883311171
691.5 1.4326184010467855
692.0 0.9462769399773134
692.5 1.2989315518858198
693.0 1.106394431231806
693.5 0.9593352463440614
694.0 1.716398551794689
694.5 0.8944020849453901
695.0 1.278940287838976
695.5 0.8217237737743852
696.0 1.0346592144479494
696.5 0.7081600363456911
697.0 0.5861889859231348
697.5 0.8744780751088423
698.0 1.327098493279417
698.5 1.6112606264727307
699.0 0.6559814719962518
699.5 1.445663851952226
700.0 1.1366523310208017
700.5 1.5180319031439362
701.0 1.0321313221083863
701.5 0.5894745133493964
702.0 0.30627918847976443
702.5 0.5901276885840548
703.0 0.8197386064713467
703.5 1.310544358064821
704.0 1.18412280688842
704.5 1.5458354115399708
705.0 1.8555900532165648
705.5 1.7586745310836123
706.0 1.3424898427690233
706.5 1.386093225810059
707.0 0.7185554012180251
707.5 0.8405141183780156
708.0 0.6529996366384357
708.5 0.7591474684476714
709.0 1.0078557859605275
709.5 1.7069630097623931
710.0 1.2093820192918918
710.5 1.5474573033614538
711.0 0.8265433437785543
711.5 0.7623235881465241
712.0 1.3576601647543844
712.5 1.4752091145651198
713.0 1.848554444356275
713.5 1.4336697583532951
714.0 0.7508662644350572
714.5 1.6016372948213018
715.0 0.6710788992214766
715.5 0.6341880050758142
716.0 0.7113874814536023
716.5 2.563072674876122
717.0 1.160078755142849
717.5 0.8237740132330479
718.0 0.6017230719996849
718.5 0.6339348139120671
719.0 1.2150451172915084
719.5 1.6611502817802428
720.0 3.0181010927755363
720.5 0.6195512641334915
721.0 1.6038027229224407
721.5 0.660619961014025
722.0 0.8079798856883651
722.5 0.5670338959452927
723.0 1.3008235805121031
723.5 1.4463488338716157
724.0 1.5252723526206073
724.5 0.9089780991246719
725.0 0.9672249784835621
725.5 1.780401915593632
726.0 1.1400646732263193
726.5 2.6618421447356813
727.0 1.3066027359569028
727.5 1.5360927685638028
728.0 1.9955775652239007
728.5 1.0550716661638035
729.0 0.6459578130298506
729.5 0.7492370962222437
730.0 0.9272848993441082
730.5 0.8596602145107658
731.0 1.560212889560722
731.5 1.1740172347482574
732.0 2.4282851728400834
732.5 1.2775581835853138
733.0 1.2864755933679493
733.5 1.0820720344240191
734.0 1.7368263499653376
734.5 1.488251775133277
735.0 1.4256900726095476
735.5 0.9870613996722484
736.0 0.696081041600632
736.5 0.914559966278375
737.0 1.1852419563881862
737.5 1.2914816180997546
738.0 1.534922207730588
738.5 0.4776272222794782
739.0 0.8926842511228672
739.5 2.4568262114953887
740.0 0.9831066312248375
740.5 1.06830336292273
741.0 0.669368175353303
741.5 0.7577385016916656
742.0 1.235282447275163
742.5 2.2328606067840426
743.0 0.8596388973902489
743.5 2.2319241601883144
744.0 0.7229203231698385
744.5 1.2096778375048474
745.0 0.7444341830013301
745.5 0.2
746.0 1.3033846512573897
746.5 1.2623387356339686
747.0 1.5553232658103464
747.5 0.6843275256542486
748.0 1.0819326442760642
748.5 1.3960035169359064
749.0 0.36858638205594985
749.5 0.9641781476960746
750.0 1.2804801133594312
750.5 1.4372428168153488
751.0 1.108062486608929
751.5 1.4392048837289497
752.0 1.0612016188613889
752.5 0.6735423036070043
753.0 0.7622109868106743
753.5 1.1625844883061236
754.0 0.819870865049767
754.5 1.1188852191732679
755.0 1.504734498620917
755.5 0.9759670433963652
756.0 0.7743242477424734
756.5 1.28421857214883
757.0 0.9586189185774386
757.5 1.1732464287959214
758.0 1.746661731446892
758.5 0.8029454301877008
759.0 2.180178071427804
759.5 1.1760125871679357
760.0 1.9335121778040933
760.5 0.8612638707919535
761.0 1.2170274344891459
761.5 1.1132772690418584
762.0 1.4738713822889635
762.5 1.5869753392844217
763.0 0.6718930726600916
763.5 1.372680927512218
764.0 1.2901236447596856
764.5 1.114655651422292
765.0 0.7406926189248362
765.5 0.9781283004313612
766.0 1.400581548202958
766.5 1.8545165640477939
767.0 1.8733418487370612
767.5 1.1248987537703932
768.0 0.7098034697090158
768.5 1.016398468648808
769.0 0.6682979482100789
769.5 0.7332020650995383
770.0 1.3114229041167602
770.5 0.8524107641983896
771.0 1.0085433610739463
771.5 1.7657358159062055
772.0 0.8565656199651204
772.5 1.655431412338583
773.0 0.8072079010188191
773.5 0.9620115833665615
774.0 1.1009631676733291
774.5 0.7139220653039318
775.0 0.8349588942825035
775.5 0.7222641606008189
776.0 1.5821714978055623
776.5 0.8903677416956999
777.0 0.8836428280467403
777.5 1.4016314833095307
778.0 1.3651828358530838
778.5 0.6318278419354753
779.0 1.1613618928919964
779.5 1.5587729078899788
780.0 1.7410413400593887
780.5 0.8233829248724419
781.0 1.9661086576661635
781.5 0.610794613186147
782.0 1.416420604552728
782.5 0.848415964190842
783.0 1.3751180184304492
783.5 1.315243295665456
784.0 0.9175139898012548
784.5 0.49645367371743154
785.0 1.3257395397452016
785.5 0.8159258173564605
786.0 1.2053710661630963
786.5 1.5791272290663931
787.0 1.8108650784647338
787.5 1.9319467255563998
788.0 0.9669770101941598
788.5 1.1933841153494578
789.0 0.6159591338544429
789.5 1.4471281820830566
790.0 0.7435631321781848
790.5 1.2596625902318874
791.0 0.990109916304975
791.5 1.257374618474891
792.0 2.0536290549981175
792.5 0.9025064525180193
793.0 0.9109018614089447
793.5 1.0974702658280013
794.0 1.1351402162107973
794.5 0.7500888793489566
795.0 1.8401948096358336
795.5 1.0160049302830068
796.0 0.6641180043659839
796.5 1.678282490813248
797.0 1.0583250483549034
797.5 0.714917914824025
798.0 1.3697067650352466
798.5 1.6400752878748721
799.0 1.122202013546595
799.5 1.2674648578963528
800.0 0.4189305389628759
800.5 0.9551235247441303
801.0 1.1236490994026744
801.5 1.133771453050858
802.0 1.2955970775184564
802.5 1.7472185393859871
803.0 1.26300111632478
803.5 1.8642479148121138
804.0 1.2012420344603632
804.5 1.3971018271989037
805.0 1.3891581959646557
805.5 1.8385467996662104
806.0 0.6777375926763631
806.5 1.5928368513290023
807.0 0.5776823475231533
807.5 0.830934607924892
808.0 0.9895752270524646
808.5 1.9277282462460505
809.0 1.439317388763862
809.5 1.252560211160278
810.0 0.6657334370959569
810.5 1.5253654874097613
811.0 1.9418678376620948
811.5 1.0866319213154054
812.0 1.4796199581344531
812.5 1.4623628844290821
813.0 1.0321244546102153
813.5 1.9312975505792158
814.0 1.5370365229980352
814.5 1.2456393109225439
815.0 1.181100283472024
815.5 1.1636131827553349
816.0 1.1900151871483393
816.5 1.6946146314801733
817.0 0.9815352010092215
817.5 0.5852863305553975
818.0 2.160421655024191
818.5 1.8475074777348532
819.0 1.1083503502883771
819.5 0.8937284937793695
820.0 0.6481930875211892
820.5 1.28092225653172
821.0 0.7644963678481909
821.5 0.8872115596489318
822.0 0.929943489511728
822.5 1.8449272825517076
823.0 1.3078257017646204
823.5 0.7425486042740348
824.0 1.824050467881664
824.5 1.1149989084539018
825.0 0.8065476337767159
825.5 0.8640090963490776
826.0 0.991264984733125
826.5 1.2996813583499511
827.0 0.6231071541854643
827.5 0.806107753379371
828.0 1.0952025854108902
828.5 1.026976499595839
829.0 0.7234340238020405
829.5 1.701398800759104
830.0 1.107725057763682
830.5 0.5087370276474776
831.0 0.4011193906191157
831.5 1.6461676270225094
832.0 0.703726125595776
832.5 1.143024279245267
833.0 0.7963423408197667
833.5 1.2123643348323982
834.0 2.114629315076468
834.5 1.3230515796593059
835.0 0.7752488452570618
835.5 1.7913013080542068
836.0 2.167581555976697
836.5 0.3707972166779865
837.0 1.102140068267954
837.5 0.6244875463882442
838.0 0.7534272464864269
838.5 1.030352840098903
839.0 0.8275987344150897
839.5 0.9981238396102542
840.0 1.6458784961096566
840.5 1.4462090946948372
841.0 1.2062717956428464
841.5 1.3236397353970006
842.0 1.4169891425839134
842.5 1.8106714643591815
843.0 0.8313867296082691
843.5 1.0992244919011933
844.0 1.2577536463083234
844.5 1.2933441755339916
845.0 0.33368939667359965
845.5 0.6731122714030358
846.0 0.7452394886489535
846.5 0.6783493429120071
847.0 1.9065533119673512
847.5 1.135470193083528
848.0 1.7899984196739338
848.5 1.2830605109508268
849.0 1.2466439863683307
849.5 0.4346139552389805
850.0 1.2378358503540008
850.5 0.5805356517727797
851.0 0.9599794465061897
851.5 1.519654314013647
852.0 0.6877149454753969
852.5 1.2194206344526042
853.0 0.9335870433580418
853.5 0.6806200214476895
854.0 1.0699228864403454
854.5 1.6174645669981478
855.0 1.089786471995098
855.5 1.5064293145214522
856.0 1.2660711432671892
856.5 0.5987924276282002
857.0 0.6596478114419249
857.5 1.2578095964742664
858.0 1.9617017041954252
858.5 2.071326150480101
859.0 0.7678376957908235
859.5 1.2106026732018647
860.0 0.6921410470923091
860.5 1.5630533180541248
861.0 0.761492203804875
861.5 0.8544190657856923
862.0 0.9128581882132197
862.5 0.7955071771334234
863.0 1.910360017830284
863.5 0.8135280490138543
864.0 1.3462546407962317
864.5 1.364712838579709
865.0 1.0601571740213656
865.5 0.8722275902840559
866.0 1.50881810088155
866.5 1.3115735099255423
867.0 0.9555938633323036
867.5 0.6276174576241584
868.0 1.4457141842875754
868.5 1.0243132817003404
869.0 1.3845435907491423
869.5 1.016102488075021
870.0 1.528133645649453
870.5 1.1524903040929941
871.0 0.6461917226574226
871.5 1.859767177946047
872.0 1.7651132027774157
872.5 1.122583405006531
873.0 0.9360254183506272
873.5 1.2525939309448924
874.0 1.2399927669326445
874.5 1.1937942340645054
875.0 1.5199376361687342
875.5 1.897600690742485
876.0 1.0864542692680026
876.5 1.726656288225518
877.0 1.0695164201406366
877.5 1.3697257433260495
878.0 1.7210478992909772
878.5 1.6854603072075327
879.0 0.7066737835970187
879.5 1.2712148721797267
880.0 2.3594353682806344
880.5 0.7015683686435803
881.0 0.7208553056155439
881.5 1.2371741308872157
882.0 0.6646421848742338
882.5 1.393607664969065
883.0 0.7924219258943617
883.5 0.6697854186331036
884.0 2.4895256418896734
884.5 1.1800082541306969
885.0 1.2054722307332333
885.5 0.6147536395074839
886.0 0.9633968667182249
886.5 1.1626206335111355
887.0 1.8211264316115512
887.5 1.1639638267280494
888.0 0.9075014666540326
888.5 1.4894801246938527
889.0 0.7017138027859591
889.5 1.0575428990282774
890.0 0.8501809353014547
890.5 1.2226015437573552
891.0 1.0625436697543955
891.5 2.2041038104605235
892.0 1.3339221121389353
892.5 0.7483945530492551
893.0 1.1942153986288218
893.5 1.1524241973987535
894.0 1.2784615762098133
894.5 1.0727039587712484
895.0 0.8356719330482476
895.5 0.85647098178144
896.0 0.985151992597076
896.5 0.9149115625878095
897.0 1.973727911966375
897.5 1.1312369861804832
898.0 1.4359814253185808
898.5 0.838054299981948
899.0 0.8665993544635556
899.5 0.7825565512085737
900.0 1.8195675914412395
900.5 0.9002963671646778
901.0 1.2226004296522577
901.5 0.7434747251419092
902.0 1.4683056504607583
902.5 1.2517179185252711
903.0 1.646964758842528
903.5 1.7630078762709576
904.0 1.600309551119764
904.5 1.7549237681809182
905.0 2.7911077008856338
905.5 0.8524193357853764
906.0 1.1973956313355347
906.5 1.490331542538113
907.0 1.3557323047133971
907.5 1.5174504611388913
908.0 1.8376676661338842
908.5 0.9822448750680552
909.0 1.8632560518339911
909.5 2.366403177484847
910.0 1.3257136893264345
910.5 1.0679218173647027
911.0 1.2213238781668665
911.5 0.6042710041951105
912.0 0.7454857437749989
912.5 0.8942339214363496
913.0 1.0961995906208581
913.5 1.3257689770596481
914.0 1.7822128123050076
914.5 0.5920951886056626
915.0 1.6473213723575735
915.5 1.8286176793127062
916.0 1.8712453655900372
916.5 0.32787393603921866
917.0 0.9007729948174854
917.5 0.6837196678336628
918.0 1.3555889907823815
918.5 0.6882446422036669
919.0 1.2525814233626664
919.5 0.9131219244886354
920.0 0.7472740860720615
920.5 1.3197139450708564
921.0 1.0035844366197675
921.5 0.8566730618398255
922.0 1.5066688096930219
922.5 1.7883697524852091
923.0 1.524199365479945
923.5 1.0527198745579387
924.0 0.7294769883099682
924.5 1.0145622655103885
925.0 1.1837090101657797
925.5 1.138055906558756
926.0 0.7825118511117983
926.5 1.2918839041882597
927.0 0.8325536882822803
927.5 1.6509297011222617
928.0 1.0248397312819528
928.5 1.3130377099658181
929.0 0.7043887128970119
929.5 0.9226843364073214
930.0 0.7795246235051299
930.5 0.7163642015853178
931.0 1.1534388204637511
931.5 2.005358843308544
932.0 0.7618021013293372
932.5 1.5704503642979897
933.0 1.27928907715408
933.5 0.7635583912595829
934.0 0.7912201860701843
934.5 0.9555623750173553
935.0 0.2823684778168523
935.5 0.8460713623502807
936.0 0.5815926018249964
936.5 0.9956148698919416
937.0 0.9768661475413281
937.5 0.7763615478262064
938.0 1.9017267679291863
938.5 1.1537697056410963
939.0 0.6916533743696727
939.5 1.957609490782855
940.0 1.1763625467504426
940.5 1.6723931438817625
941.0 1.2315779421588402
941.5 1.9125884021117496
942.0 0.8639355726919153
942.5 1.62638635347774
943.0 1.0441448073912587
943.5 1.786406689169736
944.0 1.9048960691658259
944.5 0.8520282378762323
945.0 1.7322754831227827
945.5 1.8471521335289613
946.0 0.8399963675102804
946.5 0.8210293251566096
947.0 0.7593975499381613
947.5 1.6966877465745065
948.0 1.5161969069971701
948.5 0.9259412248140447
949.0 0.7004477119548084
949.5 1.0796955545043518
950.0 0.7699922087028697
950.5 0.7791519403990401
951.0 1.408289279424845
951.5 2.3544688469936097
952.0 1.0326623952275074
952.5 0.771147288213652
953.0 0.6703877232336308
953.5 1.768587011278305
954.0 0.8575066398774729
954.5 0.7072941706508016
955.0 0.898223504938765
955.5 0.6150290002415654
956.0 0.7085376214090549
956.5 0.7373330601232053
957.0 0.8403926856051122
957.5 0.9623515946339718
958.0 0.6255620578973093
958.5 1.328525410000639
959.0 1.8136571398662666
959.5 0.9382562977851658
960.0 0.993187138445855
960.5 1.5840115696677444
961.0 0.720866369702593
961.5 1.2378892577720197
962.0 1.4228333017568107
962.5 1.2688560847072163
963.0 0.503154598113465
963.5 1.5332141683690015
964.0 1.768041593185489
964.5 0.6279731579743005
965.0 1.3669865861900898
965.5 1.215492442939385
966.0 0.8166814670453777
966.5 0.9668162690382986
967.0 0.7135598492830071
967.5 0.9406445109247654
968.0 0.758047739131989
968.5 1.0136505585992925
969.0 0.7338909710936672
969.5 1.3576985571701075
970.0 1.6834075474169001
970.5 0.8468338942306565
971.0 1.3408219692896988
971.5 1.101337731887322
972.0 1.5057356608964751
972.5 1.0648703214157185
973.0 1.7733529385822075
973.5 1.0791105972196133
974.0 1.4395331981034847
974.5 1.0620694054488276
975.0 0.9747831318979838
975.5 2.006712518269185
976.0 1.3367339233851052
976.5 1.2762024738960964
977.0 2.102688599678428
977.5 1.252779166593223
978.0 0.8221094975170463
978.5 1.6452801464524152
979.0 1.002925876448221
979.5 1.169685677950823
980.0 1.1002813344219906
980.5 1.5736606435197136
981.0 1.4581717586729428
981.5 1.4679127966872882
982.0 0.9540688652591887
982.5 0.8516438205499386
983.0 0.8871072724587832
983.5 1.8885863303294987
984.0 0.7953873143253254
984.5 1.2705690497750406
985.0 0.5520518732478976
985.5 1.1314693617362344
986.0 0.7273061026132852
986.5 0.7292253470337655
987.0 1.52494656169518
987.5 1.554941254625582
988.0 0.7352064064510238
988.5 1.5469308499917047
989.0 0.8150881190095388
989.5 1.9110235808193308
990.0 1.7234701317313044
990.5 1.3320613302394302
991.0 1.2291250898996708
991.5 0.7701413816020598
992.0 0.9406330915326905
992.5 0.783249436953507
993.0 0.9744489173921125
993.5 2.1767241126744556
994.0 1.207485535990743
994.5 1.2911949300190224
995.0 1.0442559548846664
995.5 0.9429847792953707
996.0 1.4578698871904807
996.5 0.8035784769102019
997.0 1.6901198325721811
997.5 1.8075081216860183
998.0 1.0933533772912056
998.5 0.5361540763011949
999.0 1.8310879926600792
999.5 0.5428132022653687
1000.0 0.9519944244529444
1000.5 0.8790240718749067
1001.0 0.9631937611129746
1001.5 1.0650511168170071
1002.0 2.7158859138133575
1002.5 1.109551348075974
1003.0 1.3034168646465671
1003.5 1.482294003962203
1004.0 0.7200643773218627
1004.5 1.375246848874534
1005.0 0.8265862897527098
1005.5 0.8153322120322495
1006.0 1.9504444860125645
1006.5 0.7313984719457375
1007.0 0.5878668432713822
1007.5 1.2759117828916344
1008.0 1.0706263049850708
1008.5 0.9723582475383183
1009.0 1.3876193181695196
1009.5 0.8929269657551921
1010.0 2.0702895626986866
1010.5 1.2894594275006677
1011.0 2.3138773791667773
1011.5 0.9308719893844384
1012.0 0.6999413145941552
1012.5 0.9779039484012362
1013.0 0.8568554701716729
1013.5 1.3070471905545364
1014.0 1.4248270194089434
1014.5 1.6081919701856435
1015.0 1.0384581479820436
1015.5 1.786650435051437
1016.0 1.5843646542809458
1016.5 2.9285507965678512
1017.0 0.9143959950046063
1017.5 0.6996406604183436
1018.0 1.1397890537479543
1018.5 1.23824868183948
1019.0 0.5869485200792268
1019.5 1.275245899038016
1020.0 0.8128497587900536
1020.5 1.0373241353469729
1021.0 2.196528658085466
1021.5 0.6771939668685534
1022.0 1.414234719650044
1022.5 0.7500416633222833
1023.0 1.5795423172774918
1023.5 2.5677164907752683
1024.0 1.3284599670465222
1024.5 0.9927795683019378
1025.0 0.9124866621972803
1025.5 1.3160992941339753
1026.0 1.0317058733448614
1026.5 1.3717632317837274
1027.0 0.5462817905509187
1027.5 0.7321856638979154
1028.0 0.932044784731251
1028.5 1.1887827315524249
1029.0 1.0307636400296016
1029.5 0.9164645442568233
1030.0 1.008510837190821
1030.5 0.609739375192715
1031.0 1.6250714913102937
1031.5 1.1509936335216904
1032.0 0.8289042331074564
1032.5 1.33762823252752
1033.0 2.102280513188061
1033.5 0.8235120866016186
1034.0 0.6258177554159137
1034.5 1.0562305087509332
1035.0 1.7351831846041654
1035.5 1.5442856529074631
1036.0 1.0475656591751739
1036.5 0.7752261580250857
1037.0 1.2948227021510434
1037.5 1.0137224132683886
1038.0 1.5326228836420217
1038.5 1.5337021101840584
1039.0 0.6006181842543188
1039.5 1.4998417724533333
1040.0 1.9275087534031483
1040.5 1.198986362590833
1041.0 1.2281029716536414
1041.5 1.0836357115208162
1042.0 0.7265558404784346
1042.5 0.9261560809890319
1043.0 1.6739173505804272
1043.5 0.8927497942513003
1044.0 1.186287579144105
1044.5 0.7233252145767356
1045.0 1.731918231596623
1045.5 0.7341380842273386
1046.0 1.3038543288534843
1046.5 0.5257762545462635
1047.0 1.3696322252381592
1047.5 1.0999877602665828
1048.0 1.1599965969232868
1048.5 1.3271677430857052
1049.0 2.4289829441481925
1049.5 1.2095572143565534
1050.0 0.9992922151036908
1050.5 0.6577496368499995
1051.0 0.524148286308323
1051.5 1.8992779623472078
1052.0 1.4955462430655853
1052.5 1.0399805361313779
1053.0 0.6266441278904519
1053.5 1.8836313707648549
1054.0 0.6239758301778141
1054.5 0.753953467629598
1055.0 1.9919752135310516
1055.5 0.7038887879300906
1056.0 1.1985620337120748
1056.5 1.753510253616473
1057.0 1.7393681090688176
1057.5 0.9990654663999194
1058.0 1.6372086256373628
1058.5 0.9666985081275314
1059.0 1.0538725054104456
1059.5 0.8237077856527109
1060.0 0.81581828508383
1060.5 0.8481023296097594
1061.0 1.2658452916265426
1061.5 1.064478223801855
1062.0 0.8150842822149749
1062.5 0.9727999845161135
1063.0 1.5335267848198975
1063.5 0.4575170616568145
1064.0 0.5462051846386575
1064.5 1.6153736352111214
1065.0 0.6535773754881624
1065.5 1.5001818310517787
1066.0 0.48263283236836074
1066.5 1.712959631074611
1067.0 0.9708207066934907
1067.5 1.5755958211188132
1068.0 0.9592930152162185
1068.5 1.4873471680253187
1069.0 0.8518683033840763
1069.5 1.4187556454939685
1070.0 0.9824387766074048
1070.5 0.8327711557829458
1071.0 1.9718371010502538
1071.5 0.8621131256100893
1072.0 0.8388058958280763
1072.5 2.2868513718590227
1073.0 1.4414729486757725
1073.5 1.7724246278083182
1074.0 1.0168320405141638
1074.5 1.0678445503619944
1075.0 1.7143254037651885
1075.5 1.4168145336061397
1076.0 1.5565271725258185
1076.5 0.8597207125743888
1077.0 1.213919036253414
1077.5 1.0853343256616814
1078.0 1.0802063382891687
1078.5 0.960697635831151
1079.0 1.2024492028257612
1079.5 0.6483727559183408
1080.0 1.665456844015257
1080.5 1.7322751050869263
1081.0 0.8757804104833236
1081.5 1.250850796215333
1082.0 0.7611090623087686
1082.5 1.0303101262423247
1083.0 2.449703871034963
1083.5 1.8666709630440403
1084.0 1.2225926582599334
1084.5 1.2694550923234897
1085.0 1.7620786433700135
1085.5 1.806561320119128
1086.0 0.2750969892121107
1086.5 1.0834441520467033
1087.0 2.2333627429704745
1087.5 1.3386443166552464
1088.0 0.8448714958187897
1088.5 0.7089558939996514
1089.0 1.4651914195004443
1089.5 0.968337934775739
1090.0 1.5397669827369938
1090.5 0.8412674454081397
1091.0 0.9621307175192207
1091.5 1.8190568574043313
1092.0 0.8651121847046156
1092.5 1.459268190924246
1093.0 1.5808964150719065
1093.5 2.0783255946419414
1094.0 1.989606907270613
1094.5 0.7745265708373417
1095.0 1.3089194987837656
1095.5 0.8670180412689179
1096.0 0.7484400337629096
1096.5 1.5795739198705698
1097.0 1.467583649517434
1097.5 0.597110345206009
1098.0 0.8171390415458439
1098.5 0.8231128855414005
1099.0 0.8486583727202641
1099.5 0.7761985975751515
1100.0 1.210871272145729
1100.5 1.77636609621786
1101.0 1.0306552605021573
1101.5 2.027116172563063
1102.0 0.9656802281145498
1102.5 0.7495434601864179
1103.0 1.1214927579746894
1103.5 1.5903740790396172
1104.0 0.8365012249301222
1104.5 1.2509477586131692
1105.0 1.559761091572074
1105.5 0.8021138761458912
1106.0 0.7072034572481088
1106.5 1.1205114603176676
1107.0 1.3031933081045728
1107.5 1.665672962189215
1108.0 0.7180572851527679
1108.5 0.6164708877633952
1109.0 1.4576052147334764
1109.5 1.3057552316150614
1110.0 1.1152467121859966
1110.5 0.6551585366559305
1111.0 1.2203243214695019
1111.5 0.7651483425149025
1112.0 1.5288929091783827
1112.5 1.3699408254161782
1113.0 0.5099547126364549
1113.5 1.8788167183820526
1114.0 0.8414391177211948
1114.5 0.7663251895320974
1115.0 0.9097469111024484
1115.5 1.3083033626700984
1116.0 0.9188622004072609
1116.5 1.9645004842702878
1117.0 1.363646901230627
1117.5 0.8120818216682508
1118.0 1.2265987751409269
1118.5 0.8944797438891942
1119.0 1.4510914034458926
1119.5 0.8652292049504373
1120.0 0.25514946596964116
1120.5 2.2541129302749034
1121.0 0.7598807040070653
1121.5 0.7555808709525628
1122.0 0.7620669091806874
1122.5 1.4358515585344764
1123.0 1.7708476922508571
1123.5 2.6705833727737667
1124.0 2.2047998950769943
1124.5 1.862783164196387
1125.0 1.3829717002195019
1125.5 2.1671444326545926
1126.0 0.8515213678524214
1126.5 0.8277555994467571
1127.0 0.7796154606153933
1127.5 0.5704976708696017
1128.0 1.772715540016421
1128.5 0.9171050232963438
1129.0 0.6827193802989233
1129.5 0.7265240325042646
1130.0 1.0696114445053997
1130.5 1.6901119157925755
1131.0 0.6639366115105934
1131.5 1.1746062098897536
1132.0 1.4770441243391943
1132.5 0.5885209849795117
1133.0 0.9288463721456167
1133.5 1.4304792353078368
1134.0 2.0249029309645863
1134.5 0.8401036000846307
1135.0 0.2
1135.5 0.8777690588226815
1136.0 0.5088853611616817
1136.5 1.6570866276140799
1137.0 1.5196975216019348
1137.5 2.2099411891036613
1138.0 1.113941715281591
1138.5 1.6403877871800934
1139.0 1.40122275495774
1139.5 1.0986460905291342
1140.0 0.6615545329282062
1140.5 1.0059773285864129
1141.0 1.4566898256563074
1141.5 0.722861610201902
1142.0 1.067248519203161
1142.5 0.9044145991562702
1143.0 2.0388099708175176
1143.5 1.0631369954067529
1144.0 0.7618398585451851
1144.5 0.9455833124953099
1145.0 0.5524094853991769
1145.5 0.710252511169573
1146.0 1.3866824251587782
1146.5 2.487559704206291
1147.0 0.9536345220358204
1147.5 2.096822023508953
1148.0 1.1870458675386129
1148.5 0.8895878801294781
1149.0 0.23348086623791625
1149.5 1.3084058944786015
1150.0 1.3188531907006777
1150.5 0.5722762533785658
1151.0 1.1407857411374767
1151.5 0.8926870548653794
1152.0 1.3117702071643473
1152.5 0.4188958500858637
1153.0 0.77427354657041
1153.5 1.1985876983684827
1154.0 1.5573863198956688
1154.5 1.5571589479556103
1155.0 1.5770669910067774
1155.5 0.7113078522522626
1156.0 1.4941724356426969
1156.5 1.9204456069085272
1157.0 0.8308202217368239
1157.5 2.2853068757419677
1158.0 1.5338640062635314
1158.5 0.9614218451367786
1159.0 1.841382197491342
1159.5 1.2948459476664165
1160.0 1.1961412290978448
1160.5 1.1825124910010811
1161.0 1.1244595323804685
1161.5 1.1721685335361909
1162.0 0.7991738590299449
1162.5 1.467934780441298
1163.0 1.064351912328369
1163.5 0.6995890337397741
1164.0 0.7928677445992993
1164.5 0.7744653074231929
1165.0 0.7325201679466471
1165.5 2.142392668782816
1166.0 0.5491182324356935
1166.5 1.946526073132154
1167.0 1.2551536773655592
1167.5 0.3674629413478262
1168.0 0.9977099044987496
1168.5 1.451214542117342
1169.0 0.9850559504810545
1169.5 0.9359201396304961
1170.0 1.585598338334731
1170.5 0.8336583740640587
1171.0 1.3355409163408147
1171.5 1.25344654052793
1172.0 0.6782556488226541
1172.5 1.8429808162657602
1173.0 0.9330632068441822
1173.5 1.8838315472867462
1174.0 1.9550846848070595
1174.5 1.9670881108857383
1175.0 1.0254810484609793
1175.5 0.8065632871874235
1176.0 1.1426662411806028
1176.5 1.2391811807753894
1177.0 1.6715489478651437
1177.5 0.8928577504444142
1178.0 1.2485175678536622
1178.5 1.5075420470162917
1179.0 1.3899892106045144
1179.5 0.6720645183039089
1180.0 1.3740149224459821
1180.5 1.2138841232672508
1181.0 1.5060043680597457
1181.5 1.2279266751713078
1182.0 0.9635320066694992
1182.5 0.8942799328847095
1183.0 1.112090953913781
1183.5 1.4268804991983903
1184.0 0.8381144023020598
1184.5 1.0851578681813154
1185.0 0.511815156218884
1185.5 1.5160139714388303
1186.0 1.4324545710219003
1186.5 1.2253979339954015
1187.0 0.647566341038902
1187.5 1.1941188492555037
1188.0 0.5849917233262448
1188.5 1.0310866546605009
1189.0 0.6433301038160794
1189.5 1.3185095620595408
1190.0 1.8837651759177216
1190.5 1.5543647487083871
1191.0 0.7130747960970821
1191.5 1.007780828689638
1192.0 1.0844851665429267
1192.5 0.7152936328740233
1193.0 0.8927477143383122
1193.5 0.5725011858270832
1194.0 1.4514079850903798
1194.5 0.7190868554951844
1195.0 0.6094868154463574
1195.5 1.4605222297287326
1196.0 1.279077190481044
1196.5 1.0587537757966474
1197.0 2.0208281791456915
1197.5 0.5977195891074979
1198.0 1.0605867706502807
1198.5 0.7197517368506781
1199.0 1.9022457732298823
1199.5 1.4285038715153489
1200.0 0.7989664518196024
1200.5 0.8047353076935885
1201.0 1.2882518265294984
1201.5 1.6504448578080375
1202.0 0.8171561180039775
1202.5 0.7631425966888896
1203.0 0.751859969898163
1203.5 0.6647262127984297
1204.0 1.407410049723417
1204.5 2.160153626745195
1205.0 1.2003996933116874
1205.5 0.8664179339769391
1206.0 0.8739092630844317
1206.5 1.8403339584876859
1207.0 1.0266231624572548
1207.5 1.9265912977773696
1208.0 0.9776479710826858
1208.5 1.048336306577281
1209.0 0.7240895092038293
1209.5 2.0219937525829073
1210.0 1.2244597974427915
1210.5 0.7963193370870532
1211.0 0.7986424644347319
1211.5 0.7863171378760028
1212.0 0.7372250775349967
1212.5 1.5076706368956048
1213.0 0.9237812737829414
1213.5 1.0680166470703059
1214.0 0.7301826157006865
1214.5 2.2459967605422544
1215.0 0.46001376477077394
1215.5 1.1372439705342199
1216.0 2.0646524154323966
1216.5 1.2179212454613095
1217.0 1.4233044027861657
1217.5 1.0198913487931909
1218.0 1.7351855681812025
1218.5 2.002011093552972
1219.0 1.134311101557743
1219.5 1.2167869930647552
1220.0 0.9266632220071587
1220.5 2.2153882554908266
1221.0 0.44228038080802645
1221.5 1.0552704364977599
1222.0 0.8615561770663065
1222.5 0.9385768484907063
1223.0 1.586154561009422
1223.5 1.0188909621389481
1224.0 1.4516218370307965
1224.5 0.9337283987439504
1225.0 0.8038431930523302
1225.5 1.0676414009026445
1226.0 1.612331812590149
1226.5 0.7103936035323939
1227.0 1.1187536386027555
1227.5 1.4387469234195391
1228.0 2.256506511164185
1228.5 0.7280619198672942
1229.0 1.2083521203527225
1229.5 1.3140511597850617
1230.0 1.8881433073853646
1230.5 0.9877593671189222
1231.0 1.5417416313250307
1231.5 1.0377937557769785
1232.0 1.0440703948364536
1232.5 1.9475385043072069
1233.0 0.8771118696325688
1233.5 1.295122896496566
1234.0 1.3451867504384432
1234.5 3.1021929421370924
1235.0 0.9249419158226421
1235.5 1.8147548538541436
1236.0 1.1500880774944107
1236.5 0.6375620638248967
1237.0 0.8245261082409934
1237.5 0.8807782574309128
1238.0 0.9099564165727357
1238.5 1.2051949943653142
1239.0 0.9127050023680319
1239.5 1.4565118395358119
1240.0 1.1218639060779316
1240.5 1.0360796313300498
1241.0 0.7935170785867831
1241.5 0.9652162695631032
1242.0 0.7652864302828528
1242.5 0.8873425004438156
1243.0 0.7540151584411775
1243.5 0.838675817326697
1244.0 0.8248312534443873
1244.5 1.6908236127749479
1245.0 0.9746422643233821
1245.5 1.2940452916206096
1246.0 0.5875797997635881
1246.5 1.221804148525022
1247.0 1.8887274009283699
1247.5 1.4684894330770282
1248.0 1.154633210540518
1248.5 0.7577251890162613
1249.0 0.867263841215539
1249.5 0.8603691899549284
1250.0 1.003532703773919
1250.5 1.7107075804890006
1251.0 1.2831390374857752
1251.5 1.7937784581666305
1252.0 0.893687876830889
1252.5 1.5332135847883068
1253.0 0.8666254307481278
1253.5 1.148995836513995
1254.0 0.9448989589301404
1254.5 0.877958409737412
1255.0 1.670335457266722
1255.5 2.23744984733328
1256.0 1.4822672614199766
1256.5 0.9180506487828456
1257.0 1.0157764226552806
1257.5 2.6998616325494655
1258.0 1.3611450508378564
1258.5 1.2969909103891994
1259.0 1.0601242294515945
1259.5 1.0561372047274507
1260.0 1.7398218372899055
1260.5 0.750860209559636
1261.0 1.1211181666883676
1261.5 1.4528107244960422
1262.0 0.9278916714815013
1262.5 0.6754673029979953
1263.0 1.1442863693969696
1263.5 1.1619870382738622
1264.0 1.768581004436051
1264.5 1.2634561943200233
1265.0 0.9745807291775641
1265.5 0.9749207213934463
1266.0 0.6813704289381842
1266.5 1.2570351819696044
1267.0 0.7056456890479714
1267.5 1.394393765330154
1268.0 0.8992835851856024
1268.5 0.6048539455961277
1269.0 0.9852126682801384
1269.5 1.1262542376753542
1270.0 1.342778016628369
1270.5 0.7885935819109848
1271.0 0.7409524610165674
1271.5 2.252855205525953
1272.0 0.8981727066528296
1272.5 0.9722381369763835
1273.0 1.539686438181102
1273.5 1.0677331305944153
1274.0 1.1523812943158618
1274.5 1.6079450511288194
1275.0 1.5617947465824051
1275.5 1.7571307196225994
1276.0 1.208745884841632
1276.5 1.3500701963485118
1277.0 0.7863207974757489
1277.5 1.4338524579887941
1278.0 1.604595779833822
1278.5 1.4624163041741505
1279.0 0.8039771691786803
1279.5 0.7512036879580446
1280.0 0.750080340394019
1280.5 1.2384181944586596
1281.0 0.6600050101044811
1281.5 1.5806997384002826
1282.0 1.4798116507013592
1282.5 1.2216357901690773
1283.0 0.8184682102736027
1283.5 1.077015484127361
1284.0 1.6251578033870095
1284.5 0.7867868167610306
1285.0 1.5181967291627383
1285.5 2.121053303709173
1286.0 0.6698025261964323
1286.5 0.6151776964348431
1287.0 1.4917323235974114
1287.5 0.8026647156412199
1288.0 0.6881541843784196
1288.5 2.3178833573158695
1289.0 0.8833716427706932
1289.5 0.6974355828200905
1290.0 1.914990878773256
1290.5 0.8676336391285625
1291.0 1.3038654255485405
1291.5 1.1959738019069412
1292.0 1.7654597049394174
1292.5 0.9473244352502028
1293.0 1.4198359807625107
1293.5 1.3433501321790184
1294.0 1.173661053473379
1294.5 1.2446839757836288
1295.0 0.9266272764478038
1295.5 1.1665876853056587
1296.0 1.0146245978959367
1296.5 1.524799284081189
1297.0 0.9596624386755785
1297.5 0.8194442369399539
1298.0 1.246375419510323
1298.5 0.7355671072150998
1299.0 1.0137154725094266
1299.5 0.5426729494294549
1300.0 0.8090038707171736
1300.5 0.9945623175675873
1301.0 1.4975850894790836
1301.5 0.9992391943398045
1302.0 2.6390080626459564
1302.5 1.4010184718451342
1303.0 1.2301330537658293
1303.5 1.901652334537464
1304.0 0.9036423091905031
1304.5 0.8329326557802419
1305.0 1.2626922899174575
1305.5 2.099619747083348
1306.0 1.7639392835104504
1306.5 1.546239834751335
1307.0 1.47333241934837
1307.5 1.5274227998203918
1308.0 1.1507784813146684
1308.5 1.2420556560829792
1309.0 1.2212346839056438
1309.5 1.241516128753086
1310.0 1.3474149779603668
1310.5 1.5273439854954733
1311.0 0.8098003316292917
1311.5 1.9252331439669268
1312.0 0.9694454022810015
1312.5 1.715810345033617
1313.0 0.6124529884197676
1313.5 0.24838922850470158
1314.0 1.0906874028530658
1314.5 1.2274326310261787
1315.0 1.0825513083408707
1315.5 1.6828099820743785
1316.0 2.243372740832991
1316.5 0.6430530235996006
1317.0 1.4243536782510704
1317.5 1.2777388604182573
1318.0 0.9156434808778828
1318.5 0.6533864890442302
1319.0 1.413636348507195
1319.5 0.5890866579439133
1320.0 1.6598601025175177
1320.5 1.461387509386391
1321.0 1.1688590449669343
1321.5 1.1425294204555814
1322.0 1.472777425630829
1322.5 0.7964033296105821
1323.0 1.0597305307604616
1323.5 0.8910973830896355
1324.0 1.5016754623488233
1324.5 0.6243913537726908
1325.0 1.5111107442923413
1325.5 0.8933092877064042
1326.0 0.8171680925812888
1326.5 1.5562071290096093
1327.0 1.157719719318612
1327.5 1.674652929255902
1328.0 1.5176800732512092
1328.5 2.187016219900023
1329.0 1.0428638911079895
1329.5 0.9256051111962055
1330.0 1.525550302570128
1330.5 2.4028734741053634
1331.0 1.2700512335315781
1331.5 1.121715229612737
1332.0 1.098817192295277
1332.5 0.8469595176455672
1333.0 0.654032228503482
1333.5 1.091261026759507
1334.0 2.884258093729032
1334.5 1.343970579925732
1335.0 0.809435418159683
1335.5 0.9853150607938588
1336.0 1.6164792090946263
1336.5 1.3937977083870674
1337.0 1.0144870022376111
1337.5 2.1941311150489464
1338.0 0.8681282302195302
1338.5 1.0757529395848622
1339.0 1.4265624353863966
1339.5 0.8598256690547867
1340.0 1.061725041693748
1340.5 1.8128941742057254
1341.0 1.304633037457621
1341.5 1.7396028808661885
1342.0 0.2
1342.5 0.8795404886003514
1343.0 1.3381450987807226
1343.5 1.3433601311876684
1344.0 0.3901789032299807
1344.5 0.959685651366959
1345.0 0.807156172269077
1345.5 0.7494422957476743
1346.0 1.6801088866027285
1346.5 2.0157625143863696
1347.0 0.9332385763135166
1347.5 0.9191402597264712
1348.0 1.1599887866353522
1348.5 0.7311970137800667
1349.0 1.4851329559241173
1349.5 1.8405142712683287
1350.0 1.2458656122689669
1350.5 2.0462439998300885
1351.0 0.52240918766379
1351.5 1.3322424391460959
1352.0 0.5964575618871523
1352.5 1.4516927233962083
1353.0 1.6000425409895969
1353.5 0.6441253542025038
1354.0 2.4004631059875146
1354.5 0.270825928367624
1355.0 2.047429218065576
1355.5 1.4003803348610837
1356.0 0.7190996314546987
1356.5 1.5134229141558164
1357.0 1.3720110615383536
1357.5 1.2526799519312695
1358.0 0.8486830620441457
1358.5 0.7519742056121923
1359.0 1.657433461452031
1359.5 1.1975551379363996
1360.0 1.5308417005804715
1360.5 1.0640463567934166
1361.0 1.4310011945016723
1361.5 0.8293712449487358
1362.0 0.7782512636618597
1362.5 2.2283288150497715
1363.0 0.933632758638484
1363.5 2.1103433510582974
1364.0 0.6445219326731806
1364.5 2.202691303695185
1365.0 2.215089143743679
1365.5 2.0314490719077316
1366.0 0.7657970067510642
1366.5 1.426526790739835
1367.0 0.6310573376231317
1367.5 1.1224068609851308
1368.0 0.99951135193429
1368.5 0.8112878723623025
1369.0 1.2699008040936972
1369.5 0.3585804648181576
1370.0 1.4833253137417146
1370.5 0.9780892973918247
1371.0 1.753790751017081
1371.5 0.9935434028949968
1372.0 0.8097258842588864
1372.5 0.7878863472757509
1373.0 0.9051230963568522
1373.5 1.3191822744255146
1374.0 1.4284593148519238
1374.5 0.9110041773339014
1375.0 1.3659852092318083
1375.5 0.7433895045573016
1376.0 0.6354912970001185
1376.5 0.7113016619594228
1377.0 1.61748186892617
1377.5 0.5760857873575025
1378.0 1.4605858076302847
1378.5 0.6645280726902727
1379.0 0.7940131928732197
1379.5 2.010823896912292
1380.0 0.57721724901584
1380.5 1.3118725818186543
1381.0 1.415540969443989
1381.5 2.559054542251067
1382.0 1.3498058388902083
1382.5 1.4323784208529138
1383.0 1.4422051910859233
1383.5 1.4493044803985646
1384.0 1.3947018932198274
1384.5 0.7995614075002548
1385.0 1.8999756735588078
1385.5 1.434828374804654
1386.0 1.204377886794994
1386.5 1.9303736151251318
1387.0 0.8071311357879967
1387.5 0.6338966011473146
1388.0 0.91252304306717
1388.5 1.3349505641657007
1389.0 1.2033980203365147
1389.5 1.645891363980697
1390.0 1.23994073998807
1390.5 1.0591451974447148
1391.0 1.3401475230494575
1391.5 1.353988292673767
1392.0 1.4352551158920788
1392.5 1.273045303695771
1393.0 1.5096871175587538
1393.5 1.4426334426264036
1394.0 0.7615594790637253
1394.5 1.4103494231678284
1395.0 1.3309294839023693
1395.5 1.2910913648863018
1396.0 1.030308268425018
1396.5 1.3475241941718452
1397.0 1.797902831035247
1397.5 1.7475020631896196
1398.0 1.0188556287319184
1398.5 0.7586854361485655
1399.0 0.5268014850278994
1399.5 1.396976666575077
1400.0 1.16104652892019
1400.5 1.1448909541330594
1401.0 1.4618214959401001
1401.5 2.189426008023248
1402.0 1.3167535355973823
1402.5 0.7503498924165907
1403.0 0.5593767108354661
1403.5 1.1615925682725234
1404.0 0.9316213265739018
1404.5 0.8492024168397169
1405.0 1.3756325534556941
1405.5 1.3478816396958035
1406.0 2.670212382411102
1406.5 2.0942796514273807
1407.0 1.311405719753298
1407.5 1.4218791705787965
1408.0 1.6822429058361212
1408.5 0.4754681171398665
1409.0 1.5823309283316314
1409.5 0.8177750303947999
1410.0 1.8342756245620977
1410.5 1.6818004764126215
1411.0 0.7509268932724045
1411.5 1.4294183362037098
1412.0 1.1406974360248912
1412.5 0.8304714087979836
1413.0 1.012768810220591
1413.5 1.3859904377921353
1414.0 0.8798517086010752
1414.5 0.7058302540998871
1415.0 0.902702946762928
1415.5 1.6058944860682511
1416.0 0.8774093624445476
1416.5 1.2112750259404843
1417.0 1.7887140232351537
1417.5 0.7102453034174842
1418.0 1.6753352296729793
1418.5 1.5956328292919035
1419.0 1.4640925988617153
1419.5 1.2664467157910906
1420.0 0.8585207929806543
1420.5 1.3850371537261457
1421.0 1.578293282499088
1421.5 1.677029130647637
1422.0 0.6571425827767395
1422.5 0.9050871899656612
1423.0 0.6446161320059755
1423.5 0.8501141395949646
1424.0 1.4785184989583677
1424.5 1.2784326630909093
1425.0 0.5930639362136912
1425.5 1.5030704198569134
1426.0 0.26307941867790285
1426.5 1.3008389736205659
1427.0 1.0373598068680614
1427.5 1.026498310225084
1428.0 1.1001118634705938
1428.5 0.7024294240193198
1429.0 2.036153711745283
1429.5 1.818533081381387
1430.0 1.092405614935107
1430.5 0.9627968787679728
1431.0 1.287984131363051
1431.5 0.5427721147395843
1432.0 0.5045942792657427
1432.5 1.6652432710947103
1433.0 1.4385717059418397
1433.5 2.2429271248377547
1434.0 0.8831952378863518
1434.5 1.0909875868623384
1435.0 0.8127869881789145
1435.5 1.480583978197218
1436.0 0.5584011277687073
1436.5 0.7550085018127295
1437.0 0.9878974281092389
1437.5 1.1837932019198238
1438.0 1.3899717690154536
1438.5 0.7790376727558191
1439.0 1.3030164395553663
1439.5 0.89188332506741
