0 1.319230814425408
0.5 1.4725335030637807
1.0 1.0533379301561683
1.5 1.0583572535465526
2.0 1.803750053076769
2.5 1.0353769921208182
3.0 1.6184273629092396
3.5 1.4851166808684764
4.0 1.7479020868635988
4.5 1.3628804236184422
5.0 0.8458349120038746
5.5 1.3289212129284314
6.0 0.9163258575379742
6.5 1.0091881762583172
7.0 1.0277092486527146
7.5 1.1503030441009585
8.0 0.7825969777014735
8.5 1.3205610013683309
9.0 1.0015099282317168
9.5 1.4861947691012185
10.0 0.96380433390739
10.5 1.0763882630997532
11.0 1.2576913156119507
11.5 0.9434830931954722
12.0 0.8583245581197427
12.5 0.8208798915694009
13.0 1.0916799347527357
13.5 0.9547211776209287
14.0 1.0389289664334476
14.5 1.1637552153392332
15.0 1.1957161030378964
15.5 0.5969051901296966
16.0 1.1328405236478436
16.5 0.5471734765678875
17.0 0.8720489882900045
17.5 0.6597915072812917
18.0 0.8671403908472697
18.5 1.7956112851669705
19.0 0.8989603010552609
19.5 1.7930125325171251
20.0 1.5516237114635443
20.5 1.626595280049904
21.0 1.5222687487706694
21.5 0.6450527268013626
22.0 2.0474105841950427
22.5 1.3234219347311442
23.0 1.4653402919629945
23.5 0.6901143885879943
24.0 0.6336423111466623
24.5 1.1886231293583602
25.0 1.0023539750952484
25.5 0.5870369036364188
26.0 0.3764253673564517
26.5 0.9623387382656081
27.0 0.8700650398082326
27.5 1.6243667033118772
28.0 1.0495194075015064
28.5 0.8125882777887541
29.0 0.8271493141472623
29.5 1.7591202650857487
30.0 1.4105224961245744
30.5 0.7535344519636578
31.0 1.2477209787627952
31.5 0.6099757129125669
32.0 0.6875396578887469
32.5 0.9640565787922154
33.0 2.2469786914943772
33.5 1.7554249216567692
34.0 0.7935505355461214
34.5 1.292791090783239
35.0 1.9287370621377513
35.5 1.1936246847726997
36.0 1.886908242097546
36.5 1.227530140307799
37.0 1.4204507654239358
37.5 1.420960368359019
38.0 1.043350170570017
38.5 1.3757839247676555
39.0 1.3508362282563775
39.5 1.414293207519816
40.0 1.9062821988010432
40.5 0.8044446581519745
41.0 1.2752977089635587
41.5 0.7743463423764017
42.0 1.0664578300000211
42.5 1.7803590130503388
43.0 0.8512806667455485
43.5 0.44951553572841574
44.0 0.6050205469280258
44.5 0.6510184668210022
45.0 1.415731888414904
45.5 1.821891781533379
46.0 1.37477758932086
46.5 1.3649613850463103
47.0 1.101166014488519
47.5 0.7147183186897562
48.0 0.7943118632630586
48.5 1.023110285064837
49.0 0.899573836678401
49.5 0.8614875378713485
50.0 2.133835091316283
50.5 1.7765358708853578
51.0 0.4649589055350831
51.5 1.2543963924470707
52.0 0.9232194650700246
52.5 1.5671547180472971
53.0 1.5723712872466002
53.5 1.419710491908084
54.0 1.1500085364025379
54.5 0.8675854647892284
55.0 0.5834159406433603
55.5 1.5808751164692043
56.0 0.9001166077218323
56.5 0.940388049787942
57.0 1.6132754654340236
57.5 2.5820421665000177
58.0 0.8251169099474093
58.5 0.8982446661532849
59.0 0.7911590327119129
59.5 1.1572224832171858
60.0 1.5784198091482347
60.5 0.8687499657199311
61.0 0.4196758142046155
61.5 0.8159179393035935
62.0 1.6095312467057608
62.5 1.5006899553958095
63.0 0.9848419319998447
63.5 1.164741247774118
64.0 1.3064887360261557
64.5 2.1641882389235256
65.0 1.1965595665186552
65.5 1.8484426864833678
66.0 1.3295882524703377
66.5 0.6698792835925793
67.0 1.121593423041905
67.5 1.7790019746465617
68.0 1.095006214762663
68.5 0.8501459677668343
69.0 1.2323197837316127
69.5 1.176344632174614
70.0 0.5330870531054641
70.5 1.5115851091857917
71.0 1.9942661529943253
71.5 0.9835617482727486
72.0 0.9236387601915717
72.5 1.918848014227381
73.0 1.1835783372043833
73.5 1.1742807003681597
74.0 1.246533014985232
74.5 0.9254900571268134
75.0 1.3236530243930498
75.5 0.660625762401463
76.0 1.0572367204450153
76.5 1.2514747706627622
77.0 1.3995306636193678
77.5 1.958645961778378
78.0 1.2752893708160715
78.5 1.0869053843337282
79.0 0.861397986489551
79.5 1.0745185348368236
80.0 1.698096686151755
80.5 0.5388448609386485
81.0 1.1040919043174262
81.5 1.7400102989171764
82.0 0.9594718845799127
82.5 2.1215110492012994
83.0 1.4415878569632765
83.5 0.8894224253765401
84.0 1.3293566189750778
84.5 1.0568915753097763
85.0 2.0618565628215406
85.5 0.779588694233549
86.0 0.5254328030165976
86.5 1.4193727671550493
87.0 0.992555363167607
87.5 1.4357449059072094
88.0 1.1200129872107885
88.5 1.0064918269561507
89.0 1.435898245915687
89.5 0.5530403740958114
90.0 1.419756774029629
90.5 1.1490150601936409
91.0 1.6513400314630737
91.5 0.598777237158977
92.0 1.8727642786141372
92.5 0.9450057970042623
93.0 1.5192470256099888
93.5 0.5573131118425861
94.0 1.0958842815790941
94.5 0.831940968161258
95.0 1.1184668656313563
95.5 0.9564901672926173
96.0 1.3160163232068054
96.5 0.7124685587282629
97.0 0.7398481022443004
97.5 0.6844238918841643
98.0 2.2322594552681476
98.5 1.348113335807742
99.0 2.5819695685632893
99.5 0.8022827506549377
100.0 1.0259002986533758
100.5 1.587352607606455
101.0 0.9624649577209091
101.5 1.2221049917530202
102.0 1.909382618326005
102.5 1.7261746731843617
103.0 1.0046748227170585
103.5 1.6467916015313029
104.0 1.636986186737035
104.5 0.9446837674881062
105.0 1.2354109648500748
105.5 0.6713561661605031
106.0 1.3638209709372597
106.5 0.7383005728115218
107.0 1.6442726944844785
107.5 1.5233161081453281
108.0 1.153105896636732
108.5 2.1514733476098464
109.0 1.4779120765782334
109.5 0.8954246540924302
110.0 0.901441570587419
110.5 0.8871420558781391
111.0 1.3315868367362547
111.5 1.750891699529407
112.0 1.2276964083978932
112.5 1.064054644876393
113.0 0.7332313624994139
113.5 0.9606951950525884
114.0 0.9595454498851708
114.5 1.5613547982698808
115.0 1.4204954335976108
115.5 2.140925024691253
116.0 1.5470810074871921
116.5 0.9263449164007573
117.0 0.8269898410368881
117.5 0.5803818077733844
118.0 1.6641373792098755
118.5 0.9280880125414106
119.0 1.9146773920806517
119.5 0.740082643618301
120.0 1.066688887097491
120.5 0.7955664258216715
121.0 1.8131827116240782
121.5 0.7978802677737793
122.0 0.8066281899169407
122.5 0.5923321518124308
123.0 1.4808889105606793
123.5 0.810386901556341
124.0 1.1442538807137732
124.5 0.6250859795887131
125.0 0.3835758957021246
125.5 0.6569814039099722
126.0 1.0487674310005244
126.5 1.2091872841521645
127.0 1.4318782380520223
127.5 0.408237893416116
128.0 1.3122720457598729
128.5 0.41235868621700356
129.0 0.7004631520750999
129.5 0.7478816271255009
130.0 1.157001475789506
130.5 1.183827537949099
131.0 1.0057011811316732
131.5 0.8316133330971953
132.0 0.9641401492609885
132.5 2.096570014926154
133.0 1.2339144428210571
133.5 1.014643313487824
134.0 1.6506144955269484
134.5 1.0330776628713245
135.0 0.7732419355337685
135.5 0.7159253157413721
136.0 2.3970576411369535
136.5 1.393446197899816
137.0 1.5459258304228682
137.5 1.413764619497171
138.0 1.0266742221907428
138.5 1.210938842632031
139.0 1.672086320441559
139.5 1.1354728088297739
140.0 1.1432983269963384
140.5 1.4182473024221198
141.0 0.9669239846060881
141.5 1.8109232010231107
142.0 0.7454022879443847
142.5 2.1776124915440236
143.0 1.3869950120439316
143.5 2.491256873601581
144.0 0.989318408163403
144.5 1.0658513674921686
145.0 0.6987883414761491
145.5 0.7366666081313793
146.0 1.1433022003232556
146.5 1.0019340837282007
147.0 1.1809584941527071
147.5 1.7407559084818316
148.0 1.927702171349591
148.5 1.9185305912934731
149.0 2.1873245137408115
149.5 1.583161613006926
150.0 2.023138904708445
150.5 0.5488947655949148
151.0 1.50924338406077
151.5 1.277935621217099
152.0 1.1853614310067815
152.5 0.7546309468750501
153.0 1.5525413851495176
153.5 1.8902796824201773
154.0 1.5247133286974137
154.5 0.9925495747347559
155.0 0.9627456396447983
155.5 1.305739085320558
156.0 1.3702202922777693
156.5 0.20073686017410952
157.0 1.69447368086461
157.5 1.3017073760323536
158.0 0.6235061166806877
158.5 0.6875917389468829
159.0 1.1389473655761932
159.5 1.2217888633458065
160.0 1.0694396623646345
160.5 1.1330761050624958
161.0 1.2850014072296365
161.5 1.1318392481737627
162.0 0.6348441962105346
162.5 0.6566281095890207
163.0 1.8314653057196262
163.5 0.505267674969295
164.0 1.363079096461121
164.5 1.1699009141982661
165.0 1.4253160497575643
165.5 0.8577237545828399
166.0 0.7524070041082442
166.5 1.6748852594678825
167.0 0.7671743684795069
167.5 0.8244527126713193
168.0 0.6476853147107806
168.5 1.2544586143804453
169.0 1.2890588610664522
169.5 0.772932190211493
170.0 1.0427739961169347
170.5 0.9669428272738559
171.0 1.1939931318069665
171.5 2.0827761252253407
172.0 0.7617607514981826
172.5 0.7700404960633315
173.0 0.6215648979298554
173.5 1.156937890831667
174.0 0.9195553055034354
174.5 1.5027492751248492
175.0 1.072365072623998
175.5 0.8106268497708315
176.0 0.6939581126652024
176.5 0.8046896460589665
177.0 1.4066512658706414
177.5 1.02676958580133
178.0 1.2225159581645504
178.5 0.6488589156145399
179.0 1.2901843310056713
179.5 0.729593560920129
180.0 1.751987257742091
180.5 0.8276509024289291
181.0 1.1707822250811544
181.5 1.1700185719657785
182.0 1.2261859742764756
182.5 1.0149757170875455
183.0 0.748199967971525
183.5 2.3804315477530404
184.0 2.0023355960830638
184.5 1.7287548277722604
185.0 0.9933721973967923
185.5 1.854175505454866
186.0 0.591808631220515
186.5 1.0984557450593662
187.0 1.2547987162818015
187.5 1.579261956518696
188.0 0.7889519023144214
188.5 0.9591201732033928
189.0 1.2486113119236417
189.5 1.153467429752138
190.0 1.4121657481475027
190.5 1.4901395345826565
191.0 0.6014188270508315
191.5 0.5401626069255235
192.0 1.2446521687587688
192.5 1.3964633112895974
193.0 1.4670776114690658
193.5 0.9847385165527649
194.0 0.524838406261118
194.5 0.6694224930912848
195.0 1.8006745114029183
195.5 1.0089962013620852
196.0 1.1777282597386076
196.5 1.1893985885458405
197.0 1.2311089673904594
197.5 1.1412909650123315
198.0 1.1438888299692427
198.5 1.6494386595770376
199.0 1.4775321045650214
199.5 1.3723581744473665
200.0 0.8568892644218536
200.5 2.3982042704265143
201.0 1.0643625211971668
201.5 0.989936444992068
202.0 2.3829113693328603
202.5 1.3137737626638604
203.0 1.3074055953424923
203.5 0.2196235363648178
204.0 2.865795783783667
204.5 0.9679979601796136
205.0 0.8791764372017103
205.5 1.5305284270089097
206.0 0.5910758379567569
206.5 0.604913735503814
207.0 1.4825049583344194
207.5 1.024627121120677
208.0 0.9598352612544551
208.5 0.7280318943578761
209.0 1.5433668408820027
209.5 0.6940453389089534
210.0 0.6171237260098577
210.5 1.0038544920244505
211.0 1.0041994299091386
211.5 1.2286157097821055
212.0 0.8866915296392757
212.5 1.4459290782503729
213.0 1.4547567243765658
213.5 1.1843840026346313
214.0 1.0760003621713903
214.5 1.3879826658640848
215.0 1.2168473087395064
215.5 0.8653395582701294
216.0 0.8385402013616283
216.5 0.972487594813345
217.0 1.534695597297684
217.5 1.2505727564111675
218.0 1.150201767009866
218.5 1.0773206236741308
219.0 1.2664392072496558
219.5 0.744730573548817
220.0 0.9691432278276279
220.5 0.48651888947160105
221.0 2.2146020896045107
221.5 0.9997818916121755
222.0 1.574657589924447
222.5 1.782532753619847
223.0 2.340646656513427
223.5 0.8497224702793451
224.0 0.46746441175193143
224.5 0.5891790133732522
225.0 1.2659293418346709
225.5 0.8089990097328941
226.0 0.7659421102621282
226.5 0.9845605475695816
227.0 1.3427968539058015
227.5 1.9667339193795332
228.0 1.7292005000387973
228.5 1.39084385406899
229.0 1.314065092753519
229.5 1.1713273342908812
230.0 1.3924578237067273
230.5 1.1244618706633644
231.0 1.2774938256387887
231.5 0.2
232.0 0.908674172568499
232.5 0.9211418220362879
233.0 1.2852091477638252
233.5 0.8336447353086721
234.0 1.5680839555673227
234.5 0.7842955503468867
235.0 0.8683787195164372
235.5 0.6311226782931134
236.0 1.6834911231049468
236.5 0.9489233151879827
237.0 2.095314061743308
237.5 0.961884173861112
238.0 0.5513652185069446
238.5 1.5333023529250518
239.0 1.3334956485569007
239.5 0.8033426130284448
240.0 1.8099436352438043
240.5 0.45453544543424407
241.0 0.9911309462734191
241.5 1.474180543515045
242.0 1.562839954530245
242.5 0.8508348094979598
243.0 0.7833584111342886
243.5 0.7997023543433199
244.0 1.3164661213460096
244.5 1.0021263045611337
245.0 1.6633060753507425
245.5 1.0466020782904726
246.0 0.5747700188043048
246.5 1.8590389190589969
247.0 0.8879796070986454
247.5 0.7670256729085403
248.0 0.7152290483288304
248.5 0.6190832720364785
249.0 0.9685153449554087
249.5 1.1360363943648457
250.0 1.194318917067522
250.5 2.6023150339666006
251.0 0.9173444119894274
251.5 1.148689806811265
252.0 1.1162020741023049
252.5 1.0727370705703314
253.0 1.1060810123876617
253.5 0.445257190751123
254.0 1.3787471904476394
254.5 0.7965368358978658
255.0 1.1750816833188273
255.5 0.7430648352171259
256.0 0.46253382459445824
256.5 0.6173502133500841
257.0 1.469946703041847
257.5 1.7945280022049879
258.0 1.2532950222382446
258.5 1.1371203493183986
259.0 0.9274482364479288
259.5 2.1283600321670635
260.0 1.712452714477249
260.5 3.4950650778652843
261.0 1.7190785780184439
261.5 0.6617407397860171
262.0 1.1357111498154948
262.5 0.6541186516839144
263.0 0.7852226837279827
263.5 1.9187658046752842
264.0 2.2460021709502094
264.5 1.3811929654560404
265.0 1.316234381815324
265.5 1.264605814475676
266.0 1.4077185009737083
266.5 1.917717485556317
267.0 1.5784223988628723
267.5 1.1852440528819614
268.0 0.8824468575776583
268.5 0.9650926799935442
269.0 0.86373799060443
269.5 1.1803257235750728
270.0 1.4941301982676145
270.5 1.3340372461080747
271.0 0.6288984719378169
271.5 0.9411795066177752
272.0 1.074297816634866
272.5 1.379736208645499
273.0 0.9001068508783152
273.5 0.9009808511170884
274.0 0.9303786810742276
274.5 0.7249141530124068
275.0 0.5619341720001186
275.5 0.6745504600154739
276.0 0.8732722193033657
276.5 1.3483105528781785
277.0 0.5953081637374249
277.5 2.404810892531091
278.0 1.7891119507178486
278.5 1.027089563163309
279.0 1.1771123580532756
279.5 0.8080547954854347
280.0 1.5710150058196568
280.5 1.0944212793925905
281.0 0.9030906819708089
281.5 1.1546231103947013
282.0 1.2198016309856134
282.5 1.6679811228281378
283.0 1.0285000294914601
283.5 1.129629524969988
284.0 1.2177397577229034
284.5 0.8401707367289531
285.0 1.125827637617898
285.5 1.5541843708662035
286.0 1.0520791734373036
286.5 0.7187489134783109
287.0 0.8033507372856484
287.5 1.6110798343821817
288.0 0.8543309263875005
288.5 2.142948337173416
289.0 1.0282784144861374
289.5 1.1986257553290205
290.0 1.5637271134197177
290.5 2.200944884178376
291.0 0.724666302424153
291.5 0.7092328696975495
292.0 1.2147482574031208
292.5 1.219714696492897
293.0 0.8587735725780421
293.5 1.2418970968357868
294.0 1.6334733487707003
294.5 1.2574377745801646
295.0 1.0958726566327774
295.5 1.4684683983395626
296.0 0.9020699256474858
296.5 1.464846551925616
297.0 1.0854153268730773
297.5 1.476565995791907
298.0 0.8531339621281695
298.5 1.9434261798592125
299.0 0.7343895714613341
299.5 1.1305429592591887
300.0 1.2815900075078819
300.5 1.2769882914105422
301.0 1.1532262633385602
301.5 1.4905555770607286
302.0 1.9893282894321653
302.5 1.5533432508905052
303.0 0.7787763983585823
303.5 1.9971672658213142
304.0 0.9924593193241815
304.5 0.9217147132788637
305.0 1.1630954401161981
305.5 1.2096109512086504
306.0 1.124522649088385
306.5 2.0499046645364585
307.0 1.3259161042707457
307.5 1.6701541317967183
308.0 0.9288793158766149
308.5 1.0186502256301049
309.0 0.8820903380829535
309.5 1.5091295318556905
310.0 0.496166333265973
310.5 0.8623389093493663
311.0 1.0907982786733503
311.5 1.5509092851647364
312.0 1.4848643811336542
312.5 0.7461855061280447
313.0 0.6997959471923216
313.5 0.674902253435938
314.0 1.0545177135945676
314.5 0.9621521911421542
315.0 0.8546649516996971
315.5 0.5949160191688401
316.0 1.6027877251726497
316.5 1.1967539160888272
317.0 1.538652042110523
317.5 0.9857388591939684
318.0 0.49379062827487696
318.5 1.3825821472388564
319.0 0.9267521832373729
319.5 1.0651099347683144
320.0 1.3807836021967974
320.5 0.6444287703188327
321.0 1.2478722246311427
321.5 0.7712855980596723
322.0 0.6784151771776673
322.5 1.4189944965669588
323.0 0.6746026201489366
323.5 1.9403951294634645
324.0 2.0190861026877203
324.5 2.235781699966218
325.0 1.1538937720313438
325.5 0.5613090028432699
326.0 1.036453721663468
326.5 2.0132477560809665
327.0 1.179392779426811
327.5 0.993925799357772
328.0 1.2590285802288879
328.5 1.9899175531217295
329.0 0.9331099871783435
329.5 1.3630159532305233
330.0 1.736813240422132
330.5 1.6809397886348716
331.0 1.1609226563556714
331.5 0.9498217942244602
332.0 0.5279066072252997
332.5 0.8295007830601748
333.0 1.3219288203582429
333.5 1.5734169366065531
334.0 1.5198271339102645
334.5 1.558975178023329
335.0 1.0914590655017657
335.5 0.826982861075898
336.0 0.9856142527545071
336.5 1.0391882748680072
337.0 1.2128645978198345
337.5 1.3483802663113449
338.0 0.9569416309972594
338.5 0.6418549514120742
339.0 2.3497113200799404
339.5 1.7330036654037495
340.0 1.2465501009710631
340.5 0.9314609074697173
341.0 0.8275292589897102
341.5 1.6240739980322323
342.0 0.7690321281118244
342.5 1.8247509694374981
343.0 2.0698156977673734
343.5 0.2
344.0 0.8920298381969125
344.5 0.9168249898074441
345.0 1.0740301223552589
345.5 1.4252748062887344
346.0 1.1337834755700518
346.5 1.011634792759169
347.0 1.4335631314951123
347.5 1.8581465314895038
348.0 1.6867797139607617
348.5 2.0024394029359085
349.0 0.8790003045694971
349.5 0.7567574873954597
350.0 0.7504140624974487
350.5 1.1723426146821723
351.0 1.157295394744775
351.5 1.0817882432088113
352.0 0.6621829092278438
352.5 1.530085703434888
353.0 2.1162772981038134
353.5 0.6201146283157555
354.0 0.8537566415533115
354.5 0.8440821319610559
355.0 1.5163723862112337
355.5 0.7647942708615975
356.0 1.2413277103647589
356.5 0.7973418329254656
357.0 1.0044014164713686
357.5 0.7431922319642872
358.0 0.7957629596955939
358.5 1.8525768741126596
359.0 2.84783732393642
359.5 1.364655848977837
360.0 1.3382859790579766
360.5 0.9779179299098295
361.0 1.0296800938542705
361.5 1.0980133791432602
362.0 0.6273203795931663
362.5 1.212426864230488
363.0 1.1265299049219304
363.5 1.3558018553261055
364.0 1.1149660030761779
364.5 0.47162692469552936
365.0 0.7897681103158813
365.5 0.8576884028578162
366.0 0.6397044339203894
366.5 1.531153983252417
367.0 1.6187165222975222
367.5 1.7550822116975238
368.0 1.1241427785356124
368.5 0.9101279174580764
369.0 1.1157847164767827
369.5 0.8159646511383349
370.0 0.9705166433175635
370.5 0.7268083886566354
371.0 1.2295900586969417
371.5 0.7552731179739975
372.0 0.9840126166765755
372.5 1.3941311723345544
373.0 0.9501126702258411
373.5 0.7041198743920141
374.0 0.9371828647430618
374.5 0.8114741734748716
375.0 1.0114715457843102
375.5 1.4949058730902567
376.0 1.2207399137790447
376.5 0.913586600135488
377.0 0.6279057832936088
377.5 1.0254658251240771
378.0 0.995541032310446
378.5 1.2068738018099223
379.0 1.97628819828275
379.5 0.9596889508496163
380.0 0.7241260181115972
380.5 0.7754137274441988
381.0 1.3024757095088102
381.5 1.272849558476349
382.0 1.43013431733095
382.5 0.9576245142055169
383.0 0.8867371953250023
383.5 1.2098430410726053
384.0 1.2534054564092179
384.5 1.5808372597836156
385.0 0.9172319646810101
385.5 1.491519511987235
386.0 1.6620778072388922
386.5 0.787008326031404
387.0 0.9500320351677396
387.5 1.1024301982014062
388.0 1.499407757009433
388.5 0.8288913733245402
389.0 1.6466832623709022
389.5 0.6210973106800193
390.0 2.3447315907118886
390.5 1.8756979919290793
391.0 1.2566551546173856
391.5 1.109555966214721
392.0 1.5794186940432204
392.5 0.8245386077588347
393.0 1.4660054871628527
393.5 1.2369260474235333
394.0 0.9269007492497547
394.5 0.828808360732775
395.0 1.6691610643536754
395.5 1.354864053446974
396.0 1.218566502084623
396.5 1.4995470703824845
397.0 0.9963450019110416
397.5 1.8957791801910817
398.0 1.2090066115790137
398.5 1.148681802156224
399.0 1.4625199471010801
399.5 1.6010439510856043
400.0 0.6372964151321748
400.5 1.2384281323183497
401.0 2.2346034623085442
401.5 0.7946387092427509
402.0 1.4389539347132865
402.5 1.2490035877765449
403.0 0.9374013098150904
403.5 1.579051049941105
404.0 0.9780314876978407
404.5 1.7720485283410603
405.0 0.6798758023373344
405.5 0.619238841438001
406.0 0.8010727275993702
406.5 1.6623894266380324
407.0 1.693966261190476
407.5 0.9733442756371162
408.0 0.7267431721190748
408.5 1.608740462776237
409.0 1.268347327614685
409.5 1.407763690196835
410.0 1.1020285901805522
410.5 1.1918031910694147
411.0 1.4359648003114438
411.5 1.3406470705364082
412.0 1.2421209754754228
412.5 0.5529469774994014
413.0 0.2651118779187007
413.5 1.6149337921670228
414.0 0.9169998112513141
414.5 0.8054413381972858
415.0 1.0098729946988874
415.5 0.8516659090558605
416.0 1.2250079699456249
416.5 0.9919917067502029
417.0 2.5911588903896083
417.5 1.819053081853891
418.0 1.569010978181142
418.5 0.9183326953071449
419.0 0.6433566819842411
419.5 1.4823496973005326
420.0 0.9580806763380072
420.5 1.275780695709628
421.0 1.7470901389343465
421.5 1.1307663993929284
422.0 0.4726388053365226
422.5 0.5466302857479599
423.0 2.297884172172114
423.5 0.7762963215279575
424.0 0.716127762655141
424.5 0.647372009149773
425.0 1.4990055234457764
425.5 2.0930179555973294
426.0 1.3161285534178278
426.5 1.0957254252119573
427.0 1.0305902186578766
427.5 1.1253087818406893
428.0 1.547927710042307
428.5 0.945661151351377
429.0 1.2074424433616846
429.5 0.9530299813961195
430.0 1.1008211908709349
430.5 1.1400742724361426
431.0 1.3255114070875786
431.5 1.6134918733871806
432.0 1.5330177660472668
432.5 0.8476363570984451
433.0 1.3495870148409084
433.5 1.0709498121363472
434.0 2.004433834234969
434.5 0.6529534405205665
435.0 0.9727569498722373
435.5 0.9033242078404078
436.0 1.9020716303226464
436.5 0.7981418394371935
437.0 1.3125773596872472
437.5 1.027514599355822
438.0 1.3200894607074591
438.5 1.9217893641444808
439.0 1.293571795301874
439.5 1.4844201468221283
440.0 1.9475539887480795
440.5 1.8172362125715191
441.0 0.8916557371593312
441.5 0.5790805855009858
442.0 1.2000901971019373
442.5 1.9130004838599288
443.0 0.9999172120310258
443.5 1.2640835911985007
444.0 1.4761785603859778
444.5 1.458248961351399
445.0 1.1036467469055515
445.5 1.6468555224029426
446.0 1.24063357845311
446.5 2.3569336274703847
447.0 1.4846648177617263
447.5 0.9101393946011466
448.0 1.8849721098709733
448.5 2.0399394262127197
449.0 1.7387285185983978
449.5 0.7920060409258824
450.0 0.9080121860761818
450.5 0.8207692600374341
451.0 1.1138605897771439
451.5 1.0146814487015812
452.0 0.8093567964524842
452.5 0.7824511820570522
453.0 1.5009728587190707
453.5 1.442053905635598
454.0 1.5420415566395422
454.5 2.219705847083904
455.0 0.7084877323979681
455.5 1.008999540189675
456.0 0.562680732596188
456.5 1.299372007538373
457.0 1.5402864000449838
457.5 1.3544623044524102
458.0 1.2752497760318668
458.5 0.9802952013654518
459.0 0.9164556923369688
459.5 0.9971772928848719
460.0 0.6626428056193081
460.5 1.4827371887786251
461.0 0.809268124700012
461.5 0.8722990271658828
462.0 0.9552265817889417
462.5 1.0334293702152377
463.0 1.9528958949291537
463.5 0.7920171267917997
464.0 0.6102119629757226
464.5 0.8266800698631767
465.0 1.4040978287502055
465.5 0.8479583719217494
466.0 0.7883104187788645
466.5 0.8972720145744908
467.0 1.4880785740298714
467.5 0.901377505916661
468.0 2.0380633541380995
468.5 1.465607727160722
469.0 1.2298970584902031
469.5 1.0085986257134263
470.0 1.149726814708928
470.5 1.9100821846324636
471.0 1.278761017376702
471.5 1.5433043570621698
472.0 1.0192703405286703
472.5 0.8295278153430571
473.0 1.445342466041902
473.5 1.481210109557694
474.0 0.5280540087551189
474.5 1.8906365709334638
475.0 1.4481294574245653
475.5 1.9091710617026507
476.0 0.9122656646813192
476.5 1.5401230051634935
477.0 1.4176366708983563
477.5 1.5788067788659368
478.0 0.6281587889472254
478.5 0.7589563020215165
479.0 1.3234982101237274
479.5 1.48383594445089
480.0 2.0643150115199225
480.5 1.0714933495763033
481.0 1.0460762524779479
481.5 0.7916686155692307
482.0 1.792547229256613
482.5 0.35690030412617046
483.0 1.0528090156926675
483.5 1.0812975738259234
484.0 0.6525562245169576
484.5 1.4955751277118594
485.0 0.7487541894983469
485.5 1.1164628596035189
486.0 1.2381862134906827
486.5 0.5501974542423613
487.0 0.8771524096892162
487.5 1.685500415843824
488.0 1.1774156875544646
488.5 1.0298789626821085
489.0 1.4414625174571714
489.5 0.8680056469640427
490.0 1.1848683216125346
490.5 0.9880761839272434
491.0 1.1663599111358476
491.5 0.7788838167966221
492.0 0.7286454967916974
492.5 0.6909390837288143
493.0 0.6721734716710929
493.5 1.598523433763968
494.0 1.0945738204530038
494.5 1.3468902537567704
495.0 0.5671645634837569
495.5 1.9127404455147032
496.0 1.4613738891247618
496.5 1.4107807980483968
497.0 0.6613177731327542
497.5 1.5717583718318842
498.0 1.7682094119323275
498.5 0.9179412846115605
499.0 1.4708267085399203
499.5 1.1700976488866
500.0 1.3103466091917377
500.5 1.4826497662013773
501.0 1.355978629024367
501.5 1.7544248745792403
502.0 0.43549312826940656
502.5 1.0272845390590268
503.0 1.9822553115178252
503.5 1.5961475518402222
504.0 1.5509834790196306
504.5 1.601756689513243
505.0 1.7838731283097053
505.5 1.8126056313182193
506.0 1.2923934247095454
506.5 0.9082295322751734
507.0 0.9157403628967264
507.5 1.007881093117754
508.0 0.8208153432785125
508.5 1.3767916986006827
509.0 1.505941173365372
509.5 0.8974391255138316
510.0 0.5847773252500325
510.5 1.0500472982389417
511.0 1.7650049558786574
511.5 1.373668896622846
512.0 1.6115543457397459
512.5 1.0360910786516402
513.0 1.7122989025058755
513.5 1.6388883560720537
514.0 2.241874864579457
514.5 1.465750699546088
515.0 1.4359462494256834
515.5 0.6244216221313323
516.0 1.231707884759857
516.5 1.0218252781787638
517.0 1.1215673256917036
517.5 1.1871828547688277
518.0 1.016617638348087
518.5 0.7502287109538068
519.0 0.5314858055260094
519.5 2.08993412317102
520.0 1.5815882979915354
520.5 1.1862665776315442
521.0 0.6815673203662731
521.5 1.0423936033750931
522.0 0.6900998100048669
522.5 0.8461651984707892
523.0 1.4314661895915952
523.5 1.1068087470099401
524.0 0.7076625588915828
524.5 0.9470893805837637
525.0 2.2804588777983503
525.5 2.093422648443575
526.0 1.6900230954720792
526.5 1.6991220814919474
527.0 2.1427669112744723
527.5 1.1025556148567786
528.0 1.1644153492030103
528.5 1.9831268236382973
529.0 1.5952556986553614
529.5 1.6576650387180867
530.0 1.8325147222114104
530.5 0.8413091705906064
531.0 0.7176941999049622
531.5 1.6342532382365622
532.0 0.9145866167976576
532.5 1.1584774166521759
533.0 1.2762531966852693
533.5 1.1181789329714231
534.0 1.0870712309968833
534.5 1.1439731974670257
535.0 1.0361393620275277
535.5 1.0324315517794949
536.0 1.4707115253913865
536.5 1.3778168865622162
537.0 1.599169861379633
537.5 1.8810795703388536
538.0 0.4045394463989884
538.5 2.6167389595590267
539.0 1.515975517345848
539.5 1.5135551274001697
540.0 0.6123766632196043
540.5 1.4741060155090204
541.0 1.4924216479725927
541.5 0.7574146903583563
542.0 1.066417371961472
542.5 1.4957696517139016
543.0 1.861002908335331
543.5 1.253656139134072
544.0 1.080201004286534
544.5 0.7245490591577235
545.0 1.7120093631974906
545.5 1.4571299292026079
546.0 1.7441161875368094
546.5 0.6652947238215328
547.0 1.3191434977777
547.5 1.0827930033600925
548.0 0.6501291629974993
548.5 1.36717264498933
549.0 0.6928070529898704
549.5 1.2672252066802159
550.0 1.8295730700746784
550.5 0.6869324071714242
551.0 1.1366342483144887
551.5 2.6533030680074714
552.0 0.8311395771295813
552.5 0.9405475201645871
553.0 0.7925545100491196
553.5 1.598797865458465
554.0 1.3525209315648645
554.5 1.2599099603680277
555.0 1.0712332224121992
555.5 2.0566796391475464
556.0 1.1468241533473613
556.5 1.0027773265359314
557.0 2.3687042569931327
557.5 1.0074030026934462
558.0 1.8644091956632707
558.5 1.9265521675592152
559.0 0.7561938737294451
559.5 1.415555028694861
560.0 0.9540143648722748
560.5 0.8241328749124723
561.0 1.3518895644413234
561.5 0.7383763161069679
562.0 1.1070648121011413
562.5 0.9283101767849913
563.0 0.8026776245891607
563.5 0.7213004464600257
564.0 1.0374838306948648
564.5 1.430449418806233
565.0 0.9801454573751269
565.5 0.70073756521689
566.0 1.479258861951584
566.5 0.7927189400753848
567.0 0.7464616767454826
567.5 1.6443578020187568
568.0 1.6739888615624439
568.5 1.732075740207816
569.0 1.388104664098535
569.5 1.2101720587146552
570.0 1.2721227510940063
570.5 0.9082622032209126
571.0 1.2744189475518626
571.5 1.100217136531244
572.0 1.0109657927802145
572.5 0.5894514179130361
573.0 2.1575141657202614
573.5 1.262585861963301
574.0 0.7684887389026973
574.5 0.8453406696787376
575.0 1.162869594176204
575.5 2.1546693009056765
576.0 1.0996054992993156
576.5 1.2133805967642597
577.0 1.1434004864160372
577.5 1.5508282412673944
578.0 1.9981094628639058
578.5 1.654631952076882
579.0 2.3805250544580145
579.5 1.2491526113373816
580.0 1.2904948822239963
580.5 0.9397404709918246
581.0 0.9892692063367841
581.5 0.6674093102718753
582.0 2.014599871141675
582.5 1.253890448233413
583.0 0.9488880294134514
583.5 0.6394471620769452
584.0 0.8093652944458167
584.5 1.1329411818552018
585.0 1.1737733394723668
585.5 1.2065155225957667
586.0 1.7391035084204598
586.5 0.8581595504961792
587.0 1.2387654351672073
587.5 1.7474671849322507
588.0 0.5539500004567701
588.5 0.7733577989915509
589.0 0.8710337284021306
589.5 0.6400595780171078
590.0 0.6566995281297276
590.5 1.8885463697257117
591.0 1.097303263829445
591.5 1.9658098902992722
592.0 0.7302112191917536
592.5 0.9895504654940921
593.0 1.5162578802281435
593.5 1.4566334111612897
594.0 1.0787523594850568
594.5 0.8881978595499248
595.0 1.9152304546969443
595.5 1.0485179349777716
596.0 1.2504075473210472
596.5 0.7208656791899699
597.0 1.3893446966963998
597.5 2.721527026868734
598.0 0.9839353579553436
598.5 1.842415899922557
599.0 2.042409677840436
599.5 1.5433508709952006
600.0 0.8151671511509174
600.5 1.9164144488714185
601.0 0.8660316426159089
601.5 2.8257550251012464
602.0 1.3627672098605572
602.5 1.3342081687627179
603.0 1.7991598468580374
603.5 0.8958526467014161
604.0 1.96377924036097
604.5 1.2039970997963634
605.0 0.864823805859828
605.5 1.0599873717234736
606.0 0.5450562338869069
606.5 0.9610550238495357
607.0 0.3766932025848695
607.5 2.4762604506360595
608.0 1.0250483543572915
608.5 1.4338124870894946
609.0 0.6020856676411317
609.5 0.7196994609476604
610.0 1.0448646174891683
610.5 1.6045171996917216
611.0 1.9434386881725465
611.5 2.0509357807667
612.0 1.0967846295199368
612.5 2.015145181064164
613.0 1.0820696079896026
613.5 0.6467897412108536
614.0 1.2943720967803076
614.5 0.7555707432381311
615.0 0.7115053992176301
615.5 1.739864383021722
616.0 1.0441702922345928
616.5 0.9870772513666496
617.0 1.4113360960336274
617.5 1.2902584791513725
618.0 1.2397323610733635
618.5 0.9290596565027935
619.0 0.9231829951710491
619.5 1.1538116302642134
620.0 0.9622054335921061
620.5 1.4203356040187842
621.0 2.302425648552763
621.5 1.2998381730999222
622.0 0.9197067915777861
622.5 1.6125661102912172
623.0 0.9435765116766691
623.5 1.259701292973766
624.0 0.5995817686348078
624.5 0.913594994208241
625.0 0.7771601813483939
625.5 1.8973113664985264
626.0 2.1376605041635974
626.5 0.798161491547074
627.0 0.926859197943357
627.5 1.0785981262484898
628.0 0.9190708594155398
628.5 1.013722552508725
629.0 0.9709668590427376
629.5 1.4963946067870961
630.0 1.3171539925346152
630.5 1.0747932779049458
631.0 2.4737068058428098
631.5 0.9574472822658324
632.0 0.7686178796328584
632.5 0.5398082006600933
633.0 1.4463131537702443
633.5 0.7644874329081728
634.0 0.9915458726166047
634.5 1.0579503342379089
635.0 1.0321027686740454
635.5 1.7839248363415718
636.0 0.7045534089612697
636.5 0.6062338760597592
637.0 2.0766953752521413
637.5 1.4366511931327834
638.0 0.8353154446459288
638.5 0.7322143615397441
639.0 1.2178715362406285
639.5 0.7418972716879033
640.0 1.060129745644923
640.5 0.7928981843645344
641.0 1.8855049467161296
641.5 0.3453048015468312
642.0 1.0157646649604644
642.5 1.4605927081783003
643.0 2.2833122899471547
643.5 0.920213741368991
644.0 0.8692374026999781
644.5 0.7072879856413923
645.0 0.7868194065288259
645.5 0.8189930003587018
646.0 1.2464520777673593
646.5 0.2929203189021503
647.0 1.0697545701835507
647.5 1.3759253504888176
648.0 0.7763939910497356
648.5 0.7122872862654481
649.0 1.5823798757094303
649.5 0.9138641319897634
650.0 1.146993733938272
650.5 1.0253632895790865
651.0 1.307699579082521
651.5 0.7684143955434827
652.0 0.48624849588063807
652.5 1.989852929637173
653.0 0.7649817786614543
653.5 1.0550911073638793
654.0 1.5271518375995754
654.5 0.6868756497815715
655.0 0.6993270564695203
655.5 1.0253979538603106
656.0 1.1750419163082473
656.5 1.4199451839094932
657.0 1.0542194080158618
657.5 0.2769025992074915
658.0 0.8763923310257798
658.5 1.1328930038354788
659.0 1.444121619793147
659.5 1.6613976901639975
660.0 1.1643558001194267
660.5 1.5415439876961683
661.0 1.1827943191800383
661.5 0.7974517355362856
662.0 1.4037901311990628
662.5 1.6829764532714546
663.0 1.2652861950921719
663.5 0.587584288809392
664.0 1.2148145170033664
664.5 1.2695876105073642
665.0 0.6175403474882735
665.5 0.7496241643669191
666.0 1.287444388968536
666.5 1.1554465210479363
667.0 1.4134298603566955
667.5 1.2581903860223527
668.0 1.3980052621784225
668.5 0.3066867214890938
669.0 1.7094310146987544
669.5 0.7762497410937312
670.0 0.9906117823883223
670.5 1.5802763010809977
671.0 1.6491013079438859
671.5 1.817653649860436
672.0 2.276350261896234
672.5 0.8683235577145606
673.0 1.2303887814623944
673.5 1.5064220147568417
674.0 1.6804758932278416
674.5 1.4937247661398472
675.0 1.2907403713539936
675.5 2.2220193176142526
676.0 0.818192516888517
676.5 0.2
677.0 0.9084104855888036
677.5 1.481216614072064
678.0 1.0758271578453833
678.5 1.055518919871163
679.0 1.2861623369343573
679.5 0.5742563953793776
680.0 0.9228656667367654
680.5 1.1055423874331651
681.0 1.9743306078050809
681.5 1.8667633517117235
682.0 0.9003220873659535
682.5 2.2349898746305334
683.0 1.602841047543125
683.5 1.236997486324169
684.0 1.78169369492066
684.5 0.9205949960326607
685.0 0.481456791732195
685.5 1.3428204006245674
686.0 1.3017317297975746
686.5 0.8865902731691854
687.0 0.8265262286961789
687.5 1.0450831230935516
688.0 0.805890067483349
688.5 1.6279367945287806
689.0 1.2882727064743738
689.5 1.6843441713847795
690.0 0.49243109219351555
690.5 1.7313614878986276
691.0 1.2559200764213798
691.5 0.6254646547700149
692.0 1.759904872941632
692.5 1.1079029998658458
693.0 1.3987358721434393
693.5 1.919833398251112
694.0 2.105401030801214
694.5 1.1737451048154455
695.0 1.1560728337896888
695.5 1.0472973770402878
696.0 1.624936378465717
696.5 0.8689053378737988
697.0 0.5890037259633943
697.5 1.3788806263357813
698.0 0.6971635039248806
698.5 1.6536766326731942
699.0 0.6789783559692382
699.5 2.330896136582604
700.0 1.2517842386009441
700.5 1.1004254580374941
701.0 1.6294986404030944
701.5 1.0583564108385637
702.0 1.2868316630350516
702.5 0.8402094776453932
703.0 0.6151017275997557
703.5 0.5157240345310157
704.0 1.8988739096825529
704.5 1.278338073791781
705.0 1.8308573354621471
705.5 1.5434768107215213
706.0 2.0026423930263446
706.5 0.5177694028611617
707.0 0.6277592881693044
707.5 1.3158205938019045
708.0 1.2681016868259913
708.5 0.6206267671717902
709.0 1.1373895632812467
709.5 0.6015015264304272
710.0 1.1516475067390282
710.5 1.6570150834161161
711.0 2.1871630791840664
711.5 0.8510188175815281
712.0 1.0830242884448447
712.5 1.031064046767201
713.0 1.451195449607003
713.5 0.7806665909022559
714.0 1.4414880341277962
714.5 0.6677055209062361
715.0 1.0801893396469398
715.5 0.6395396054899289
716.0 1.3289618026470216
716.5 1.172427435945079
717.0 2.2453324759328206
717.5 1.2275919090203753
718.0 1.7499761036748551
718.5 1.0330077955672765
719.0 0.63340385701626
719.5 1.0042544218772027
720.0 1.2080410945557523
720.5 0.9594352589716277
721.0 0.7624375154487755
721.5 1.8930857167945914
722.0 0.8620214464799643
722.5 1.3165279575748983
723.0 1.1568557701583446
723.5 1.2438441520695034
724.0 0.6908902296903146
724.5 2.624253976166139
725.0 1.4029002813068416
725.5 0.880744303068632
726.0 1.6127427582587184
726.5 0.8646612064731487
727.0 0.5824867198511378
727.5 1.1175993384848146
728.0 0.4163542076562967
728.5 2.3044734612720483
729.0 1.5018636512927552
729.5 0.545235925622372
730.0 0.9910309740214572
730.5 1.034923018397727
731.0 1.3236396350909754
731.5 0.9410437936256822
732.0 1.4813071560424427
732.5 0.7601860724684717
733.0 0.6547405906612429
733.5 0.9599320945669032
734.0 1.7189615641786036
734.5 3.128676433169572
735.0 0.9400715158205946
735.5 0.8871793051683223
736.0 1.3834202670798512
736.5 1.135715922294582
737.0 0.6720973488094992
737.5 1.7441796054694931
738.0 0.6713462671539483
738.5 0.8126343943843011
739.0 2.227633209018905
739.5 1.416084251857547
740.0 2.496804834689927
740.5 0.8846216511263749
741.0 1.926381870472472
741.5 1.52543379307899
742.0 1.1746204929447543
742.5 2.3630240196224213
743.0 1.2200180356572101
743.5 1.625313530380841
744.0 0.7827325836446826
744.5 1.4753959626894635
745.0 0.8619927957534349
745.5 1.5993558353086315
746.0 0.8124288897406058
746.5 0.7532596109956009
747.0 2.53911393897786
747.5 2.1992618473508045
748.0 1.0764162476996422
748.5 1.3050276123246367
749.0 1.1561520638008023
749.5 0.8974516834518017
750.0 1.2254583524687837
750.5 1.8104496452556527
751.0 2.572935514350511
751.5 1.014004127481459
752.0 1.231023641611532
752.5 1.2477900010783143
753.0 1.9594830091885633
753.5 1.0626913851645363
754.0 1.0810514759361203
754.5 1.3134135429902192
755.0 0.8493484549752243
755.5 0.7179498730024438
756.0 0.9198512772670094
756.5 2.1680525008843095
757.0 2.504187129186628
757.5 1.633525013329969
758.0 0.7642715980614985
758.5 1.840502807979542
759.0 0.7839455292655824
759.5 1.0774941347398286
760.0 1.3860111345955763
760.5 0.7515273022674452
761.0 1.302957062801299
761.5 1.4204682279018133
762.0 1.047362034253494
762.5 0.7008833687699634
763.0 0.981045007894686
763.5 0.7504118109969462
764.0 0.8459480589277603
764.5 1.5425546192048838
765.0 0.83588613181359
765.5 1.9707344377554812
766.0 1.5166529096507855
766.5 0.8107956471783153
767.0 1.1583556322829245
767.5 0.914504644291351
768.0 0.9251407317794264
768.5 0.8145152757235815
769.0 1.2314628197034827
769.5 0.7203352432795742
770.0 1.282204990092284
770.5 0.8901639207380093
771.0 1.0641448651169747
771.5 1.768993078039617
772.0 1.096157112811702
772.5 0.9854159914638498
773.0 1.6183703714074746
773.5 1.9174967826350695
774.0 2.135212290369056
774.5 1.09675240972861
775.0 1.7236461205697553
775.5 0.9680264025058565
776.0 1.3743729109988805
776.5 0.9321085267675957
777.0 1.2317403753038167
777.5 1.0761890294737066
778.0 2.05159995086007
778.5 1.4922928184570112
779.0 1.4285435419838213
779.5 1.3073799014004073
780.0 1.565766683217471
780.5 1.2110147373076021
781.0 2.2852749470003766
781.5 0.9093363831575972
782.0 0.8853462150599052
782.5 0.8392772873542996
783.0 0.9877117355654228
783.5 0.8701889908248437
784.0 0.8425568469063063
784.5 0.9497000681638108
785.0 0.6196608721095423
785.5 2.0925848652910095
786.0 2.2360511041595297
786.5 1.260186208150737
787.0 1.6417602759171683
787.5 1.4012649618818385
788.0 1.4209258226080763
788.5 1.6175954594689854
789.0 1.0692998947244186
789.5 1.6383953087048244
790.0 1.4905940132143791
790.5 2.30562956209708
791.0 1.0705953554789152
791.5 1.0577228355208148
792.0 0.9668765438324827
792.5 0.7048451175580777
793.0 0.6805679109504617
793.5 0.46847377266143
794.0 0.8932415643704112
794.5 0.9585875311061084
795.0 1.4172505765608192
795.5 1.0697790337227977
796.0 0.6111039299107057
796.5 1.070285085319787
797.0 1.9976050342738556
797.5 0.9883941351963205
798.0 1.4233631505440667
798.5 1.8689475150494033
799.0 1.2902042390979882
799.5 1.1330450308902629
800.0 2.002615467630758
800.5 0.8474592123215953
801.0 1.0440724220461293
801.5 0.24067251791759303
802.0 0.7392778423901497
802.5 0.878486533918944
803.0 1.0533228044716192
803.5 0.9928503972621847
804.0 2.281870384045889
804.5 1.0221948632543043
805.0 0.6806142820907126
805.5 1.3925571326179984
806.0 1.6064778080948947
806.5 0.7815002059499894
807.0 1.0538644599854723
807.5 2.1292306449669858
808.0 0.8186528624279521
808.5 0.6149177792537699
809.0 1.7323089970260643
809.5 0.7428323401734198
810.0 1.3591706489979258
810.5 1.4839567258739856
811.0 1.1561256423898976
811.5 1.7012284674284048
812.0 0.9882054527679671
812.5 0.7009277398954346
813.0 1.4011060511040214
813.5 1.0778461616190271
814.0 1.6381181428415077
814.5 1.104598554468061
815.0 0.9133045395245835
815.5 0.8903135877003696
816.0 1.5817328484813358
816.5 1.2401837627750538
817.0 0.9561274345808779
817.5 1.1224293215015009
818.0 0.9089521895281143
818.5 1.0414434453754757
819.0 1.9606505282411777
819.5 0.921909560169792
820.0 1.6593650513690466
820.5 0.584871787897566
821.0 0.7449997276101421
821.5 1.051066614582708
822.0 0.8800626118839764
822.5 1.5475695516662706
823.0 1.0166239360575036
823.5 1.260601289475694
824.0 0.9567003435096215
824.5 1.7273982442739249
825.0 2.2808330414146933
825.5 2.163405017186798
826.0 2.4231169736980718
826.5 1.1888247372389542
827.0 0.6194017506647681
827.5 0.5358857257091614
828.0 1.3080839144834364
828.5 0.7330828771907145
829.0 1.2505146223402601
829.5 0.4915373385231441
830.0 1.1273416231459081
830.5 1.168252768464725
831.0 1.0932198405762052
831.5 0.8374512675592052
832.0 1.0187440276814896
832.5 0.7452996403801273
833.0 1.4026466930268442
833.5 2.0253752281224977
834.0 1.8762846109316949
834.5 0.5410321558118757
835.0 0.5507016240611204
835.5 1.9129025233309873
836.0 1.7773207375533815
836.5 1.0717413611099604
837.0 0.6052037979367608
837.5 1.809400865536159
838.0 0.5764479743960298
838.5 1.473921207099347
839.0 1.3348206037751087
839.5 1.390159781220242
840.0 1.8232737112940247
840.5 1.1500117147133972
841.0 2.2733146584272905
841.5 1.03951596464429
842.0 0.8948585071414907
842.5 1.045736814726966
843.0 1.4293554919660805
843.5 1.7472281259385283
844.0 0.9233246416629333
844.5 1.0310198559142378
845.0 0.633095704397835
845.5 0.9463365539551378
846.0 0.9937035485666094
846.5 1.1392858070252534
847.0 1.3691703849510195
847.5 0.8173590346423509
848.0 0.6668533248649104
848.5 1.8080343456971226
849.0 0.9064865665537308
849.5 0.7555988139618782
850.0 1.1058840438044841
850.5 1.1743939734857929
851.0 1.035080843423522
851.5 1.034504448774881
852.0 0.7095600622567815
852.5 1.069822098597002
853.0 1.0771145040507277
853.5 1.0271348818866142
854.0 1.462954978963055
854.5 0.7070000807656323
855.0 1.5114000124465568
855.5 0.6278256738211937
856.0 1.8178363623812699
856.5 0.864274713053416
857.0 1.417922855553631
857.5 2.2355040238713118
858.0 1.6556455475136418
858.5 0.7449060091733389
859.0 0.6521321107601197
859.5 0.8972406501804941
860.0 1.4536608216962779
860.5 0.8374632345633608
861.0 0.6558293787401902
861.5 0.2
862.0 2.143684076208905
862.5 0.8551638153722958
863.0 2.202298519937719
863.5 0.4746628325382998
864.0 1.461317745801259
864.5 1.620155888943061
865.0 1.574555871573976
865.5 0.23157015102296064
866.0 1.198251318195612
866.5 0.779718898107324
867.0 1.2461274633058474
867.5 0.8285086447349514
868.0 0.7117845090577544
868.5 0.9464452055347126
869.0 1.6123562308257955
869.5 1.4423848454120143
870.0 1.3833239357827138
870.5 1.4720646450583696
871.0 1.2783453766039419
871.5 0.6705033380193829
872.0 1.8680837565638626
872.5 1.5451681232261363
873.0 1.0211008063618303
873.5 1.390351490922425
874.0 1.2263636248096321
874.5 1.398796401309133
875.0 1.6855543013783327
875.5 1.0358902290617014
876.0 1.1230005363474893
876.5 1.257864653537379
877.0 1.6280233543114326
877.5 0.9586440818966594
878.0 1.404861737057198
878.5 1.4769821713219091
879.0 1.3913663944110004
879.5 0.7880065047545357
880.0 0.9982131644358527
880.5 0.7721561481510562
881.0 0.9916086224283136
881.5 0.8039335548465747
882.0 1.494194896445408
882.5 0.9926880117249479
883.0 3.0388936503237853
883.5 1.420344095924942
884.0 0.7261404428966605
884.5 0.6055769562464353
885.0 2.392648171872394
885.5 0.9245636146029265
886.0 0.8745820480604554
886.5 1.7524923006173405
887.0 0.8910178825897039
887.5 1.8822517186054373
888.0 1.8540559486778414
888.5 1.201981586100421
889.0 0.7652708084091605
889.5 1.3013051771023418
890.0 1.70804605382743
890.5 0.9293434615446581
891.0 1.1316740083542496
891.5 1.78697036079482
892.0 1.1862589601303322
892.5 1.5580061120616007
893.0 2.2105484140742764
893.5 1.1125351976590032
894.0 1.716272610612021
894.5 1.9628721490817211
895.0 1.080948713829589
895.5 1.840853885005646
896.0 0.8912925291769472
896.5 1.0985664134875779
897.0 0.8456981313306671
897.5 1.874453368787393
898.0 0.8092338793516962
898.5 0.5403653127624932
899.0 0.7483987772237464
899.5 1.30611597167048
900.0 1.517802681291789
900.5 1.2203419535068702
901.0 1.7138501316906067
901.5 2.0790864964458797
902.0 1.9840486551476864
902.5 1.0948972807018365
903.0 1.0770534550838504
903.5 0.6867904704342235
904.0 1.2929860374065543
904.5 0.8180910813779405
905.0 1.2306165482348306
905.5 0.852981163003241
906.0 0.7416543914338511
906.5 0.5826386997410967
907.0 1.2551028997226803
907.5 0.776412959930131
908.0 0.7333407048770892
908.5 0.5860275196088904
909.0 0.6763668498577908
909.5 1.0477572916347744
910.0 0.842480546350717
910.5 1.1874599704891455
911.0 0.658551774886036
911.5 1.033368175543114
912.0 1.4903273390590728
912.5 1.1380389981390269
913.0 0.7007954854546402
913.5 1.2397895425481495
914.0 1.7741343979107176
914.5 0.8238388844071816
915.0 0.8470200167761506
915.5 0.7483293926578232
916.0 0.6957817663442147
916.5 0.9024290198381717
917.0 3.0730031483146623
917.5 1.1287495195100137
918.0 1.1098528918998634
918.5 2.5093677621932713
919.0 1.1548466596595164
919.5 1.4521328349730216
920.0 1.0539531974067644
920.5 1.2169496060524416
921.0 1.3901335093386749
921.5 0.7357248134271315
922.0 1.4027504475031685
922.5 1.1977216359785132
923.0 1.4292641999557254
923.5 0.8721355288896837
924.0 1.5661448997841618
924.5 1.6032668917581638
925.0 0.9159046940025556
925.5 1.3577537381922267
926.0 2.124912518951322
926.5 1.1874225427170586
927.0 1.396308524784581
927.5 0.8734248243979383
928.0 1.5549602268199172
928.5 0.9672931668806315
929.0 1.521597263247299
929.5 0.8268130427739323
930.0 2.423997596810781
930.5 1.2299048212221888
931.0 1.3087649196924196
931.5 0.830760576420596
932.0 0.8402120942422557
932.5 2.2637879494063866
933.0 0.8139659255520044
933.5 0.6589533582601247
934.0 1.2296016954349303
934.5 1.4289197220619156
935.0 0.64449694440097
935.5 0.5693539540905788
936.0 1.2128814716438547
936.5 2.8331564009384334
937.0 0.9932300024222362
937.5 1.795398831919506
938.0 1.3106469225897819
938.5 1.559215473875788
939.0 0.7080171226871353
939.5 1.8870058387815805
940.0 1.2676581812103531
940.5 2.2252460089575563
941.0 0.9853448169817391
941.5 2.161059689931988
942.0 1.535743419061271
942.5 0.7026367313485365
943.0 0.778593823719524
943.5 1.8711034338011903
944.0 0.9054080075961946
944.5 1.3806009761625404
945.0 0.658490528397773
945.5 1.0634106347298515
946.0 1.6649783211174132
946.5 0.6882476185979002
947.0 1.8607589148970671
947.5 1.4817731299216987
948.0 0.6168276425608717
948.5 1.5793881627662665
949.0 0.9171965559208001
949.5 0.8926792631686795
950.0 0.3376032340776476
950.5 0.720562636454849
951.0 0.8373774182999247
951.5 1.856454491018058
952.0 2.6015491528528183
952.5 1.2365425747999228
953.0 0.9874555571728125
953.5 1.2085981318697139
954.0 1.0240101722601684
954.5 1.7735381076448768
955.0 1.5122931728387745
955.5 1.1401587643609106
956.0 0.9296645138855877
956.5 0.7267329861337626
957.0 0.9711814809278025
957.5 1.354020247577512
958.0 1.056037105108909
958.5 0.9522257116836569
959.0 1.7693727457660235
959.5 0.6569734738733637
960.0 0.9431994397575927
960.5 2.476701841256688
961.0 1.0984713514917734
961.5 0.979076606896307
962.0 0.8396698759392351
962.5 1.0205473953056652
963.0 1.673957745421414
963.5 0.7928869410412394
964.0 0.6441192636474085
964.5 1.84553669553181
965.0 1.6708617826302334
965.5 1.5522233622145518
966.0 0.8924067583017844
966.5 0.7725348386692596
967.0 0.7171769568579298
967.5 1.5386182463177027
968.0 1.2500959202663364
968.5 1.1435929393992956
969.0 2.3472400766534287
969.5 0.5982085386548804
970.0 1.1847781071258812
970.5 1.3172202053346127
971.0 1.174526064216054
971.5 0.8924716825494303
972.0 1.1245147955751187
972.5 1.260912003296457
973.0 1.8766418671545466
973.5 0.6366586885967775
974.0 1.2731634147860822
974.5 1.1058704898806264
975.0 0.602830139352933
975.5 1.4218420558781495
976.0 0.8650645160933901
976.5 1.1931157934876269
977.0 0.848579292850537
977.5 0.9205464130505392
978.0 0.8783788324749753
978.5 1.08264178407359
979.0 2.099054210482172
979.5 1.5620755158811683
980.0 1.57467614590498
980.5 0.8813652515776507
981.0 0.7940510235033057
981.5 1.4211073721774035
982.0 1.5546548208021154
982.5 1.3288888180774876
983.0 2.479411000113825
983.5 1.5340652291178904
984.0 1.7850928151437022
984.5 1.7757432704307576
985.0 0.8284918369629033
985.5 0.8039539090858244
986.0 2.2242001386322348
986.5 2.215064150491466
987.0 0.5713903670497325
987.5 0.6163369512913717
988.0 1.473384990683638
988.5 0.8882936650470632
989.0 0.63210474058522
989.5 1.341447275550768
990.0 0.6265364901371548
990.5 1.125648931151336
991.0 0.8973475539783963
991.5 0.9857187543138666
992.0 0.7150273481060817
992.5 1.7683963251128643
993.0 2.443930400723496
993.5 1.5966377416880961
994.0 1.4614830643473995
994.5 1.5323587017823668
995.0 2.495539569928119
995.5 1.3864024842277063
996.0 1.1040802519792297
996.5 1.4043051983251624
997.0 1.1869872563420347
997.5 0.7801520938012776
998.0 1.1641687052270644
998.5 0.9609540177773133
999.0 0.8704034894254589
999.5 0.9397330300054487
1000.0 1.5771665276398563
1000.5 1.0530371608009919
1001.0 1.210932007054877
1001.5 0.8404276126849357
1002.0 2.046282516968968
1002.5 0.9472908215072504
1003.0 2.6373823459113432
1003.5 0.9382916662675471
1004.0 1.0544234438398443
1004.5 0.8976415045407624
1005.0 1.2463879505269735
1005.5 0.9444613210211624
1006.0 0.5550683429794663
1006.5 0.8944852738961934
1007.0 0.7307523636449398
1007.5 0.9122017589109608
1008.0 0.7094243783192355
1008.5 0.6313442087454686
1009.0 0.6721063156312956
1009.5 0.627699085687699
1010.0 0.6438186680627572
1010.5 0.8962667373789402
1011.0 1.1976133583045465
1011.5 1.117432556257055
1012.0 1.1242779015039779
1012.5 0.8476544722837076
1013.0 0.5915178279523853
1013.5 1.0542447823113346
1014.0 0.5604609813437988
1014.5 0.9608844783831049
1015.0 0.7453504265140953
1015.5 0.8902460698472563
1016.0 0.4967394589393142
1016.5 1.1718023395507582
1017.0 1.4644678591802238
1017.5 1.1707259997609372
1018.0 1.2278022982827559
1018.5 1.0622632343575866
1019.0 1.8604511268562438
1019.5 1.1774750108105458
1020.0 1.4031715937868687
1020.5 1.0195757399576406
1021.0 1.110442776497396
1021.5 1.3652549955806874
1022.0 1.0211543526815183
1022.5 1.7954887171650675
1023.0 1.7096702385434703
1023.5 0.9941821911334456
1024.0 0.9419737204104279
1024.5 1.1890680693679916
1025.0 0.8601005668872606
1025.5 1.4022456623525401
1026.0 1.1106495868568391
1026.5 1.088996783566948
1027.0 1.1571296313227994
1027.5 1.9299137958714194
1028.0 1.0515548014187988
1028.5 1.4702760584507313
1029.0 0.8332792590034541
1029.5 1.1922477947417076
1030.0 0.7005986902038783
1030.5 0.5991476273563114
1031.0 2.0791746270711706
1031.5 1.7985335084950802
1032.0 0.7196610665254699
1032.5 0.623127963772163
1033.0 1.5013770845290564
1033.5 2.547355451437194
1034.0 1.6386702976173582
1034.5 0.8638584041983361
1035.0 1.358043462597529
1035.5 1.5778114719525458
1036.0 0.7618001496961104
1036.5 0.46257070361667163
1037.0 1.5833731297119014
1037.5 2.067195106997411
1038.0 0.49778944341775855
1038.5 0.7265728046831119
1039.0 1.0601499444333635
1039.5 0.9122022728807425
1040.0 0.9997239344341051
1040.5 0.9585969045794713
1041.0 0.7446524933518679
1041.5 1.9442921828652753
1042.0 1.317598692994457
1042.5 0.6941387833953556
1043.0 0.9446962452940404
1043.5 1.07684040655219
1044.0 0.7817832889591143
1044.5 1.9405976563517946
1045.0 1.4550489246573983
1045.5 0.5969302542571361
1046.0 0.9680547255177019
1046.5 1.1769422298912646
1047.0 0.8902751805380785
1047.5 1.4019416327835903
1048.0 1.6448852886799141
1048.5 0.9007455407423078
1049.0 0.8227274812891976
1049.5 0.49901144209776227
1050.0 0.5637994453896932
1050.5 1.9101733601277946
1051.0 1.369301614090565
1051.5 1.601822857901349
1052.0 0.7977657729433691
1052.5 0.6816980770184511
1053.0 1.1155302796601079
1053.5 0.7904408511044341
1054.0 1.0329394898729682
1054.5 1.4165116411241865
1055.0 0.9166344761097677
1055.5 0.5876852136628472
1056.0 0.804659286449831
1056.5 1.9675507533903966
1057.0 1.010053666753984
1057.5 2.4643895762633576
1058.0 1.7580434067456014
1058.5 2.046738485071624
1059.0 1.1758064462918472
1059.5 1.338756721142977
1060.0 0.9704628881580151
1060.5 0.8733908637169843
1061.0 1.0157539091932724
1061.5 0.6273351932831936
1062.0 1.5082375732048445
1062.5 2.217774696734247
1063.0 1.2231688155178824
1063.5 1.8048585410225497
1064.0 1.318915333221045
1064.5 0.7993598662838871
1065.0 0.49083715103906056
1065.5 1.0905456381199303
1066.0 0.8941456655483098
1066.5 1.3847887092207118
1067.0 0.8123662839422483
1067.5 1.0038247004107372
1068.0 0.8940188796720766
1068.5 0.7184462213381749
1069.0 0.6900563805384812
1069.5 1.6018844130218506
1070.0 2.573866281857894
1070.5 0.8357943379194365
1071.0 1.0628088868389267
1071.5 1.6319381655039407
1072.0 1.2207443974750303
1072.5 1.368613000038482
1073.0 0.8875876500502313
1073.5 0.9082666565546078
1074.0 0.6500180776752177
1074.5 2.2633054925599696
1075.0 1.9468881037538357
1075.5 1.349834474012296
1076.0 0.6193912400931005
1076.5 1.7295317070174974
1077.0 1.4001154441006318
1077.5 1.3922832650860029
1078.0 1.6946764069450806
1078.5 0.9562083938474413
1079.0 0.7749649587763705
1079.5 0.9664261303295117
1080.0 0.8911995040093518
1080.5 1.3454808630798634
1081.0 0.73090445323253
1081.5 1.2313927631102288
1082.0 0.6479414021277703
1082.5 1.0099142951017122
1083.0 1.004725597899733
1083.5 0.8876495870561567
1084.0 1.068570554166648
1084.5 0.8938282628794227
1085.0 0.6724647131963053
1085.5 1.710133700976754
1086.0 0.9198971556764968
1086.5 0.8119566491535216
1087.0 0.6491627076371055
1087.5 1.010248621365848
1088.0 1.4248149169020592
1088.5 1.2758326607104287
1089.0 0.7216830118257593
1089.5 1.3060485068131393
1090.0 0.765705974382576
1090.5 1.8777947109261746
1091.0 2.0712934908549356
1091.5 1.0491091875202823
1092.0 0.7055544375259919
1092.5 1.0860542041497918
1093.0 0.2
1093.5 1.2410535624344323
1094.0 1.3709260681994675
1094.5 1.9873827719309363
1095.0 1.5927879513683272
1095.5 1.2240989817875405
1096.0 1.242461683247218
1096.5 0.9363270247039626
1097.0 0.8339450419638303
1097.5 0.42293292911866853
1098.0 0.754767441766683
1098.5 0.9966861925439051
1099.0 2.1649712319064847
1099.5 1.1132634231502436
1100.0 1.4163744784649719
1100.5 0.5810330295398493
1101.0 0.7845483478999813
1101.5 0.8352695426462048
1102.0 2.052028350583814
1102.5 0.7628230398054976
1103.0 0.9703698969801307
1103.5 0.9920004321063018
1104.0 1.4746968856727105
1104.5 1.6008311423162294
1105.0 0.7522942130002868
1105.5 1.0032827373209081
1106.0 1.1044081618145125
1106.5 0.8338619358386208
1107.0 0.7779970324875584
1107.5 1.0882475545374808
1108.0 1.739356271761384
1108.5 0.9666979021030954
1109.0 1.6390844784681162
1109.5 1.4155321156761675
1110.0 1.6208746420882736
1110.5 2.759942642139802
1111.0 0.5790801288375969
1111.5 0.8404033545466328
1112.0 1.8289151869948093
1112.5 1.8541285952218431
1113.0 0.679867831213784
1113.5 0.9101126303983084
1114.0 2.230340567381657
1114.5 1.4543220230454628
1115.0 2.406222278770815
1115.5 0.7214329554610133
1116.0 1.7386306712098722
1116.5 0.8217439669426488
1117.0 0.380987455153868
1117.5 1.7682047238766656
1118.0 0.6196259008032092
1118.5 1.1755261446678233
1119.0 1.66358774882589
1119.5 1.229470093377584
1120.0 1.0704743782823434
1120.5 1.1515594864958543
1121.0 0.9109598346587309
1121.5 1.9005175499630018
1122.0 1.4683971962652962
1122.5 1.419693391508068
1123.0 0.8968547093920118
1123.5 0.4858048489415223
1124.0 1.1537672429953454
1124.5 0.7342095623802238
1125.0 1.3284370638074785
1125.5 0.990916797976359
1126.0 0.6619178488296653
1126.5 1.3039384442265058
1127.0 0.7601120853280035
1127.5 1.003567043825661
1128.0 1.1275188653226622
1128.5 0.7876789952532353
1129.0 0.7516595523612941
1129.5 1.1900596317961716
1130.0 1.8999197805220331
1130.5 1.079821547818956
1131.0 0.6305205115304552
1131.5 1.0796858543093497
1132.0 0.9700019302677457
1132.5 0.6846191390615073
1133.0 0.6134555844556282
1133.5 1.213609780265172
1134.0 1.0062273278864267
1134.5 0.4850484234744803
1135.0 1.2608068489320439
1135.5 1.7525884681585107
1136.0 1.3028792720444504
1136.5 0.9070996259146079
1137.0 1.0744489132537858
1137.5 1.055610959916712
1138.0 1.4783728674957395
1138.5 1.3537477060590049
1139.0 0.8775758174233057
1139.5 0.6451276276397667
1140.0 1.588176141448249
1140.5 1.2594699791491681
1141.0 0.8978313451697005
1141.5 1.4148267974771336
1142.0 1.7853659411367229
1142.5 1.8983701113825002
1143.0 0.8200113556200772
1143.5 1.36604893465829
1144.0 2.3294154190814
1144.5 2.4732586660541616
1145.0 2.534691722002907
1145.5 1.697786896173579
1146.0 1.2995236667548822
1146.5 1.5968254933321075
1147.0 0.6928650928390899
1147.5 1.7078542828887056
1148.0 1.766861162675942
1148.5 1.2384684924652567
1149.0 1.1205158905257793
1149.5 0.9247880437633308
1150.0 1.796624153498163
1150.5 1.2112087658240809
1151.0 0.4716965624359515
1151.5 1.008648157357665
1152.0 1.6769117316388407
1152.5 1.3860977011421851
1153.0 0.8963606387772773
1153.5 2.369915132116393
1154.0 1.5147032107176188
1154.5 1.7793091039472109
1155.0 0.6088308342964113
1155.5 2.153625386541073
1156.0 0.6343520849128734
1156.5 0.6764744126335425
1157.0 0.6198959992200526
1157.5 0.591342302351635
1158.0 0.7113468666370255
1158.5 1.863748763880148
1159.0 1.3670551119603291
1159.5 0.8700063163009819
1160.0 1.0972507178841062
1160.5 1.1813942334066077
1161.0 0.6215521111874454
1161.5 2.316133319216686
1162.0 0.5871338711243197
1162.5 1.2120393952653987
1163.0 1.306051297122206
1163.5 0.8400991834500455
1164.0 0.9121157111108368
1164.5 1.6702260495372174
1165.0 0.7472200974636654
1165.5 1.368652242496796
1166.0 0.8475565752569789
1166.5 0.8702948778123804
1167.0 0.9909104605162838
1167.5 0.7547807484059013
1168.0 1.2244926479072773
1168.5 1.9471335001843926
1169.0 1.043503457858778
1169.5 0.7289254709993667
1170.0 0.8534126040481652
1170.5 1.472456514788733
1171.0 1.6127730436418881
1171.5 1.4338730822811123
1172.0 0.9812119868665323
1172.5 1.2729806304771687
1173.0 1.6267220912166183
1173.5 1.3506690888190338
1174.0 0.5884991046977699
1174.5 1.0842301296391061
1175.0 1.8688867267646536
1175.5 1.0792837891551021
1176.0 0.6748700577828046
1176.5 0.699890844145689
1177.0 1.160991287487721
1177.5 1.6345594815689222
1178.0 1.910041286473401
1178.5 0.8880722872052366
1179.0 1.0534820076685905
1179.5 1.3242965512107947
1180.0 0.8029027692538795
1180.5 1.2699296204665955
1181.0 1.474316023759184
1181.5 1.796252841604194
1182.0 0.8299839883374492
1182.5 1.181122968800767
1183.0 0.7247076425936347
1183.5 1.4961545315046507
1184.0 0.7402984245548299
1184.5 0.8813452653290794
1185.0 1.9453126083312577
1185.5 0.6352109122084502
1186.0 0.8724924754886731
1186.5 1.2118327922003675
1187.0 1.3993800157973508
1187.5 0.9147097398523858
1188.0 1.1817935836744344
1188.5 0.8395429079256593
1189.0 1.5572663480037625
1189.5 1.206705091994281
1190.0 0.9746504791597985
1190.5 1.0838959704776872
1191.0 1.2319624817733483
1191.5 1.7727478903515328
1192.0 1.0567382536812913
1192.5 1.5453488522328076
1193.0 2.3579429348034813
1193.5 1.6198463884214243
1194.0 0.7735238146251524
1194.5 1.1801107426946098
1195.0 1.4775203181247316
1195.5 0.5331000696601895
1196.0 0.8259931919097652
1196.5 1.7239643218638752
1197.0 0.8312397625544891
1197.5 1.1923423667214
1198.0 1.1238162458530345
1198.5 0.9455744728729132
1199.0 1.3064659070523492
1199.5 1.3199842491021
1200.0 0.5984693484028334
1200.5 0.8705682833315476
1201.0 1.8587941553385054
1201.5 0.8044813075384545
1202.0 1.2375368765377668
1202.5 1.16306187547114
1203.0 1.1981327937482946
1203.5 1.6059673784648947
1204.0 0.5861301061777654
1204.5 0.9889325210860007
1205.0 2.292509472336201
1205.5 0.6758550494867289
1206.0 1.1319664625048176
1206.5 0.71351681536995
1207.0 0.9971612588744696
1207.5 1.0953304462905173
1208.0 2.9251335052666163
1208.5 1.5474514741879037
1209.0 0.6868824015870749
1209.5 1.5242905692882993
1210.0 1.0521775151906079
1210.5 1.0279770109552804
1211.0 1.1144267705880062
1211.5 1.6675686987918916
1212.0 1.064952613210187
1212.5 1.6926651289581722
1213.0 1.1697368586364227
1213.5 1.664617172829014
1214.0 0.9958694305241687
1214.5 2.163727082096935
1215.0 2.4105610243514954
1215.5 1.4911930225528176
1216.0 1.246329185670961
1216.5 0.8160427994643114
1217.0 1.2001316855630535
1217.5 0.631129646636287
1218.0 0.6464691815601089
1218.5 1.6977954492004153
1219.0 0.6918780705095593
1219.5 1.185090404283283
1220.0 0.8281192187283744
1220.5 0.5570428139209622
1221.0 1.5532671945052534
1221.5 1.596101633149674
1222.0 0.7757837207768914
1222.5 0.8509053998615539
1223.0 1.7854634663106992
1223.5 2.0176845510378203
1224.0 1.655505296037709
1224.5 0.9281366349261353
1225.0 1.0983244665291931
1225.5 1.5092198290281345
1226.0 0.7827448779237929
1226.5 1.720854061569445
1227.0 0.6260699774090727
1227.5 0.5488055762216562
1228.0 1.2814183669735622
1228.5 0.8556645276045611
1229.0 1.368298979593353
1229.5 0.8846870989455067
1230.0 0.9460457314520438
1230.5 0.6328391852901698
1231.0 1.846193476109724
1231.5 2.3049046894108356
1232.0 1.0019289956263295
1232.5 1.4620004041193055
1233.0 0.7282904477396526
1233.5 1.6151283359588895
1234.0 1.1406533875925087
1234.5 0.8497121223772994
1235.0 0.9307464548597049
1235.5 0.7974459610907423
1236.0 0.5592130020197433
1236.5 1.3612228541232845
1237.0 1.2639133573002672
1237.5 1.638945086540889
1238.0 0.8928732365615724
1238.5 1.92619804644934
1239.0 0.5013765202397776
1239.5 0.6315809807295241
1240.0 1.1408722351530574
1240.5 1.7321963650786314
1241.0 0.6474827869388596
1241.5 1.3613332124763868
1242.0 1.0934820450315659
1242.5 0.9020618859130398
1243.0 2.043726085392647
1243.5 1.04177320144922
1244.0 0.8203277656178725
1244.5 1.0663068877435415
1245.0 1.5908241681390018
1245.5 0.9642234033647359
1246.0 1.4152565046721075
1246.5 1.2367395252561764
1247.0 1.6810021539103208
1247.5 1.6675982821547326
1248.0 1.450203108647409
1248.5 0.8939873392877249
1249.0 1.2662943079884803
1249.5 1.9816556970272978
1250.0 1.2049547451762483
1250.5 0.5066734721421436
1251.0 0.8930382373327491
1251.5 1.1973369602234825
1252.0 1.8375312469313076
1252.5 2.215406525135246
1253.0 0.6025452645321678
1253.5 1.2595644384536333
1254.0 1.3049618016970261
1254.5 1.5781509189430014
1255.0 0.8621734502550609
1255.5 1.602578585113874
1256.0 1.393424607173616
1256.5 0.8766053595772587
1257.0 0.769714627305665
1257.5 1.5298080186917256
1258.0 1.0610190343482548
1258.5 1.458571114067664
1259.0 0.8767454909423322
1259.5 0.9031118557866246
1260.0 1.248576259156975
1260.5 2.5037986549826523
1261.0 1.7471962589381673
1261.5 1.843071897283811
1262.0 0.52981244834994
1262.5 1.9833477865047429
1263.0 2.074123963961583
1263.5 1.4167857468322744
1264.0 0.8062140455799862
1264.5 1.2910359178208342
1265.0 1.5757438826664691
1265.5 0.7243238875779602
1266.0 2.1097361491299593
1266.5 1.8609816582813727
1267.0 0.7520783402977993
1267.5 2.2508611560284275
1268.0 0.8222195805702033
1268.5 1.107635159005131
1269.0 1.5296959519149034
1269.5 1.297469743521666
1270.0 1.2751649084115027
1270.5 2.0441860742278237
1271.0 1.4714811663987695
1271.5 0.9070568940282019
1272.0 0.8337364171027285
1272.5 0.6725684021035687
1273.0 1.1391399564494051
1273.5 1.5064636805556613
1274.0 0.6697825733442282
1274.5 0.9519562923985552
1275.0 1.8482891262905028
1275.5 1.1844391252909452
1276.0 1.6559469237965412
1276.5 0.8333051543230506
1277.0 0.735667461012729
1277.5 1.7976066727471463
1278.0 1.1176553068971509
1278.5 1.56328269985344
1279.0 1.042311192427399
1279.5 1.5686574443608414
1280.0 1.242592172609974
1280.5 0.7515658888655472
1281.0 2.233815368974684
1281.5 1.2410451278371193
1282.0 0.9804710502615127
1282.5 1.2048951824248888
1283.0 1.3639758114073277
1283.5 0.8302413954879179
1284.0 1.2595002276929155
1284.5 0.8610806092347354
1285.0 1.2519595463915536
1285.5 1.4823444992870405
1286.0 1.502065729877015
1286.5 1.0376560127039212
1287.0 1.3721982448986787
1287.5 0.7478285417084656
1288.0 1.0543138676715829
1288.5 1.1728612432168686
1289.0 0.7460691925810697
1289.5 0.501135506619879
1290.0 1.116719745703384
1290.5 1.9915309114672648
1291.0 1.3274674379394147
1291.5 0.5347412787940704
1292.0 1.1952813545317917
1292.5 1.1934070103600838
1293.0 1.0092163892791377
1293.5 1.0415401055897886
1294.0 2.016023221762442
1294.5 1.5414914910704973
1295.0 1.0872106456034387
1295.5 1.8670907533466734
1296.0 1.09883714633281
1296.5 1.4234935332659528
1297.0 1.8695975651659533
1297.5 1.2925585801715433
1298.0 0.9603029968943375
1298.5 0.9853334271788922
1299.0 1.0095198959449918
1299.5 1.2965002380990636
1300.0 0.9378679705779474
1300.5 0.932557931048548
1301.0 1.0215792846688752
1301.5 1.5746045882146884
1302.0 2.2417448053311313
1302.5 0.6348507663241921
1303.0 1.2306333430590586
1303.5 1.3364843970692268
1304.0 1.288931486343277
1304.5 1.3540240282241414
1305.0 1.5600780520308148
1305.5 0.8053891951485862
1306.0 0.7973346174442022
1306.5 1.707271084468992
1307.0 0.9159348001290708
1307.5 1.0519961001231835
1308.0 1.088930403283096
1308.5 2.187215062935447
1309.0 1.859417642024834
1309.5 0.4216798940968295
1310.0 0.5148469149530854
1310.5 0.5252724393319794
1311.0 1.9866644711108175
1311.5 1.477759345214613
1312.0 0.8119631897184737
1312.5 0.8047182926756392
1313.0 0.6178361676828782
1313.5 1.3200632801301087
1314.0 1.9134547247983171
1314.5 0.2893471183958458
1315.0 1.068353001314093
1315.5 1.7465678433503329
1316.0 1.0225731388517025
1316.5 0.43385719333431383
1317.0 1.1403085512221267
1317.5 2.0160342362924526
1318.0 0.9035788799421173
1318.5 0.859447764992589
1319.0 1.029077952312149
1319.5 0.912427285896732
1320.0 0.7643261598036177
1320.5 1.8837166928025584
1321.0 1.005602530468536
1321.5 1.258715648586066
1322.0 1.408296863449255
1322.5 0.812536638383304
1323.0 1.2255382547261704
1323.5 1.1540562967478687
1324.0 1.4764973148949267
1324.5 0.9252757277137345
1325.0 0.7752339456991129
1325.5 0.9605660411785291
1326.0 1.7396196336415763
1326.5 1.3836119250305234
1327.0 1.0684571993734984
1327.5 1.6741631410531141
1328.0 0.8436886672281887
1328.5 1.1068455273499063
1329.0 1.5295477174270191
1329.5 1.460928442027806
1330.0 1.9726111129830348
1330.5 0.890503399077897
1331.0 0.9249776911123297
1331.5 0.8995681885593036
1332.0 1.989926229616076
1332.5 0.989997812419245
1333.0 1.2846764798785564
1333.5 1.0046609071452395
1334.0 1.507656265870125
1334.5 1.7423254789346552
1335.0 1.173292264890158
1335.5 1.203267781236634
1336.0 1.1320522794180166
1336.5 1.1027031261124933
1337.0 0.7052854125866854
1337.5 0.9293896622945992
1338.0 0.8573202232618817
1338.5 1.3637114751720638
1339.0 2.034366773685301
1339.5 1.5050575616561148
1340.0 2.0442645079248574
1340.5 0.8198111684901448
1341.0 1.3707882100988633
1341.5 1.0134834940111421
1342.0 1.7990488742265394
1342.5 1.001921680556045
1343.0 1.4773205922821964
1343.5 0.9617974357331086
1344.0 1.6169282646492413
1344.5 1.134469306967989
1345.0 2.3098560140292292
1345.5 0.8273099197314856
1346.0 1.0997921787165326
1346.5 1.7399573175830354
1347.0 1.160107245453142
1347.5 1.485163501476985
1348.0 1.4612858780621996
1348.5 1.1647826804321344
1349.0 0.726298915282553
1349.5 0.8451199923412986
1350.0 1.5062468042426995
1350.5 1.475972419104614
1351.0 0.8412895506945133
1351.5 1.0275219052076747
1352.0 2.069717633048562
1352.5 2.448895332594995
1353.0 1.2959732318011934
1353.5 1.281489880313377
1354.0 0.7632934888887097
1354.5 0.8552596181784158
1355.0 1.5268441193073876
1355.5 2.0819485706737026
1356.0 1.4048041044509825
1356.5 2.278610231773178
1357.0 1.9537742479884481
1357.5 2.0501483929767974
1358.0 1.0232097408841863
1358.5 0.7303528469608436
1359.0 1.1117178518918012
1359.5 0.7234106626501351
1360.0 1.6612327745629523
1360.5 1.2630360264256106
1361.0 0.8995793052492447
1361.5 0.7373373314881795
1362.0 2.0263643794459854
1362.5 1.4948326171042083
1363.0 0.933836586947344
1363.5 0.6099717409006609
1364.0 1.6893427489261836
1364.5 1.2880749403606495
1365.0 0.5062173171395976
1365.5 3.312780391874591
1366.0 0.6011696954773764
1366.5 0.5783330144407839
1367.0 0.7899301243143169
1367.5 1.0834303541319354
1368.0 0.6175281844627918
1368.5 0.8092579592109215
1369.0 1.1244006594629592
1369.5 0.7833255155760079
1370.0 1.9126279857943451
1370.5 0.8482047046782156
1371.0 1.3660899286369932
1371.5 1.3812787385899177
1372.0 1.5145363621184065
1372.5 1.1226113392341577
1373.0 0.782896288471195
1373.5 0.7239066651048942
1374.0 1.5219749239069413
1374.5 0.7620777103235764
1375.0 0.8072180050163151
1375.5 1.711018945451313
1376.0 0.8464380548258166
1376.5 1.1289465855857261
1377.0 1.4407747502270434
1377.5 1.8222984888201261
1378.0 1.0543261087835696
1378.5 0.6608753162325195
1379.0 1.2234167247484773
1379.5 1.3598523760243977
1380.0 1.0341866474988555
1380.5 1.5330827803374092
1381.0 1.292582802700072
1381.5 2.551340798263425
1382.0 0.6944441696382233
1382.5 0.9510484798471225
1383.0 1.759411045373569
1383.5 0.7597164105320835
1384.0 1.717592768278142
1384.5 2.610958529226549
1385.0 1.2455820168357408
1385.5 1.5923132319971396
1386.0 0.6657711779847391
1386.5 0.8297532068785756
1387.0 1.0906772145331325
1387.5 1.062045627543487
1388.0 0.737453786756092
1388.5 0.83163229043081
1389.0 1.5474565266863265
1389.5 0.9763806844112916
1390.0 2.2534753625178876
1390.5 2.156419406346333
1391.0 1.8502714753980998
1391.5 0.7660137194041496
1392.0 1.1656241757531365
1392.5 1.4331222336725111
1393.0 0.7950981022357531
1393.5 1.3086724893684072
1394.0 1.360857879577319
1394.5 1.148687992027282
1395.0 1.449346252074979
1395.5 0.9856658543794234
1396.0 0.8145890263542226
1396.5 0.8083611948609171
1397.0 2.010583823712933
1397.5 1.0005721943272978
1398.0 1.0857653638517668
1398.5 1.241929569194617
1399.0 1.0364824849665872
1399.5 0.6266701391964904
1400.0 0.9085876729308593
1400.5 1.1598341449201415
1401.0 0.939600943713768
1401.5 0.9903912956311269
1402.0 1.3362827245022015
1402.5 0.9187900937756481
1403.0 1.4907795615222286
1403.5 0.7493787674719605
1404.0 0.6232746603840724
1404.5 1.9231271198072735
1405.0 1.1129919574207792
1405.5 1.2413587873559875
1406.0 1.087229637196521
1406.5 1.3248235148332468
1407.0 0.8807122558993496
1407.5 1.8799709634604698
1408.0 1.9201323586963026
1408.5 1.3432735427558975
1409.0 1.4328141013349878
1409.5 0.734601136575459
1410.0 1.0636881215887257
1410.5 0.6150199453727185
1411.0 0.8382340722905852
1411.5 1.1809571823084148
1412.0 1.4613594887764716
1412.5 1.303067415584681
1413.0 0.4867410638512388
1413.5 0.6123626933563413
1414.0 0.7353538080227358
1414.5 1.6622398190184737
1415.0 1.1891429778859908
1415.5 1.4080286432475189
1416.0 0.9010257332821572
1416.5 1.4511320464211925
1417.0 0.6433165721558434
1417.5 0.8332908129996885
1418.0 1.240920331762921
1418.5 1.6198027610726717
1419.0 1.11806075703402
1419.5 0.9679353021386665
1420.0 1.8865462462715643
1420.5 1.132146371317092
1421.0 0.6373670498648288
1421.5 0.8036663070837382
1422.0 2.2423754873934945
1422.5 0.847512474229505
1423.0 1.2034049939508602
1423.5 1.3294917604434382
1424.0 1.1989492022073613
1424.5 0.7566163742796426
1425.0 0.6829239238175229
1425.5 0.9877192226090117
1426.0 1.3980754741072374
1426.5 0.6901950008689002
1427.0 1.4328554069882715
1427.5 0.9825304778757298
1428.0 0.6631925143753439
1428.5 0.8327177308783569
1429.0 1.4847933031399534
1429.5 0.98749786150342
1430.0 0.5839286531209812
1430.5 1.3937906310200483
1431.0 0.5620074112286971
1431.5 0.996633388042425
1432.0 1.339124251287703
1432.5 0.7643868671590757
1433.0 1.2783316255327932
1433.5 0.9960584568603337
1434.0 1.2144683338191136
1434.5 0.6205676910566539
1435.0 1.3530769194651548
1435.5 1.6230192989596117
1436.0 0.9397174321168482
1436.5 0.9243335989670574
1437.0 1.4007711032246664
1437.5 1.5177836407380996
1438.0 0.5796835220804635
1438.5 0.8623327982322336
1439.0 0.8089852300978224
1439.5 2.6600559729407722
