0 1.700469235879011
0.5 0.9713040577731293
1.0 1.5130627421283858
1.5 0.5059597231299999
2.0 0.43850798977044303
2.5 1.922136121236195
3.0 1.0637261546424899
3.5 1.6153103951990861
4.0 1.2045775126370308
4.5 0.800321534071047
5.0 0.8474283617575743
5.5 1.0010803565750035
6.0 1.4062627037311757
6.5 1.3504379212746007
7.0 0.9571255235274763
7.5 1.726871087030655
8.0 0.9701095018687089
8.5 0.7315049752337421
9.0 1.5553979050976066
9.5 1.1387137833566723
10.0 1.5115729386206316
10.5 0.8689113807213419
11.0 1.0090733441256592
11.5 1.3610958505697768
12.0 0.695201858087866
12.5 0.879504257538477
13.0 0.7015036875337802
13.5 1.3603220024112073
14.0 1.3711243425791317
14.5 1.7625415408467981
15.0 0.8018339655126971
15.5 1.3629616578139998
16.0 0.5169226710153637
16.5 1.2180755243175332
17.0 1.387164683584985
17.5 0.6876793226595537
18.0 2.1072032657071516
18.5 1.3658418741259963
19.0 0.822644930219068
19.5 1.810223394777935
20.0 1.2280155000458364
20.5 0.8959279773904955
21.0 2.5254662029620043
21.5 1.1244007375158689
22.0 0.7317497542008462
22.5 1.6942742780688023
23.0 0.911587141348805
23.5 0.5476800971328829
24.0 1.1953044867692462
24.5 1.5397881010052135
25.0 1.5983932815941009
25.5 0.9320550097721857
26.0 1.0000950707213472
26.5 1.8859394473479398
27.0 0.8823359677900013
27.5 1.360545849904121
28.0 1.047610038146229
28.5 0.7704298188381129
29.0 1.453261593446565
29.5 1.578348975086128
30.0 0.6958105690695329
30.5 0.9755908632770198
31.0 0.9981479589477502
31.5 1.5375592151823678
32.0 1.5977129088005029
32.5 0.7673501438356358
33.0 1.5243612137353064
33.5 0.856493053216969
34.0 1.3243608917976344
34.5 0.7755805719919753
35.0 1.7478556600163404
35.5 1.462299029936333
36.0 0.9635924429732245
36.5 1.0580054597409974
37.0 1.080927049254439
37.5 1.0908000871233012
38.0 0.9113931647632307
38.5 0.8758697175396724
39.0 0.5758620570058429
39.5 0.7782734027369338
40.0 0.8772552746692616
40.5 0.7612902903262256
41.0 0.6229755245773682
41.5 0.9271061829868275
42.0 1.6752065064661297
42.5 0.8758094857080163
43.0 1.7410746299261104
43.5 2.4460493373534313
44.0 1.7820504865221358
44.5 1.1654932568604899
45.0 1.524584854372431
45.5 0.9311681764050219
46.0 1.4275869934714933
46.5 1.2065281192725497
47.0 1.4268145289774217
47.5 1.3747169662409258
48.0 1.3585862868646277
48.5 0.6957667481181895
49.0 1.6553809963606825
49.5 1.6519613953202885
50.0 1.460968726953682
50.5 1.2865501392762009
51.0 2.374828172401665
51.5 1.4036104165726369
52.0 0.9830684397039757
52.5 1.5658890128353096
53.0 1.5181091238974986
53.5 1.2275023928156938
54.0 1.0149567105190118
54.5 0.9996662234313186
55.0 0.772865825835293
55.5 1.6161050478030603
56.0 0.5573197290453205
56.5 1.8593928336270018
57.0 1.0159087346771218
57.5 1.474229982008214
58.0 0.9048329997705377
58.5 1.5606126899009134
59.0 0.9370678609001296
59.5 0.6914366240679908
60.0 1.7145397690726725
60.5 0.6358540416703157
61.0 1.0446500627282673
61.5 1.5876449475604053
62.0 1.0816420739137065
62.5 0.8528218697171027
63.0 1.0470642924313278
63.5 1.2605721278320252
64.0 1.039041041993491
64.5 1.6581294549093886
65.0 2.451136025579209
65.5 1.0542376981913497
66.0 0.901824291700567
66.5 0.48665013635682375
67.0 1.6828551007049564
67.5 1.1044343571620754
68.0 1.8158071941899507
68.5 0.9445030920054005
69.0 1.5998311620362433
69.5 1.0089662328720566
70.0 1.0156501305763055
70.5 1.8539111983127734
71.0 2.5558338509452936
71.5 1.5528892034180255
72.0 1.348491898741905
72.5 1.3082817823340673
73.0 1.7903453688154438
73.5 1.8152221562600626
74.0 1.7560734474544029
74.5 1.401602936720845
75.0 0.9927645408002116
75.5 1.0128121684646145
76.0 1.3124098421070052
76.5 0.6701554124593005
77.0 0.9757457369448885
77.5 1.0860576459027014
78.0 0.8418087389711575
78.5 0.6529426686020873
79.0 0.6097286504377214
79.5 1.6575917723684468
80.0 0.7442333420185925
80.5 0.9424758224224328
81.0 1.1217252430219253
81.5 1.1750868460044888
82.0 1.6268322506485795
82.5 0.8796736327141039
83.0 1.4602288377171448
83.5 1.0165986877980253
84.0 0.9870465245293023
84.5 1.7088210808364122
85.0 1.0276630429279747
85.5 2.1960832202504275
86.0 1.1489914674765969
86.5 2.711944575789276
87.0 1.073104021397423
87.5 1.415280320921449
88.0 1.6987877195515055
88.5 0.5546147534130176
89.0 1.7993876384779277
89.5 1.0860349462365497
90.0 1.2199956660167777
90.5 1.5441528869557057
91.0 0.9276653589502719
91.5 1.3780594450531174
92.0 0.6991722426260509
92.5 1.3569634401452
93.0 1.302893905868606
93.5 1.038018895282474
94.0 1.6498515314136366
94.5 1.4218050513697125
95.0 0.8704124923459572
95.5 1.33913938426896
96.0 1.6553643137849234
96.5 0.9121731484242573
97.0 1.0531761728415012
97.5 0.9256673461295605
98.0 1.320764710320933
98.5 1.7000935296281905
99.0 1.1521459766980509
99.5 1.7835628732543563
100.0 2.871210417940385
100.5 1.6020031551723317
101.0 1.555206824594149
101.5 0.8198163567144113
102.0 1.895037768528913
102.5 0.6564781195984918
103.0 1.9751082676964353
103.5 0.9870844897962742
104.0 0.9343411181468945
104.5 1.0920957318132083
105.0 1.2336367092387188
105.5 1.4355154965884687
106.0 0.9055704656669288
106.5 1.8774870962223393
107.0 1.2208139032752654
107.5 0.8348989737042792
108.0 1.7101448002289539
108.5 1.2757740682581977
109.0 0.8845588833295969
109.5 1.8228483496816823
110.0 0.28588420212179866
110.5 0.6034297297771926
111.0 1.4859394616263615
111.5 0.8367609051219351
112.0 0.8181553097256493
112.5 1.4243260737116592
113.0 1.2809115742692292
113.5 0.8105732508649657
114.0 0.2509755826175003
114.5 1.205167168774346
115.0 1.15702348338494
115.5 2.112242427390041
116.0 1.0461682746156438
116.5 0.8403541173716256
117.0 1.8036194728614112
117.5 1.2480703239925979
118.0 0.6852608043825584
118.5 1.304842620355875
119.0 1.3159363709707501
119.5 1.3983053900251994
120.0 1.0100390734003255
120.5 0.9565777328179578
121.0 0.8206337635329235
121.5 0.6481951799632637
122.0 0.9354607659277203
122.5 0.9064781178086923
123.0 0.5957031677285481
123.5 0.5038734908854277
124.0 0.91791226623576
124.5 1.2139704368163222
125.0 0.8898310357536057
125.5 0.7773340877288188
126.0 1.0668961626241042
126.5 1.6099447560658449
127.0 0.7456436008900565
127.5 1.7777203160711956
128.0 1.5730564704954624
128.5 1.427911375809901
129.0 1.4002937026137163
129.5 1.4609728352331457
130.0 0.7166578139637003
130.5 1.0419947212683545
131.0 1.3418938365666113
131.5 1.860585472319443
132.0 1.8251944970753884
132.5 1.3527518012018203
133.0 1.0570251311549823
133.5 1.0283734892551437
134.0 1.276330398897586
134.5 0.4788543329573981
135.0 1.0290359845273878
135.5 1.4629634810401158
136.0 1.631531708817285
136.5 2.0679528416624553
137.0 1.82273433346187
137.5 1.1920304457394235
138.0 1.9508466939273323
138.5 0.46182675292837727
139.0 0.8557336138683393
139.5 0.6063178951560564
140.0 1.3783734747234537
140.5 1.593540359528195
141.0 1.1526630824585773
141.5 0.8801080333654674
142.0 1.0925492190601362
142.5 0.9061422579781985
143.0 0.6919362304030392
143.5 1.4509519835061386
144.0 1.550935586725323
144.5 1.7599840018709796
145.0 0.8613462068457098
145.5 0.3022051953477026
146.0 0.7879450220729292
146.5 0.7465078094820334
147.0 0.5691744175481144
147.5 1.3995169903821745
148.0 0.8153622357036006
148.5 1.0916401311093313
149.0 0.943979759160877
149.5 1.6800614827366707
150.0 1.1229151315610153
150.5 1.5018191728182577
151.0 1.5111098363417101
151.5 2.750086470617557
152.0 1.4465066014707753
152.5 1.5360178856203306
153.0 0.7549356465820085
153.5 1.8421950765589328
154.0 0.8360005421385267
154.5 0.8611446859927319
155.0 0.9304657828837284
155.5 1.1031436900011802
156.0 1.7717395994438836
156.5 0.9265831106034823
157.0 1.3516300818665865
157.5 1.5630829361220726
158.0 1.1822237248636238
158.5 1.1013928475472894
159.0 0.8779016547721505
159.5 1.379573330201905
160.0 1.5824407242384173
160.5 0.6828088657910234
161.0 1.1571488083767507
161.5 1.0403721684524736
162.0 0.987071858200315
162.5 0.680481549994061
163.0 2.1531536239173406
163.5 1.0380118971125545
164.0 1.635543787791912
164.5 2.2787092312872677
165.0 1.0805432162064923
165.5 1.7457541464954969
166.0 1.6319088781648912
166.5 1.2874472372871564
167.0 0.9479166094889537
167.5 0.91514552180102
168.0 1.6183124724352336
168.5 1.9247769372211476
169.0 0.5730684027975761
169.5 0.8177006441073071
170.0 0.9487405403008904
170.5 0.7352105714032654
171.0 1.9790712197485711
171.5 1.553258080592867
172.0 0.8250323587151107
172.5 2.867240524824425
173.0 1.4356073047418343
173.5 1.9710585653500932
174.0 1.0925868525549194
174.5 1.192745843485455
175.0 1.575591947686715
175.5 1.4755092323509356
176.0 2.16680398583438
176.5 2.088881848458307
177.0 0.8215679752081383
177.5 0.8548399465690278
178.0 0.560105063737084
178.5 1.1352112765619806
179.0 0.7937485472639965
179.5 0.9721923410890891
180.0 1.4520646550788978
180.5 1.3932261375990755
181.0 1.1877934372978047
181.5 0.748144284900935
182.0 1.0650330253750595
182.5 1.2828653847533884
183.0 2.282636708224896
183.5 0.9806772766112244
184.0 0.7759848753805689
184.5 1.452498165419463
185.0 1.5580625168082118
185.5 0.47214446644297603
186.0 1.4440730692373978
186.5 1.7314932684289484
187.0 1.0717982238787465
187.5 1.1849367287659123
188.0 2.1635903245821115
188.5 1.874222093721953
189.0 0.892286986320862
189.5 0.4162536972848996
190.0 0.9045404914200834
190.5 0.973069090181123
191.0 1.2007297473210239
191.5 1.2444072616356046
192.0 2.08141281044657
192.5 0.8686033503649149
193.0 1.7028042984057996
193.5 1.5624269622860747
194.0 1.8680139697057996
194.5 0.6991764018990205
195.0 1.3274723709210063
195.5 2.821669521425137
196.0 1.3222598615758159
196.5 1.0915066508625741
197.0 0.6298693957838069
197.5 0.6256971212384219
198.0 2.1079517949488618
198.5 0.9479186034599332
199.0 1.014040060296916
199.5 1.1937081091277464
200.0 1.1180389046375565
200.5 2.4584098149938978
201.0 1.117716875667418
201.5 1.705677239881095
202.0 0.7397184043495952
202.5 1.4820779455740385
203.0 1.096504721356658
203.5 1.9508202332826599
204.0 2.2103043048060633
204.5 1.3080726125481699
205.0 0.7720625052997584
205.5 1.0285509779941395
206.0 0.6703405764107038
206.5 0.8948794096422694
207.0 1.2757897858084095
207.5 1.2525651924089503
208.0 1.138088217527355
208.5 1.5866625854417675
209.0 1.3829777618881858
209.5 1.2104134289149608
210.0 0.6991740305191789
210.5 0.7579202669155001
211.0 1.1611321541005357
211.5 1.0342647454283758
212.0 2.4102317355209095
212.5 0.9760915493821598
213.0 1.3713851006535882
213.5 0.7203265504672944
214.0 1.3944702351133431
214.5 0.7760666309110508
215.0 0.6986039453247215
215.5 0.644106960744667
216.0 1.7766215878526852
216.5 0.9866019789305073
217.0 1.1742301277119398
217.5 0.27376912133590836
218.0 1.3170270110912046
218.5 1.466213262699243
219.0 0.8587394911863545
219.5 1.3470294206825768
220.0 1.3938068059220243
220.5 0.7840581800110907
221.0 0.7123296346114893
221.5 0.9094071539687533
222.0 0.8292320013725911
222.5 1.4918018730297558
223.0 0.73236242655709
223.5 0.8834207064760176
224.0 1.396789396382574
224.5 1.4499012085603615
225.0 2.7099119274340984
225.5 1.577442208573494
226.0 0.9252603648565283
226.5 0.6445292216527742
227.0 1.2569904642277017
227.5 0.7929205169255864
228.0 1.534884315034458
228.5 0.9906127318394846
229.0 1.0643503432536647
229.5 0.8392723072526429
230.0 1.1297949530271059
230.5 0.9331689824693522
231.0 1.3834122634217376
231.5 0.7930057817073044
232.0 1.552792338900632
232.5 1.6286341077574458
233.0 0.8216256465036391
233.5 0.702786081408995
234.0 0.7084613353662856
234.5 0.8053116290224929
235.0 1.3253751812099472
235.5 0.5091478269116745
236.0 1.7201118189228515
236.5 0.7303479849194334
237.0 0.9373832486345504
237.5 1.3327979573951003
238.0 0.7035003108701583
238.5 1.0683015965634834
239.0 2.028260548828446
239.5 0.7010988589022964
240.0 0.750116902205598
240.5 1.2782790042355683
241.0 1.4251921147434055
241.5 1.1662351279895682
242.0 1.1598135269140153
242.5 0.894284493179662
243.0 1.2120930448966536
243.5 0.5970426879318844
244.0 0.6019472197226856
244.5 1.059704581629684
245.0 1.7640388380217513
245.5 1.1207963932365064
246.0 0.5937850338667834
246.5 1.2068317706774119
247.0 0.8297324605831258
247.5 1.0551982682582004
248.0 1.3377608435381072
248.5 1.0539303751981879
249.0 1.820138077786499
249.5 1.0631638392400802
250.0 1.0271179408522166
250.5 1.7961951816114377
251.0 1.1283332622827849
251.5 2.1729738660170006
252.0 1.2293799842280102
252.5 0.8194099643116227
253.0 0.9791135347860321
253.5 1.1313564173077615
254.0 1.141158990602931
254.5 0.8973254659152504
255.0 0.4411816148978156
255.5 0.4926930969053962
256.0 1.778657410956859
256.5 1.3830812024594727
257.0 0.9755327361863143
257.5 1.8214875996675164
258.0 0.5434894593993889
258.5 1.6993645705138225
259.0 0.8793017624877741
259.5 1.72942424475489
260.0 1.3385089376516641
260.5 0.7389814555360286
261.0 0.996811282896491
261.5 1.4194607241704165
262.0 0.6573571050118351
262.5 1.076982023850211
263.0 1.047658228925068
263.5 0.34986528249375415
264.0 1.1267194628683375
264.5 1.5143340331746966
265.0 0.7693297694906367
265.5 0.9976861544020428
266.0 1.558669485126008
266.5 0.9144549464390683
267.0 1.5909809249384592
267.5 2.049979593041245
268.0 1.676435382886569
268.5 1.0810119877662767
269.0 0.8681309476643319
269.5 0.8659923315765792
270.0 0.7624823350251504
270.5 0.8947280393599006
271.0 0.8532901002074509
271.5 1.6776222325006032
272.0 1.0311259200965894
272.5 1.7075161416977953
273.0 1.1415623769905392
273.5 0.7367284507787708
274.0 1.0468952282948822
274.5 0.6280096299660194
275.0 0.7272608251795163
275.5 1.8304331118014776
276.0 1.2275399656413666
276.5 0.6460094867921546
277.0 0.8451090630729945
277.5 0.7427947164505713
278.0 0.7911727230922131
278.5 1.24916224325942
279.0 0.761231660949317
279.5 1.0523934435081443
280.0 1.894795107234565
280.5 0.7638343320948542
281.0 1.9475232649771845
281.5 1.3188877668576222
282.0 1.9639171978516576
282.5 0.8270524505420073
283.0 1.5813927808844839
283.5 1.1299836390529747
284.0 0.4744726052224331
284.5 1.73308016847585
285.0 1.3183133877341071
285.5 1.1797503569747267
286.0 1.630359330756824
286.5 1.4503256355327974
287.0 2.0651419396459807
287.5 0.9495214551365285
288.0 1.0629462994317254
288.5 0.7433426987413103
289.0 0.5265324496602781
289.5 1.4542466194818215
290.0 1.251252248141684
290.5 1.0395722668172382
291.0 1.4923391609771695
291.5 1.3012229847055115
292.0 1.4838141225113528
292.5 1.0298638981514545
293.0 1.27313679608533
293.5 1.3076979083751592
294.0 0.697705088832924
294.5 0.6617664723270452
295.0 1.345098535065965
295.5 1.2089946357096366
296.0 1.3637190294105683
296.5 1.4120249531607936
297.0 0.70672814012869
297.5 0.708680346897897
298.0 1.7819575363193652
298.5 1.020089049992099
299.0 1.7361998920750916
299.5 0.8348170717720398
300.0 1.5682594851353138
300.5 0.9624819134499596
301.0 2.403813269168424
301.5 1.074764036081543
302.0 0.6301104562345065
302.5 1.9642713793123654
303.0 0.5733992475947725
303.5 1.179933171185529
304.0 0.8141266657667957
304.5 1.0904754546848918
305.0 0.5242496127593116
305.5 0.7683499495043659
306.0 0.8851440698043408
306.5 1.3278304457855508
307.0 0.5085188047438141
307.5 1.0043681043083894
308.0 0.6138005516804446
308.5 1.4107794101884963
309.0 0.9301542601188499
309.5 0.9494269870325969
310.0 1.7548430916838962
310.5 0.6239044222245127
311.0 2.393161174084427
311.5 1.4965165282706332
312.0 1.9825715023745252
312.5 0.6625115780265278
313.0 0.8656479999574707
313.5 1.2361737975236056
314.0 1.0194265535782494
314.5 0.6772565576391432
315.0 0.6631539702368122
315.5 0.7446034691430201
316.0 0.9024020317650512
316.5 0.8745639093487034
317.0 1.2302497262926457
317.5 1.1287220427293085
318.0 0.8588997841426649
318.5 0.8891599159192263
319.0 1.6396610515247088
319.5 0.8405728646825382
320.0 1.9727151875166105
320.5 0.6443662183872463
321.0 1.6837120446192129
321.5 0.7269195556508404
322.0 0.3612963468391234
322.5 0.768419407657615
323.0 0.8630921847915283
323.5 0.6061690671138402
324.0 0.8522040525755161
324.5 0.5479459063074712
325.0 1.1319560421320738
325.5 1.1891446912213763
326.0 1.8450345682253078
326.5 1.1180167451709
327.0 2.1281311940760483
327.5 1.369935076220282
328.0 0.5872102226899405
328.5 1.6282189054645668
329.0 1.0522479563996643
329.5 0.9335583043135991
330.0 0.8250787946520532
330.5 0.7159309085305181
331.0 1.8309509020773547
331.5 1.1765722887411565
332.0 0.9924713770985087
332.5 0.9221832300531745
333.0 2.2618786275656233
333.5 1.8954641446179414
334.0 1.304694295584194
334.5 0.6034524830625667
335.0 0.7004431346082156
335.5 1.7909173014539856
336.0 1.9981258778500166
336.5 3.183075392432415
337.0 0.8731914353840041
337.5 0.5932613917855198
338.0 1.3590910378580003
338.5 1.1033894595069746
339.0 1.769291957212427
339.5 0.7752400330928977
340.0 0.9033130573491198
340.5 0.9394964246372856
341.0 1.1221807246318216
341.5 0.9566618670068197
342.0 0.6131502657652875
342.5 1.6458510548903544
343.0 0.9287517427000571
343.5 1.173813522395423
344.0 1.5148245923841688
344.5 1.183015935773363
345.0 2.294491485008966
345.5 0.9838601799621889
346.0 1.7373067234059292
346.5 0.9887040821486915
347.0 1.2217487899339718
347.5 1.0961952779158457
348.0 1.8842918598408003
348.5 0.8726184605850815
349.0 1.4830493705314876
349.5 0.7576123514192317
350.0 0.8926996141966053
350.5 2.078422577913705
351.0 2.0569415797549984
351.5 0.5191913405049631
352.0 0.7058250111290054
352.5 1.451991492035239
353.0 1.032120024740573
353.5 1.2380045013591712
354.0 0.6563240278984979
354.5 0.7481475904711014
355.0 0.6013959300657552
355.5 1.847305303041915
356.0 1.7051470951118421
356.5 1.1300774761170267
357.0 0.7966779809063045
357.5 1.5357137781532457
358.0 0.9703433636446734
358.5 0.8343197808593411
359.0 1.7509349637291545
359.5 2.085193418685736
360.0 1.5985547812526142
360.5 1.449573119393547
361.0 1.989824513678303
361.5 2.0106131611494225
362.0 0.8794966996443139
362.5 1.6213039329489116
363.0 0.897772143927887
363.5 2.069011273780194
364.0 1.3494335693398847
364.5 1.0265389591282708
365.0 0.8854436060278188
365.5 1.0579177132124356
366.0 1.1754056267770356
366.5 1.8268002968716472
367.0 1.1940159675698454
367.5 1.3399346150201494
368.0 0.7113419479213203
368.5 2.4004567388122586
369.0 2.7436514139210346
369.5 1.5114285196206376
370.0 0.9022556219858573
370.5 1.0090438530706956
371.0 1.0804664431267923
371.5 1.1222996836676793
372.0 1.9080964059291032
372.5 1.0865829112889172
373.0 1.1425762983783763
373.5 0.9053202703819231
374.0 0.5866787444012415
374.5 0.8916716763247174
375.0 1.4729950080298866
375.5 0.9250810549743196
376.0 1.1022753501882057
376.5 0.778042919114033
377.0 1.020340222222485
377.5 0.7092548218284613
378.0 0.6843918729359724
378.5 1.0546452118262497
379.0 1.7717550985485273
379.5 0.8874841541490065
380.0 1.0994825610607828
380.5 0.5432961384003379
381.0 2.0872565680089634
381.5 1.3881367410705
382.0 0.7153482544271299
382.5 0.7587858942949031
383.0 1.4351339206517388
383.5 1.207190930505046
384.0 1.3521538047029595
384.5 1.8081311322926412
385.0 0.6831782246460267
385.5 1.8744879494868925
386.0 1.6100232614243133
386.5 1.5143232862671594
387.0 0.8610595247166618
387.5 0.9408894259199461
388.0 1.9903651940753728
388.5 0.42081548236586613
389.0 1.3709152715438975
389.5 1.0341709271370978
390.0 1.130536177206824
390.5 0.6892742090365866
391.0 1.7399553874920337
391.5 2.117354171784454
392.0 1.0103433472322316
392.5 2.4002154360820978
393.0 1.4808181591262861
393.5 0.6430982430718319
394.0 2.6168482902731087
394.5 1.2649456635449585
395.0 1.0867348464728264
395.5 1.3038239128920515
396.0 0.40386546148784064
396.5 1.4525313747059936
397.0 0.7506866111389083
397.5 1.021655616278388
398.0 2.115131516631349
398.5 1.7612065517346909
399.0 0.6444280219972887
399.5 1.5822102274853531
400.0 0.9237126973703601
400.5 0.8027684612067719
401.0 1.404572521094106
401.5 0.4314063960306581
402.0 1.9064833650261703
402.5 1.835673538230368
403.0 2.032713487683221
403.5 0.9356727185900605
404.0 0.8976911736974375
404.5 0.7009578724441656
405.0 1.125985070079695
405.5 0.6792271566294383
406.0 1.5203274535960736
406.5 1.5691147637825003
407.0 1.6175842991025988
407.5 0.684658919658345
408.0 0.35230973889947953
408.5 1.107343746874992
409.0 1.0854370281610195
409.5 1.5914620994650788
410.0 1.3674106455610335
410.5 1.7034835013617373
411.0 0.8887349646081184
411.5 1.5729995417775762
412.0 1.2371134894294704
412.5 0.8372701872823596
413.0 1.112597399427647
413.5 1.6272982525982385
414.0 0.9520677471887984
414.5 0.9110035733979984
415.0 0.44408375668716327
415.5 1.062227903501791
416.0 0.739885485718301
416.5 1.424788952292449
417.0 0.7825353435788449
417.5 1.3416237295636695
418.0 1.0614749407534663
418.5 1.8050341326932837
419.0 1.6076966463444688
419.5 0.9103850449851927
420.0 0.9090585861387173
420.5 1.903558936410778
421.0 2.000284363115053
421.5 0.792104984430948
422.0 0.7133614749798018
422.5 1.7790886522700222
423.0 1.406714629566802
423.5 1.3420917431287436
424.0 1.6781637002400278
424.5 1.3347348726731516
425.0 0.5378985570110237
425.5 1.293404683826017
426.0 0.7206557467730971
426.5 1.4648333058923473
427.0 2.456114912757452
427.5 1.257840481787809
428.0 1.0942469687225165
428.5 1.0748928313441124
429.0 0.6867321017495214
429.5 1.2687726078407726
430.0 0.6059916549921781
430.5 0.9150596703714569
431.0 1.6226171573676385
431.5 0.7429405838820138
432.0 0.851708463105135
432.5 0.7599400828422302
433.0 0.9314818085330618
433.5 0.6158817100286427
434.0 1.3564687712414305
434.5 0.7097922265406764
435.0 1.2492697991287132
435.5 1.1263697840160227
436.0 0.7123799520397038
436.5 0.6922621757524283
437.0 0.7727254692529819
437.5 1.62535894071657
438.0 2.060605568082799
438.5 1.0418755601409821
439.0 1.475284029654045
439.5 2.167286756471123
440.0 0.9756249218334494
440.5 1.495030405823702
441.0 0.6472650631578838
441.5 0.6945245106964177
442.0 1.102589747522623
442.5 0.7764643020769328
443.0 0.6208850646428985
443.5 1.8312360416428548
444.0 0.5316209639321017
444.5 1.0738491597799023
445.0 0.8353160665488607
445.5 0.9176727429356324
446.0 0.7180333339543247
446.5 0.7382678779035616
447.0 0.8141525022101191
447.5 1.5347681693086814
448.0 0.7719467647192501
448.5 0.5848643737908811
449.0 1.9015617690570292
449.5 0.9976452091448348
450.0 0.5411671498650554
450.5 2.587777270693862
451.0 1.3778306078788205
451.5 0.8719324565214256
452.0 0.6099215996296522
452.5 1.4774264838236237
453.0 1.6080733590269087
453.5 1.7145836719199592
454.0 2.2067775580639983
454.5 0.9277490123897937
455.0 1.240981798820932
455.5 1.0229407533916834
456.0 1.0105939927931584
456.5 0.7305474939993427
457.0 1.9811639934013012
457.5 1.4197537639978721
458.0 1.0055021157086215
458.5 1.2822195365037021
459.0 0.6283005366139602
459.5 0.547796732326655
460.0 0.39281624472876947
460.5 1.4933306159446635
461.0 1.5765037295262712
461.5 1.1200254969144943
462.0 1.408468108296022
462.5 1.3166500190709658
463.0 1.965204407681012
463.5 1.2473796575280733
464.0 2.6009530481466747
464.5 0.8493600091065566
465.0 1.8866933465534155
465.5 0.8913920179223587
466.0 0.6299812969111204
466.5 1.5466284446970051
467.0 1.1821333942064667
467.5 0.5927122286882361
468.0 0.8953913740015971
468.5 0.8485757594420151
469.0 0.8395791650865871
469.5 1.0499927967369127
470.0 1.3995113863058224
470.5 0.7250461720681196
471.0 2.0038722927226793
471.5 1.2084477861461793
472.0 1.4442262318624075
472.5 0.5497577590843262
473.0 1.457000916496962
473.5 1.3468130848644797
474.0 1.3894699306527043
474.5 1.3147567883636748
475.0 1.3256654623457937
475.5 0.6774090046582536
476.0 1.3945193061663108
476.5 1.1257605335781875
477.0 1.9404434363681524
477.5 0.5289550721919076
478.0 1.1853067392813665
478.5 1.0167080723421489
479.0 2.074445408829231
479.5 1.4949471373252083
480.0 2.5601616712122452
480.5 2.306223536136248
481.0 0.9054605503681675
481.5 0.743852420682462
482.0 0.8971617396994737
482.5 2.02044996190845
483.0 0.5845040984873058
483.5 0.6705708288960904
484.0 2.3438225056294595
484.5 1.2118656125412697
485.0 1.055859906910091
485.5 0.8851544022724369
486.0 0.6217178598026488
486.5 1.5674090470366693
487.0 1.3766581019114852
487.5 1.2891383669280811
488.0 1.3171770523157091
488.5 1.3815362916510454
489.0 1.8684206488193849
489.5 1.0228594642574285
490.0 0.732674073819423
490.5 1.0430468975368024
491.0 0.8428971551367868
491.5 1.833399408335627
492.0 1.196085798554231
492.5 1.4226802256089037
493.0 0.8575881738067803
493.5 0.7855262474970028
494.0 1.637660933813204
494.5 0.8215398509560199
495.0 1.559157149098074
495.5 0.9944204979643336
496.0 1.1763119895849694
496.5 1.6217345767779192
497.0 0.7717389202554354
497.5 0.6605774352960018
498.0 1.117892950210786
498.5 1.2116658545715335
499.0 0.6810091245177292
499.5 0.9348637305824331
500.0 1.1072500732836819
500.5 1.2733792909937725
501.0 1.5982594097057707
501.5 1.256611385033625
502.0 1.3740289466154634
502.5 1.7287569650863983
503.0 2.2928627009850184
503.5 1.1077387399098182
504.0 1.4568389556841468
504.5 1.15722939066759
505.0 0.7891697182455121
505.5 1.6408738624557953
506.0 1.153960247345089
506.5 1.0863075178839687
507.0 1.735678748856043
507.5 1.7687497776524599
508.0 2.2948041584978323
508.5 1.4132031212094562
509.0 1.186530463214177
509.5 0.8414393226915092
510.0 0.7400843569989792
510.5 2.0720861607758474
511.0 1.244341487860431
511.5 1.552248024531273
512.0 0.6346239826592759
512.5 0.8123427881146985
513.0 1.866237738007689
513.5 0.5890707609323502
514.0 1.4439140597162698
514.5 0.5656189986646308
515.0 0.7109527299708742
515.5 0.5072394316266436
516.0 1.1279968861189014
516.5 1.0674961731688448
517.0 2.1517150253591004
517.5 0.8023346571086958
518.0 0.8723809294639244
518.5 0.7729853937791462
519.0 1.1875783834805445
519.5 0.3888197764249023
520.0 1.591492755436982
520.5 1.4805276571786892
521.0 0.9456408406492971
521.5 1.3585281559715436
522.0 2.6180875754107253
522.5 1.5341908529814305
523.0 0.770847352394998
523.5 1.177961534915985
524.0 0.4907081297367397
524.5 0.7445970967173751
525.0 1.440060715883682
525.5 0.889914068113689
526.0 1.08742691849917
526.5 0.9612296597291212
527.0 1.935748714090697
527.5 1.9425412276039544
528.0 2.2332751542195903
528.5 1.346861369590452
529.0 2.872812779710209
529.5 1.1817045621691102
530.0 1.02976038955984
530.5 1.1737211892093637
531.0 0.8010344089731816
531.5 0.799751294310187
532.0 1.5997789879169222
532.5 1.4193561920592672
533.0 1.0793781633688697
533.5 1.493281515925523
534.0 0.8312378503135833
534.5 1.1167236434138406
535.0 1.5417507471497607
535.5 2.0708570846623386
536.0 1.3793240054527562
536.5 1.0944666066865987
537.0 1.7323079422494911
537.5 0.5538683718390383
538.0 2.528233797755142
538.5 0.9655824921900859
539.0 1.0762686304058593
539.5 1.2741459917260265
540.0 0.927175986589591
540.5 1.1562073081749444
541.0 1.5136524771590962
541.5 2.3144454362691205
542.0 0.702814368287247
542.5 1.571499045733692
543.0 0.5783684498727354
543.5 0.7629141874470728
544.0 1.8658873828193703
544.5 1.1910543391202437
545.0 2.2378642122477794
545.5 1.0915305741922738
546.0 1.078800526381259
546.5 1.3292394360329882
547.0 1.0598107431971147
547.5 0.7230497931926692
548.0 0.6997033681558068
548.5 1.1499006010969208
549.0 1.2796791222010273
549.5 1.1012418021696115
550.0 1.1946217118703975
550.5 1.0061610898413393
551.0 2.068033525099238
551.5 1.5008035383356861
552.0 0.6219694319552482
552.5 0.7116158579714492
553.0 0.8761545689424142
553.5 1.268044295138159
554.0 1.8665109467094427
554.5 2.7292108972313693
555.0 2.0989886108830356
555.5 1.1270198261550155
556.0 1.6025941453435593
556.5 0.8352527520804374
557.0 1.7522444517134241
557.5 0.47414862067728525
558.0 2.3491208253138067
558.5 0.8999121959487297
559.0 0.9471857504384049
559.5 0.7322825903691045
560.0 1.108200738981214
560.5 0.7818405638251915
561.0 1.2288516901930175
561.5 1.1409027084922898
562.0 1.1325456785062715
562.5 1.243549688702956
563.0 1.3174960046860429
563.5 0.7430463867107588
564.0 1.0080756354622618
564.5 0.7114632659488848
565.0 0.6550070494529221
565.5 0.8834781691616503
566.0 1.6678495159553974
566.5 0.8850047312161237
567.0 0.8337489111049711
567.5 1.1245282387772426
568.0 1.2331829333268642
568.5 0.7522621203189095
569.0 0.7591132053389917
569.5 0.9484990040334071
570.0 1.3459091279213145
570.5 0.990497352235838
571.0 1.1918683947076296
571.5 1.2438271608110552
572.0 0.6947408707090568
572.5 0.9511840356533146
573.0 0.6407227972790439
573.5 1.4426372727525043
574.0 0.7316676409632221
574.5 1.4015867900184067
575.0 0.9670212618141824
575.5 1.3523549490785989
576.0 0.6305434941772813
576.5 1.2989682456442002
577.0 0.8260381848139761
577.5 0.994314453403973
578.0 1.420039114545836
578.5 1.1695120614246137
579.0 1.8881431807943068
579.5 1.5794128580670814
580.0 1.064126458741647
580.5 0.7693529590351437
581.0 1.0836153156012454
581.5 0.8336846577902881
582.0 1.2601921035925405
582.5 0.7367379953659868
583.0 0.6169402862557596
583.5 1.5488569206559566
584.0 1.3224225805915064
584.5 0.6066858640284593
585.0 1.1479054562462705
585.5 0.8965865831905384
586.0 2.106171720355464
586.5 2.006658002219055
587.0 0.9067860051825573
587.5 1.9482619307803224
588.0 0.5651468762289126
588.5 0.8979684308220716
589.0 1.5339956972843192
589.5 1.0265408044349513
590.0 0.5633678067422527
590.5 1.0142578982386985
591.0 1.3548937975969357
591.5 1.3858112286721447
592.0 1.4159205652168674
592.5 1.7314462025469675
593.0 1.664451994665464
593.5 0.7238758796533693
594.0 1.4216246224822926
594.5 0.9552747612922645
595.0 0.8294520782417834
595.5 1.8806572746721706
596.0 1.2290846111900262
596.5 1.3618033722555596
597.0 1.0738405006295002
597.5 0.673825389697031
598.0 0.7946512607433464
598.5 1.0388280402057517
599.0 1.3618630858681828
599.5 0.8621520714474552
600.0 0.8108934528769675
600.5 1.2859262788264139
601.0 1.0167112226578643
601.5 1.8257137667590817
602.0 2.232385122860756
602.5 1.351757938955641
603.0 0.5519397757765517
603.5 1.603291368812121
604.0 0.7852058336723076
604.5 0.9429312708407536
605.0 0.7289288855509535
605.5 1.9555362094282136
606.0 0.9698646975723582
606.5 0.6235174346521033
607.0 2.2449341652592265
607.5 0.9005944089450225
608.0 1.3498162888063505
608.5 1.4631683825446369
609.0 0.8019644829028936
609.5 1.1312686663818563
610.0 1.054750649746039
610.5 0.6437259390334659
611.0 1.205209860222547
611.5 1.8235005621845741
612.0 0.9362544061675021
612.5 0.8232811378732355
613.0 1.685096080809005
613.5 1.2214727445484153
614.0 0.9923003358177533
614.5 0.8739929764530331
615.0 0.7834754545362508
615.5 0.873152019443269
616.0 1.22676107294516
616.5 1.026883351158706
617.0 0.9211490093124157
617.5 1.3318177520056262
618.0 1.60362655074676
618.5 0.9988962225473149
619.0 1.2085117104056207
619.5 0.8115593897161398
620.0 0.8692084485893985
620.5 1.393502391067714
621.0 1.4290546792637513
621.5 1.7697301012069901
622.0 1.1729161177181155
622.5 1.972004657966901
623.0 0.877356790483611
623.5 0.84974495305041
624.0 1.6666118597137713
624.5 0.4888817213221167
625.0 0.6688456284523089
625.5 1.0135709585115418
626.0 1.6398820901822675
626.5 1.1153890178864243
627.0 1.092386503714821
627.5 0.7270792368895949
628.0 0.5309734740495384
628.5 0.553850908735537
629.0 0.8083478540302301
629.5 1.2697791801747573
630.0 1.4950765791966047
630.5 1.3802463399470257
631.0 0.5769825613340949
631.5 0.75526223454464
632.0 0.8593924829244733
632.5 1.6312726218166156
633.0 1.8949172361825268
633.5 0.5267490353559839
634.0 0.6274080191475124
634.5 1.751683991194645
635.0 0.7500936109148754
635.5 1.2073945687391765
636.0 1.734885164050475
636.5 0.9623531500238369
637.0 1.3060435581072385
637.5 0.6411752187583237
638.0 0.579045657758771
638.5 0.8946024811678583
639.0 1.271282218835421
639.5 1.4404498200654734
640.0 1.2046558023515206
640.5 0.5784261702095601
641.0 1.7509064522091005
641.5 0.9322313555789129
642.0 0.9870515628342851
642.5 1.1732519912316608
643.0 0.847451445262568
643.5 0.8024102432897566
644.0 1.3861150945996221
644.5 2.2261807377144542
645.0 1.0917048894114734
645.5 0.6375949081961751
646.0 1.6235501532922707
646.5 0.5571596695415932
647.0 1.295509135696228
647.5 0.3181761282296016
648.0 0.515520277483458
648.5 1.0596154496146037
649.0 1.6508339848324796
649.5 0.8654791672847412
650.0 1.2695189622900578
650.5 0.9178290718595264
651.0 0.7976077289202186
651.5 1.757434747772927
652.0 2.1805493903522506
652.5 1.5044421199149736
653.0 0.958884076470474
653.5 1.2889203931209008
654.0 0.9610134271453946
654.5 0.9395864788695428
655.0 0.7030985686224309
655.5 1.7874425532501355
656.0 1.5832273746115813
656.5 1.6383079654210098
657.0 1.1264437355049197
657.5 1.2979000214758711
658.0 1.1375394612660732
658.5 1.394562807486739
659.0 0.9122202759847515
659.5 0.6024481684706027
660.0 1.0977406759570323
660.5 1.1038959190380422
661.0 1.618976123961598
661.5 1.380965155878218
662.0 0.9437474629328311
662.5 0.8373223775366957
663.0 2.093783388915247
663.5 1.6142340349681905
664.0 1.2593767080538854
664.5 1.2423665566748556
665.0 0.759408555317352
665.5 1.3435042411662192
666.0 0.8125737062662308
666.5 0.5840339155825587
667.0 2.0342190854072038
667.5 1.140587799761154
668.0 0.6721290506810199
668.5 1.726639227217559
669.0 2.3373614107328664
669.5 0.6156296189496947
670.0 0.7985221462882119
670.5 0.9690561675621563
671.0 0.9153184270735302
671.5 0.9463535965551834
672.0 1.0714089085649856
672.5 0.6578188225694472
673.0 0.7632726180030602
673.5 1.5512767900041218
674.0 1.0823746835357582
674.5 0.6619910193228183
675.0 1.8018404301827426
675.5 0.7261040110050081
676.0 0.8255060871626415
676.5 1.8458654103936933
677.0 0.8305479894821269
677.5 0.6441103245787901
678.0 1.3369220315453298
678.5 2.289230515903591
679.0 2.1317728586504865
679.5 0.9802247051632009
680.0 0.8521189923931521
680.5 0.8859589064368789
681.0 0.9415188610608742
681.5 2.3214425336796967
682.0 1.1203378883910236
682.5 1.289799079751024
683.0 1.8554125164618227
683.5 0.6491493248952077
684.0 1.2063662387504968
684.5 0.7843629796445055
685.0 1.8557613837745817
685.5 1.7371479264076548
686.0 0.3990187434876161
686.5 0.7547351834162668
687.0 0.5451602527989388
687.5 2.0797431838078593
688.0 2.3482203616892607
688.5 1.172280366383137
689.0 0.5645148696182083
689.5 0.8681262767806092
690.0 0.9943047322895313
690.5 1.50055047016637
691.0 1.6211139677657382
691.5 1.0417642003952827
692.0 1.8253078722770644
692.5 1.237807171639222
693.0 0.683949189218922
693.5 0.666871732118643
694.0 0.7682240439073913
694.5 2.399749756315256
695.0 0.7595416879133243
695.5 1.946242092300606
696.0 0.9770991420582469
696.5 1.527704090194535
697.0 0.7436878712436401
697.5 1.204652537892454
698.0 1.4079505403215415
698.5 0.8067111855467777
699.0 1.20827156842815
699.5 2.47568043630155
700.0 0.8645298050644084
700.5 1.7903845848700413
701.0 0.699526865310631
701.5 1.0008413484569745
702.0 1.1270177483612747
702.5 0.8787097110459563
703.0 1.7943787320748275
703.5 1.7105289088034854
704.0 2.0601794123078916
704.5 0.7008854747282033
705.0 0.45955703528433756
705.5 1.3217504779071203
706.0 2.155094052221664
706.5 1.6193611896016218
707.0 0.6372524545098577
707.5 0.7461151854644601
708.0 1.5168990365471562
708.5 1.496567506852636
709.0 1.1717395892002385
709.5 1.1863101874022268
710.0 0.9841720561937622
710.5 1.789277455803351
711.0 0.9169944191392874
711.5 1.2296129872505996
712.0 0.470181543462706
712.5 1.386573683102593
713.0 1.0227346788252911
713.5 0.8905828552119904
714.0 1.6488221527508584
714.5 1.2304314741624665
715.0 1.6880328532471318
715.5 1.377310585039591
716.0 1.3515569443355986
716.5 0.7161559668196047
717.0 2.648116772235092
717.5 2.0296781575413947
718.0 0.7067596944761357
718.5 0.43144008534870393
719.0 0.9289509481481636
719.5 1.1713084523476534
720.0 2.2901090478223782
720.5 0.8175299202701029
721.0 1.0194822782047241
721.5 0.729646726609976
722.0 1.4016289988746315
722.5 0.8451754002373385
723.0 0.9085809643106166
723.5 0.6046703993679897
724.0 1.1670745094900794
724.5 1.3746409094954615
725.0 0.7445542111586496
725.5 1.3301704024564547
726.0 0.4199948354792816
726.5 0.936123229267505
727.0 0.9102013548599429
727.5 1.5968377086635304
728.0 1.02699902471633
728.5 0.734266540031421
729.0 1.8659339502366303
729.5 1.3492829087432858
730.0 2.065052165708847
730.5 1.1888808285543724
731.0 0.8203314425621094
731.5 1.2265731249644858
732.0 1.0623865940188
732.5 1.0974809981639613
733.0 1.1555026981137229
733.5 1.138968602095058
734.0 0.7704340005077036
734.5 0.7783251260756954
735.0 0.635138866243933
735.5 0.7934281206409632
736.0 0.7936737289957889
736.5 1.6783249385674057
737.0 0.6296859301346638
737.5 1.4560486347278168
738.0 0.9937421332791476
738.5 0.8269698571836583
739.0 2.0451610694121856
739.5 0.8084888906388068
740.0 0.982951376655225
740.5 1.938371109879688
741.0 0.8405423052243501
741.5 0.7878329122112675
742.0 0.8036737831461371
742.5 1.4002664928091633
743.0 1.343410771109494
743.5 1.5245219827706327
744.0 0.9745803045493144
744.5 1.8524846645708657
745.0 2.1476478922527438
745.5 0.4990540223459915
746.0 1.457452579467534
746.5 0.6883979076926281
747.0 1.0475793469810273
747.5 1.6353939549568188
748.0 0.6673837209403063
748.5 2.0587261290942145
749.0 0.906131940779368
749.5 2.042206561531829
750.0 1.9554693118380342
750.5 1.3223849170753823
751.0 0.8117465824846385
751.5 1.058105331011104
752.0 1.0362549055365378
752.5 1.1370319082068443
753.0 1.1512440767522008
753.5 1.0627737805112982
754.0 0.941626572375748
754.5 0.8123746607148841
755.0 0.9414462252681407
755.5 1.0303316315299964
756.0 0.5377696999779209
756.5 1.2173777979260274
757.0 1.1216761881651154
757.5 1.437769315394547
758.0 1.1582932825121168
758.5 1.10326255376039
759.0 0.8930204347012696
759.5 2.3700419073567174
760.0 1.3409532683558871
760.5 1.1232574331987002
761.0 0.41330804258205633
761.5 1.1189318000658888
762.0 1.8640214335550556
762.5 1.2416190004657417
763.0 0.9595267384633195
763.5 0.8931599730094226
764.0 1.0234479899492541
764.5 0.9537505636544921
765.0 1.2573449470225282
765.5 0.8000542908514753
766.0 1.118052138539535
766.5 1.539980778113546
767.0 1.736276131081722
767.5 1.522520131146384
768.0 0.6651932181362312
768.5 1.3903481711897927
769.0 1.0958360050391376
769.5 1.1854748479006942
770.0 1.1399889036547475
770.5 1.9081080547805436
771.0 1.4503300608189962
771.5 0.9480351871766572
772.0 1.0463135580696425
772.5 0.9007147872041456
773.0 1.1603238947236627
773.5 0.2
774.0 0.6358660855037311
774.5 0.9674421956742218
775.0 1.286760524721719
775.5 1.3309425213545822
776.0 1.3616418556893775
776.5 1.1665648006899847
777.0 2.0145111606309944
777.5 1.8140052008176464
778.0 1.7345807677162952
778.5 1.1798612255323566
779.0 1.2166000335340272
779.5 2.1130056661923398
780.0 0.8806811055786697
780.5 0.8360371361021816
781.0 2.3181150283891854
781.5 0.638128613493304
782.0 1.1260133431512567
782.5 1.6217809766614608
783.0 1.378591211994646
783.5 2.1642838565129887
784.0 1.0139997155285496
784.5 1.3204935870618908
785.0 1.8543153489229776
785.5 0.7681405448542358
786.0 1.2307056838590933
786.5 1.0961609682351174
787.0 0.9470265560065878
787.5 0.7377978458440048
788.0 1.0650750488130565
788.5 1.0403581033363272
789.0 2.3696153374542615
789.5 1.2749698055653784
790.0 0.2
790.5 1.0732883878951318
791.0 0.8955242540235487
791.5 0.7666392985219527
792.0 1.0059096698693664
792.5 0.8994916775209512
793.0 1.155229121060088
793.5 1.8416159704780868
794.0 1.3577234986220135
794.5 0.2
795.0 0.9077263684648743
795.5 1.0149160855771988
796.0 1.1432228643228166
796.5 1.4172704042233262
797.0 1.237675261934154
797.5 0.5837552298796173
798.0 0.6508259319673018
798.5 1.6152876038753698
799.0 1.233561712188332
799.5 1.653372883277847
800.0 0.8133829092859733
800.5 1.5302013592478898
801.0 1.0499307923396501
801.5 1.1418445869170508
802.0 2.2369015323759074
802.5 1.236938661226917
803.0 1.8215897561746126
803.5 1.0912769592637814
804.0 0.6290829150551533
804.5 1.022166918669308
805.0 1.7492409550677386
805.5 1.3589195540179693
806.0 0.8460133946037028
806.5 0.7579197754590425
807.0 0.8386139342635774
807.5 1.1846338107165408
808.0 1.6957221745759177
808.5 1.4789770989163413
809.0 0.8742149214740433
809.5 2.064184251536012
810.0 1.8119472006086115
810.5 0.77612831257768
811.0 1.4390710920689875
811.5 1.6880858958890275
812.0 1.0557438351949129
812.5 0.5347566580352172
813.0 1.1172384981903034
813.5 1.1220608154785814
814.0 1.2432056566461644
814.5 1.1279978353391917
815.0 1.0654347909955904
815.5 0.63978421736707
816.0 1.0825856137438457
816.5 0.6503191648622224
817.0 0.7680273216756799
817.5 1.8459821341836256
818.0 1.5376346422878429
818.5 1.3424175265008962
819.0 0.8673310587252772
819.5 2.8335371519772807
820.0 1.7505033997233532
820.5 1.0668198002940683
821.0 1.264782145693806
821.5 1.1279670101943657
822.0 0.6983067695067499
822.5 1.2329570393755005
823.0 1.3629283345546555
823.5 0.831472995184352
824.0 2.0788930651793898
824.5 0.7629128070772151
825.0 1.0028760293412913
825.5 0.8524564611125025
826.0 1.1727055494201433
826.5 1.1254700635414303
827.0 0.8492512576035975
827.5 1.8794291634158533
828.0 0.9204496333142933
828.5 0.7015403849822113
829.0 2.395654423387668
829.5 0.985416854514523
830.0 0.8159983762400186
830.5 1.6200806464218647
831.0 1.1401410072406923
831.5 1.5320980129542638
832.0 0.6833023817899748
832.5 1.536986789895366
833.0 0.7246093042067382
833.5 0.6164559269242608
834.0 0.7771294333088732
834.5 1.3877695967235633
835.0 1.7077987008033664
835.5 0.6858446618287692
836.0 0.6751458190261052
836.5 0.9952629427482804
837.0 1.1413469478392053
837.5 1.286014775330798
838.0 0.748409647952943
838.5 1.3561610504245687
839.0 1.0865410768035155
839.5 0.7032518441156597
840.0 0.6621603075098319
840.5 0.6541847093420944
841.0 1.474138512669832
841.5 0.6787165766523158
842.0 0.6841314181481519
842.5 0.7368495225324807
843.0 0.8036527687617898
843.5 0.9393552098576896
844.0 0.7264272385022515
844.5 0.5543391218665608
845.0 1.6998856971552367
845.5 0.7654051424629684
846.0 0.6875772928771157
846.5 1.4834285843982316
847.0 1.0297302486715083
847.5 1.780979368916894
848.0 1.4123243159419174
848.5 1.7750580309396196
849.0 0.8582985047687882
849.5 2.0504171948841545
850.0 0.7798665259310272
850.5 1.5619119056854511
851.0 1.9768420822470232
851.5 0.6979325247374373
852.0 1.2824101506721484
852.5 1.0904620181799682
853.0 2.565514459668677
853.5 1.0681267786551434
854.0 1.6267909903006246
854.5 1.4680108436668797
855.0 1.003669926099814
855.5 1.121019301970668
856.0 1.6652901069497745
856.5 0.9157480043100211
857.0 0.8789615752730171
857.5 1.3960847187163696
858.0 0.7075555220190892
858.5 1.8606100677936348
859.0 1.331614440931066
859.5 0.726392670604137
860.0 1.3994902777006804
860.5 1.8362369133413234
861.0 1.7613013889422882
861.5 1.223712283634784
862.0 1.6524591714743477
862.5 2.309673912991772
863.0 0.5642340819482123
863.5 0.946000842331852
864.0 0.9973558689967783
864.5 1.299390653851268
865.0 1.7051426123274636
865.5 1.1198452075069545
866.0 0.5551076896832174
866.5 2.1348712369108784
867.0 1.014582929838073
867.5 0.6841289418816734
868.0 0.5298505641856818
868.5 0.996790012079882
869.0 1.4599310854172944
869.5 1.1616894533893438
870.0 0.8756264846094239
870.5 1.509443820361648
871.0 1.0037633195652493
871.5 2.5231955925485607
872.0 1.1188785004549409
872.5 1.261406076640942
873.0 1.4920582056259326
873.5 1.2532809968717853
874.0 1.4517596449579193
874.5 1.6614086854124492
875.0 1.107040467073844
875.5 1.072428887849098
876.0 1.8359329954432915
876.5 0.8460820570146574
877.0 0.8380424095915027
877.5 1.77317461801884
878.0 2.5354722996848174
878.5 1.4194509046550625
879.0 1.8504383456732292
879.5 0.43898124035092634
880.0 1.8483229281121138
880.5 2.456985130420452
881.0 1.4298809518907096
881.5 0.8092099506029993
882.0 1.3197634397298832
882.5 0.6213862109538015
883.0 0.6500086824700921
883.5 0.8369519218612138
884.0 0.4537197938621006
884.5 2.041344422693987
885.0 1.047568450814003
885.5 0.803005671553771
886.0 0.6087294638941828
886.5 1.6084455526706538
887.0 0.8290562520824339
887.5 1.1944329159233145
888.0 0.6685936020075016
888.5 1.3273169945214578
889.0 1.8179182566857652
889.5 1.1009758251773474
890.0 1.0422848053619038
890.5 1.2473872519603788
891.0 1.1411763134848063
891.5 1.2455701095409444
892.0 1.5888230428200565
892.5 1.5615078117161456
893.0 0.6450452346596797
893.5 1.3746597239019018
894.0 0.8179248176787779
894.5 0.6352514992829081
895.0 0.9447478278426726
895.5 1.0438264459628768
896.0 0.8044023837918446
896.5 1.0010196409391197
897.0 1.1490609649855452
897.5 0.8882344080607623
898.0 0.8549277316134724
898.5 1.1136161256343287
899.0 1.306386877985561
899.5 0.8534592238830113
900.0 1.4976404681434343
900.5 1.2594409602095897
901.0 0.8111860438089625
901.5 0.5933339686545848
902.0 1.356735353781402
902.5 1.090857121204214
903.0 1.190542148883327
903.5 0.5931822756877854
904.0 0.7879878898996047
904.5 0.5926051257513105
905.0 1.7367816111793526
905.5 0.5350568501005468
906.0 1.2249584569637064
906.5 1.213479380567632
907.0 0.8613751211543901
907.5 1.2218104396003433
908.0 1.075947754800188
908.5 0.9183545534991856
909.0 0.8747225755453397
909.5 0.923644569119139
910.0 0.4774743172457367
910.5 0.9224899321345404
911.0 1.7395814869641486
911.5 0.9497378552555333
912.0 1.1940420854629281
912.5 1.8291717092679813
913.0 1.2157345715620156
913.5 1.9497186215548334
914.0 1.019220743895612
914.5 1.0614892969566303
915.0 1.2547493942500698
915.5 1.3683836258596593
916.0 1.0677739963939294
916.5 0.4966462760510105
917.0 1.1314215640589147
917.5 2.1750583258012823
918.0 0.9906945461739519
918.5 1.3918929519576073
919.0 1.9269108773750765
919.5 0.5784213326804253
920.0 2.138836977748964
920.5 0.7481150703754689
921.0 1.1717941307015485
921.5 1.5332255355226725
922.0 1.4905935204003902
922.5 0.6049617162129131
923.0 0.5970165553144713
923.5 0.8130920636933656
924.0 2.0145967066372785
924.5 1.6864767357446078
925.0 1.4308926601435128
925.5 0.7112117238407945
926.0 1.3254851366324552
926.5 0.9095997854178325
927.0 1.658853253145558
927.5 1.3493898979908123
928.0 0.3689218125633229
928.5 1.2179629500663571
929.0 0.7560178734638356
929.5 0.6890196342679364
930.0 1.669563984663141
930.5 0.7567011488481976
931.0 1.6347947941236396
931.5 0.9304531386866368
932.0 1.3972558580399164
932.5 0.6611418544131715
933.0 0.9261779424396925
933.5 1.1697171038245198
934.0 1.063874843288818
934.5 1.2615450413739164
935.0 0.8914940178721252
935.5 0.6743252722689509
936.0 1.687980222099876
936.5 1.6364992849787283
937.0 1.0981534602345657
937.5 1.0101985147837986
938.0 0.8762733648498483
938.5 1.0545473649730892
939.0 0.9318344384663892
939.5 1.318531791149199
940.0 2.0008159145285234
940.5 1.1881048490699024
941.0 0.838079695915909
941.5 1.0654137721039387
942.0 2.8491969114556595
942.5 0.7994451598362918
943.0 0.7752558528869141
943.5 2.0251137524426968
944.0 0.7632663846214282
944.5 1.4426658418924208
945.0 2.1621614340555584
945.5 1.574128448182134
946.0 0.9876371497579917
946.5 1.2624698078163283
947.0 0.7328718972012422
947.5 0.8812029474442498
948.0 1.6308448468721792
948.5 1.5726292906309247
949.0 1.1562506563889694
949.5 1.5627526275119492
950.0 0.7472571603124689
950.5 0.8607756204982329
951.0 1.0799385130014534
951.5 1.9378983916560018
952.0 2.003467761140593
952.5 1.8500485675234284
953.0 1.9519913735107985
953.5 1.7753199936701884
954.0 1.005210312380076
954.5 1.3097862282493273
955.0 1.3494729443285656
955.5 1.5741618629300702
956.0 1.1405005564592632
956.5 1.0234823733466492
957.0 0.8698522187990546
957.5 0.5553628134980915
958.0 0.833341649305891
958.5 1.624096477446918
959.0 0.730031939422676
959.5 2.287222931327222
960.0 1.1417546359486765
960.5 1.760479684078035
961.0 1.2271547110562944
961.5 1.1849471773580071
962.0 0.9583381584338762
962.5 1.1801558570800754
963.0 1.2147959152119334
963.5 1.1609456798000353
964.0 0.6255749356544744
964.5 0.5704939830906639
965.0 1.9819480942642163
965.5 1.0648350148832366
966.0 1.285119103754699
966.5 0.7563545917070811
967.0 1.490138845685629
967.5 1.2096106607318984
968.0 0.9227110352490269
968.5 1.6350117750943016
969.0 0.6553184040034882
969.5 1.0039280672073425
970.0 0.572675640854311
970.5 0.8024237787102297
971.0 1.224587895749015
971.5 1.8927727654692075
972.0 0.7923951934940917
972.5 2.5641312808117256
973.0 0.7891407910775488
973.5 0.5478624260155747
974.0 1.0258567308063318
974.5 1.2844526522164605
975.0 2.023740088186331
975.5 1.5320719092208956
976.0 1.4302393900176926
976.5 0.5331810246054869
977.0 2.2069158113932184
977.5 1.0026283147711288
978.0 1.212277965075641
978.5 0.897364475314552
979.0 1.7830624584744448
979.5 0.9865378027409527
980.0 0.9126043575887308
980.5 0.9629748565988359
981.0 1.2283815980963066
981.5 0.8746382187424786
982.0 1.4006994213298092
982.5 1.5096578666826335
983.0 0.8234008008756822
983.5 2.4007179480757257
984.0 1.553985488442064
984.5 0.9422507692352726
985.0 0.7725265022260327
985.5 1.1482412981418115
986.0 0.7851966296306616
986.5 0.6091011798602515
987.0 1.337167265007164
987.5 1.1809813682882533
988.0 1.0097960974434392
988.5 1.3383591927580745
989.0 0.995160933964791
989.5 0.9865682637250086
990.0 0.7365713589918164
990.5 0.9394875671710415
991.0 1.346745968219326
991.5 0.5665924930210445
992.0 1.8814208536338652
992.5 1.4247308484325627
993.0 0.8669469608912552
993.5 0.9903579956965575
994.0 0.6755505709852292
994.5 1.5012889249925896
995.0 0.631010424583319
995.5 1.0336136686903337
996.0 1.0029976458388457
996.5 0.6598595701464965
997.0 0.6242659964736409
997.5 1.1030698663378464
998.0 1.1585971033650053
998.5 1.0399463004743703
999.0 1.4608490099193445
999.5 1.0302537744048248
1000.0 0.8230821867846403
1000.5 1.5220233593598307
1001.0 1.360072496712577
1001.5 0.9310223154578314
1002.0 0.9326071240718439
1002.5 1.798207152566346
1003.0 0.6757312143330854
1003.5 2.459183301828707
1004.0 1.352423817782157
1004.5 0.7900582869964519
1005.0 1.3524927388677432
1005.5 2.144093538013929
1006.0 1.1712345922057423
1006.5 0.8021360323686046
1007.0 0.5560617423590322
1007.5 1.4224840926425717
1008.0 0.689228465337134
1008.5 1.189790795004507
1009.0 0.3238559508792236
1009.5 1.0404505496305585
1010.0 0.6584736502102833
1010.5 0.8349386863164604
1011.0 1.9359632723629576
1011.5 1.4612654400197764
1012.0 0.8265665502368054
1012.5 0.7579741463981178
1013.0 0.8364818071863768
1013.5 0.8034494220924415
1014.0 0.9945276517794479
1014.5 1.513270646475262
1015.0 0.7833160586305414
1015.5 1.4639690618248749
1016.0 0.8834237264195002
1016.5 1.976097450414807
1017.0 0.8760598758729549
1017.5 1.2954504758522953
1018.0 0.8206803715223365
1018.5 1.133654178890687
1019.0 2.412250930164255
1019.5 0.9460035099193089
1020.0 1.0924633641062818
1020.5 0.9103001719269537
1021.0 0.9714852336790005
1021.5 0.9463014502223055
1022.0 1.4768579872677192
1022.5 0.888575678642326
1023.0 1.1894002403245425
1023.5 0.8750704953951398
1024.0 1.0934717023115614
1024.5 1.284526209220759
1025.0 1.380215175873491
1025.5 1.263917027507722
1026.0 0.2
1026.5 1.1406263024471963
1027.0 0.9711229393210573
1027.5 1.8491645038436995
1028.0 1.2616641418394867
1028.5 1.9369788870914535
1029.0 0.5709185793194056
1029.5 1.5198814832259413
1030.0 1.2634571967083283
1030.5 1.0589975609386404
1031.0 0.8256084713645592
1031.5 1.3295968237957414
1032.0 0.2
1032.5 1.1608604273288892
1033.0 0.8365491292382476
1033.5 1.786123676894241
1034.0 2.8855401800412603
1034.5 1.170422805234879
1035.0 1.104907223764457
1035.5 0.47916991883112403
1036.0 0.4471530210077981
1036.5 1.3588472906535245
1037.0 0.8812568814073919
1037.5 1.5438827786304778
1038.0 0.78342659088113
1038.5 0.7558296698092637
1039.0 1.232024433657906
1039.5 1.9310135261761403
1040.0 0.9939934142420823
1040.5 1.7224055090943615
1041.0 1.6495087690305672
1041.5 1.5177195954435114
1042.0 1.4952863721314764
1042.5 0.7507224042051998
1043.0 0.9000083296612496
1043.5 0.8855389734614176
1044.0 1.2503407964909379
1044.5 1.233150981105536
1045.0 0.6754765294646078
1045.5 0.9696111403454079
1046.0 1.4152344581131193
1046.5 1.9540175887694153
1047.0 1.543337775966129
1047.5 0.8889833333426057
1048.0 1.8087597540753895
1048.5 1.076599534705996
1049.0 0.7775611733432075
1049.5 0.9028986860151091
1050.0 1.608956029933986
1050.5 1.8919930866715224
1051.0 0.870187683769521
1051.5 0.6972527031351561
1052.0 0.6284905449872138
1052.5 1.5399338116966343
1053.0 1.729918534891858
1053.5 1.9490965859855502
1054.0 1.0942504202316365
1054.5 1.3095096193966391
1055.0 0.9184101629997625
1055.5 0.7946532994699411
1056.0 1.2847651137596396
1056.5 1.3012860282700898
1057.0 0.832989596322696
1057.5 0.7191973191357227
1058.0 1.2008773680126816
1058.5 1.2933513963402674
1059.0 1.9198809116653313
1059.5 1.2434284891516616
1060.0 0.8295252481104949
1060.5 3.03458425266903
1061.0 1.7538209775522917
1061.5 1.6864720962873334
1062.0 1.600794006422965
1062.5 0.9513281977662682
1063.0 0.8690356561158875
1063.5 0.8377042140249445
1064.0 1.0975218835334313
1064.5 1.4589015165675026
1065.0 1.9464817537656258
1065.5 1.2686440615894539
1066.0 1.6485156685610165
1066.5 1.0550756437071542
1067.0 0.9048474898549281
1067.5 1.8856681144374465
1068.0 1.240433059500347
1068.5 1.7543852548739611
1069.0 0.800128315934158
1069.5 1.7595822482464691
1070.0 0.865824154345121
1070.5 0.4424007297407151
1071.0 0.9370416393007073
1071.5 1.1919511563534053
1072.0 1.8008478706067037
1072.5 1.9448461090338807
1073.0 1.8595977918037834
1073.5 0.9580909767562016
1074.0 1.1981445445020924
1074.5 1.2025866634354534
1075.0 0.8071784960636358
1075.5 1.8271544718659725
1076.0 0.8348561753803807
1076.5 1.0458954896230253
1077.0 0.710029008199445
1077.5 0.7649830113352692
1078.0 1.3768893235038218
1078.5 0.8597057434839915
1079.0 1.8943147322369598
1079.5 0.8848280870740473
1080.0 0.8045036279142975
1080.5 0.615693764246727
1081.0 1.3136324271015691
1081.5 1.2333921000934547
1082.0 0.8806253626885756
1082.5 0.6505186286390571
1083.0 0.951970317372477
1083.5 1.0957684471709794
1084.0 1.981303210128592
1084.5 1.4469792209135532
1085.0 1.3533630341543335
1085.5 1.5413457849507637
1086.0 1.3706238619329794
1086.5 1.402037270136725
1087.0 0.6832110859823117
1087.5 1.3211044334564153
1088.0 1.2014153065334474
1088.5 2.287632641377921
1089.0 1.3422552782813124
1089.5 0.8326041304217149
1090.0 0.9076052239931063
1090.5 0.8400470260509423
1091.0 2.0714512838857777
1091.5 0.7561988224854163
1092.0 1.2456550465996588
1092.5 1.5428782814864057
1093.0 1.4737180503638208
1093.5 0.6285570994327927
1094.0 1.8997164146126393
1094.5 1.2600552201026944
1095.0 1.5111813943198666
1095.5 1.3437996873383566
1096.0 1.0084207386082649
1096.5 0.8507391227264824
1097.0 1.9104741369792366
1097.5 1.6888371062146113
1098.0 1.4512972272038116
1098.5 1.8544429847169788
1099.0 1.9969997506241972
1099.5 1.5108928903668768
1100.0 0.5608622474647749
1100.5 0.8558502918968685
1101.0 0.8746285959076194
1101.5 0.5583196869298542
1102.0 1.2135610060941628
1102.5 1.1551269542522535
1103.0 1.4644069397768336
1103.5 0.8813356153977078
1104.0 1.0381908690932933
1104.5 1.1774165613007492
1105.0 1.4763626596906128
1105.5 0.932759193927485
1106.0 1.0512628269003654
1106.5 0.6546291068403052
1107.0 0.7230499236686818
1107.5 1.7468558125939713
1108.0 1.896086575396279
1108.5 1.4657924001090152
1109.0 0.609006826920878
1109.5 1.2459663205923124
1110.0 1.0185405451881842
1110.5 1.6567658822315872
1111.0 0.7041874436772528
1111.5 2.9569941115249705
1112.0 0.9959702653872229
1112.5 0.6085405459284884
1113.0 1.0987533160921195
1113.5 1.2362901102756632
1114.0 1.5785245345870145
1114.5 0.9363987498529804
1115.0 1.196143271474375
1115.5 0.9865774772151024
1116.0 1.04052075267522
1116.5 1.5114809221083436
1117.0 1.3055850692879651
1117.5 0.8943427866633819
1118.0 1.402044013955328
1118.5 0.9176913004361158
1119.0 1.4140132393739855
1119.5 1.0187805184618886
1120.0 1.1497842663141558
1120.5 1.8445157884348395
1121.0 0.824301062834849
1121.5 1.8679756872424205
1122.0 1.0421097454004853
1122.5 1.1271013981272153
1123.0 1.318357999164734
1123.5 0.8180112111312359
1124.0 1.1411571894983243
1124.5 1.1950302307129084
1125.0 0.8531963205019292
1125.5 1.1001688191463468
1126.0 1.333974963139899
1126.5 2.1009658475496162
1127.0 0.6384453323543877
1127.5 0.8613834849599875
1128.0 1.195627315003749
1128.5 2.0665977111103935
1129.0 0.8667830267084837
1129.5 1.6173344846280187
1130.0 1.4561543856757455
1130.5 1.900847638755443
1131.0 0.7585581632950537
1131.5 0.7159870179972923
1132.0 1.1990781197897364
1132.5 0.9789155532346792
1133.0 1.2353151667970288
1133.5 1.060842213614548
1134.0 1.6301723341528245
1134.5 1.5296872420555963
1135.0 2.1682234673228304
1135.5 1.2923728465961715
1136.0 0.8869047716356234
1136.5 1.4127119881232602
1137.0 1.3134920223055626
1137.5 1.083877391810366
1138.0 1.1296368285144998
1138.5 0.27718118935220515
1139.0 0.6584225323814396
1139.5 1.0154131895291578
1140.0 1.678282597065968
1140.5 0.8080893960791604
1141.0 0.7678608308741881
1141.5 0.7304265858596037
1142.0 0.9519360610487897
1142.5 1.0638045651341623
1143.0 1.3265951189498548
1143.5 1.3230193868059437
1144.0 1.9487111370771943
1144.5 0.5943347205381889
1145.0 1.9318236352370337
1145.5 1.396043430272401
1146.0 0.7337154181305321
1146.5 0.9593877457249096
1147.0 0.5409849180762276
1147.5 0.7154600191819782
1148.0 1.4092372226892445
1148.5 1.4451754534318983
1149.0 1.2254699714385981
1149.5 1.1602184130471673
1150.0 1.170216245979626
1150.5 2.088888872575536
1151.0 0.566362566851332
1151.5 0.9778468951320741
1152.0 0.937014102269461
1152.5 0.45571610345993113
1153.0 0.6045763603587945
1153.5 2.109768877576217
1154.0 0.7949412022925323
1154.5 1.0475432756040626
1155.0 0.9275779833286584
1155.5 1.4752674607800271
1156.0 0.8802290474632863
1156.5 1.614334096084914
1157.0 0.6684122664987855
1157.5 1.4552513411149923
1158.0 1.5427482868061315
1158.5 1.339701085016896
1159.0 1.580486699153007
1159.5 1.3400430475448677
1160.0 2.101861491953212
1160.5 1.1329042065698685
1161.0 0.6403707447856704
1161.5 0.3787216680665624
1162.0 0.3329444387379542
1162.5 1.7159037008627822
1163.0 2.6158277869129702
1163.5 1.4739060992517146
1164.0 2.008703874068054
1164.5 0.6198437333558509
1165.0 1.4721586865022238
1165.5 0.9635422361991793
1166.0 1.8709422201461345
1166.5 1.0593819955465535
1167.0 0.7655449245739447
1167.5 1.7737422484957222
1168.0 1.485875368024912
1168.5 1.1301385987733576
1169.0 1.0161327102214246
1169.5 2.2618663180305516
1170.0 1.5476481874388224
1170.5 1.2138277152514036
1171.0 1.5012920327575552
1171.5 1.9451751814206986
1172.0 1.1020960113502851
1172.5 1.0656549348644808
1173.0 1.4427283995316829
1173.5 1.6881893277831812
1174.0 1.5867272695866945
1174.5 1.302859644790053
1175.0 1.3945209685897944
1175.5 2.157691989870248
1176.0 0.9627348350555631
1176.5 1.9050006148758434
1177.0 1.2402121699946174
1177.5 0.9671177539141982
1178.0 1.703949169881414
1178.5 1.7029879300861523
1179.0 1.6297384517187985
1179.5 0.9834297589214551
1180.0 0.8656961613813277
1180.5 1.810517247694574
1181.0 2.320619443247977
1181.5 0.8608678878158325
1182.0 0.8776944359790266
1182.5 0.7459123260747376
1183.0 0.6308819116740788
1183.5 1.0082024312505422
1184.0 0.2
1184.5 0.9456324174854038
1185.0 0.624218183438888
1185.5 1.1077498440219515
1186.0 0.8890566264716067
1186.5 0.7913239366700974
1187.0 0.7377225999639856
1187.5 2.154675972544426
1188.0 0.5539932296331214
1188.5 1.1612657653174345
1189.0 0.9234564295416274
1189.5 1.5179804008709343
1190.0 0.5443348889788653
1190.5 1.2450743629897156
1191.0 1.4791739710340148
1191.5 1.34556352148035
1192.0 0.5985004261283753
1192.5 1.7145940024109803
1193.0 0.7444757863691502
1193.5 1.9142717387558374
1194.0 1.434450233612871
1194.5 0.7019165506364233
1195.0 0.5710415086960778
1195.5 0.5261474135616567
1196.0 0.4983829068542218
1196.5 1.8339123468635719
1197.0 0.7503731519822525
1197.5 1.2194312165679455
1198.0 1.704759929645404
1198.5 1.1046637880904844
1199.0 0.8936647757410758
1199.5 1.1145797396901918
1200.0 1.1752980287085617
1200.5 1.296891815794174
1201.0 0.8124593298161618
1201.5 1.4546941730489085
1202.0 1.8745537494042988
1202.5 2.0693058794686783
1203.0 1.8801676385537642
1203.5 1.3578756398381238
1204.0 0.9042000318774305
1204.5 1.709116987817914
1205.0 1.2138685725553338
1205.5 1.4383322683594657
1206.0 0.7449718201902181
1206.5 1.1089818239717988
1207.0 1.8667784254724729
1207.5 1.2276442212481746
1208.0 1.169641937777603
1208.5 1.0198932248034107
1209.0 1.4558978537223635
1209.5 1.0234091658544913
1210.0 0.4442450333161203
1210.5 0.7842935582233477
1211.0 0.42670717733842123
1211.5 2.2045545358079255
1212.0 1.5800153679318802
1212.5 0.9598825760705975
1213.0 1.9687293454468309
1213.5 1.4009472069835844
1214.0 1.5630129626509581
1214.5 2.430771468348579
1215.0 1.1143894437369968
1215.5 1.339414034175487
1216.0 1.5231362505499897
1216.5 1.98293465156309
1217.0 1.0070612036111815
1217.5 1.3336502100943726
1218.0 1.4818301940019911
1218.5 0.8856659147319609
1219.0 0.9183353292942565
1219.5 0.993385743662816
1220.0 1.3709811080567613
1220.5 1.3734178028412334
1221.0 1.0568964839134036
1221.5 1.2265542180198854
1222.0 0.5038283168852545
1222.5 1.984917242340257
1223.0 0.9748932248121216
1223.5 0.7803913486663976
1224.0 1.00488051280343
1224.5 1.5892124713840743
1225.0 0.9311345191887415
1225.5 1.1536777515737242
1226.0 0.9270385543141122
1226.5 1.1578128668849264
1227.0 1.390158743633377
1227.5 1.071752601581129
1228.0 2.2633550800051063
1228.5 1.0527530637027294
1229.0 1.1972746025577812
1229.5 0.6350337803076375
1230.0 1.2065282863939204
1230.5 0.7645016768345668
1231.0 2.1171973652673373
1231.5 0.8589920863002185
1232.0 1.1107113251000404
1232.5 0.7918319302256599
1233.0 0.7348462971918234
1233.5 0.7293004551197202
1234.0 1.042484065520846
1234.5 2.267567524368217
1235.0 1.9108715431012662
1235.5 2.0144508119988673
1236.0 0.6031078193769588
1236.5 0.953050815451272
1237.0 0.8528284906588464
1237.5 0.5424542670692042
1238.0 1.0631998713487247
1238.5 0.5003102885149284
1239.0 1.0831094777171955
1239.5 0.66198833705796
1240.0 1.0911016296499203
1240.5 1.5515802699594952
1241.0 1.81219501846118
1241.5 0.7913762284491417
1242.0 0.706435408938239
1242.5 1.7853897248893646
1243.0 1.0307956366170643
1243.5 1.5390685159271273
1244.0 0.8414991452680328
1244.5 1.1403264476476618
1245.0 2.0697114814552995
1245.5 1.2515021063566243
1246.0 0.8000646989103948
1246.5 0.6374952827183451
1247.0 2.143828884956248
1247.5 0.957626999083858
1248.0 1.8098829266266825
1248.5 0.6952405589625876
1249.0 0.8775783238635364
1249.5 1.8500115228248557
1250.0 0.8008730831306986
1250.5 1.440836191056349
1251.0 1.9453425060716687
1251.5 1.6393479790136731
1252.0 1.0681409728802524
1252.5 2.0506284685019494
1253.0 1.5138392149325246
1253.5 1.2545635759642035
1254.0 0.9783486026018424
1254.5 0.28885563474775866
1255.0 1.2774797507294542
1255.5 1.1447035568948887
1256.0 1.8119082958396273
1256.5 0.7370815370856747
1257.0 1.1556301613919135
1257.5 1.1154474440225686
1258.0 0.9461687361016746
1258.5 0.7424966517499186
1259.0 2.641547900331492
1259.5 1.497960440125563
1260.0 1.0403192132917198
1260.5 1.204759912633813
1261.0 0.8583306618456619
1261.5 1.1042704528942877
1262.0 1.3952178607740346
1262.5 0.7028909223200124
1263.0 0.8309849962319346
1263.5 1.1534594755763252
1264.0 0.6894324932967772
1264.5 1.4102110913543728
1265.0 0.6068137776483377
1265.5 1.0075759265708781
1266.0 1.355335248038029
1266.5 0.9509720938270678
1267.0 0.6827882315648496
1267.5 0.8211888792650668
1268.0 0.6836015261224287
1268.5 1.1020774746936675
1269.0 0.7108794009797168
1269.5 2.046888431624038
1270.0 0.8592910900140731
1270.5 0.8458989749284624
1271.0 1.3859261718069626
1271.5 1.7955343444744392
1272.0 1.1899019510664532
1272.5 2.0499608936797116
1273.0 1.1191395034032594
1273.5 0.9779938694808439
1274.0 1.8639258511901318
1274.5 0.8430203562725224
1275.0 1.2967537573474555
1275.5 1.112606509604187
1276.0 2.3050773145604535
1276.5 1.8697768296201267
1277.0 0.9363934239255166
1277.5 1.1860587655193262
1278.0 0.6332738955082162
1278.5 1.414478307470318
1279.0 1.2204633565854435
1279.5 0.8954724790601073
1280.0 1.0227747586111742
1280.5 1.7798000060273422
1281.0 1.3702074143797223
1281.5 2.533521960968769
1282.0 1.2093810601705823
1282.5 0.8020562006679176
1283.0 1.294179067869837
1283.5 1.3687205540749852
1284.0 1.8648110387396564
1284.5 1.110269101396013
1285.0 1.2295110888982235
1285.5 0.9902894868100601
1286.0 1.049274318807726
1286.5 0.6485390781174327
1287.0 1.701581850483386
1287.5 1.6563807674651674
1288.0 1.7137283113914679
1288.5 1.5312120223457777
1289.0 0.7289141757702549
1289.5 1.5210483323192268
1290.0 1.186741651698011
1290.5 0.9387565581486459
1291.0 1.2277217193148517
1291.5 0.7637012288584373
1292.0 1.0167292329722057
1292.5 2.3084380528115966
1293.0 1.4658878126706694
1293.5 0.6491079524770558
1294.0 1.196889986081862
1294.5 0.623587136788899
1295.0 2.117639224241292
1295.5 0.8073408153090786
1296.0 1.0124854525865343
1296.5 0.9113486404573896
1297.0 0.7576069602742175
1297.5 1.3278157015412626
1298.0 0.6099332367908292
1298.5 1.2482225182666125
1299.0 1.3941362367252663
1299.5 1.3275898909472417
1300.0 1.3551934558305248
1300.5 1.1674822492335268
1301.0 1.0701935994787979
1301.5 0.723252087208098
1302.0 0.9261899579258307
1302.5 0.721414377376852
1303.0 1.0825812006669486
1303.5 0.9473609509846946
1304.0 1.3740762614743676
1304.5 1.689472837184854
1305.0 1.061824120959375
1305.5 1.6992174346173132
1306.0 1.5960962029013062
1306.5 1.3152696853807437
1307.0 1.0582847289855546
1307.5 0.7862513302296174
1308.0 0.9927407575192362
1308.5 0.9258250497720546
1309.0 1.6648648214391866
1309.5 1.2836740458782625
1310.0 0.9717059536633094
1310.5 0.6356807833428056
1311.0 0.9376975956763312
1311.5 2.095125910755155
1312.0 2.323528205406672
1312.5 1.4985824776765153
1313.0 0.5673825122148102
1313.5 1.2379276252415616
1314.0 2.19685769155238
1314.5 0.7498185537403036
1315.0 1.4383569937369982
1315.5 1.6181004218414012
1316.0 1.0959078100146435
1316.5 1.3426888234848213
1317.0 0.5020624233064234
1317.5 1.2842344617973223
1318.0 1.6294486671648198
1318.5 1.7487290979569454
1319.0 0.8110421376028
1319.5 1.5356423144778546
1320.0 1.016395987385984
1320.5 1.5837995506049087
1321.0 1.9426463675954344
1321.5 1.8951195165690795
1322.0 1.0876039404593723
1322.5 2.427998100094346
1323.0 1.1528853861706079
1323.5 1.0209038529876997
1324.0 1.4665838787378447
1324.5 0.7267166343374248
1325.0 2.2504445217528235
1325.5 1.9822402828534447
1326.0 1.9706031289942432
1326.5 1.1836501455829835
1327.0 1.3119516448725883
1327.5 0.8687746382535184
1328.0 0.8991117988059678
1328.5 2.0378948260090497
1329.0 1.0149877429782166
1329.5 0.5194549297624046
1330.0 0.7614092922426356
1330.5 1.417559635012081
1331.0 1.2298027381317493
1331.5 0.9001557852501034
1332.0 0.781050470931848
1332.5 1.0481662014435407
1333.0 1.7276207647315556
1333.5 0.8009622921264996
1334.0 0.7837542681518999
1334.5 0.7567468531686765
1335.0 0.8462588503319709
1335.5 1.0532822602470286
1336.0 2.2535840009633663
1336.5 1.2599079619949731
1337.0 0.9511934437898899
1337.5 0.8392758681187399
1338.0 1.1235317236296898
1338.5 0.870197777014877
1339.0 1.2371618922707963
1339.5 1.0012657427182128
1340.0 1.1392705543561474
1340.5 2.4933464736655537
1341.0 2.7375149260500367
1341.5 1.5830159211542887
1342.0 0.9525142861722204
1342.5 1.728328570376271
1343.0 1.132608395827656
1343.5 1.1908424259464732
1344.0 1.458217414708877
1344.5 1.288298269334716
1345.0 0.930189448444025
1345.5 1.8727467299172122
1346.0 0.7105852500087715
1346.5 0.796988247178158
1347.0 0.9041170209629839
1347.5 1.3225953567714213
1348.0 0.7284662181013968
1348.5 1.7490588383032684
1349.0 1.0899791912702232
1349.5 1.547437928080253
1350.0 1.9396194865120362
1350.5 0.7493776000995991
1351.0 1.3191820439555646
1351.5 1.0973348214530216
1352.0 1.7620663364242635
1352.5 1.1835786140583209
1353.0 1.572637504103461
1353.5 1.2885645478772787
1354.0 1.0839397580785188
1354.5 1.0724210799834017
1355.0 1.1474588812150874
1355.5 1.5757389150781143
1356.0 0.7506422222698761
1356.5 0.7559764513548888
1357.0 1.2966051103058283
1357.5 1.2274330505628308
1358.0 1.8050059439874637
1358.5 1.3891735381987351
1359.0 1.1660002964491178
1359.5 1.959910007493494
1360.0 1.1327242796393258
1360.5 1.2979915908921702
1361.0 1.1527164187497738
1361.5 1.8757652554980166
1362.0 2.0428495778462654
1362.5 0.9040036282907318
1363.0 2.397482241770238
1363.5 1.4695108890064752
1364.0 1.389039008982743
1364.5 1.1266225381012456
1365.0 1.6286418970317458
1365.5 0.9394488733439279
1366.0 0.7180515743887257
1366.5 1.074260630289035
1367.0 0.7109218522185806
1367.5 1.088747841129516
1368.0 1.2320741543057139
1368.5 1.5257820400464226
1369.0 0.9358011079454986
1369.5 0.655404076194831
1370.0 0.9029206755661698
1370.5 2.02196073816902
1371.0 1.481238959154486
1371.5 1.232362105405553
1372.0 0.9136007686300144
1372.5 0.875185578542202
1373.0 0.4798594205895853
1373.5 1.0315324366112137
1374.0 0.991130413802713
1374.5 0.8060787400069321
1375.0 0.9977324461710153
1375.5 0.8151379925396103
1376.0 0.7726558000116378
1376.5 0.751901974919591
1377.0 0.7426011014346157
1377.5 1.3244257658572471
1378.0 1.8951218077042324
1378.5 1.1526380760784976
1379.0 0.9920605359429617
1379.5 1.602410625544323
1380.0 1.135344216296798
1380.5 1.6461752300839245
1381.0 1.7971679971468402
1381.5 0.8699240005362734
1382.0 0.7438371149413627
1382.5 1.6434966341246886
1383.0 0.9684856036062892
1383.5 2.129376234738695
1384.0 0.7561784041028561
1384.5 0.6556613664551334
1385.0 1.3690148260432558
1385.5 0.7057995644068287
1386.0 0.8433547688758227
1386.5 1.169701237013947
1387.0 1.2652694400910898
1387.5 1.314344880239916
1388.0 2.006076584393373
1388.5 1.8659424151201862
1389.0 1.9684979984506246
1389.5 0.5565264151299096
1390.0 0.7155284016849822
1390.5 1.6492970199243864
1391.0 0.7602227636003932
1391.5 1.9419431098206346
1392.0 0.8243858473607131
1392.5 0.8001223269612778
1393.0 0.9164380241597827
1393.5 0.8658016136700942
1394.0 1.8234637148609036
1394.5 2.0317923120677124
1395.0 1.809719035136378
1395.5 1.195499214537799
1396.0 0.6648034145674755
1396.5 0.8968177752884836
1397.0 0.9768180942881597
1397.5 1.1351348037126918
1398.0 1.2084553762840389
1398.5 1.038728431481533
1399.0 1.6608496980557006
1399.5 1.9452721170748566
1400.0 1.5310759398395954
1400.5 1.1244111600150906
1401.0 1.4015059952835753
1401.5 0.7164712001705802
1402.0 1.3436161176982409
1402.5 1.2859231252587517
1403.0 1.4544061403290955
1403.5 1.0759858844990422
1404.0 1.1723864410228642
1404.5 1.419835080617657
1405.0 1.2631128040737094
1405.5 1.7762172959738445
1406.0 2.0707151935303503
1406.5 0.4712267110829127
1407.0 1.0968415362515342
1407.5 0.2
1408.0 0.7803032504645984
1408.5 1.2297183132194274
1409.0 1.2117672680624418
1409.5 1.5676784074036223
1410.0 1.155009521924104
1410.5 0.47038851351760536
1411.0 1.937161290077945
1411.5 0.9389086724039073
1412.0 0.7362634462328516
1412.5 0.7341207526055311
1413.0 0.8170086280259354
1413.5 1.2515511810119317
1414.0 1.4040584334806674
1414.5 0.9658392501364128
1415.0 1.4597217321414302
1415.5 0.9060337575103223
1416.0 1.124906562919449
1416.5 0.984483374456005
1417.0 2.2700754329464248
1417.5 1.357407918140018
1418.0 1.0673980708233344
1418.5 0.9271323379780942
1419.0 1.183898894211887
1419.5 0.881436449285872
1420.0 0.9883196015891377
1420.5 1.4701207420733018
1421.0 1.0769093793598352
1421.5 1.1342626707640355
1422.0 0.9848838294819988
1422.5 1.1091611279010807
1423.0 1.0032283582606532
1423.5 1.8362777775101509
1424.0 0.614614975544926
1424.5 0.9005522799225358
1425.0 1.793447156979075
1425.5 2.4631532611417133
1426.0 0.5927568962659503
1426.5 1.5178864892892645
1427.0 1.6597441349065463
1427.5 0.9762869166957291
1428.0 1.714132700852692
1428.5 1.39290267058441
1429.0 0.8966489359512196
1429.5 1.3646359695462165
1430.0 2.752847810083966
1430.5 0.7855408455358078
1431.0 0.9232527775896138
1431.5 0.9704497076324767
1432.0 0.35978082951931034
1432.5 1.6203036317544997
1433.0 1.674030002949907
1433.5 1.1892559516900771
1434.0 0.5408511231185088
1434.5 0.7545178568820838
1435.0 1.2731020739937564
1435.5 0.952490310306608
1436.0 1.6389074651535736
1436.5 1.2374696219307058
1437.0 0.6914705989260332
1437.5 1.5730114405931859
1438.0 1.416297138268243
1438.5 1.2327165018977486
1439.0 1.0855409184759646
1439.5 1.5971256813119035
