0 0.862995822947414
0.5 0.9162606458513018
1.0 0.9929111662461307
1.5 1.046564744246613
2.0 0.9520909158784197
2.5 0.843137850052802
3.0 1.7017183587034823
3.5 0.2200412822876019
4.0 1.5260201073054362
4.5 0.6881214466439236
5.0 0.9941327814013978
5.5 1.1159530922685792
6.0 1.437917764535002
6.5 1.4863733099477718
7.0 0.7410159948347516
7.5 1.9727792378958724
8.0 1.1089736271286732
8.5 1.4510798187048621
9.0 0.8060957951349761
9.5 1.3731256318305292
10.0 1.4010296636249155
10.5 0.9579078918479513
11.0 1.969889475629272
11.5 1.4413356385216352
12.0 1.614789640085986
12.5 0.906388357232922
13.0 0.8636187855758382
13.5 0.6071230198198725
14.0 0.9820054850670237
14.5 1.6619315272812267
15.0 1.3622118551147107
15.5 1.169536175139768
16.0 1.5388204617416086
16.5 0.7455033002916243
17.0 1.1568801362746446
17.5 1.8509526167127215
18.0 1.0589545970107037
18.5 0.7403909407759709
19.0 1.871800585923219
19.5 1.0057488011377949
20.0 0.9794918866830523
20.5 0.695534441804458
21.0 1.677891531453585
21.5 0.6460966722343664
22.0 0.8351603151412896
22.5 0.8758722902982288
23.0 1.5137291814100202
23.5 1.3913718470331422
24.0 1.4884841782468101
24.5 0.9989162579458766
25.0 1.1595335999535694
25.5 0.8759082873596012
26.0 2.037222143343814
26.5 1.4201171150810898
27.0 0.4329146082970451
27.5 2.065561446868009
28.0 1.1763844456811983
28.5 1.0739053470367048
29.0 1.4097651910092814
29.5 1.0180533733142698
30.0 0.6123754013245284
30.5 1.1525802220476817
31.0 0.8382529836894013
31.5 0.5052453129427009
32.0 0.7391076855470644
32.5 1.4672637193007003
33.0 1.1359792164781826
33.5 0.748881977738616
34.0 0.7015283925266551
34.5 1.2247340574805812
35.0 2.1677094496615794
35.5 1.0908189078915183
36.0 1.3271882179914645
36.5 0.7748413211628078
37.0 1.3847033396125723
37.5 0.9858144161981091
38.0 1.380061492771986
38.5 0.6903746631062162
39.0 1.7062842292581193
39.5 1.7278463482438295
40.0 0.8118137846889734
40.5 1.5230858258140734
41.0 0.8215546573089525
41.5 1.0150507966807614
42.0 1.3412543720537857
42.5 0.8332296816665264
43.0 1.0930848787559375
43.5 2.5816585111108967
44.0 0.826111229927635
44.5 1.9744559318790595
45.0 1.0547146668521596
45.5 1.6714951952974357
46.0 1.0527538376566201
46.5 1.2796826750508925
47.0 0.2876552591559941
47.5 1.4314061946079313
48.0 1.085617390617721
48.5 1.023178233526147
49.0 0.7406072665314081
49.5 0.8072191858955295
50.0 1.0813231467611946
50.5 0.871291550879755
51.0 0.7543887491688378
51.5 1.1856455508011747
52.0 2.03635739483832
52.5 1.204694067224081
53.0 0.7784417260987646
53.5 0.7148022527447868
54.0 0.5529313391059667
54.5 2.6651576258925407
55.0 0.8031009878920079
55.5 1.9133923511178441
56.0 1.7513853770473837
56.5 1.0081129196615002
57.0 2.095859521125229
57.5 1.259730620368213
58.0 1.1866912748961491
58.5 1.6014824036642032
59.0 1.2935960598655745
59.5 1.4432690816984732
60.0 1.2708195736717027
60.5 0.5824286602728032
61.0 0.9602710694697578
61.5 0.9557504818299368
62.0 2.3149873061983914
62.5 1.072197077889393
63.0 1.3421930163888094
63.5 1.4061651989682153
64.0 1.1365030612329237
64.5 1.178369212784387
65.0 0.8363811487957591
65.5 1.055061827303371
66.0 0.8457917207021091
66.5 1.3826606778530457
67.0 1.1507707451631606
67.5 1.006464322337331
68.0 1.4020717543764931
68.5 1.2984664452764876
69.0 1.0960710960482603
69.5 1.0643371485672555
70.0 0.9101296722493664
70.5 2.2319565676763977
71.0 0.7043752702947907
71.5 1.5432913255557965
72.0 1.0072616605069897
72.5 0.8631012468033314
73.0 0.7782569576646509
73.5 0.7539516195268361
74.0 1.4038998563461884
74.5 1.5668967153642472
75.0 0.8572635816547245
75.5 0.6664187243367129
76.0 0.5754436859827611
76.5 1.481503153328331
77.0 0.9403792196782964
77.5 0.9745463788922204
78.0 1.1649076385491495
78.5 0.7485450574512713
79.0 1.1257441153544239
79.5 1.336151639622547
80.0 0.8276345417183666
80.5 1.7028017364275079
81.0 0.8830019664490172
81.5 1.0743830499812663
82.0 1.9481489356004913
82.5 0.9148376524401639
83.0 1.0459558944675762
83.5 0.9435232322111706
84.0 0.8967487506335937
84.5 0.6195053484482254
85.0 1.7720768025030575
85.5 1.069681516766523
86.0 1.7392750187610777
86.5 1.3611733110171296
87.0 1.712474989177771
87.5 1.6268558894091225
88.0 0.7208340611974011
88.5 1.729918464037171
89.0 1.8538914664445207
89.5 0.8628442936775451
90.0 0.8082915997685308
90.5 1.866458235395766
91.0 1.1420400059734221
91.5 1.1907135145028156
92.0 0.8105536828271601
92.5 1.1672554734022955
93.0 1.3611025916915958
93.5 1.0278542383814102
94.0 1.948787508200374
94.5 1.619465697379271
95.0 0.9996156616609497
95.5 1.8389897222394849
96.0 1.2208760374353786
96.5 2.8797482988414442
97.0 0.960689237247626
97.5 0.7314967371911346
98.0 0.9599142329035877
98.5 0.5464746530019196
99.0 1.2320472672627443
99.5 1.123497472292746
100.0 0.9316599480758518
100.5 0.7743593909979438
101.0 1.4900893946855702
101.5 1.0247373584456865
102.0 1.3404439593938233
102.5 0.7814723940540502
103.0 1.5916109608033717
103.5 1.1316096584345212
104.0 1.2018090326100759
104.5 1.5937176986853179
105.0 0.9153526601526939
105.5 2.472996200737561
106.0 0.8788459689980468
106.5 1.9609305420750105
107.0 1.0755414505192429
107.5 0.4118554935632708
108.0 0.47503042198862067
108.5 1.1295468840348617
109.0 1.7186172860653302
109.5 1.7022614575873494
110.0 1.709206760456619
110.5 1.0858132096015942
111.0 1.933645300285745
111.5 1.3932495502894615
112.0 1.8109300068963923
112.5 1.4214017500187912
113.0 1.208564496568587
113.5 0.6794946153994116
114.0 1.1101506822238303
114.5 1.1360634041427877
115.0 0.709111215199016
115.5 1.343396455653617
116.0 0.6513053308272784
116.5 1.5316273906249989
117.0 1.0338443685565217
117.5 1.8932859656517902
118.0 0.6269579544210847
118.5 0.8080289377823553
119.0 1.5551652915076724
119.5 0.7451141825709074
120.0 1.2478225626198345
120.5 1.585802407633936
121.0 0.6975113199212174
121.5 1.805587837359202
122.0 0.8999606012304893
122.5 1.4775390466527685
123.0 1.656690569360938
123.5 1.261998859059029
124.0 1.1102992239674796
124.5 0.9793706677227181
125.0 0.9104614787162844
125.5 0.8552775225183619
126.0 0.9188443898237791
126.5 1.7249460900103537
127.0 2.328734875612012
127.5 0.8653273015854337
128.0 1.1317195085318101
128.5 1.2027285489753479
129.0 1.4303114622037325
129.5 0.9663662353723089
130.0 1.096389330733224
130.5 0.5104144064505216
131.0 0.9925757295544424
131.5 1.1696869277792206
132.0 1.01648865501303
132.5 1.4751249464042138
133.0 0.9198611860228098
133.5 0.7514663769204342
134.0 0.8118868610964582
134.5 0.8395250267823209
135.0 1.2235487824533005
135.5 0.7978625760295879
136.0 1.5877182270615393
136.5 1.2160768715256858
137.0 0.6546277052387586
137.5 0.8522994039306407
138.0 0.8388238358655453
138.5 1.6187410521147731
139.0 1.1163702690246855
139.5 1.605759558315813
140.0 1.411821989889657
140.5 2.8684358320725054
141.0 2.147897353181696
141.5 1.2796561931751436
142.0 1.7224248568063225
142.5 1.2258684405307474
143.0 1.0818657491903272
143.5 1.1243071348827656
144.0 1.216303638711023
144.5 0.6732833476017258
145.0 1.6119106695181955
145.5 1.221949830043345
146.0 1.620449467919661
146.5 0.7060047253502736
147.0 1.2557391431494023
147.5 0.5735001176019896
148.0 1.0373649489518546
148.5 1.1606644195208125
149.0 1.0982843001592903
149.5 1.7578879018139955
150.0 0.9702054175002556
150.5 1.5073055028392475
151.0 0.9021031823631565
151.5 0.8606862446241405
152.0 1.1321503833169042
152.5 0.97176493446804
153.0 1.0694271321533009
153.5 1.3482226619961901
154.0 0.571465592308096
154.5 2.0263567228674515
155.0 1.2086672791063848
155.5 0.9496665659014769
156.0 0.6035082525783919
156.5 0.5992022959991112
157.0 0.8984476421162638
157.5 1.0564459044340557
158.0 1.2369507201431875
158.5 0.6952773322563883
159.0 1.7312893239417715
159.5 1.5308855454758339
160.0 2.055846116072569
160.5 1.0044130358819232
161.0 1.8888143138021354
161.5 0.6841109454222047
162.0 2.3035365924391242
162.5 1.6471417109372117
163.0 1.5668727502649658
163.5 0.9377263305864707
164.0 1.8633769282149937
164.5 1.8175330786222395
165.0 0.677531240103349
165.5 1.0665667725478523
166.0 1.1056520703849
166.5 0.5680752176304527
167.0 1.5718025223454417
167.5 1.5829733843708407
168.0 1.039957249116641
168.5 1.8108424886183196
169.0 0.6731842181223209
169.5 1.481419460285888
170.0 2.071756223217034
170.5 1.415509000942566
171.0 1.282025909464151
171.5 1.1746550830210964
172.0 0.6818024882888751
172.5 1.034185325588306
173.0 1.0291849520611756
173.5 1.503041434466263
174.0 1.2322682498022188
174.5 0.8455704880714932
175.0 0.8433058677213396
175.5 1.095736807844262
176.0 1.096697278830656
176.5 2.126043531238982
177.0 0.8821258702555034
177.5 1.6083335741976716
178.0 1.9337067536273482
178.5 2.0617143551778785
179.0 1.460241782677428
179.5 1.5225036488012347
180.0 1.1278921475397354
180.5 1.3210420432283523
181.0 1.5894541938659796
181.5 1.1793332767201066
182.0 1.5193361293738974
182.5 1.422290463823641
183.0 1.0519055266225512
183.5 0.4612896263872077
184.0 1.3737911830274068
184.5 1.401453038281593
185.0 1.6083505352489587
185.5 1.0883214451741878
186.0 1.418600369339025
186.5 0.6207265962580371
187.0 2.1174043315278843
187.5 1.1697983074603422
188.0 0.9028288886781901
188.5 0.6669686403858693
189.0 1.2356772277538401
189.5 1.2943010641384758
190.0 0.9298533577369871
190.5 1.381161152742573
191.0 1.1756718481192043
191.5 0.6916817337336164
192.0 1.0349167833098778
192.5 0.9384709166446549
193.0 0.5500109023885961
193.5 1.3705442112965551
194.0 0.8056612387931279
194.5 0.7706900026041703
195.0 1.2262644566918282
195.5 0.69996684305716
196.0 1.5279525968769576
196.5 1.2905431710933684
197.0 0.9669679067852155
197.5 0.5203324457686067
198.0 0.8443025787888531
198.5 1.6797315393546635
199.0 1.3099288927142088
199.5 0.5179963939575776
200.0 1.4253340018296417
200.5 1.0054749925978181
201.0 0.6133816842690493
201.5 1.2795139277446679
202.0 0.9157439765917852
202.5 1.0867266158596114
203.0 0.8912922399890268
203.5 0.7404103616400731
204.0 1.0090055917692387
204.5 1.544532009348094
205.0 0.8438339157628348
205.5 1.5933717680750983
206.0 1.3909144440653205
206.5 1.3237885094322497
207.0 0.5352721170284243
207.5 0.6428439715971457
208.0 0.7441242364647693
208.5 0.7036274375228979
209.0 1.8876999551602598
209.5 1.5379843645150548
210.0 1.494904005525683
210.5 0.8688761296946838
211.0 0.8765730751961871
211.5 0.5730090641458752
212.0 1.0785691151830072
212.5 2.0583972970223785
213.0 1.377393007380905
213.5 1.6968725332500896
214.0 1.2748211328278032
214.5 0.9429136867241186
215.0 2.001424126803369
215.5 0.8859767423821178
216.0 0.7422070133693073
216.5 0.5801330020413306
217.0 1.0688140280406748
217.5 1.7632262279431936
218.0 1.5537523932934312
218.5 1.3124767662547083
219.0 0.9808967610020547
219.5 1.4458682962584364
220.0 0.5798017869976516
220.5 0.9685992092751585
221.0 1.0202498958664412
221.5 0.8342868577892437
222.0 0.7978944065599223
222.5 0.669486155795372
223.0 0.7857708365956211
223.5 1.1111987928111362
224.0 1.6032110152204324
224.5 1.5933165886381893
225.0 0.7533142175100109
225.5 1.4041591246356808
226.0 1.4961012752395737
226.5 0.5575421147156882
227.0 1.4370657542594722
227.5 1.6811393590704422
228.0 0.9631450479625657
228.5 0.9161667102858584
229.0 1.495789810019616
229.5 2.0140128575305893
230.0 1.102914228910398
230.5 1.2425850543569523
231.0 1.4192144744515152
231.5 1.362464953314377
232.0 0.6793028273669923
232.5 1.4123862752508303
233.0 1.285889782345742
233.5 0.8540292071561317
234.0 1.9373292424541204
234.5 0.7726539815263849
235.0 1.5748240732637806
235.5 0.2
236.0 1.022070960847404
236.5 0.8608939334514192
237.0 0.6116066049642059
237.5 0.6601150746197677
238.0 1.5759860344769878
238.5 1.0448897268085258
239.0 1.3806116152109356
239.5 0.6374879514176095
240.0 1.008236084895737
240.5 1.0080657349488964
241.0 1.9838578577919361
241.5 0.9198970277137106
242.0 1.8112498594092539
242.5 0.6670974299017154
243.0 0.7034288498904477
243.5 1.072616500444307
244.0 1.9199449024628128
244.5 1.3696980804095553
245.0 1.3882873031471326
245.5 0.6056848488393647
246.0 0.4791815587900332
246.5 1.6272442536678042
247.0 1.1419502725847746
247.5 1.4192806484065332
248.0 1.6022141785055282
248.5 1.0856836607397276
249.0 1.2351057530812983
249.5 0.8501675650765146
250.0 1.120417951321091
250.5 1.606949418405061
251.0 1.069799772869271
251.5 0.8031781555333368
252.0 1.2081808700623031
252.5 1.722608363802458
253.0 1.1023713097058043
253.5 0.9397314345674188
254.0 1.015535521731359
254.5 1.5146266970975684
255.0 1.1912449830558094
255.5 0.774941298370726
256.0 1.1103263178444145
256.5 0.728374796966682
257.0 0.6540185856309627
257.5 1.0890912820865168
258.0 1.4634257852666832
258.5 0.9858867076987234
259.0 0.8492944623345802
259.5 1.0609356003580706
260.0 1.582956969372737
260.5 1.1860850070301665
261.0 1.4629770769014527
261.5 1.240130949453806
262.0 1.4531921298713115
262.5 1.2702182881970203
263.0 1.8821754184581478
263.5 0.5719725967081342
264.0 1.7035958537042022
264.5 1.4451920581689275
265.0 1.604668156537771
265.5 1.0754558965447534
266.0 1.0212917692011203
266.5 1.7191745418706799
267.0 1.0938246502580207
267.5 1.3178030906708758
268.0 0.8780280905304563
268.5 0.8559244740563159
269.0 1.5785910616688144
269.5 0.6969468626844684
270.0 0.7865050535064857
270.5 1.334794536637603
271.0 0.6381858271862834
271.5 0.8445251459742562
272.0 0.6573010051506719
272.5 0.4650024464717105
273.0 1.0473655126257482
273.5 2.229188728991606
274.0 1.5252073666918369
274.5 1.2996044538675302
275.0 1.372496154626601
275.5 1.905030740362022
276.0 0.9114611893039949
276.5 1.3889397506846008
277.0 1.9019655330223595
277.5 1.4311570303462808
278.0 0.8022493428727426
278.5 1.6422033726427387
279.0 1.168770012165759
279.5 1.4850740287099875
280.0 1.004470525300796
280.5 0.702478042471391
281.0 0.5045926429986385
281.5 1.059033694386293
282.0 1.8409354929641626
282.5 0.39961259574252517
283.0 0.6841616551088028
283.5 1.007974113978958
284.0 1.0010953303033001
284.5 0.8153002970377898
285.0 0.907148294743483
285.5 1.358702516705675
286.0 1.231160304622333
286.5 1.6215083615146266
287.0 0.8172995680181471
287.5 2.9459751358788555
288.0 0.8221333411934028
288.5 0.977232342579859
289.0 0.8826662054605727
289.5 0.9773874877562269
290.0 2.1023714049169078
290.5 1.4341098176121165
291.0 0.8698899243964706
291.5 1.396496277620586
292.0 1.4888704910616708
292.5 1.8800885382634929
293.0 1.7350522185563118
293.5 1.7206881703090116
294.0 1.476776115530476
294.5 0.64702313561834
295.0 1.5539910052367738
295.5 1.9523522708865253
296.0 0.8527273580620247
296.5 1.3364175178250457
297.0 1.687930536145391
297.5 1.904251207985149
298.0 0.8179648819718395
298.5 1.4837379434272355
299.0 0.9119583616211057
299.5 1.2808439854838594
300.0 0.4983228606216685
300.5 1.1262740384961574
301.0 0.9494141100819391
301.5 1.6072650281584653
302.0 0.6890449999842968
302.5 1.0520576387403169
303.0 1.5832806206653296
303.5 0.7040031126350794
304.0 1.0413893333787767
304.5 0.9272054895072486
305.0 0.5732675680425605
305.5 1.0701487500847593
306.0 0.99866929900184
306.5 1.3032873309968014
307.0 0.5480254068087684
307.5 1.1169555150512303
308.0 0.8854178221556015
308.5 0.7222376998147886
309.0 1.9719906387909458
309.5 1.2640383849566637
310.0 1.044986986899799
310.5 1.404624323899097
311.0 0.7115729316687012
311.5 1.1835813874260732
312.0 0.9592192007534623
312.5 0.8229594228339936
313.0 1.0956518249576102
313.5 1.033689642965726
314.0 0.6486545349655521
314.5 1.2667773678256449
315.0 1.02011413244065
315.5 1.4584760455288146
316.0 0.5071759700571152
316.5 1.5898143705772343
317.0 1.5174477813310125
317.5 1.9879287340212728
318.0 1.3637179745288868
318.5 0.724515549282889
319.0 0.8856353098356782
319.5 1.3077405435700977
320.0 0.9329324466489204
320.5 0.9874248410793359
321.0 2.0190378615569675
321.5 2.0480945670653465
322.0 0.8262377971529964
322.5 0.6919168035874292
323.0 1.5034946678589571
323.5 1.2673582663954521
324.0 1.4446369697556332
324.5 0.5587161070148592
325.0 0.5607647941431946
325.5 0.6179176532741366
326.0 0.6848193157258873
326.5 0.7063627295767929
327.0 0.9017060441470008
327.5 1.4962807748975906
328.0 0.8412436692563914
328.5 0.7106974752131792
329.0 2.114875571945934
329.5 1.9292235715047157
330.0 0.9759309568716958
330.5 0.8747361132309883
331.0 0.44454031677606926
331.5 0.8912522876433485
332.0 1.0419218726314141
332.5 2.3716621851669277
333.0 1.1974212530149893
333.5 0.6711142130969456
334.0 1.0458770836699247
334.5 0.7112860219522352
335.0 1.5294569481808358
335.5 1.0872828096880944
336.0 0.8636492785337061
336.5 2.4508420343988657
337.0 1.1884383413405832
337.5 1.7461809227853442
338.0 3.2815598772800367
338.5 0.9605452227397653
339.0 0.4521177553197979
339.5 0.7794953427977104
340.0 2.059486346938204
340.5 1.348110955903671
341.0 0.505932770457081
341.5 2.065029805392535
342.0 1.1876929437968746
342.5 1.2526018694722953
343.0 0.6908038484965363
343.5 2.1010427887796785
344.0 1.8148264717020228
344.5 0.6710993142106292
345.0 0.8334666188614985
345.5 0.7694018700833379
346.0 0.48571213617361164
346.5 1.9832987170378489
347.0 0.805767761177618
347.5 1.9758470121338856
348.0 2.127125512969478
348.5 1.5676171274991133
349.0 1.356511426373991
349.5 1.58837134986671
350.0 1.6530311938696265
350.5 1.7032846844836778
351.0 1.0024591206101523
351.5 0.884658794403102
352.0 1.1022868840448043
352.5 0.3451588145274027
353.0 1.321106275471181
353.5 0.9108075921216492
354.0 1.4816592394523926
354.5 1.013486150972918
355.0 0.8582380622870167
355.5 0.8523054420758506
356.0 2.095190393580939
356.5 1.0683161576837468
357.0 0.24637419395257348
357.5 1.2861648292731884
358.0 1.4515270156356141
358.5 1.9245843947041261
359.0 0.8016798636707065
359.5 1.265337841221716
360.0 0.8686265980233332
360.5 1.6549979586829777
361.0 0.8333185254409539
361.5 0.8065169091863207
362.0 1.4091496090945619
362.5 1.36749384330665
363.0 2.0058573415572334
363.5 1.1412698721469765
364.0 0.6229776550027666
364.5 1.2618986422525258
365.0 1.3299843885898723
365.5 2.533554820438088
366.0 0.7780173936467154
366.5 1.0363718456842146
367.0 1.6690410080137865
367.5 1.3330393083293377
368.0 2.073603748437752
368.5 1.588903463577143
369.0 0.951518257549296
369.5 0.8001340763660201
370.0 1.3883638708772295
370.5 1.0879049464458992
371.0 1.1680536080623405
371.5 1.1351879001178715
372.0 0.9291752640158909
372.5 1.0337830567293727
373.0 0.9948962798414762
373.5 1.5947312584128597
374.0 1.7882406247114386
374.5 1.0263395859130025
375.0 1.0577878401616925
375.5 0.5529755161489389
376.0 1.2928482218057074
376.5 1.0368005692753963
377.0 1.4595728996905113
377.5 1.684830623516973
378.0 0.9766478591129207
378.5 0.770745162602575
379.0 0.933232459489491
379.5 1.0747851366704453
380.0 1.2440195468095185
380.5 1.542751583875446
381.0 1.1936821336589607
381.5 0.9783598842306576
382.0 0.4507593863876776
382.5 1.2323565175658924
383.0 0.9138490662282539
383.5 2.1927970046227974
384.0 1.0548852236027966
384.5 1.0088145800801473
385.0 0.7847985046178901
385.5 0.748225940703481
386.0 1.4315300968216091
386.5 1.595069753522512
387.0 0.9288660855275442
387.5 0.2
388.0 0.7693535793292061
388.5 1.0954188136541974
389.0 1.7678181017409642
389.5 1.6591216728634532
390.0 1.013835679445723
390.5 1.43319935079223
391.0 0.8098853006708462
391.5 1.493440551139087
392.0 1.048182580808158
392.5 0.9577151872794208
393.0 0.9883996993939408
393.5 0.9314216170904686
394.0 0.6559225762518286
394.5 1.0253907528367894
395.0 1.2117588139949464
395.5 1.0407112310511613
396.0 1.5299210436907082
396.5 1.0363011813204746
397.0 0.9297747303674553
397.5 1.1448900280736936
398.0 0.9837167634799862
398.5 1.8594872807118545
399.0 1.550904469070744
399.5 1.3272424908439968
400.0 1.9908065171944824
400.5 1.6893708279168995
401.0 0.8419508667209359
401.5 1.1282129156894833
402.0 1.942726455949863
402.5 0.9492419817588397
403.0 1.353881350486977
403.5 0.9264633758293273
404.0 1.7349671201578292
404.5 1.0478968867537861
405.0 1.5866877253346983
405.5 1.0689081923526202
406.0 0.9354832014643999
406.5 1.3051554531873744
407.0 0.8370047068538669
407.5 0.9813773019500249
408.0 1.2472727875622318
408.5 0.9046234715680492
409.0 1.0466368122792218
409.5 0.9297363165887934
410.0 1.193096377094315
410.5 2.1567724616330506
411.0 1.5214185643778415
411.5 0.675108600325763
412.0 0.890424255576733
412.5 0.9280695715132128
413.0 0.8793588673466756
413.5 1.0332291127919646
414.0 0.6225704534175884
414.5 0.7199887550680237
415.0 0.8668085218684904
415.5 1.0978338437261177
416.0 0.568010853749866
416.5 1.7103204745273874
417.0 1.1854104029076964
417.5 0.9683392901871918
418.0 1.4130368824285253
418.5 0.8175698262093835
419.0 1.6944237030869005
419.5 0.6536384300774585
420.0 1.2277031816976667
420.5 2.299036766348353
421.0 3.178921259360779
421.5 1.4543450302517005
422.0 0.7659361817430461
422.5 0.7417942129712485
423.0 1.7424348763763957
423.5 1.1062261922750243
424.0 0.6179067611738597
424.5 0.8699669636884961
425.0 0.7744625118398687
425.5 1.7163164394456794
426.0 0.9592228202119604
426.5 0.8181457028824037
427.0 0.68941243995074
427.5 1.3893405553112712
428.0 1.12529498187227
428.5 0.7176102406332643
429.0 1.1953777769233858
429.5 1.162440011969586
430.0 1.5361695505452904
430.5 1.6820626857149517
431.0 0.8400439790059148
431.5 0.8941909203380101
432.0 0.9872314055650375
432.5 0.8297799925928724
433.0 0.764993074681108
433.5 1.0509140085019097
434.0 1.1081707455713423
434.5 1.3057861010976466
435.0 0.8616412056339364
435.5 0.9122050307869785
436.0 2.333906981199573
436.5 1.4642564251890269
437.0 1.25941012627043
437.5 0.8221886608885818
438.0 0.7272857192073834
438.5 1.8427254988435093
439.0 1.3927470896663083
439.5 0.6908772319975987
440.0 0.5886200946599087
440.5 0.6670449264553084
441.0 1.2693737511088785
441.5 1.0177357336916906
442.0 1.3182674676175634
442.5 0.9541932169344085
443.0 2.465170895630192
443.5 0.9318110931860387
444.0 0.9176131377605669
444.5 0.6781093226030043
445.0 1.1141109201895547
445.5 2.2841376603795998
446.0 0.9728349133744623
446.5 1.0314524858829894
447.0 0.8142698156660033
447.5 0.7255249726027089
448.0 0.6303988475544997
448.5 1.7870676001305785
449.0 1.78305434032992
449.5 1.0418833775410055
450.0 1.3294950515632866
450.5 1.004544752633774
451.0 2.011695001627579
451.5 1.5979711534403762
452.0 0.7005964096596922
452.5 1.3221147904149093
453.0 0.602317912199987
453.5 0.9081401539882115
454.0 0.9401856252651057
454.5 1.0757836527377869
455.0 1.1826778894970191
455.5 0.7339423749759
456.0 0.7559810550058323
456.5 0.8191167348766275
457.0 1.227037675107338
457.5 2.2056734297038805
458.0 1.5542984675552491
458.5 0.7900964274833002
459.0 1.2172224289859588
459.5 0.9214730868365072
460.0 2.172503520173228
460.5 0.8204296978294816
461.0 1.134904555499004
461.5 1.2238748429104422
462.0 0.8413218704813586
462.5 1.1385848056959516
463.0 1.0076847259531214
463.5 1.444269553372869
464.0 1.4863898530317845
464.5 0.7353618434469265
465.0 0.7721692886777883
465.5 2.1465900902872814
466.0 0.8548920821154272
466.5 0.7738054305925538
467.0 0.6903317025760239
467.5 1.5871915956605682
468.0 1.5724811715425875
468.5 1.5815642881667897
469.0 0.5901596192503727
469.5 2.8469691046629855
470.0 1.6351288051905026
470.5 1.7004370765830013
471.0 1.7784202564031846
471.5 1.2142443701274175
472.0 0.9609317590271497
472.5 0.951729055173424
473.0 1.9877156772816411
473.5 2.0374171458115535
474.0 1.1054810842158371
474.5 1.8477322547776116
475.0 1.1648184842273448
475.5 1.570079541478564
476.0 0.8793137208206139
476.5 1.2417602285786902
477.0 0.9903201439749485
477.5 0.5758053830483829
478.0 0.7984470005087074
478.5 1.7874329513475404
479.0 0.8378991747263582
479.5 1.4861562633309853
480.0 1.4157661298985063
480.5 0.6120059601283422
481.0 1.6577324136908904
481.5 1.1350554530715722
482.0 0.7475278889282337
482.5 1.7013547642173839
483.0 0.879227258863119
483.5 1.0076188440195326
484.0 1.044549055071438
484.5 1.4751848010083355
485.0 1.1157247315665302
485.5 1.5072878435557402
486.0 0.7962332324808872
486.5 0.9537482560644904
487.0 1.5687650936669373
487.5 0.6969630490874219
488.0 0.7734652964384077
488.5 1.4824429919860966
489.0 0.669557894188852
489.5 1.4698548694017906
490.0 1.0866766795739662
490.5 1.1621487538780464
491.0 0.7376143920259015
491.5 1.6453350234526745
492.0 0.7279988491684111
492.5 0.7918379301237328
493.0 1.0309471357182354
493.5 0.978479168629012
494.0 1.553025477367025
494.5 0.8723500081305097
495.0 1.5996188774718634
495.5 0.6958469042873516
496.0 1.0012640196781213
496.5 1.3731657149926626
497.0 1.1598200666579714
497.5 0.5998881857514882
498.0 0.7331846842528975
498.5 1.2166448529443863
499.0 1.1938772541927842
499.5 0.9740798734105147
500.0 0.7451325845537905
500.5 1.0721981208711693
501.0 0.8197106903073444
501.5 1.1978190275387801
502.0 0.7551174775388139
502.5 1.3349871572026963
503.0 0.7003851070908911
503.5 0.885924483711466
504.0 0.9414318563222748
504.5 1.9849257519497205
505.0 1.8910851941059152
505.5 1.0393853792859262
506.0 1.710574738510363
506.5 0.8524447574619995
507.0 0.8569730883144113
507.5 1.2964900926497664
508.0 0.9322918277833424
508.5 1.5352679462553012
509.0 1.0140776091334436
509.5 0.8052392770517961
510.0 1.2544495809140725
510.5 0.7134691166022697
511.0 1.1259083252998674
511.5 1.0510499719610646
512.0 1.5720300008136714
512.5 1.4801480098370539
513.0 2.1426488661678436
513.5 0.715848181807768
514.0 0.6806288234992375
514.5 0.6686112728091058
515.0 0.987881106956223
515.5 1.1490271867067694
516.0 0.9284723682733932
516.5 1.8122781012196116
517.0 0.8728429258154773
517.5 0.9417392665342414
518.0 0.8563398920692835
518.5 0.6665446636540899
519.0 0.9267496562277104
519.5 1.569117659580409
520.0 0.9661740934220172
520.5 0.6122756671047435
521.0 0.6569411521666217
521.5 0.7954706489562402
522.0 1.0889963563680483
522.5 1.410471441859869
523.0 0.9538477274291686
523.5 1.0953211420667162
524.0 0.9729381271568583
524.5 0.7073968956891818
525.0 1.5732612047290275
525.5 0.9248144233545812
526.0 0.7419340071802203
526.5 0.791281665694189
527.0 0.5111734439212879
527.5 0.49781194214231017
528.0 0.8870570727723414
528.5 1.0991796633081765
529.0 1.378495239247019
529.5 1.8484201244834804
530.0 1.178862331256831
530.5 1.1556579843224133
531.0 1.4788542913777716
531.5 1.1348422622153507
532.0 1.5758111263708448
532.5 1.6922643815972287
533.0 1.128007687949874
533.5 1.1887717859237426
534.0 1.4420999507505439
534.5 2.2619110260546513
535.0 0.3514988571977957
535.5 1.784813272909783
536.0 0.9274644843231772
536.5 0.5058949919793806
537.0 1.498088546048345
537.5 1.2805882588705855
538.0 1.223465711744062
538.5 0.9991299030798577
539.0 1.0124947091262348
539.5 1.501587240186688
540.0 2.132545625928006
540.5 1.1245362559074585
541.0 0.7000725473072468
541.5 1.6741623373349435
542.0 1.3273145823607702
542.5 0.7230711436920663
543.0 1.1405387849686377
543.5 1.5178992660442194
544.0 0.6853259661516187
544.5 1.9677142215067467
545.0 1.1354660003817165
545.5 1.4197828377053687
546.0 1.8490506052876237
546.5 1.4693937257154683
547.0 0.7097652415587725
547.5 1.0599796612582892
548.0 0.9162924648082547
548.5 1.0576291569466683
549.0 0.6525623483144359
549.5 1.4170722892268683
550.0 1.5277037175453194
550.5 0.8178321316788049
551.0 0.6272051018328801
551.5 1.1437574273903242
552.0 1.9476742366264004
552.5 2.658115199472922
553.0 1.6072021216786216
553.5 1.4205717958524953
554.0 1.1645106751342262
554.5 1.0485610013392328
555.0 0.9092087211457036
555.5 0.7165005002659196
556.0 0.9087306867089003
556.5 0.8284338320839123
557.0 0.9218036713582998
557.5 0.8469512685213724
558.0 1.2091448140529173
558.5 1.3681616069433304
559.0 0.7266580078660589
559.5 0.7278780972182606
560.0 1.1364293064841036
560.5 0.9056668564406456
561.0 0.6796960649093192
561.5 0.8948864452520073
562.0 1.5949017635317762
562.5 1.2735408458609803
563.0 0.6436642712530086
563.5 1.2401278654504364
564.0 0.9231820243538519
564.5 1.0468041572577405
565.0 0.8953125171176545
565.5 1.3244188975208186
566.0 0.7897034424223022
566.5 0.9912012397340508
567.0 0.6034555432690671
567.5 0.6260259169449336
568.0 0.6598126966053333
568.5 1.1093251232480623
569.0 2.4225753029674646
569.5 0.7641765222114613
570.0 1.3859111439062843
570.5 2.078894417705885
571.0 1.463234656107633
571.5 1.9989892928360669
572.0 0.8511861426430211
572.5 1.3322108823938636
573.0 0.7517357727093874
573.5 1.0764714444407912
574.0 2.6098036233546305
574.5 0.7989084180591373
575.0 2.7479087739675814
575.5 1.36529206905844
576.0 1.39036564465026
576.5 0.5352275854727189
577.0 0.9182841242774715
577.5 1.1756133912348512
578.0 0.7170319658049543
578.5 1.0598994129550774
579.0 0.7833131121458197
579.5 1.1012743565979835
580.0 1.451988707714384
580.5 0.9312865313608409
581.0 1.0792345330278919
581.5 0.7084389013943697
582.0 1.1456637137195407
582.5 0.9458361263866091
583.0 2.0252965812180204
583.5 0.588062477371176
584.0 1.3465549656675424
584.5 1.0626502081793523
585.0 1.2265173630259363
585.5 1.1976157934880969
586.0 0.8257547594612897
586.5 1.2007401389637193
587.0 1.3472377117420384
587.5 1.493080893465835
588.0 0.7894028589001698
588.5 0.5696875717962049
589.0 1.0600138363914349
589.5 2.26177635248537
590.0 1.3857415716571648
590.5 1.0029026018689158
591.0 0.8656780485182705
591.5 0.9297886359003031
592.0 1.4060433997241841
592.5 0.8055709111056274
593.0 0.4567310843390131
593.5 1.676851796274872
594.0 1.2796061806392958
594.5 0.8161747255199581
595.0 0.7037218644682615
595.5 1.1917760750065634
596.0 1.200523065462221
596.5 1.083019604052334
597.0 1.1643799113113877
597.5 0.6823326906332444
598.0 0.9271859745961248
598.5 0.8074413911834256
599.0 0.9316889010955789
599.5 0.7250274884217247
600.0 1.0440072914303715
600.5 1.45809509786347
601.0 0.870113106371912
601.5 0.9871253980030157
602.0 0.7025896199554016
602.5 0.7332195954094405
603.0 1.3344444555841584
603.5 1.0386267223177394
604.0 2.217702079026178
604.5 0.5959863867223678
605.0 1.012313929394721
605.5 2.345382820590813
606.0 1.2558967536908634
606.5 1.993198635087833
607.0 0.9973213881549357
607.5 2.294975102741025
608.0 0.8647421520932681
608.5 0.8072860045330187
609.0 1.1440874868229567
609.5 0.8338840827271705
610.0 2.021054507247433
610.5 1.3843070084259281
611.0 1.2791150750110312
611.5 1.0381305529817961
612.0 1.8681456179402423
612.5 1.5957325121952788
613.0 1.1103667987617525
613.5 0.9158765013345809
614.0 1.47991310797327
614.5 1.0912495772865685
615.0 0.8702837331692931
615.5 0.8908350801536332
616.0 0.8000934353125269
616.5 1.090224121618562
617.0 0.9302325750357596
617.5 0.9850613475688665
618.0 2.047109544202548
618.5 0.9238858160844453
619.0 1.0221519842971378
619.5 0.9773212271376015
620.0 0.8209429446491293
620.5 2.9450884614911255
621.0 1.6633358074395534
621.5 1.2585355157289926
622.0 0.9093920919671419
622.5 2.035126105055722
623.0 1.449101461188364
623.5 1.312966697470741
624.0 1.7009049055751184
624.5 1.2367182158787857
625.0 0.7031536035610403
625.5 0.5942623340561182
626.0 2.3183457713513382
626.5 0.7581165274312354
627.0 0.9345612398299402
627.5 1.1574507694499405
628.0 0.9541866439870414
628.5 1.3659537271068338
629.0 0.5701873948092568
629.5 1.197058063090767
630.0 1.334027889469684
630.5 1.080485750477443
631.0 0.9919699779775681
631.5 1.4287517047761753
632.0 0.6834706344843434
632.5 1.8341741223661217
633.0 0.8662934205932671
633.5 1.2372170479863551
634.0 1.0817467365365552
634.5 0.9922415925029084
635.0 0.863375317547592
635.5 0.9249452868941828
636.0 1.4466403910789387
636.5 0.8938469906238165
637.0 2.224106821846761
637.5 0.5876506398044999
638.0 1.3309680242459334
638.5 0.7943350436609878
639.0 0.7827678557113131
639.5 2.189080846203044
640.0 0.40212246229984283
640.5 0.8327860339591673
641.0 0.7841756883353482
641.5 1.2247391918173476
642.0 1.1566245494119787
642.5 1.50050386771729
643.0 2.305441999831115
643.5 0.6372030205763441
644.0 0.3530986128498853
644.5 1.4085431473803205
645.0 1.0793635784698303
645.5 0.796889997046358
646.0 0.7386632202929911
646.5 1.6208822360320378
647.0 1.3039084149065823
647.5 1.7649277780487507
648.0 2.1170764577764185
648.5 0.9784740998137836
649.0 1.1609702912755142
649.5 1.2648847742281526
650.0 1.3556855692514989
650.5 1.1489830515616652
651.0 1.025623665485741
651.5 1.0449194022123245
652.0 1.3691361768542167
652.5 1.3596718234949083
653.0 1.5981320747998016
653.5 1.6674373853848048
654.0 0.6231019519989796
654.5 0.9961209063281998
655.0 0.7333332186202648
655.5 0.4567462890087231
656.0 0.6837332609409512
656.5 0.9437885413382923
657.0 1.8019073838519777
657.5 1.0597751353141143
658.0 1.3330727696999047
658.5 0.7427683565368636
659.0 1.8140886418414697
659.5 1.5207341333334776
660.0 1.0983712193448758
660.5 0.5629736735391393
661.0 1.3367881751030155
661.5 1.1842906601285446
662.0 0.9172728237067376
662.5 1.4303759474291935
663.0 0.5051419796616905
663.5 1.1365691225304222
664.0 1.5415716516606692
664.5 2.059264181734718
665.0 0.6097396798289113
665.5 0.516892313068784
666.0 1.1167018031331657
666.5 1.0943571367399807
667.0 2.2733718004654646
667.5 1.5027241917434808
668.0 1.1358673611561465
668.5 2.372412032850634
669.0 1.6350086890186906
669.5 1.9255741664758141
670.0 1.9733620463021886
670.5 0.5965533568750443
671.0 0.8137698545163614
671.5 0.765897974057073
672.0 0.9250928115886777
672.5 1.588846076624359
673.0 0.8859945572936221
673.5 0.5409031872547042
674.0 2.1860134065088217
674.5 1.9596589333885275
675.0 1.2529177655616908
675.5 0.45012997398484467
676.0 1.916749647340287
676.5 0.48045283173794195
677.0 0.9820716720336399
677.5 1.2865351665172067
678.0 0.5844857960073186
678.5 0.4699954116013951
679.0 1.2599957471558918
679.5 1.1968415878421277
680.0 1.2141118876849197
680.5 0.914552640934569
681.0 1.2131593970720855
681.5 0.8256001775424741
682.0 0.8267135548731639
682.5 0.7630205595418751
683.0 0.7261935588324362
683.5 1.274914039579047
684.0 1.2009883153712102
684.5 0.8029184810635767
685.0 1.8572274016314505
685.5 1.7965446191380456
686.0 1.0304348763668494
686.5 1.0736739121435832
687.0 0.9064622822348927
687.5 1.1877365791798016
688.0 0.7099450944225163
688.5 1.1151480840816153
689.0 0.3369699118447256
689.5 0.5559053278993591
690.0 1.2258252135706869
690.5 0.9290719976722526
691.0 0.9299570177178106
691.5 1.2992233736226928
692.0 1.135533363324793
692.5 1.5935059144683799
693.0 1.1202704844492173
693.5 0.549552477524763
694.0 1.0092792467503915
694.5 1.116708145149829
695.0 0.5502712081209714
695.5 0.9298619441468104
696.0 1.3350045978268246
696.5 0.7990834929959085
697.0 0.8350795802379265
697.5 2.1527925790505833
698.0 1.4646975461710616
698.5 1.0608223978401858
699.0 0.4313446917583481
699.5 1.0524054609077642
700.0 3.29025519578962
700.5 2.1976141503943083
701.0 1.4601402663618384
701.5 1.187266330496216
702.0 0.8413227616319947
702.5 0.7902298763547985
703.0 0.7058275919027311
703.5 0.7497284749837079
704.0 1.6717506756193268
704.5 1.0463249479717671
705.0 0.9004137490668475
705.5 0.8820742282789529
706.0 0.43155900392312363
706.5 0.543079425570765
707.0 0.8185722470905528
707.5 1.5171699925633912
708.0 1.0533277623295836
708.5 0.5961080547085298
709.0 1.9415862396064683
709.5 0.6908834561887944
710.0 0.730244446479926
710.5 1.163149713421048
711.0 1.2155829755148666
711.5 0.7191552185798369
712.0 1.5109421230671631
712.5 1.1744677113834048
713.0 0.25223323570410394
713.5 0.4712411041061775
714.0 1.1955574892907146
714.5 0.20603289156013194
715.0 1.0903288845735875
715.5 1.8519506062334439
716.0 0.7898659502163492
716.5 1.178690561487787
717.0 1.233937714885978
717.5 1.5783778621029334
718.0 1.746144040290163
718.5 2.1318686870648538
719.0 2.8857895648077863
719.5 2.169740390623234
720.0 1.7052129300157346
720.5 1.217593081061474
721.0 0.565741828907559
721.5 1.2542807605362287
722.0 0.9266988330112312
722.5 0.790063549115161
723.0 1.6896054387569532
723.5 1.9103426634211913
724.0 0.9864568347780347
724.5 1.517046422193671
725.0 0.9642426201866611
725.5 1.217772625476097
726.0 1.1123248501129672
726.5 1.1744595715723687
727.0 1.0587348999540518
727.5 1.4619978716125057
728.0 1.5382681830446674
728.5 1.0683766795289669
729.0 1.809026774587576
729.5 1.7415002442114855
730.0 0.8047670908316177
730.5 0.949198439194985
731.0 1.783640903087468
731.5 1.6249542587935506
732.0 0.5822829121401407
732.5 0.9734415880136291
733.0 1.8512283447408564
733.5 1.6604827155657547
734.0 1.6004789598556353
734.5 1.158812045325524
735.0 1.5186776320174187
735.5 0.8716912266604626
736.0 0.8412841443886624
736.5 0.7368227735900741
737.0 0.644896395273197
737.5 1.7513357225974957
738.0 1.0102714974547369
738.5 1.2026982719302979
739.0 0.9024546674937
739.5 1.9162741535553924
740.0 1.1680180537961529
740.5 1.7496568792033196
741.0 1.5275610339773644
741.5 1.6036781000831466
742.0 0.9145866246126023
742.5 1.2574480809190127
743.0 1.2214710366877548
743.5 1.8222779248975667
744.0 0.7659751960748196
744.5 1.4778961557486057
745.0 0.9986825248858491
745.5 1.4610785833758384
746.0 1.0316805135924012
746.5 1.6306132479560593
747.0 0.8575443019578208
747.5 1.3242258612383249
748.0 2.135011666164474
748.5 1.1421611235785663
749.0 0.8707459139210907
749.5 1.388289159922772
750.0 1.569133659086527
750.5 1.4754205674824692
751.0 1.4657758155245333
751.5 1.345797519796399
752.0 1.3932610059786983
752.5 0.9021707256256983
753.0 1.3325071484350541
753.5 0.5971150328159537
754.0 0.962948560896546
754.5 0.8356461749830006
755.0 1.0775386716275537
755.5 1.5875683550863333
756.0 1.8057417955057478
756.5 1.4945203091631973
757.0 0.5799198031439892
757.5 1.2570053330715911
758.0 0.9192526407767558
758.5 0.6479833470034615
759.0 1.5759514873999783
759.5 1.7415106649149905
760.0 1.495901286477338
760.5 1.8622675577633527
761.0 1.3737403047892056
761.5 1.0260905556649484
762.0 1.447586265485144
762.5 0.9779615586006478
763.0 0.9724326301276489
763.5 1.429379362100812
764.0 0.6127356111986397
764.5 0.9784112613823241
765.0 1.9791710527501083
765.5 1.860984383935096
766.0 1.3228060972673847
766.5 1.0141603846625806
767.0 1.5807368837978064
767.5 0.7912843791599543
768.0 1.1046989126056
768.5 1.3535720653103558
769.0 1.6063054347747292
769.5 0.9195178570547813
770.0 1.5108629127675481
770.5 0.7828827381295824
771.0 1.7775994485481945
771.5 0.8758342823699838
772.0 2.733457095230934
772.5 1.6115777368158277
773.0 1.5194436441477612
773.5 0.4222516545403864
774.0 1.1234078632886384
774.5 0.8925343417117485
775.0 0.9399922589800451
775.5 0.657835564946138
776.0 0.5760613734834331
776.5 1.3898910152628368
777.0 1.4905699162348938
777.5 0.8166997920731958
778.0 1.69476140446841
778.5 0.9137532852844443
779.0 1.1049065183668194
779.5 0.6169916096487043
780.0 0.9993775050017095
780.5 1.3987249921804437
781.0 1.1176273309464357
781.5 0.7419735623777416
782.0 0.6759827149253641
782.5 0.5690483789816162
783.0 1.1929906353746607
783.5 1.5100659436587196
784.0 2.1009285763205225
784.5 1.36394871616131
785.0 1.3673006252392241
785.5 0.9813684163551661
786.0 0.6446348245792608
786.5 0.6629966973683193
787.0 1.7721193922292957
787.5 1.2019630397321
788.0 2.4653210075534115
788.5 0.2
789.0 0.4269109974765427
789.5 1.57883608519017
790.0 0.96811797854897
790.5 1.8989248581308178
791.0 0.7587771698778745
791.5 0.8028207879398652
792.0 0.4912367716297704
792.5 1.2928162879520602
793.0 1.9602096516038086
793.5 0.5471599686311642
794.0 1.9437584092827334
794.5 0.9422207192879138
795.0 1.0395508317520123
795.5 2.083913648043871
796.0 2.5124927676866884
796.5 0.9758793242979678
797.0 0.7137522477622182
797.5 2.677433066586811
798.0 1.6486733264929532
798.5 1.1512524828140775
799.0 0.8768938619795632
799.5 0.8819224835464485
800.0 0.9551827932400885
800.5 0.7254278204992852
801.0 1.7388651708451324
801.5 1.4389094267921714
802.0 1.4858892477363064
802.5 0.8210895880170201
803.0 1.3695302811492294
803.5 0.8864411449982548
804.0 2.26318507899333
804.5 0.9342253889934644
805.0 1.695336807657946
805.5 0.6347833465014578
806.0 2.575047802393377
806.5 0.9634761499862168
807.0 0.7262204249027597
807.5 0.5417227831278388
808.0 1.1914169085666897
808.5 1.0101828219179074
809.0 0.6491127752670114
809.5 0.8838005309333673
810.0 1.1184162306525098
810.5 1.385541408636556
811.0 1.3596820571222055
811.5 0.2
812.0 1.4898316323920309
812.5 1.6484706943571978
813.0 1.7251390109494966
813.5 1.2608786529978426
814.0 1.2165061455207997
814.5 2.3134927071864775
815.0 1.3310065573025012
815.5 1.954917257346511
816.0 1.1946807855750903
816.5 0.5133286110924034
817.0 1.3823183117694615
817.5 2.0275994887483533
818.0 0.6335159590435412
818.5 1.2805604532877954
819.0 1.0135218791491614
819.5 1.0859602627594025
820.0 1.1910528391200152
820.5 1.3856975006150198
821.0 1.6906257918580403
821.5 1.7088808879291602
822.0 0.8432536177029387
822.5 0.6377214165334764
823.0 1.2740983877690817
823.5 1.1036677411485427
824.0 1.4498975327041008
824.5 2.279771701077359
825.0 1.3381601352100696
825.5 1.2852753436205369
826.0 1.425216151936376
826.5 1.8956642457234607
827.0 1.5159695927837382
827.5 0.769664097964506
828.0 1.0544386588194192
828.5 1.0790767800372008
829.0 0.8415088533523348
829.5 1.5032311954135
830.0 1.2782933646938348
830.5 0.8709421418406114
831.0 0.9246887995873614
831.5 1.1940965051575247
832.0 1.6947054877165124
832.5 0.7098160995468586
833.0 1.657298311439158
833.5 1.1313920247575078
834.0 1.3797600681359894
834.5 0.7583664436233992
835.0 0.6316198356772811
835.5 2.2852570373484156
836.0 2.1531302429530714
836.5 1.1171993420814048
837.0 1.0284030312468344
837.5 0.7063874337293895
838.0 1.1242370687830618
838.5 0.5932709542649255
839.0 1.1319177574456638
839.5 1.341161504888582
840.0 2.6192853077483162
840.5 0.69331754877813
841.0 1.3289870782340776
841.5 1.4228987980148262
842.0 0.9649081528886767
842.5 1.322908026167645
843.0 1.911055655192675
843.5 0.9455615204412832
844.0 1.7566539056754216
844.5 1.395843702198782
845.0 1.2205797490607884
845.5 0.7569472750360886
846.0 1.394276474322996
846.5 0.9114681453938102
847.0 1.3529304099311839
847.5 1.1147919313687797
848.0 0.8989577994642364
848.5 1.0766180862301178
849.0 0.8218523872003023
849.5 0.9769363664714721
850.0 1.9116344742243228
850.5 0.7655879925428091
851.0 2.3133640610514905
851.5 1.3139895365419485
852.0 1.235913026397912
852.5 1.1578955209810962
853.0 1.4514970959552977
853.5 1.0309071231395421
854.0 0.804320341204543
854.5 1.8338783888688661
855.0 1.2268701042466243
855.5 1.093890823449492
856.0 0.7768350168697062
856.5 1.3126542775510037
857.0 0.99716992647326
857.5 0.8013699555788639
858.0 2.0002814913383116
858.5 0.5896960486076294
859.0 1.7278704062687886
859.5 0.8590182535924664
860.0 1.1909665818697395
860.5 0.8584299027625235
861.0 1.4282584614577791
861.5 0.9853332514023825
862.0 2.7395034249912547
862.5 1.0673877169489616
863.0 1.7000584513498957
863.5 0.9452686117836391
864.0 1.2416398812575813
864.5 1.2878050939236785
865.0 1.068224036820636
865.5 1.8325827671073904
866.0 1.685265431836424
866.5 0.9072958800196592
867.0 1.3239569886392877
867.5 0.8977594092697911
868.0 2.313781791426406
868.5 0.8012859118735138
869.0 1.4481514769705441
869.5 1.6949806761767707
870.0 0.7071179223529006
870.5 0.23021416582365584
871.0 1.1771843960671022
871.5 1.8995928530738793
872.0 0.7828611945593285
872.5 1.7089678639469714
873.0 1.740051398231889
873.5 0.8134642800993681
874.0 0.660978355493314
874.5 1.029522081297537
875.0 0.2
875.5 1.180065381160982
876.0 1.6149037183275898
876.5 0.8907065633208492
877.0 0.6572109899129193
877.5 1.7988085148936919
878.0 1.3134030304732736
878.5 0.868507385349185
879.0 0.6611363182752783
879.5 0.7407096219054807
880.0 1.4052807797254645
880.5 0.8700203732662017
881.0 0.9430369326590521
881.5 2.0841892061026153
882.0 1.6697074963954872
882.5 0.8965237994216261
883.0 1.9263815351139062
883.5 1.0958492140894567
884.0 1.3389027186573415
884.5 0.7752376176727371
885.0 1.197046833438232
885.5 0.9318385827125693
886.0 0.9858346731867584
886.5 0.8555572550353778
887.0 0.6558105065071596
887.5 1.1643128087447727
888.0 0.6991967287116789
888.5 0.4812446243663684
889.0 0.8743328795433292
889.5 2.00545158551779
890.0 1.0019936519584063
890.5 0.9067868920421713
891.0 1.4434704005308154
891.5 1.0977799419395062
892.0 1.0379428526732817
892.5 1.1352607418372858
893.0 0.761977343063047
893.5 1.1985650540940285
894.0 1.1793383595682263
894.5 1.7175951879473585
895.0 2.1588942381945144
895.5 1.5481175811297665
896.0 0.9307934035102018
896.5 0.8458073116389794
897.0 0.6217645759482133
897.5 0.8670806491199423
898.0 1.2554770704148348
898.5 1.0812478718032923
899.0 1.530571837419684
899.5 0.8240437816677015
900.0 1.0868782108162702
900.5 1.178761081364243
901.0 0.7943785762096549
901.5 1.7423199575189465
902.0 0.6994067629678689
902.5 1.0769481738288826
903.0 0.8487327216882774
903.5 1.2332589134129792
904.0 0.5842236143184218
904.5 0.7424586425112534
905.0 2.081161280568667
905.5 0.8620161465322609
906.0 1.1460659710180303
906.5 0.5863214777069332
907.0 0.48853624772756715
907.5 0.8763441220468658
908.0 0.7926427965594529
908.5 1.591666492740596
909.0 1.0624694303236093
909.5 0.5844074229270582
910.0 0.7609250967628493
910.5 0.8029847808847355
911.0 0.8681285941692092
911.5 0.686584997271628
912.0 1.0469861886464522
912.5 0.8531334141194642
913.0 1.7937456993301804
913.5 1.449734032905563
914.0 1.8176041686051705
914.5 1.0601960958538355
915.0 0.9350217132993642
915.5 1.3412597907856605
916.0 0.7701747906940977
916.5 1.008638621446785
917.0 2.5167733324389436
917.5 1.4940352974906843
918.0 0.6621908731984685
918.5 0.711394676024913
919.0 0.8317482183023873
919.5 1.9527968625184875
920.0 0.7335891632716699
920.5 1.116607297179128
921.0 0.920955662572809
921.5 1.6425639430062247
922.0 1.5213369930088587
922.5 0.6677941363307014
923.0 1.4048791193365657
923.5 1.7202454543354166
924.0 1.4524927290706682
924.5 0.5965284291256614
925.0 0.9564382863420633
925.5 0.2592749032138254
926.0 0.7638412559183368
926.5 1.823136329760659
927.0 1.1306798735973893
927.5 1.3459654119163362
928.0 1.371856844408462
928.5 0.8554129409976061
929.0 2.0205104161744023
929.5 1.6665562382875554
930.0 1.003673571785123
930.5 1.187440323385994
931.0 0.698822233452717
931.5 1.2190516213495908
932.0 1.066608047684794
932.5 1.013748033340093
933.0 0.6963092971906266
933.5 1.084159919582087
934.0 0.8438967995247393
934.5 0.8481675965246163
935.0 1.0729805289301793
935.5 0.9369491412081921
936.0 0.6892741532594739
936.5 2.266185504076744
937.0 1.0442242825645554
937.5 1.913962462229275
938.0 1.2475486650738108
938.5 1.1870609680831663
939.0 1.2450898354872901
939.5 1.9823330958331837
940.0 0.8362665370632394
940.5 1.7483447839993809
941.0 1.633999119593541
941.5 2.8177541742698153
942.0 1.1525131346140505
942.5 1.9709038609582776
943.0 0.8474864727230894
943.5 1.5496839308362387
944.0 1.0256581087864087
944.5 0.6015517656151882
945.0 1.1715315528766184
945.5 1.9553383302107377
946.0 0.9512274346531011
946.5 1.0187768792509755
947.0 1.1444358625988107
947.5 1.2982548011389032
948.0 0.9800519885161578
948.5 2.4039285738774803
949.0 1.7417589641317797
949.5 1.2586808952066082
950.0 1.2684822668142184
950.5 1.291436892005558
951.0 1.3715808810041854
951.5 0.8669119572859451
952.0 1.129267779487628
952.5 1.724065088698202
953.0 1.3534590665904394
953.5 1.1426743942700137
954.0 0.9677907365151481
954.5 0.6516144577476126
955.0 1.4848537932238886
955.5 1.5608964356833894
956.0 0.8661475778856429
956.5 1.0932247361394212
957.0 0.7857320167434888
957.5 1.1676250978201423
958.0 0.878059930512348
958.5 1.2543384171174905
959.0 0.7167697642665702
959.5 0.8737363818844468
960.0 0.374971166038613
960.5 0.6622172020895876
961.0 0.8030218057418564
961.5 0.7360170587863115
962.0 2.185109640331073
962.5 1.3951983211540409
963.0 1.2932165389473629
963.5 1.0300292408854905
964.0 1.1753015716421487
964.5 2.058490317567207
965.0 1.95250061257524
965.5 2.792868468512484
966.0 1.002213554592293
966.5 0.8679437932792902
967.0 0.8818922018232027
967.5 2.091452794721767
968.0 1.5973888920676567
968.5 1.031789041442282
969.0 0.7662627358816583
969.5 0.38498518947167515
970.0 1.5331550466983996
970.5 0.6281029491083445
971.0 1.271935167832045
971.5 1.6910589560900458
972.0 0.9056116966868596
972.5 1.2089122084502475
973.0 0.9321567115038464
973.5 1.1535795017255879
974.0 1.7828269035267044
974.5 2.0223767167285907
975.0 1.3041876865781994
975.5 1.090180112020389
976.0 0.7552667702325517
976.5 1.530763254740331
977.0 1.591215777695466
977.5 1.041128079413052
978.0 1.3440222027484694
978.5 0.9709009351472533
979.0 0.9375606852453275
979.5 1.0348802932680883
980.0 0.7075185698255133
980.5 0.9811792714778719
981.0 1.2220912675349045
981.5 1.4660527531154361
982.0 2.0722297211923175
982.5 0.9068354726544776
983.0 2.7915958773393164
983.5 0.8687178963890476
984.0 1.144818974349441
984.5 1.2272806712644457
985.0 0.5870050192455465
985.5 1.743729241667314
986.0 0.773133181904771
986.5 0.8560442938785545
987.0 1.5686923765065712
987.5 0.7562464790000115
988.0 0.846476805171162
988.5 1.7893254225922988
989.0 0.6782386927480502
989.5 1.265630822124812
990.0 1.349115422034821
990.5 0.6206628555508288
991.0 0.7398059173902863
991.5 2.2812671111045195
992.0 0.7062191053214794
992.5 0.6377475140823907
993.0 1.9312335140778527
993.5 1.0429086722173713
994.0 1.0274338833467898
994.5 0.9932639525717191
995.0 1.5826561523790177
995.5 0.7213666192557805
996.0 1.4718644126735736
996.5 2.320429151549298
997.0 2.018831654126781
997.5 1.419645444605478
998.0 1.6610984206383397
998.5 1.247411402204598
999.0 1.3665930928755015
999.5 1.4399895139746914
1000.0 1.368456031794178
1000.5 1.3246845152837479
1001.0 0.712387562473047
1001.5 2.3618490872573945
1002.0 0.9376975983333037
1002.5 1.189700485308652
1003.0 1.122438549423146
1003.5 0.6758903673775363
1004.0 0.731059034849708
1004.5 1.5995069906737074
1005.0 1.2516694897044875
1005.5 1.488890155563628
1006.0 0.7825803180332012
1006.5 1.454564633255914
1007.0 0.7277069838825581
1007.5 1.2191101972691947
1008.0 2.1567845060485125
1008.5 2.1820020320240463
1009.0 1.1059238858057374
1009.5 1.154784505053267
1010.0 0.6205791754251331
1010.5 2.3108929987065885
1011.0 1.1795485641916121
1011.5 1.355240021169806
1012.0 1.287964607289255
1012.5 1.3660305157443564
1013.0 0.852110958223032
1013.5 0.9971562899991848
1014.0 0.6004748613474611
1014.5 1.3382495473058436
1015.0 1.127431177183185
1015.5 0.7615378165574302
1016.0 0.9806693562030688
1016.5 1.2907317570373258
1017.0 0.6508244994542332
1017.5 2.0357955617613066
1018.0 0.6879524482636195
1018.5 1.4652435540360818
1019.0 1.332471747117749
1019.5 1.2683445973223815
1020.0 0.710538748465267
1020.5 1.8801739207076462
1021.0 0.7465038311040795
1021.5 1.1177345357446646
1022.0 0.7483028294548646
1022.5 1.1396591168218766
1023.0 1.6082509199928219
1023.5 0.9349435313328112
1024.0 0.888271703793283
1024.5 0.8401688386061594
1025.0 1.083552619731577
1025.5 2.098308479314001
1026.0 1.8973919051692045
1026.5 1.138519126128233
1027.0 1.0635683663393865
1027.5 1.5407511765986839
1028.0 1.0416670872090443
1028.5 0.8898906503560096
1029.0 1.274028581455844
1029.5 1.6424601420610712
1030.0 1.8411285369713464
1030.5 1.8506803786591717
1031.0 1.2754101947149907
1031.5 1.015198426141556
1032.0 0.8021243680564522
1032.5 0.8630714528901205
1033.0 1.435119988045988
1033.5 1.0703982217786825
1034.0 1.5370787426546246
1034.5 0.9509170498543131
1035.0 1.7219514919126047
1035.5 1.4936726960349733
1036.0 0.8738746659597043
1036.5 1.4303118540168624
1037.0 1.9026644226363842
1037.5 1.4382739410519454
1038.0 2.3306753393108055
1038.5 1.0935627867818967
1039.0 1.9661881031349902
1039.5 0.6773475143175225
1040.0 3.0225426391932526
1040.5 1.6420512666190579
1041.0 2.341112023700644
1041.5 1.3480067261011974
1042.0 1.2444359402487601
1042.5 1.0712682473131245
1043.0 1.3630445413919452
1043.5 1.7480161032931272
1044.0 0.9294882607929125
1044.5 1.0028514153357315
1045.0 2.0184613837651506
1045.5 1.6427428476664647
1046.0 1.4490621211042707
1046.5 0.6829822948686723
1047.0 2.131603275571542
1047.5 0.5500417183006219
1048.0 1.1519238515379528
1048.5 1.7386056594743455
1049.0 1.5099456618247507
1049.5 0.8170815243158679
1050.0 0.7807832392924345
1050.5 0.7714808820144226
1051.0 2.692265816926653
1051.5 0.7891516541551853
1052.0 0.9474314168599245
1052.5 1.1550306625592042
1053.0 0.583035769346893
1053.5 1.5313300558630543
1054.0 1.3142663674329826
1054.5 1.3426468872658115
1055.0 1.1357502060429536
1055.5 1.1358586280047565
1056.0 1.2280034383991334
1056.5 1.1402891702503366
1057.0 0.9353239870005216
1057.5 0.6025330617778843
1058.0 2.1756764057243863
1058.5 0.5015623569552904
1059.0 0.8736302932153138
1059.5 0.8308447350103149
1060.0 0.8833325135709847
1060.5 1.2604654033898068
1061.0 1.2684169175631808
1061.5 1.0847828261278722
1062.0 1.9390926123230283
1062.5 1.2838556224578674
1063.0 1.4295201462002773
1063.5 0.5379334134249464
1064.0 1.315687112405959
1064.5 1.0125872532148366
1065.0 1.5613250406877213
1065.5 0.7060155199671619
1066.0 0.9883387905755815
1066.5 0.7515829703984123
1067.0 1.8315615958871274
1067.5 1.6251901891540355
1068.0 0.7955170356575334
1068.5 1.4089360037246934
1069.0 1.1496949997112882
1069.5 1.449571797748237
1070.0 1.0251107098359797
1070.5 0.83244713093684
1071.0 0.8734735163243637
1071.5 1.4110441476587523
1072.0 1.2641112424719534
1072.5 1.0669721501472416
1073.0 1.153939428588985
1073.5 1.8581486379040335
1074.0 0.9971617256998948
1074.5 0.8310803583850214
1075.0 1.660337293819065
1075.5 0.8895260177037285
1076.0 0.8252877905535285
1076.5 1.4437050887444913
1077.0 0.7935357615887033
1077.5 0.33957551181701806
1078.0 0.7757608285988085
1078.5 1.3484232247237538
1079.0 1.345249857832396
1079.5 0.9157804797474507
1080.0 1.7625411220128573
1080.5 2.053288661205422
1081.0 0.7685338595338232
1081.5 1.5500594161392427
1082.0 1.279266086543526
1082.5 1.293272220803981
1083.0 1.1714363763278846
1083.5 1.0815306619437561
1084.0 1.773376796702914
1084.5 1.0618595674133684
1085.0 1.1907914253659877
1085.5 1.5368210753013338
1086.0 1.0639506113423063
1086.5 1.0872455572541357
1087.0 0.8595046692193469
1087.5 1.4841482833359412
1088.0 0.3478571983108838
1088.5 1.2280696443755972
1089.0 1.4847366379574658
1089.5 0.8673779405717166
1090.0 0.7058306064829295
1090.5 1.8945737194197845
1091.0 0.8730676197015803
1091.5 2.05085984214295
1092.0 1.1962002182345866
1092.5 0.8057393983536261
1093.0 1.2987079636637602
1093.5 1.440682399131116
1094.0 1.0567559913338282
1094.5 0.6813806068279032
1095.0 1.0069683203036937
1095.5 1.11240282468968
1096.0 1.5259244179808884
1096.5 1.5821436624355054
1097.0 1.507872839179431
1097.5 1.5489781797708506
1098.0 1.1330710412000045
1098.5 2.4235975764461704
1099.0 1.3280996446400701
1099.5 0.5977781995846554
1100.0 0.7579944707516695
1100.5 0.8283932458589747
1101.0 0.9710008950421884
1101.5 0.9147232391628589
1102.0 2.3459583206984336
1102.5 0.8539399737161142
1103.0 0.6576670677438272
1103.5 1.9459992698735944
1104.0 0.9694446919381874
1104.5 0.8238937653573826
1105.0 1.7078890657312007
1105.5 0.6816925826889395
1106.0 0.8992949472173432
1106.5 1.1851275014317728
1107.0 1.4514172364600033
1107.5 0.5596205725731849
1108.0 0.6038219860357996
1108.5 0.8970340331779387
1109.0 2.310627993451116
1109.5 0.8717623668227905
1110.0 1.2510752997160504
1110.5 1.3594233423651323
1111.0 1.2256063363390988
1111.5 1.3794960983140865
1112.0 1.183484990786132
1112.5 1.8116613352561433
1113.0 2.7101349853511785
1113.5 1.836451435804025
1114.0 2.015458600569724
1114.5 2.1990935018637767
1115.0 0.7634827562578339
1115.5 1.1687890556204663
1116.0 1.4425467953479179
1116.5 0.8194479529512708
1117.0 1.6688870660032307
1117.5 1.2013977074625983
1118.0 1.2551670753502522
1118.5 1.1609616438130754
1119.0 1.2300926026175385
1119.5 1.1150508307107727
1120.0 0.723042419494377
1120.5 1.8216796172784462
1121.0 1.1773816578760612
1121.5 1.2719890326019925
1122.0 1.4525667339776285
1122.5 2.1441497023552945
1123.0 1.2138395391544283
1123.5 1.4143352889581884
1124.0 1.27209917053194
1124.5 2.3166241735794673
1125.0 0.7262358895267161
1125.5 0.8620909796464424
1126.0 0.8119830349492684
1126.5 1.0040992691133712
1127.0 2.534167362573766
1127.5 0.7335516768043837
1128.0 1.0792969339960106
1128.5 1.193306687001109
1129.0 1.674380868068789
1129.5 1.488131405565711
1130.0 1.2763984199282117
1130.5 0.9414195101240171
1131.0 0.9044182660836138
1131.5 1.492178225161386
1132.0 1.14480554344766
1132.5 0.4494544996179076
1133.0 1.2485153704097902
1133.5 1.0138222802265833
1134.0 0.9084100725744902
1134.5 1.7686336945522296
1135.0 2.4814756869825776
1135.5 0.910373909650534
1136.0 0.8540712326678838
1136.5 1.7180618901192737
1137.0 2.097244463486522
1137.5 1.95538018800822
1138.0 0.8537656931673744
1138.5 1.3438532174642637
1139.0 0.7531581536914191
1139.5 1.5425183246304977
1140.0 1.3982780768265957
1140.5 1.219691216695837
1141.0 0.8645204725612158
1141.5 1.1924766972356258
1142.0 2.318863799154286
1142.5 1.348431330390476
1143.0 0.7070461046115031
1143.5 1.5114214023185926
1144.0 0.9099351519390051
1144.5 0.9201372111036832
1145.0 0.79922208270239
1145.5 1.5603564046021317
1146.0 2.7466078456264906
1146.5 0.6363728896754153
1147.0 0.8803118740154446
1147.5 0.8951476583283241
1148.0 1.061059908595272
1148.5 1.7977511261316903
1149.0 0.5132199435704337
1149.5 1.0502103077697158
1150.0 1.5020529344572984
1150.5 1.0374289369606284
1151.0 0.8527386678082154
1151.5 0.9555534001800643
1152.0 2.779709449842718
1152.5 1.1981774556184996
1153.0 1.336730315494226
1153.5 1.8477942148616773
1154.0 1.3334364835233634
1154.5 1.0554016644484334
1155.0 1.1915102739382508
1155.5 1.0615577197561512
1156.0 1.054159497756899
1156.5 0.7974033372384228
1157.0 1.8696967138126837
1157.5 2.5553453525621794
1158.0 1.4360585019977088
1158.5 0.7343871450148824
1159.0 0.784689436727829
1159.5 1.1159966902225844
1160.0 1.2058166657153975
1160.5 0.7658796161307754
1161.0 1.8275573146160078
1161.5 1.3332943449080534
1162.0 0.8478135609268604
1162.5 1.6367322669051243
1163.0 0.9459327531154339
1163.5 0.9348674043150662
1164.0 0.46803042617909013
1164.5 2.3919209103364163
1165.0 2.0210882695111714
1165.5 1.170206719249047
1166.0 1.3717696058287039
1166.5 0.9880361155113915
1167.0 1.5428172438994658
1167.5 1.0163424133021322
1168.0 0.6353510144650808
1168.5 1.0829918183506937
1169.0 0.8427571234334035
1169.5 0.9752714159864146
1170.0 1.2964025027881791
1170.5 0.8633506191864315
1171.0 0.7869734428253553
1171.5 0.8938298231240323
1172.0 0.8086672506008487
1172.5 0.8511499590824179
1173.0 0.7085192993330796
1173.5 0.7551612182680143
1174.0 0.7183986186599747
1174.5 0.8119327177788092
1175.0 0.7160472128241951
1175.5 0.49864963331350254
1176.0 0.9680691160778354
1176.5 0.9394601914729279
1177.0 2.082177797192607
1177.5 1.3672722442943541
1178.0 1.86270119417433
1178.5 1.7328067355840857
1179.0 0.9626526086734527
1179.5 0.4535457448180682
1180.0 1.065474006569817
1180.5 0.6622030106723927
1181.0 0.7583481373839687
1181.5 0.7901932500853122
1182.0 0.9186149067307658
1182.5 0.8668860884763376
1183.0 0.6263699891176543
1183.5 1.3939786391396098
1184.0 0.5641435814048099
1184.5 0.9692715577332287
1185.0 0.9194901519835758
1185.5 1.205863092224169
1186.0 0.805973970261946
1186.5 1.1202100141859361
1187.0 0.6290060473732071
1187.5 0.8701577932689717
1188.0 1.7908813920454745
1188.5 1.1961377251145873
1189.0 1.7535999686013322
1189.5 0.6468866724246853
1190.0 0.7953927130400915
1190.5 0.6596382287541381
1191.0 0.6878845957218451
1191.5 1.299637150483758
1192.0 1.2096830542732002
1192.5 1.0723519588111445
1193.0 0.5708233347991665
1193.5 2.21791468062707
1194.0 0.8667016795500242
1194.5 0.6388804344219564
1195.0 1.0180183754645733
1195.5 1.103686654765311
1196.0 0.45648715717912186
1196.5 0.6096535186499332
1197.0 0.933527455324471
1197.5 1.0045428067306053
1198.0 0.5293478950721857
1198.5 0.7403171867696544
1199.0 1.5564639673855198
1199.5 1.5480693325714663
1200.0 1.1681014127782015
1200.5 1.3611439741526943
1201.0 1.586328831353791
1201.5 1.274707230194609
1202.0 1.5841697834606276
1202.5 1.6503495754436681
1203.0 0.8028688876023927
1203.5 0.5803991275655608
1204.0 0.5997169362532937
1204.5 0.795518145975123
1205.0 1.0444387103415635
1205.5 0.9610386974081804
1206.0 1.8264127856303674
1206.5 1.1458511868997272
1207.0 1.508206332768415
1207.5 1.4841022523505047
1208.0 0.7415809094990996
1208.5 1.7571523979521821
1209.0 1.0463078808456958
1209.5 2.082654854883952
1210.0 1.230260158013981
1210.5 1.9168039360769256
1211.0 1.68930228441956
1211.5 1.69566438187426
1212.0 1.501770043171613
1212.5 1.4980818937587537
1213.0 1.3196302893790834
1213.5 0.5741314583561518
1214.0 1.6081735286416243
1214.5 0.8850233489799296
1215.0 1.4200488494367225
1215.5 0.8291294105643765
1216.0 0.9479820757221101
1216.5 1.6713518215415615
1217.0 1.192276946624051
1217.5 1.4462360536270822
1218.0 1.026475655943492
1218.5 0.63522350281733
1219.0 0.8221773210287378
1219.5 1.168276230417986
1220.0 1.6208468948253236
1220.5 0.43513476143881336
1221.0 1.3498333022666698
1221.5 2.3326535580146066
1222.0 1.347185595045497
1222.5 0.4401206100278895
1223.0 1.8174280358352297
1223.5 1.3260360879637327
1224.0 0.9454090605806494
1224.5 0.7621512331322322
1225.0 0.48580902794293124
1225.5 1.538728478433676
1226.0 1.1411935007483702
1226.5 1.0595103633081853
1227.0 1.0868152877933244
1227.5 0.9393647256677793
1228.0 1.3521597553566294
1228.5 1.5511441258423861
1229.0 1.0350099554906569
1229.5 2.034817028702194
1230.0 0.8674168770086402
1230.5 1.1426163867646815
1231.0 1.0815323579371472
1231.5 1.8809869035273143
1232.0 2.116105392066415
1232.5 1.4893798287985045
1233.0 1.0980148317884804
1233.5 0.9189883355818358
1234.0 1.8138698636943036
1234.5 0.9686556458940312
1235.0 1.1050807234522504
1235.5 1.7749050950855474
1236.0 0.9203754709150661
1236.5 1.172093293699712
1237.0 1.9541859627326108
1237.5 1.3020710153225399
1238.0 1.1268968683403928
1238.5 0.7885613931573782
1239.0 0.8558440029167259
1239.5 0.2
1240.0 0.8478308145193567
1240.5 0.7128746551573144
1241.0 1.128013285185103
1241.5 1.7291417884529854
1242.0 1.5862966415581001
1242.5 1.3737116329446013
1243.0 1.1889864267057604
1243.5 1.8168051942209784
1244.0 1.5313083758461183
1244.5 2.0731680293724564
1245.0 0.9554697625502335
1245.5 1.3242941185645132
1246.0 1.2497382544572948
1246.5 1.2118186180274104
1247.0 0.5285128762659728
1247.5 0.9199064192963852
1248.0 0.7793415157007879
1248.5 1.1036918077276219
1249.0 1.24735342820515
1249.5 1.3000362545414448
1250.0 1.0388400663879551
1250.5 0.9578402294466887
1251.0 1.332078643385333
1251.5 0.7730397047641064
1252.0 0.5621182809754848
1252.5 1.3958234314948865
1253.0 1.4569279845081793
1253.5 2.1282021188747846
1254.0 0.8511019159369055
1254.5 0.6607959229090309
1255.0 0.894199803236376
1255.5 1.0049228819522347
1256.0 1.3108009389895408
1256.5 1.3488792609847393
1257.0 1.488064996523446
1257.5 1.2350303555711455
1258.0 0.7129616434969483
1258.5 1.3938832408957826
1259.0 0.943141426881352
1259.5 1.4128616586386997
1260.0 1.3426988382523812
1260.5 1.0196141882590508
1261.0 0.7235611496674833
1261.5 1.0916152215678294
1262.0 1.4415203248832793
1262.5 1.1557249462917625
1263.0 1.8838795474055208
1263.5 0.7085208277491628
1264.0 1.112667369959955
1264.5 0.8397988945272374
1265.0 0.5863365047297151
1265.5 1.3751557924228568
1266.0 1.657457594750933
1266.5 0.7875159028332902
1267.0 0.7156897546928669
1267.5 0.6221233808034835
1268.0 1.246114656289516
1268.5 1.1204821693558473
1269.0 0.980472016856536
1269.5 1.2325126138548905
1270.0 0.9567382735890103
1270.5 1.6184280374754765
1271.0 1.3226080699137441
1271.5 0.4517852626620329
1272.0 0.9572830775849545
1272.5 1.8053971640741935
1273.0 1.583578256593851
1273.5 1.1041729131365996
1274.0 0.9054183967083351
1274.5 1.2057044105435972
1275.0 1.7922208690402706
1275.5 0.6953198233128355
1276.0 1.7500608029677582
1276.5 0.8367070114793074
1277.0 0.6793187543343018
1277.5 1.1615179658692438
1278.0 1.253919056209882
1278.5 0.7039993818797053
1279.0 0.7672692095874942
1279.5 1.3821385571112983
1280.0 0.8356873901745775
1280.5 1.246011011566105
1281.0 0.8429851810521969
1281.5 1.3750141648603695
1282.0 0.8046001187737695
1282.5 0.5452170223013035
1283.0 1.2182021625108903
1283.5 0.7080353706160547
1284.0 1.3478503531891937
1284.5 1.193217032157595
1285.0 1.199556867117946
1285.5 0.9216533420812107
1286.0 0.504684391655219
1286.5 0.9039418938014254
1287.0 1.2739878623066965
1287.5 1.735172162071571
1288.0 0.7681156912889132
1288.5 1.3500745469618645
1289.0 1.1264639842152042
1289.5 0.9619210081773388
1290.0 1.1504267718951526
1290.5 1.2010439599149314
1291.0 1.759596658532905
1291.5 1.043979533124857
1292.0 0.9229129201426244
1292.5 1.8268351578951192
1293.0 0.9338967922752883
1293.5 1.0547892607151277
1294.0 2.699987155640687
1294.5 2.0109555903089906
1295.0 0.9300363032213802
1295.5 0.6182814036004771
1296.0 0.8401845725355395
1296.5 0.706632388162156
1297.0 1.9333370385921609
1297.5 1.042034344803255
1298.0 2.24792896763171
1298.5 0.6714452173354135
1299.0 1.1365272042658736
1299.5 0.9903068337107116
1300.0 0.6504607488674798
1300.5 1.6028954703424239
1301.0 1.8492651575403085
1301.5 1.4598637050586882
1302.0 0.7662856049359263
1302.5 1.7265898090814331
1303.0 0.6556809153685638
1303.5 0.5221481022708196
1304.0 1.282148207093001
1304.5 1.0772001134005667
1305.0 1.3186173295701027
1305.5 1.3977844926767033
1306.0 0.8496438434255915
1306.5 1.6680061647163824
1307.0 0.6355417386116358
1307.5 1.5065073019085105
1308.0 0.9645888106460629
1308.5 0.7685210494207873
1309.0 1.4713399025914788
1309.5 1.5336689732711264
1310.0 0.7251712345751279
1310.5 0.5345473006571526
1311.0 1.8141076350274568
1311.5 0.8398856523525957
1312.0 0.8594472523128078
1312.5 1.6695458542742692
1313.0 1.7716855091786616
1313.5 1.8021236440962256
1314.0 1.7079502422135406
1314.5 2.2342080842907985
1315.0 0.7473823163942699
1315.5 1.4423987055723235
1316.0 0.9196545191640733
1316.5 1.0916611101509055
1317.0 0.8852064339514895
1317.5 1.1689508344448807
1318.0 0.9708525754979258
1318.5 1.4805141736520053
1319.0 0.8747324645630318
1319.5 1.9286537419926004
1320.0 0.6678078563284411
1320.5 1.6496064039699703
1321.0 0.5936715824973604
1321.5 2.0785370080427654
1322.0 0.6093485567816026
1322.5 0.8062726360603089
1323.0 0.8571549105713424
1323.5 1.837657024374027
1324.0 0.7179599455948544
1324.5 0.66459675936774
1325.0 0.9608752006422286
1325.5 1.082412071876484
1326.0 0.6114856557064058
1326.5 1.2743006698883945
1327.0 1.3495582142104952
1327.5 1.70273709235965
1328.0 1.3912440127229333
1328.5 1.109314560676108
1329.0 2.395948628130193
1329.5 0.827174180591751
1330.0 0.9312053633716821
1330.5 1.7729609370812924
1331.0 0.9470896512062772
1331.5 1.932266971845359
1332.0 1.4146798689632785
1332.5 2.0740344791056486
1333.0 1.2932134500303465
1333.5 1.1560894255639615
1334.0 1.4786660631344113
1334.5 1.6763768639341625
1335.0 0.4023343156713537
1335.5 2.2493282257318974
1336.0 0.7703923553946519
1336.5 1.1871441266867007
1337.0 1.568077647639881
1337.5 0.750116120984258
1338.0 1.3687510776155083
1338.5 1.6914355436722586
1339.0 0.8945110031576657
1339.5 1.7627045111780884
1340.0 1.3032039713469699
1340.5 1.3840517041558296
1341.0 2.014383335269007
1341.5 2.912022115692711
1342.0 1.8354083706055258
1342.5 1.2543110338993761
1343.0 0.9814187449258955
1343.5 1.2616021540887858
1344.0 0.9700545776808209
1344.5 1.055401833008006
1345.0 0.9618499777578327
1345.5 0.7555073843890888
1346.0 1.2055779877950452
1346.5 0.84056902378265
1347.0 2.537437899520934
1347.5 1.1783384889277644
1348.0 0.7690654148182988
1348.5 1.9050026673921554
1349.0 0.4574520599286038
1349.5 0.9005782246664251
1350.0 1.0481259893177135
1350.5 0.6932497119543533
1351.0 1.051178613417958
1351.5 2.2393585245849605
1352.0 0.9841059681958895
1352.5 1.0252566058585495
1353.0 1.2828672332780524
1353.5 1.0040574675751963
1354.0 1.0090794961977068
1354.5 0.6525375455385034
1355.0 1.4731557410656801
1355.5 0.8817571110805545
1356.0 1.6376235008012339
1356.5 1.2079519666720633
1357.0 1.142569933006395
1357.5 0.7133764063610326
1358.0 1.0890914925824422
1358.5 0.8834541891388841
1359.0 1.5161583446759712
1359.5 0.796845203837601
1360.0 1.1755392569151355
1360.5 1.1319491342114878
1361.0 1.2249223563936416
1361.5 0.7693868247902736
1362.0 1.443143396602497
1362.5 0.9114881976439706
1363.0 1.9691131609237633
1363.5 1.4617176707339974
1364.0 1.2754059399610278
1364.5 1.5203349070885064
1365.0 0.9821704126657592
1365.5 0.7140261494939677
1366.0 1.4084653666198896
1366.5 0.8217997228379135
1367.0 0.5986789917355315
1367.5 1.4548163577043296
1368.0 0.8164246996531338
1368.5 1.4481408085295975
1369.0 2.138938297501789
1369.5 0.8239074143117573
1370.0 1.4355125510006719
1370.5 0.8789396058180124
1371.0 0.7281150955706491
1371.5 1.0538886336974636
1372.0 0.7420308333223488
1372.5 1.6617941497053512
1373.0 1.220241271508887
1373.5 0.5124964526506363
1374.0 1.5927131652712434
1374.5 1.7996696547279978
1375.0 1.3497110485778774
1375.5 0.9130052112704882
1376.0 1.089085496980669
1376.5 1.7160124007093795
1377.0 1.40722321106733
1377.5 1.4621901851044363
1378.0 1.0074837313699994
1378.5 0.6694977350024146
1379.0 0.7310720836447056
1379.5 0.9164987699877516
1380.0 1.2848729164850483
1380.5 1.1708094707695893
1381.0 1.4998675456591053
1381.5 1.166784074884087
1382.0 1.1764336380020357
1382.5 0.6594662389259186
1383.0 1.3528468101000142
1383.5 0.8256488633746384
1384.0 1.7219634495251972
1384.5 1.154875298084539
1385.0 0.8726380755175901
1385.5 1.2527311343469578
1386.0 0.7255156017324216
1386.5 0.6713241143960393
1387.0 1.188532694449093
1387.5 1.3173132756524049
1388.0 0.6431104778149619
1388.5 1.9354816783303566
1389.0 0.8062122846402413
1389.5 0.575404065198595
1390.0 0.6987987787378667
1390.5 0.7132412751780894
1391.0 1.0160745341952424
1391.5 1.5856012877379584
1392.0 2.254520925275627
1392.5 1.6346567370610363
1393.0 2.0671829698429938
1393.5 0.8019745090531719
1394.0 0.9990244158717079
1394.5 0.8381363302736187
1395.0 1.47401067739444
1395.5 0.9796297586712632
1396.0 0.9476396174110486
1396.5 1.3949422175085964
1397.0 1.2315770138660742
1397.5 1.028140202972425
1398.0 0.7428313086591891
1398.5 0.9698255893630716
1399.0 1.2360431844506683
1399.5 0.9239371038285338
1400.0 1.0557709281508054
1400.5 1.1999824491985975
1401.0 0.5534040930965312
1401.5 0.9063936204861391
1402.0 1.26767726950354
1402.5 1.6160799179816838
1403.0 0.9320014710817637
1403.5 1.6248432965326738
1404.0 1.1672490991435798
1404.5 1.1273944624625383
1405.0 1.1341957497077768
1405.5 1.664689411958135
1406.0 0.7465343193533452
1406.5 0.7159156778498527
1407.0 1.7276388260484268
1407.5 0.8222831718672862
1408.0 1.6311548097090791
1408.5 1.1470568886480068
1409.0 1.127431590535657
1409.5 0.6936950258368455
1410.0 1.2107560814327245
1410.5 1.377303480184117
1411.0 1.3449304656882375
1411.5 0.9290928522563959
1412.0 1.8205460436504222
1412.5 1.1302827068656018
1413.0 1.1648202435512054
1413.5 1.3142821744206428
1414.0 0.9241727804967543
1414.5 1.5227303951880764
1415.0 0.7600349202761238
1415.5 2.1162796925556457
1416.0 1.680392398869207
1416.5 0.976748497994992
1417.0 1.2695485499731511
1417.5 1.2705713372061163
1418.0 0.8639580347133724
1418.5 0.7828915797730029
1419.0 0.2
1419.5 1.1236601650939024
1420.0 1.6781408518650252
1420.5 2.0488024896096797
1421.0 1.2348531564696086
1421.5 1.3952242056672968
1422.0 1.0491595921710901
1422.5 1.1126311513012719
1423.0 1.762359948276612
1423.5 2.004983041434077
1424.0 1.2779248388179145
1424.5 2.151256025823804
1425.0 1.7485229810165928
1425.5 0.4824829717073058
1426.0 1.043215299760009
1426.5 0.7272365841529418
1427.0 1.3024972244663475
1427.5 1.3246085342878806
1428.0 1.873292135823414
1428.5 1.2013037415478354
1429.0 0.8445694483512503
1429.5 0.8063026926880215
1430.0 1.044480861432299
1430.5 0.6460233796455992
1431.0 1.6989256343929982
1431.5 2.4985158491937076
1432.0 1.2062917813645755
1432.5 1.7536460041985569
1433.0 1.2750943283529512
1433.5 0.9516401109828968
1434.0 1.5909585148851462
1434.5 1.7893171652042696
1435.0 1.7014657953738634
1435.5 1.7607533711682792
1436.0 1.4784373913957567
1436.5 0.7646768531231517
1437.0 1.6585271513018254
1437.5 0.8757136331283921
1438.0 0.7485588105698001
1438.5 0.6057218468236397
1439.0 1.4851022976329133
1439.5 1.2555661901080089
