0 0.9273017511677355
0.5 2.2764139867038757
1.0 1.2128838817834153
1.5 1.3565067799223949
2.0 0.7081928369651793
2.5 0.6264865699338478
3.0 2.0427727376035305
3.5 0.870965406158549
4.0 1.3409511535940268
4.5 1.1665838073761212
5.0 1.1715588727707544
5.5 0.8856639118811249
6.0 0.7634840937598844
6.5 0.5326731236256703
7.0 0.8853934370511941
7.5 0.6313836858600277
8.0 1.5071749601483728
8.5 0.7859877440354779
9.0 1.329214434426209
9.5 1.9315822432242469
10.0 1.0148523299305425
10.5 1.3359387924057164
11.0 1.2593805633521284
11.5 1.3709648422580165
12.0 0.845225141033604
12.5 0.7306022620263661
13.0 2.0491462270437624
13.5 1.3594201259440155
14.0 2.1450171456872313
14.5 0.8193074425308698
15.0 0.9596513813455977
15.5 0.4747388664219203
16.0 1.993600286942523
16.5 1.2124172253959786
17.0 1.1750015158075235
17.5 1.1682059417766146
18.0 1.1317860847894152
18.5 2.169309004965535
19.0 1.4352601936647882
19.5 0.8212100637079507
20.0 1.0797074114331642
20.5 0.7145665915872614
21.0 1.379252541391227
21.5 0.3905937630180267
22.0 1.7556190551345896
22.5 0.701085861454799
23.0 1.3502075633273296
23.5 1.7105965286420912
24.0 1.003035227243963
24.5 1.6007909953271127
25.0 0.9477726634828546
25.5 0.5568829647793612
26.0 1.310636105652354
26.5 0.9418830934935993
27.0 1.139095800903216
27.5 0.6851849446305293
28.0 0.6286419235162998
28.5 1.2989716402636085
29.0 1.852436186473956
29.5 0.8499387007552325
30.0 1.217434272953857
30.5 0.9715905018721767
31.0 0.7298112010206405
31.5 2.424854039785694
32.0 1.7245486157717118
32.5 0.9372515713092919
33.0 0.750338589423529
33.5 0.8273564905258709
34.0 0.7072537753545596
34.5 0.8052262459735853
35.0 1.1141167625751944
35.5 0.8097353108878702
36.0 1.482997644037927
36.5 1.5272552183102366
37.0 1.3428544231015431
37.5 0.8271039981824487
38.0 1.8788165108344836
38.5 1.7194662832266725
39.0 0.844213154413103
39.5 1.0117060990206386
40.0 1.0352754487068228
40.5 0.9367584530125974
41.0 1.2789905593696531
41.5 1.4941214164056076
42.0 1.6381206825219505
42.5 1.263327200848048
43.0 1.3573459747713117
43.5 1.55887185639468
44.0 1.6453225436975405
44.5 0.7097636680176882
45.0 0.7794951831610444
45.5 1.086816236239836
46.0 1.593228469835454
46.5 0.9614105238689787
47.0 1.7720937258963958
47.5 1.051477793789534
48.0 1.8750771739733547
48.5 0.8482148853904639
49.0 0.5115955739425613
49.5 1.7163361150925542
50.0 0.8693116031396856
50.5 1.3299650155957403
51.0 1.561580969415903
51.5 1.1507504302472515
52.0 1.2125628808863569
52.5 1.0349919354735053
53.0 1.1435783923300655
53.5 1.153427082167842
54.0 0.7090944285160727
54.5 0.5922027367718622
55.0 0.8313514775622541
55.5 1.3688291027005484
56.0 0.9202082027079924
56.5 1.4215868361532404
57.0 0.9890757996179926
57.5 2.7883203545970696
58.0 0.6402521855708894
58.5 0.8255087428072874
59.0 0.7023461611858575
59.5 0.9372890752814504
60.0 1.1963779948999027
60.5 0.6835340661188842
61.0 0.804735079158025
61.5 1.921572380387049
62.0 0.9216137183764588
62.5 1.5809295715861003
63.0 1.432091240338259
63.5 1.303128877778561
64.0 1.649583554917355
64.5 0.6865186235838749
65.0 0.2
65.5 1.3684128196232357
66.0 0.8097470481404068
66.5 1.0427899672581233
67.0 0.8232806501535095
67.5 0.5847485827115299
68.0 0.9758073190197964
68.5 1.6063624163884045
69.0 1.4003868053989366
69.5 1.8644839529655617
70.0 1.3057866057932128
70.5 1.456167133474261
71.0 1.3875771001548984
71.5 1.2243991165260695
72.0 1.2255164135507282
72.5 0.8683658989243759
73.0 1.0044941983361457
73.5 0.5158838386086094
74.0 1.2201758280836574
74.5 1.1072687558418575
75.0 0.8081105063715674
75.5 0.9271813151992346
76.0 0.6169393840207855
76.5 0.6926610653171145
77.0 0.6822082622524912
77.5 1.0878523116940877
78.0 1.7596151391534816
78.5 1.2263302256326003
79.0 1.5643609203784654
79.5 0.6033398668741985
80.0 1.1877614317028249
80.5 0.9516640905284722
81.0 1.9740748254079747
81.5 1.1928267214075525
82.0 2.37993345058483
82.5 1.5594781423287984
83.0 1.3483436670059437
83.5 1.3165073558669755
84.0 1.0033704819667248
84.5 1.6221219770993742
85.0 1.3781841859050672
85.5 1.219832300553047
86.0 0.7874607001268938
86.5 1.0164858325709283
87.0 1.5631890115508662
87.5 1.8061885191361284
88.0 1.0031609079753616
88.5 1.098669190684352
89.0 1.0196316317752376
89.5 0.8425657576207783
90.0 0.7751647249363527
90.5 1.7889896009816622
91.0 0.7643486268604385
91.5 1.2530398969272425
92.0 0.7738940975656052
92.5 1.0031268459193705
93.0 0.8376219431720296
93.5 1.0437968615214304
94.0 0.7414161994323034
94.5 0.8934635236356333
95.0 1.3305934718246704
95.5 1.3927301318933116
96.0 0.8777432434022284
96.5 1.409250918628664
97.0 1.063492161523533
97.5 1.492957446578255
98.0 1.8428954763330092
98.5 0.7327765713772694
99.0 0.6669978629551041
99.5 0.7730023175879267
100.0 1.2919326208071986
100.5 0.9476846654079653
101.0 1.7433614223386003
101.5 1.3113273131427219
102.0 0.9746915882236953
102.5 0.8763027870233266
103.0 1.0264918894129955
103.5 1.6181610275995628
104.0 1.1717163641880213
104.5 1.0070649807534395
105.0 0.6999512055256019
105.5 1.5545819777634815
106.0 0.7259811726627816
106.5 1.062242317532838
107.0 0.9286498693331493
107.5 0.5525983547918072
108.0 1.6101850728468468
108.5 1.0661122417069882
109.0 0.7608210537627296
109.5 1.7340908327704236
110.0 2.1373058740211093
110.5 0.8612087545670067
111.0 1.8800283556740225
111.5 1.8460031316003698
112.0 1.2071749397931666
112.5 1.4987108640987565
113.0 1.8449212525796832
113.5 1.4046957659230972
114.0 0.8339774200119965
114.5 0.5641076246257034
115.0 0.7442588675907176
115.5 0.8825903197029842
116.0 0.8685115456305281
116.5 1.1686744878717894
117.0 0.9168047093200594
117.5 1.1025793308286769
118.0 1.272635365431594
118.5 1.8344494771512732
119.0 1.078310149398612
119.5 1.441585216137895
120.0 1.3227067736640854
120.5 1.2631216427345913
121.0 0.2251936311990015
121.5 0.8491566364138836
122.0 1.3888211846361003
122.5 1.1990818337651614
123.0 0.8999607280636102
123.5 0.850172772453816
124.0 0.6728585836634089
124.5 0.6985343473203692
125.0 1.4964587787657915
125.5 0.6626252365368697
126.0 0.8854591081026781
126.5 1.5440076915471266
127.0 1.4891766518821208
127.5 0.9897602312946396
128.0 1.1657704238933757
128.5 0.6872286978235955
129.0 1.0178192643143067
129.5 1.0903660912506443
130.0 1.34876785893082
130.5 2.2838273336318133
131.0 1.2064224256116094
131.5 0.6508610018449419
132.0 1.8292028339168944
132.5 1.6653539549428822
133.0 1.5191439261524184
133.5 1.7159158729807316
134.0 1.2984962332168857
134.5 2.1988979236256263
135.0 1.7501486310077303
135.5 1.3611477577770512
136.0 1.9650350861769519
136.5 0.7408180024704285
137.0 2.339139469694586
137.5 0.9720129180553846
138.0 1.8570651995257617
138.5 1.7099590026463565
139.0 1.9206918927793337
139.5 0.7173615184637641
140.0 0.8893999009527769
140.5 0.900756537882304
141.0 0.9723037165927917
141.5 1.3845341226281858
142.0 1.3707867003561804
142.5 0.7232642134719531
143.0 0.9777676966637286
143.5 0.6771739243007695
144.0 0.7345654193869553
144.5 0.9378765446260096
145.0 1.1825124905296704
145.5 1.0396206992347063
146.0 0.92590459230725
146.5 0.8167020629816921
147.0 1.2693352041575618
147.5 1.0767913143022163
148.0 1.3389700767024904
148.5 1.0554795397801757
149.0 0.9865648219646268
149.5 1.1053802506611123
150.0 1.6479566211562084
150.5 0.6671172443068338
151.0 1.158958825945468
151.5 2.374640292581049
152.0 0.9728648276253468
152.5 0.9098145360626532
153.0 0.7814681847796774
153.5 1.759996171379161
154.0 0.7429933032958044
154.5 0.8613466747702123
155.0 1.2266500392691866
155.5 1.5570196545693897
156.0 1.126202942343931
156.5 0.8293503308171726
157.0 0.8885428573340316
157.5 0.7319197370818409
158.0 1.8826927931454551
158.5 1.2025898670978976
159.0 1.9385168536888606
159.5 1.1927413061433096
160.0 2.572148958966708
160.5 2.322969203317095
161.0 0.7977535609330262
161.5 0.9891493292099418
162.0 0.9151913387964181
162.5 0.7185316969112236
163.0 1.872390913570445
163.5 1.3039586349484493
164.0 1.369175181186581
164.5 0.9673665568866174
165.0 1.3895495721214324
165.5 1.5213028041220655
166.0 1.2263690626760346
166.5 0.6503827120914123
167.0 1.4143842350551843
167.5 1.0522683660810341
168.0 0.4628518848103967
168.5 0.6412286036277125
169.0 1.6598182936132995
169.5 2.231443016380984
170.0 0.9076470019437103
170.5 1.7638148773430289
171.0 0.8683015146017162
171.5 1.5551790358870021
172.0 1.828241090517632
172.5 0.7221186366819848
173.0 1.3133609093802558
173.5 0.7924421988444664
174.0 0.9108248966394155
174.5 0.6856316056175269
175.0 1.1365065070728844
175.5 0.872825415147606
176.0 0.6287849630636954
176.5 0.8484416621920683
177.0 0.7957760216176744
177.5 1.3182700673702263
178.0 0.6366515597131049
178.5 0.8482324371462472
179.0 1.0574395736739959
179.5 0.9541270297036379
180.0 0.7742676120132348
180.5 0.828646936526243
181.0 0.9567048344857214
181.5 1.8331879288191337
182.0 1.008798710985303
182.5 1.0108041777853298
183.0 1.7569381730592117
183.5 1.127435039588599
184.0 1.6123791850853393
184.5 1.897642840260802
185.0 0.7545424264626672
185.5 0.7138557710088953
186.0 1.0855744037896666
186.5 0.7389144291551013
187.0 0.998595962183006
187.5 0.6085711718790355
188.0 1.0416005501318395
188.5 1.9264649079810767
189.0 1.5270772341166639
189.5 1.2556807381822388
190.0 0.8124268554024079
190.5 1.4423427623699734
191.0 1.890079213997613
191.5 1.5612400958201211
192.0 0.9108321430371802
192.5 1.6013702255134632
193.0 0.887694753231252
193.5 0.7024422639863943
194.0 1.0899757388711173
194.5 1.6253512351868091
195.0 0.9855334874635657
195.5 1.0261468575374597
196.0 0.6301750789249845
196.5 0.824431724897312
197.0 2.0177743272163475
197.5 0.9078790393747784
198.0 0.5635307482235906
198.5 2.06762267400911
199.0 1.5658566823173055
199.5 0.8420496299679453
200.0 1.5963804890351627
200.5 1.7512948949563345
201.0 1.6236906024227526
201.5 1.249490364220512
202.0 1.5998468103816212
202.5 0.6857964948990676
203.0 0.80123839796488
203.5 0.9552021159258831
204.0 2.0681903768559238
204.5 1.5600904854830897
205.0 1.1911257025018234
205.5 0.7920668738211699
206.0 0.9765885382711885
206.5 1.4002963449948687
207.0 0.9320774958181128
207.5 1.0372958412355606
208.0 1.1668934234308104
208.5 1.6176784947612401
209.0 1.3751711789779568
209.5 0.8771363417949638
210.0 0.5710012623073876
210.5 1.811559733443424
211.0 1.113376994124386
211.5 0.6518062079805422
212.0 1.154481753834384
212.5 1.352237014959756
213.0 2.1267386126217946
213.5 0.9792269748419616
214.0 1.0944155051400606
214.5 0.9004166238616791
215.0 1.17383568044698
215.5 1.0678769219614301
216.0 1.4238007237735097
216.5 0.7277555726706751
217.0 1.5139604211111586
217.5 0.9220957375849884
218.0 1.3591697740362607
218.5 1.9239644915894947
219.0 0.810433516284879
219.5 1.0341593646961882
220.0 1.2821209888604514
220.5 0.9340904621003394
221.0 0.9367556865107913
221.5 0.7928386927436823
222.0 1.3868973597147494
222.5 1.0585444005967264
223.0 1.6040292690399507
223.5 0.9991670106371188
224.0 1.179604192452316
224.5 2.383799332484652
225.0 0.6864164066406679
225.5 0.5284570712885259
226.0 1.375595835632288
226.5 0.9202144792357334
227.0 1.3430778476895906
227.5 1.1719331830516264
228.0 1.8547265209580839
228.5 0.8935730044137484
229.0 0.6877087031005842
229.5 1.231360609825318
230.0 2.065334108088953
230.5 1.1316642783865911
231.0 0.8442745406270584
231.5 1.2696919682501313
232.0 0.9254891352423251
232.5 0.8495869239524145
233.0 0.9826133198243674
233.5 0.9613441328892269
234.0 1.403897012501935
234.5 1.6986585665017249
235.0 1.5232888034714507
235.5 1.3416013387258545
236.0 1.7572116966255373
236.5 1.1745869388781625
237.0 2.598891018983986
237.5 0.4603649637531344
238.0 0.884597317129803
238.5 2.086197086963377
239.0 2.211341932722109
239.5 1.2897517493075341
240.0 1.3873481977428432
240.5 1.3578385204111947
241.0 1.076618483079235
241.5 2.0534883137594955
242.0 0.9137774294865837
242.5 1.1988206443947549
243.0 0.6777500823392919
243.5 0.7064203111298286
244.0 0.7408686624092666
244.5 1.0885468027537382
245.0 1.2451634120769108
245.5 1.1491318072548151
246.0 0.9360260063466672
246.5 1.8797512823196787
247.0 1.6252465569962806
247.5 1.221887131257452
248.0 1.1420062436152174
248.5 1.1837882860955284
249.0 1.2883923343761987
249.5 0.7947862596705548
250.0 1.0153692085003683
250.5 0.8934075476549823
251.0 1.3767402223887233
251.5 1.0295011276879198
252.0 0.651417328859143
252.5 1.6176634259504041
253.0 0.7782102052589973
253.5 1.0633671906349267
254.0 1.4497977189219016
254.5 1.0677584762861245
255.0 1.4710029451542839
255.5 1.130338286558653
256.0 0.8281788843099674
256.5 0.8888186517966632
257.0 0.4232122121539078
257.5 1.698426211688333
258.0 1.786693837954536
258.5 1.655316307905056
259.0 1.2084779609248106
259.5 1.4310717766959389
260.0 1.143362092517436
260.5 0.8835454151331701
261.0 0.5431212850436768
261.5 0.6742750108560849
262.0 1.2873995676776553
262.5 1.0173660410834042
263.0 1.708580396065973
263.5 1.7491435886482274
264.0 1.5968338550082235
264.5 1.1677770190952437
265.0 0.9439349937905953
265.5 1.4067301415761522
266.0 2.250063170474938
266.5 1.1796757424685578
267.0 2.1448134402640515
267.5 0.2
268.0 0.8081815081204524
268.5 0.8770116999316143
269.0 0.8770928219440746
269.5 2.4526541908351507
270.0 1.0159929215818875
270.5 1.1250733174233831
271.0 0.9023576660801016
271.5 0.7886633546158868
272.0 1.525463344652095
272.5 0.8863684298096048
273.0 1.2290035454979678
273.5 0.7416686656087397
274.0 1.7480403922917431
274.5 1.3758334898456093
275.0 0.9379923834373399
275.5 0.608032788809981
276.0 1.0839069859196968
276.5 0.8784764606201931
277.0 1.5147728647301544
277.5 1.1164497225971166
278.0 1.8423554985421944
278.5 0.9568089933442483
279.0 1.9618460155529156
279.5 1.0959722330258288
280.0 1.2103034530004495
280.5 1.4211001139830985
281.0 1.8534387043478926
281.5 0.9573826357935077
282.0 0.9166418586302559
282.5 1.0612191992302242
283.0 1.2039123616284435
283.5 1.0858191844949334
284.0 0.7095024743515213
284.5 0.7833635969614396
285.0 1.0563394119382354
285.5 0.7185901877099088
286.0 1.2260103065982921
286.5 0.9522089943423948
287.0 0.32855792650649623
287.5 0.8972348441439727
288.0 0.72490726704623
288.5 1.0119261152120398
289.0 0.6855548915338738
289.5 0.739718864917208
290.0 1.4933244395800704
290.5 2.001962003045696
291.0 0.6486463078720427
291.5 1.3473214330897694
292.0 0.65841356735033
292.5 0.6162554478976336
293.0 1.395935292281403
293.5 0.5289227634635303
294.0 1.6092873126289735
294.5 1.6818960333432749
295.0 1.0912441077725268
295.5 0.8399241637241724
296.0 1.3397613376327633
296.5 0.8294753655705285
297.0 0.8213296028770503
297.5 1.547354181526859
298.0 1.1766733040711528
298.5 1.1809809571954548
299.0 1.2873435080317899
299.5 0.7928347275181182
300.0 0.5939943818023274
300.5 0.737027839474262
301.0 0.6901287682534829
301.5 1.6015728470515946
302.0 1.6884946851495504
302.5 1.2095078328087152
303.0 0.5928421121311418
303.5 1.6195761973471292
304.0 1.49234153695553
304.5 1.1781779083618913
305.0 1.5109032242485185
305.5 1.5600223841810656
306.0 1.0153430267579506
306.5 1.0833246106386634
307.0 1.6185497959163668
307.5 0.6426080386089114
308.0 1.1164533173698237
308.5 1.1794261534934791
309.0 0.7881810058655642
309.5 0.7208546832053038
310.0 1.5343654860434808
310.5 1.4831077886256205
311.0 1.4784913228234202
311.5 1.1213215866147066
312.0 1.404123047259208
312.5 1.8259199616731763
313.0 0.8516731463817737
313.5 1.4989008608985874
314.0 1.1621576242747393
314.5 1.4939911502842578
315.0 1.2446223028519519
315.5 1.0806842184059167
316.0 1.1179023190639943
316.5 1.277378203961927
317.0 2.142944190114352
317.5 1.3453912166893036
318.0 0.9894005344379072
318.5 0.7727597104504181
319.0 1.2319783384172582
319.5 1.5217765910563104
320.0 1.19336435788707
320.5 0.5826669206123295
321.0 1.0856558008974773
321.5 1.662026196735592
322.0 2.1522613035003024
322.5 1.7202859910035033
323.0 0.9878462466370095
323.5 0.7723696428433717
324.0 0.9818050102657405
324.5 1.4576249358663653
325.0 1.4458030978771705
325.5 1.1804133822775653
326.0 0.20005643812345963
326.5 0.8652631673004603
327.0 1.0448830676258203
327.5 1.8470713621556845
328.0 1.3740087763970854
328.5 1.3060161185041235
329.0 0.9583024881461919
329.5 1.0591423469446568
330.0 1.5036663115521298
330.5 0.5178773249276128
331.0 0.9441625777714548
331.5 1.454717233534266
332.0 1.509899569913184
332.5 0.7824498415849243
333.0 0.9011080210916322
333.5 1.4925614282850628
334.0 1.0684724005302877
334.5 0.9933264160523483
335.0 1.4124540690326657
335.5 1.5037294118482794
336.0 1.9648320767747447
336.5 1.3422961850772215
337.0 0.5975465078560716
337.5 2.30189735243678
338.0 2.1497565579365228
338.5 1.490228943510175
339.0 1.4042295423040942
339.5 2.320643249067009
340.0 1.428626695201277
340.5 1.1177176603407961
341.0 0.7667906638200901
341.5 0.9104942654102648
342.0 1.1230904006108853
342.5 2.2976036186135818
343.0 2.0087552028257543
343.5 0.5126864216970883
344.0 1.5210834327025722
344.5 1.190963314194939
345.0 0.7256661844169391
345.5 0.6384675208325975
346.0 1.6087533597666557
346.5 0.9046995845088662
347.0 0.8610718434212719
347.5 1.486392980257023
348.0 2.162546456200192
348.5 1.0015688111010506
349.0 1.4053283294772285
349.5 1.1780537348116293
350.0 1.8536493213452172
350.5 0.6316548680283698
351.0 0.7720574005384973
351.5 0.696733105621644
352.0 1.5695013703949399
352.5 1.2293987537295956
353.0 0.7995661590369839
353.5 1.23228879668026
354.0 1.3579281655632933
354.5 0.7982395001883396
355.0 0.9773533885158072
355.5 0.9148363492601892
356.0 1.0677063881434772
356.5 1.3716959562095108
357.0 1.7361991473447203
357.5 1.6515669332993586
358.0 0.613149153888825
358.5 1.0535345816758523
359.0 1.6138250703435746
359.5 1.099066597970329
360.0 1.2421950549485197
360.5 2.298020425540765
361.0 0.7775952253756289
361.5 1.3522538478646509
362.0 0.848853079571982
362.5 1.1055737555164036
363.0 1.0688234924422462
363.5 1.1048669592334717
364.0 1.3477602043969021
364.5 1.093371779801541
365.0 1.0384252424820868
365.5 1.3217034600305309
366.0 0.6772284789275189
366.5 1.988348121414643
367.0 1.304272783972908
367.5 1.452956371686398
368.0 0.9902232172045987
368.5 0.9008196065788623
369.0 1.1887778637310145
369.5 1.086599045643897
370.0 0.9938418299164817
370.5 1.0291383511327654
371.0 1.2035776452475089
371.5 1.034976128290188
372.0 0.9158923680359345
372.5 1.2446539394715226
373.0 1.5733515862961842
373.5 0.971896009441308
374.0 1.2389131486737184
374.5 1.0145198815689804
375.0 0.9787182731770836
375.5 0.74485740695395
376.0 0.9805374318814404
376.5 2.078408780038855
377.0 1.0083113938776493
377.5 0.9454801126810163
378.0 1.1763639326702222
378.5 0.9491355193595636
379.0 0.7458930898849441
379.5 0.8354895413349598
380.0 0.7028916962946169
380.5 1.836150663559039
381.0 0.8904260977607681
381.5 1.2500374699921561
382.0 0.9002188759795136
382.5 0.9772373508989207
383.0 1.9424170780919794
383.5 0.7357732145060775
384.0 0.8098523845361097
384.5 1.8764617116730773
385.0 1.5025592109800665
385.5 1.6903176072056814
386.0 1.1278097715991795
386.5 0.9552667191498756
387.0 1.764494833672864
387.5 1.1439681203879044
388.0 1.7667821921635296
388.5 0.9518175659226309
389.0 1.3810840197850291
389.5 1.3634292306145745
390.0 1.4048595528694887
390.5 0.5283500626009392
391.0 1.4060155929931426
391.5 1.4282821957367975
392.0 1.0289922526032467
392.5 1.514125001478478
393.0 1.8976225980194
393.5 2.310241826770034
394.0 0.6932271953239546
394.5 1.5487295887552495
395.0 0.769595489058116
395.5 0.5839492116054597
396.0 0.9434371942347741
396.5 0.8734665277771321
397.0 1.0372367242350995
397.5 0.6816092969698729
398.0 1.2826315771572263
398.5 1.461386738759429
399.0 1.2407710816307382
399.5 1.5928668321275836
400.0 0.9681897536609521
400.5 1.3867138349284822
401.0 1.0649379600590339
401.5 0.8620779839753585
402.0 1.3691525867026577
402.5 0.9043044051196585
403.0 0.6516879134945319
403.5 1.5450578337971657
404.0 1.2646749397656698
404.5 1.006197270419177
405.0 1.2252229843357578
405.5 1.374733880400969
406.0 1.1477929076271702
406.5 1.2801779936498427
407.0 1.0250911548534751
407.5 0.7027288314101764
408.0 0.6743147921647422
408.5 0.7510268721183301
409.0 1.2398435743243454
409.5 2.072659339203569
410.0 1.5034390854773396
410.5 1.5850939340524848
411.0 1.4857022497191938
411.5 0.8884568963745318
412.0 1.674603764497216
412.5 1.8098345815321522
413.0 0.7352644305902247
413.5 1.752541151730884
414.0 1.5995411920419138
414.5 1.2568824872082458
415.0 0.9234892514693832
415.5 0.5855986048541125
416.0 1.0062692159356925
416.5 0.8922607220020727
417.0 0.57756822739506
417.5 1.111396299964586
418.0 0.7729888910732595
418.5 0.8515077549407404
419.0 1.356771355792658
419.5 1.6435885264118335
420.0 0.8200471927333721
420.5 1.248924789881099
421.0 1.6062180317622714
421.5 0.6684010809905157
422.0 0.8270450938190907
422.5 0.9468309903325605
423.0 0.6828451510506148
423.5 1.313751085320248
424.0 0.6873077155800645
424.5 0.4661745564427804
425.0 1.328517792748924
425.5 1.1510575666899907
426.0 1.4579345058886077
426.5 1.1324329011327696
427.0 0.693760441748928
427.5 0.7484060079872692
428.0 1.283697266108133
428.5 1.4306620996864463
429.0 0.6965096733448672
429.5 1.0760407055876091
430.0 0.8828832078733831
430.5 0.7990747011584441
431.0 1.53660598844013
431.5 1.3282482100573838
432.0 1.56522853760819
432.5 1.0097830814848727
433.0 1.1024904421282398
433.5 1.1336149056239035
434.0 1.2192538153402026
434.5 1.3999386702095347
435.0 1.0875682141679583
435.5 1.6630253962402435
436.0 0.9650865592002061
436.5 1.659730845493257
437.0 1.04048747404584
437.5 0.735006892117251
438.0 0.7312211084629325
438.5 1.8608696638144746
439.0 1.641032484785149
439.5 2.176485580530643
440.0 1.7710306125593824
440.5 1.0393096352631765
441.0 1.0585591152171738
441.5 1.2118144445370813
442.0 1.7509125569964454
442.5 1.0792323077297712
443.0 2.4999763325277233
443.5 1.0759591434173807
444.0 1.9907137938931636
444.5 1.0795794375715975
445.0 1.214070466654281
445.5 0.9048380360828863
446.0 0.9599886094500243
446.5 1.9646203067470818
447.0 1.018298028538126
447.5 1.793117802224482
448.0 1.829465971216639
448.5 1.9616041207741852
449.0 1.0739154751737612
449.5 0.969410843586881
450.0 0.9520010975708819
450.5 0.3742472225424045
451.0 1.0920224557280704
451.5 1.363759382238204
452.0 1.19133349832349
452.5 0.6114462831189078
453.0 0.9160168514738775
453.5 0.817442503058246
454.0 1.7166568345428215
454.5 2.055573405012623
455.0 1.4963174891103068
455.5 0.8620511780379856
456.0 0.7593522003951174
456.5 0.8451710519777857
457.0 1.1645178903052331
457.5 1.4158162776911785
458.0 1.0574041506191927
458.5 1.6522903096938246
459.0 0.6868092383652219
459.5 1.1982975341331663
460.0 0.9676271535382813
460.5 0.7777565936021654
461.0 1.011377509441295
461.5 1.2308700342941008
462.0 0.9479218703413108
462.5 1.174448385693391
463.0 1.2009610757273204
463.5 1.6122989176778042
464.0 0.7045164769696245
464.5 1.3629112858210843
465.0 1.3222413193986597
465.5 0.8733659884940961
466.0 1.0683837599864525
466.5 1.2342998646938503
467.0 1.8973359894950563
467.5 0.806057176329132
468.0 1.0426678043855633
468.5 2.2253048649375926
469.0 2.2513625218553015
469.5 1.4413595067156086
470.0 0.6340210630688629
470.5 1.8537309803828568
471.0 0.5172319169191312
471.5 1.8044711518443244
472.0 1.5222081302683608
472.5 0.9764628197931248
473.0 0.6378931124815711
473.5 1.0294993033482533
474.0 1.6635024725598295
474.5 1.4904070330845318
475.0 1.9099163852738634
475.5 0.6876984725834305
476.0 1.7476646070055315
476.5 1.3994584187831411
477.0 1.2745983569910653
477.5 1.2209574968964343
478.0 1.4455059020123813
478.5 2.009562981581369
479.0 1.5128359502054392
479.5 0.6319449943872011
480.0 1.964739225251305
480.5 0.6737936216936918
481.0 1.9679304923794056
481.5 1.7851351559670452
482.0 0.5912914429288382
482.5 0.8153679270210518
483.0 0.7929961977455613
483.5 1.3676362814724659
484.0 1.848614860205398
484.5 1.2166981513104473
485.0 0.9724001861085774
485.5 0.7870568867215537
486.0 1.112718527753298
486.5 0.8143318978347749
487.0 0.26836346734604777
487.5 0.9599924316297826
488.0 0.7474177376432785
488.5 1.4148679551893044
489.0 0.8736394502976602
489.5 0.9674719672845845
490.0 1.578489791618782
490.5 0.8962122511658976
491.0 0.6736518396408989
491.5 0.7829264805598626
492.0 0.7956177809801386
492.5 1.3143760928750265
493.0 1.9947946463761626
493.5 1.8169097463593782
494.0 1.5550280688258062
494.5 1.5330392376462472
495.0 1.0405645700155195
495.5 0.8251692960946982
496.0 0.7055950094649838
496.5 1.7289214629017908
497.0 0.79852609829148
497.5 1.1309306202446896
498.0 0.7492769940448496
498.5 0.6527204431802667
499.0 0.9175620623784314
499.5 1.5251444440247979
500.0 1.6555917460950689
500.5 1.6113202053743705
501.0 0.697835997393399
501.5 1.897445828738717
502.0 0.9409534343547489
502.5 0.8310065514311697
503.0 0.8337143337704502
503.5 0.2
504.0 0.9975905479587116
504.5 1.4155445649092742
505.0 0.2684493095794267
505.5 1.0762535652770628
506.0 0.7042517860495874
506.5 1.1641486499768527
507.0 1.4748932768733343
507.5 0.6945499764617125
508.0 1.2268327670941304
508.5 0.9482112190954598
509.0 1.3725118671662382
509.5 1.936713231894255
510.0 0.6701412055120626
510.5 1.0250120509218705
511.0 0.9140283808224892
511.5 1.7116650946558696
512.0 1.0367929838619279
512.5 0.46337776856181506
513.0 1.0456858652839989
513.5 1.2017031715377513
514.0 1.098905528678482
514.5 1.6066718496536398
515.0 1.4704981664149694
515.5 0.9288014967438204
516.0 0.7908699945565916
516.5 1.4424761017689416
517.0 1.0388124468106201
517.5 0.6857512764987266
518.0 0.9787608032971964
518.5 1.3672507034859533
519.0 2.6208310963287875
519.5 0.8600647223399698
520.0 0.878682539193254
520.5 2.034560763435416
521.0 1.3206462332211797
521.5 0.35394238849694104
522.0 0.7242577880003844
522.5 1.2146160626519678
523.0 1.203710949496676
523.5 1.5312563833312807
524.0 1.2789178528846472
524.5 1.656851210429532
525.0 2.289563238925871
525.5 1.4982943376444644
526.0 1.5186051022451712
526.5 1.5403585466223004
527.0 0.38084286654580146
527.5 1.3631317126781828
528.0 1.7622273524252858
528.5 2.6428831302969793
529.0 1.2563931660332759
529.5 0.9483659533441252
530.0 0.9427812614363869
530.5 0.9815116928257648
531.0 0.8565054875698588
531.5 0.8940676970912584
532.0 1.118346966400186
532.5 0.32565721842015294
533.0 1.2832231786609283
533.5 1.0962144409362873
534.0 0.8686962618798305
534.5 1.454339101926863
535.0 0.9778562280552827
535.5 1.1395162877549205
536.0 1.189009833614258
536.5 1.1156437119625644
537.0 0.8068051918331067
537.5 1.0897009544847887
538.0 0.6732519321793291
538.5 0.9254913607210056
539.0 1.2162455387048126
539.5 1.6717293556682686
540.0 0.9515674524801194
540.5 2.235638426568764
541.0 0.9633059131555569
541.5 1.1634710061117324
542.0 1.354620984551841
542.5 1.2222009559432172
543.0 1.189057091614909
543.5 1.123519600942633
544.0 0.9151180258184534
544.5 0.35258883390748386
545.0 1.9828140996937047
545.5 0.9561289018916173
546.0 1.9080875805713355
546.5 0.6726059483483878
547.0 1.254236880695742
547.5 0.9702522611585704
548.0 2.468059125531546
548.5 1.0142353310752883
549.0 1.1700923128418568
549.5 1.3003953474435233
550.0 1.6880420251893742
550.5 0.7239178213576938
551.0 0.7890147665307944
551.5 1.1261132737902604
552.0 1.0520106814906685
552.5 1.0146260466802342
553.0 0.8002766731498402
553.5 1.575301188846853
554.0 2.5203046631439174
554.5 1.6165250952990333
555.0 1.2997389041523486
555.5 1.6868222741710635
556.0 0.9809212978947204
556.5 1.6256632512644864
557.0 1.7531379401059293
557.5 1.398243172305936
558.0 1.3063011664615862
558.5 1.0908689408413932
559.0 1.97545466787026
559.5 0.9168295602800547
560.0 0.6757031529402573
560.5 0.6364078051508335
561.0 0.7279015068760983
561.5 0.7551085801877733
562.0 0.8899064563066464
562.5 0.983045125765122
563.0 0.9114252562893498
563.5 1.575132784266553
564.0 0.7459609782519724
564.5 0.49346606785358893
565.0 0.6008190952288638
565.5 0.8938818457329681
566.0 1.2405060046467453
566.5 1.1337208817224322
567.0 1.7765075895383329
567.5 0.7676289645700127
568.0 0.7498695364759418
568.5 0.8723238160039579
569.0 1.2790726390078544
569.5 0.8421450831459603
570.0 0.9770249831215082
570.5 1.102862114195268
571.0 0.5776686219161298
571.5 1.1769490335182327
572.0 2.121353390275213
572.5 1.186723793457689
573.0 1.5551721038855957
573.5 1.3393886824126744
574.0 0.6765100886806731
574.5 0.8589314788376986
575.0 1.528626789985188
575.5 1.9898727859640455
576.0 1.1559395056443411
576.5 0.772168151394446
577.0 0.83383599031168
577.5 1.4881935076981043
578.0 2.286826746644972
578.5 0.9662710208896558
579.0 0.49987719591829505
579.5 0.44827092123748513
580.0 1.7643302304803556
580.5 1.4294740427891424
581.0 1.5958273947293802
581.5 0.7046123421924262
582.0 0.8528396017380344
582.5 1.1962730184630166
583.0 0.8634808966742687
583.5 1.8465224388167463
584.0 1.4576117883827513
584.5 0.9701206140692034
585.0 1.396159912509833
585.5 1.1523511168464577
586.0 1.1245302044357275
586.5 0.7644833067686503
587.0 0.6314913849803432
587.5 1.829596477024701
588.0 1.7245635037003435
588.5 0.5998563913346208
589.0 1.5953628022211213
589.5 0.7686588294331638
590.0 1.7983497736719949
590.5 1.5470975376201912
591.0 1.010933864026738
591.5 1.138440044796074
592.0 1.5646088561600884
592.5 0.6817249625470853
593.0 1.2522951318872473
593.5 1.8878855832198504
594.0 0.7014928504969418
594.5 0.7466956217854174
595.0 1.5195133384864539
595.5 1.4462729149069344
596.0 1.242601058756216
596.5 1.978385103191788
597.0 0.5932329871126165
597.5 1.3673171006885385
598.0 1.0202922842380304
598.5 1.1225774191568567
599.0 0.8072305595773352
599.5 1.3211680408989892
600.0 0.9055399320199851
600.5 1.9165439364148331
601.0 1.3098007729163437
601.5 1.195449215723078
602.0 1.361654835574058
602.5 1.2880123492397104
603.0 0.6779055349822477
603.5 0.9080200115944983
604.0 0.782268962995377
604.5 1.135194809539446
605.0 1.6603329530442377
605.5 1.210038203711616
606.0 1.5854405556134465
606.5 1.5159042724069682
607.0 1.0370607685707323
607.5 1.393585132975323
608.0 1.0094843955117758
608.5 0.7481448100811021
609.0 1.0984925921313193
609.5 0.8942885117031072
610.0 0.6833284853797352
610.5 1.856845045095084
611.0 0.6601629880045012
611.5 1.3783700581058649
612.0 2.433008382373302
612.5 1.59420034546671
613.0 1.168484323122528
613.5 0.6019785275138376
614.0 1.0321954762729058
614.5 0.9161826537448932
615.0 1.2601292090202576
615.5 1.2454810028580534
616.0 1.0242685110762382
616.5 0.9854411702372575
617.0 0.7312832085975445
617.5 0.8265392005181671
618.0 1.2764307789621696
618.5 0.8432645436545264
619.0 0.7633745673168988
619.5 1.2994741807566155
620.0 0.5335228488349406
620.5 0.7556851454469365
621.0 0.7979667566794004
621.5 1.1222745027047865
622.0 1.5631054526943595
622.5 0.789931482793571
623.0 0.36157448112240925
623.5 1.0206296089499507
624.0 1.5824173184186674
624.5 1.2929269937730934
625.0 1.2178124840062643
625.5 0.8181301004126185
626.0 1.761888764139084
626.5 0.40853493141967057
627.0 2.241758455540916
627.5 1.2073414684019377
628.0 1.5796776899697023
628.5 0.8999710679036883
629.0 0.598168041753568
629.5 0.8748552736825213
630.0 1.3740393978247134
630.5 1.2252784109366566
631.0 0.6194378775957801
631.5 1.8834892464169215
632.0 1.5951849101092095
632.5 2.9860063728694715
633.0 1.6311228169089014
633.5 0.6608441732216443
634.0 1.5414696867180133
634.5 1.5792271917450191
635.0 1.7785111166835925
635.5 1.2000513970626963
636.0 1.734455052097327
636.5 0.9040701863539751
637.0 1.6901716437390446
637.5 1.2634603838416072
638.0 1.759403613638366
638.5 2.694385996370727
639.0 1.0818797244420348
639.5 0.7452884349612303
640.0 0.835834860499886
640.5 0.8832962390546031
641.0 2.3252751932080855
641.5 0.983992325269172
642.0 1.260835712862363
642.5 1.4356503762905493
643.0 0.9223518609077749
643.5 1.68249301110649
644.0 1.182948755850918
644.5 0.7420506643568168
645.0 0.9765309073682525
645.5 1.033943271202594
646.0 1.3006430801743099
646.5 0.844663784952713
647.0 1.0343942597765228
647.5 1.3356688730821584
648.0 1.7489160399433006
648.5 2.0994105168492645
649.0 1.5337300470183604
649.5 0.7628785722618451
650.0 0.86848067910244
650.5 1.0843675603243557
651.0 2.4305314840720613
651.5 1.1922285955559406
652.0 1.451340387648072
652.5 1.4736796415778515
653.0 1.4057030369601233
653.5 0.9033816709707525
654.0 1.775680472465014
654.5 1.9678218596782366
655.0 0.8240849256248266
655.5 1.9681595382127783
656.0 1.356191197294069
656.5 1.8783469293338557
657.0 1.0651480698143643
657.5 1.9634878870330268
658.0 1.0942776064251563
658.5 1.1257660526951754
659.0 0.9988492402131199
659.5 1.7859887602827347
660.0 1.0389462011351742
660.5 0.8178540647276803
661.0 1.7648572222427719
661.5 1.5378507222796658
662.0 0.913346822270419
662.5 2.13188075557457
663.0 0.797975050642477
663.5 1.7023100625373748
664.0 1.6516988928401497
664.5 0.9951640969319782
665.0 1.1274279510303613
665.5 0.9018124737801254
666.0 1.1846026822489923
666.5 1.7115351436826995
667.0 0.9236832973545469
667.5 1.0343400101546454
668.0 1.1277653186541048
668.5 1.711484231697552
669.0 1.654994155888148
669.5 1.1622012280124294
670.0 2.107933952872739
670.5 1.6233055509318381
671.0 1.524648176223905
671.5 2.8795465653948416
672.0 2.8994211565700736
672.5 1.1663495981824348
673.0 0.7700367021143766
673.5 1.0139219890156093
674.0 1.2939363500527525
674.5 1.4164915720801423
675.0 2.1719996439578466
675.5 0.974296880114893
676.0 1.664531614938533
676.5 0.5690948623586791
677.0 0.7186740417087963
677.5 1.9187986717638486
678.0 0.5789903882595504
678.5 2.016231025411595
679.0 1.401072531739311
679.5 0.7438526291324482
680.0 1.8810811448460045
680.5 1.3393741272153499
681.0 1.310383272667965
681.5 0.8668729754864342
682.0 1.2996469271721618
682.5 0.7066365884868533
683.0 1.8992361880939352
683.5 0.913233686538426
684.0 0.981778550246197
684.5 2.0281040037108227
685.0 0.5647246235890341
685.5 1.1712132565319355
686.0 1.1289849186673437
686.5 0.8213499939185572
687.0 1.34931529802867
687.5 0.6401287467788108
688.0 0.6259140784706784
688.5 0.9545162617795783
689.0 0.4544706552485519
689.5 0.7680380870334096
690.0 0.5958136217666927
690.5 1.805808577326931
691.0 0.7298426063679595
691.5 0.8763678122387146
692.0 1.3250533337820838
692.5 1.111261005695316
693.0 1.3008436825677574
693.5 1.2497734695102243
694.0 1.235310437514042
694.5 1.1388993563977492
695.0 0.9953800229550958
695.5 0.7963401027762482
696.0 0.9666338246444741
696.5 1.058343456868041
697.0 1.0980402387932677
697.5 0.8856157194427993
698.0 0.8744735094870991
698.5 0.822423693827236
699.0 1.0046876694420095
699.5 0.8332287309600575
700.0 0.9757808680688788
700.5 0.8568498855930786
701.0 1.2763601407853438
701.5 0.9099751491245476
702.0 0.9699588720544174
702.5 1.741762187186335
703.0 0.5827585431710853
703.5 1.0581783080045557
704.0 1.0775334682475626
704.5 3.3438409543676477
705.0 1.0714653523084134
705.5 1.085118345412012
706.0 0.9877536832805069
706.5 1.2247392492998506
707.0 1.1021822364921907
707.5 1.5436160838183746
708.0 1.2076207596941302
708.5 0.9817655662572402
709.0 1.3237604027063652
709.5 0.9777452999189996
710.0 0.8853777220157677
710.5 1.2578860573332133
711.0 0.8814574324597847
711.5 2.0562692169783214
712.0 1.2720735487619859
712.5 1.7912423980635452
713.0 0.7198473151761112
713.5 1.3011000448794785
714.0 1.017970654729184
714.5 0.8747405056121283
715.0 0.5815419983050849
715.5 1.5169714364144706
716.0 0.8170734836482425
716.5 2.329292296218542
717.0 2.3665402361282686
717.5 0.9254008482697352
718.0 2.207386220389342
718.5 0.9874776813248205
719.0 1.4311077303268662
719.5 0.5475585648686885
720.0 0.5622186685219164
720.5 0.7851593703415425
721.0 0.8346465099960443
721.5 0.39133145589381585
722.0 1.1392961050744148
722.5 0.9917116032223123
723.0 0.8387327045597686
723.5 1.1090779358690175
724.0 0.6330197461663718
724.5 1.3746234930247163
725.0 1.1723548731577753
725.5 0.8111242742999771
726.0 1.085316878040436
726.5 0.9284706047482949
727.0 1.9223920320417422
727.5 0.8699618819788177
728.0 2.2388943955096696
728.5 1.237220526061185
729.0 0.8601360144976914
729.5 0.9983163162022346
730.0 2.2771572956543524
730.5 2.4936521429785863
731.0 0.3598211550837067
731.5 0.43617371574429764
732.0 1.5807300605063082
732.5 0.48369509922929144
733.0 0.8869011190467131
733.5 0.9792298896546712
734.0 1.0698016000862594
734.5 1.0805504063064766
735.0 1.652231728282984
735.5 1.526395803154128
736.0 1.0741993522521949
736.5 1.4870064214809706
737.0 1.3221107981587106
737.5 0.8005847907919958
738.0 1.1993422870598893
738.5 1.4844445779856992
739.0 0.9244380231907787
739.5 0.832545827400663
740.0 2.0230253512669276
740.5 0.8554942853890973
741.0 1.3914794705203049
741.5 1.1593958805801137
742.0 1.906660378493497
742.5 1.1195104680711994
743.0 1.6616652567680301
743.5 1.1397029534258798
744.0 1.0090804559866537
744.5 0.48497451549657944
745.0 1.0325028176396787
745.5 0.6723409178956363
746.0 1.2731348078863705
746.5 0.8690895215745089
747.0 0.7306640394826283
747.5 1.15658057888975
748.0 0.5982148515656831
748.5 1.501504494224802
749.0 1.363532363111534
749.5 1.282036709688728
750.0 1.98706485570886
750.5 1.3679957179357858
751.0 0.6672165886737663
751.5 1.7803483734639698
752.0 1.1348909883430869
752.5 0.7862128858919372
753.0 1.6762022330962139
753.5 1.1769841988423573
754.0 1.8613099257124037
754.5 1.2465573803678627
755.0 1.4415811191900487
755.5 1.9927900796458258
756.0 0.6189800162254081
756.5 1.9559373523969361
757.0 2.0729866380587616
757.5 0.8260665870875836
758.0 1.61798623647056
758.5 1.674590634594717
759.0 0.8041261034566779
759.5 0.4957459197107416
760.0 0.8785585120372005
760.5 1.6718454010839428
761.0 2.0434148877971934
761.5 0.9456722919513743
762.0 0.6787223746836182
762.5 1.4812156053890786
763.0 2.527556095721931
763.5 0.5630046999509745
764.0 0.7233286376001915
764.5 0.7833931291338335
765.0 0.6500660423087401
765.5 1.7291225852470125
766.0 1.172386588165272
766.5 0.8193746029426198
767.0 1.7461155158066897
767.5 1.490517929050624
768.0 0.7799064189844371
768.5 1.6232447618967025
769.0 0.9840902121364019
769.5 0.8349271170699504
770.0 2.205152715935376
770.5 1.0127198480082553
771.0 1.0950362098675703
771.5 2.0243502797936213
772.0 1.2522289930684516
772.5 0.6393097518079593
773.0 1.0907566761209544
773.5 1.0985209206416742
774.0 0.5577497866344655
774.5 1.15922428476857
775.0 0.571330593166619
775.5 1.0591500436429224
776.0 1.3572791662026933
776.5 0.7453902417847746
777.0 1.2453371789826577
777.5 1.5842963809617103
778.0 1.025818897310715
778.5 1.1714468322830331
779.0 1.045987505880332
779.5 1.4395020388909439
780.0 0.6234764154227314
780.5 0.6595787679922693
781.0 1.2109078442037071
781.5 1.6951271813853963
782.0 0.9838938259783923
782.5 2.1817059419417717
783.0 1.3244259397628455
783.5 1.2263253278022292
784.0 1.014892096571846
784.5 1.0693689366833352
785.0 1.078583453045881
785.5 1.4516216729084679
786.0 0.9108345441524883
786.5 1.229012720194982
787.0 0.2
787.5 1.6251426598595542
788.0 0.811490011776004
788.5 1.7755703200674722
789.0 0.4332319290352218
789.5 0.9014832266404549
790.0 1.3781715981239926
790.5 0.691416890633722
791.0 1.132269683344947
791.5 1.0302965709985008
792.0 2.031299053286812
792.5 0.7949079504888242
793.0 1.1822666923422154
793.5 0.8677518611295203
794.0 1.018818937409805
794.5 1.6170878661691792
795.0 0.6556365216975617
795.5 0.9024720994391773
796.0 1.3204521262197246
796.5 1.478988342093005
797.0 1.5077984371241318
797.5 1.3682572349456756
798.0 1.741956393958708
798.5 1.174702288079368
799.0 0.777091210946874
799.5 1.3372897189107367
800.0 1.3622846619861855
800.5 1.5284522561033218
801.0 1.0748632815205506
801.5 1.093063255730434
802.0 0.7569101457018179
802.5 0.4389791547978773
803.0 0.5651017299190411
803.5 1.6075655453679956
804.0 3.5285750067434636
804.5 1.750735901774052
805.0 2.3475345203778777
805.5 1.5238331472443565
806.0 1.1148835926793474
806.5 1.218788078590955
807.0 1.704200528700409
807.5 1.2809412007085486
808.0 1.0158286804990888
808.5 1.5274486660532032
809.0 0.6287397802914965
809.5 0.9247169063471155
810.0 0.8054261511831555
810.5 0.6026356813744547
811.0 0.7981912676761923
811.5 0.8904169290719814
812.0 1.349758560618989
812.5 1.404631366822382
813.0 0.8519939617519116
813.5 1.496747779588984
814.0 1.5308571742632282
814.5 0.8269531417327642
815.0 0.7473144955891453
815.5 1.209844448260597
816.0 1.0974422230258596
816.5 0.6699475039163393
817.0 1.3975407169088738
817.5 2.2207982771393566
818.0 2.0104280637077405
818.5 1.3810712087873216
819.0 0.8319203892150262
819.5 1.3178385210465486
820.0 1.2486132807095192
820.5 0.9711998074767446
821.0 0.832371038340198
821.5 0.9811381940750552
822.0 1.8363075778595639
822.5 1.177683102386751
823.0 1.9658304251687162
823.5 1.0313570450184437
824.0 0.7517802158259927
824.5 1.1473722594858526
825.0 1.10695968428248
825.5 0.6498539952462442
826.0 1.0762522730374808
826.5 1.2980426035845145
827.0 0.8060535919778304
827.5 0.7846108940434522
828.0 2.1162008643347665
828.5 1.379140939889581
829.0 2.464094835830568
829.5 0.7648767656033031
830.0 1.2677254354833094
830.5 1.4912657051715226
831.0 1.8048797789875681
831.5 0.9331525742557715
832.0 1.156895002365401
832.5 0.6882770834867842
833.0 0.605832416462517
833.5 0.8174340434060661
834.0 1.8557994282739865
834.5 1.087484954939636
835.0 0.7286732145873243
835.5 0.7778449187632204
836.0 0.6954945441532485
836.5 1.7270782194583973
837.0 1.1199201456068137
837.5 1.6997035327834364
838.0 0.7455434527544108
838.5 0.7472160359435872
839.0 0.515913679543186
839.5 0.7774908429812872
840.0 1.7736574361476733
840.5 0.675566413304672
841.0 1.8372231586925434
841.5 1.2802657966202515
842.0 2.365302954835717
842.5 1.4943266133931659
843.0 1.017246525869282
843.5 1.671168792515036
844.0 1.5067990681038639
844.5 0.5864447810751545
845.0 1.2550030593259547
845.5 0.8942132277158397
846.0 1.7219357213553197
846.5 1.340775310019203
847.0 0.783028512109603
847.5 1.845271656993176
848.0 1.232342244496551
848.5 1.9805170037857913
849.0 2.090038072859575
849.5 1.3046216540028182
850.0 1.1765846413038705
850.5 0.9685545488352025
851.0 1.4465510121632295
851.5 0.689493861603379
852.0 1.2852728139387328
852.5 0.9706993261006021
853.0 1.0541832645603204
853.5 1.1261117624476207
854.0 1.148683581475094
854.5 0.7849856172883221
855.0 1.2545444808043489
855.5 1.0731913802051891
856.0 0.9469837704862677
856.5 1.7345712588570183
857.0 0.8569862208780257
857.5 1.3488360973828575
858.0 1.4850579525705676
858.5 0.45538071865683477
859.0 0.9798144307702137
859.5 1.891529874272785
860.0 2.2620641495106515
860.5 1.6411563522676005
861.0 0.7966234247217645
861.5 2.0984696866559296
862.0 1.0893899812733818
862.5 0.9938435629210856
863.0 0.9625223802331058
863.5 0.8513500157534062
864.0 0.7689648345762489
864.5 1.3519377422022376
865.0 0.8169780489328025
865.5 1.2436791247340038
866.0 0.6785053260470107
866.5 1.049748685555219
867.0 1.381604462181068
867.5 2.191222749349043
868.0 1.0780342213456446
868.5 0.8066606053337303
869.0 2.0242873979812788
869.5 0.9009612454281971
870.0 1.3419945698665356
870.5 2.443776225222542
871.0 2.148070074468932
871.5 0.8127632950549986
872.0 0.767131401514459
872.5 1.5476332759652751
873.0 1.9172948139656634
873.5 1.3862460138583348
874.0 2.3293432897724347
874.5 0.7317243339186148
875.0 1.0145584433439059
875.5 0.9779940668366878
876.0 1.379790843081751
876.5 1.2585200722934768
877.0 1.5588513736424356
877.5 1.7517749678501773
878.0 1.1688575080008659
878.5 0.8905463054209439
879.0 1.2865033647213835
879.5 1.3524480784186395
880.0 0.8446548986861515
880.5 0.7358511639204912
881.0 1.432597920055156
881.5 1.79704373290317
882.0 0.6551123379390886
882.5 0.763374249060744
883.0 0.6073280580574927
883.5 1.4078947630680232
884.0 1.205604958082036
884.5 0.6982239826165271
885.0 1.3159279069141572
885.5 0.7857336369051734
886.0 1.1611822672452417
886.5 1.5791945510887802
887.0 1.8579857035617184
887.5 2.4948691779766445
888.0 1.0511262793307798
888.5 1.5080667840143283
889.0 2.644796405520679
889.5 0.8891389204641711
890.0 1.0573663089020875
890.5 1.8323878738175354
891.0 1.248606654717844
891.5 0.8318559124455658
892.0 0.6319566718907463
892.5 0.6500409026385175
893.0 1.2954133226485496
893.5 1.6395568693405074
894.0 1.063748259715323
894.5 1.4215502169552134
895.0 1.0415997092107423
895.5 0.8980108986063284
896.0 0.7973684655593802
896.5 1.2075647921286103
897.0 1.1984419052439912
897.5 1.6894547645549765
898.0 1.0713376690559218
898.5 1.2703147894219822
899.0 1.1917826187397393
899.5 0.578371057177341
900.0 1.5973065358844896
900.5 0.7338313268313592
901.0 0.5226018306912794
901.5 1.1849957190254803
902.0 0.9331082597135494
902.5 0.9554569577877693
903.0 0.7192138680487008
903.5 1.5712222902726611
904.0 1.256304876907699
904.5 1.1941947853048775
905.0 0.6620825805425988
905.5 0.33841201182582603
906.0 1.2893986351094244
906.5 1.0261541086724204
907.0 0.3623287515599534
907.5 0.5370775757372426
908.0 1.3040754004997
908.5 0.9038869827566501
909.0 1.9966277352157875
909.5 0.7364524274139972
910.0 0.8968588680604423
910.5 1.2835720276265103
911.0 0.7061932099080339
911.5 1.084754163346519
912.0 0.8662403335684499
912.5 0.7179865202731359
913.0 1.2736610905190902
913.5 1.111037127407747
914.0 1.4645987562591363
914.5 1.1237379114147967
915.0 0.9966423603466867
915.5 1.513014376404805
916.0 1.8321084265414516
916.5 1.157165539385619
917.0 0.5893368689966157
917.5 1.2942912717509345
918.0 0.7553394115061396
918.5 0.4619864403871682
919.0 1.3551471242354864
919.5 0.8117733090558704
920.0 2.214615019059023
920.5 1.4051249192771689
921.0 0.9888010298524804
921.5 1.3988019881273717
922.0 1.4227674544910365
922.5 1.3352162420818785
923.0 2.7925744796715
923.5 1.231596541560576
924.0 1.552910306547601
924.5 0.894997043675057
925.0 0.8086331726545355
925.5 1.0714515400584275
926.0 1.082815926607791
926.5 0.6426239456823456
927.0 1.166678498252641
927.5 1.6857065790867947
928.0 0.6173099427970854
928.5 0.9427188046459197
929.0 1.366894892745882
929.5 0.34630511669052455
930.0 0.8005128700726591
930.5 0.6534823970929546
931.0 0.7506223371725288
931.5 1.8577226404143372
932.0 1.1318331153471155
932.5 1.0761494235888103
933.0 2.8688267826143843
933.5 0.933456081497015
934.0 0.6751213540954586
934.5 0.9686895206059816
935.0 1.7271843404032852
935.5 0.7368234353375747
936.0 0.651285541249665
936.5 1.725455667992974
937.0 1.5070366780627573
937.5 2.441847053901099
938.0 2.1877722372756354
938.5 0.8099229220678827
939.0 2.511691846623521
939.5 1.2070269116169388
940.0 0.6212581650292224
940.5 0.7420897285688879
941.0 0.6435039587620626
941.5 0.6630610303569534
942.0 0.9116428765954946
942.5 0.9877870728845728
943.0 1.110213945823726
943.5 1.0879911240301137
944.0 2.033502628872747
944.5 0.7059661228549003
945.0 0.6468574992099829
945.5 0.6796140280417435
946.0 0.8038077640430107
946.5 0.916835397102579
947.0 1.4934931015608146
947.5 1.8166255114371908
948.0 1.123344146660458
948.5 1.1239467758229402
949.0 1.5054284489244627
949.5 1.1604172083226127
950.0 0.8545027934075575
950.5 0.8207417961388286
951.0 1.5446145061903391
951.5 1.0983854601624485
952.0 0.9856971166047372
952.5 0.8450662110923093
953.0 1.0846507131463339
953.5 1.5740363520250433
954.0 2.000456818059894
954.5 1.0629030463718299
955.0 1.1627242698562368
955.5 1.0849637889848154
956.0 1.2881511909522407
956.5 1.0557066681456881
957.0 1.537784668208686
957.5 1.315981376948871
958.0 1.0166389925725419
958.5 0.5671415048610691
959.0 0.8488144064867331
959.5 1.3316246353858014
960.0 0.7319392741410087
960.5 0.9461832918935286
961.0 0.8919944202606923
961.5 1.5116050612887686
962.0 1.9044211248887326
962.5 0.6518043859579753
963.0 1.738502756989336
963.5 0.8837374544519764
964.0 0.8577075338889473
964.5 0.9866516227109767
965.0 1.286361990030177
965.5 0.6615527066430474
966.0 0.9767405657696338
966.5 1.51909168341106
967.0 0.9016883358655978
967.5 1.4082430723800772
968.0 1.119490214838845
968.5 0.6422094616044384
969.0 1.756228105429247
969.5 0.7788769395445413
970.0 1.3865043304803584
970.5 2.138835398404974
971.0 0.7836409909349744
971.5 1.238458102776836
972.0 1.3081242279810597
972.5 1.1719533547443912
973.0 1.2873282877212624
973.5 1.2936177964495803
974.0 1.2214078067683145
974.5 0.935064181561409
975.0 1.1612319744018313
975.5 1.3165371357349196
976.0 1.2050371857173887
976.5 0.9338546521535483
977.0 0.9325245896184554
977.5 2.418728310973469
978.0 0.8385623072613375
978.5 1.5382159081536213
979.0 1.4759044439049513
979.5 1.561590656559677
980.0 0.8960610416604411
980.5 0.9001023798650052
981.0 0.7105403142686801
981.5 1.0958100953403118
982.0 1.2443809400840116
982.5 2.0997819392954034
983.0 1.555810359944555
983.5 1.554756696713835
984.0 1.7586587726303948
984.5 0.8189187382039835
985.0 1.94847419048366
985.5 1.611627391718657
986.0 0.6845412530509457
986.5 1.0451021318983604
987.0 1.2604212036512474
987.5 1.0712630678154575
988.0 1.6182739508638482
988.5 0.8430445336987837
989.0 1.4297861071004516
989.5 0.946265472084697
990.0 1.450466703744946
990.5 0.6593016441345672
991.0 2.0331176782612275
991.5 1.596578663887951
992.0 1.4461139546162567
992.5 0.7026570759007198
993.0 1.1142961677356356
993.5 0.8521552143149871
994.0 0.6767183582663927
994.5 0.794793199540858
995.0 0.5773972699278451
995.5 0.6907365402371743
996.0 0.5931188719596109
996.5 0.9946625906394669
997.0 0.8891808592888593
997.5 1.2460847590461779
998.0 1.144491435747565
998.5 1.055620895854782
999.0 1.9211553475684342
999.5 1.2518191339114404
1000.0 1.0066994749922822
1000.5 1.190793491133562
1001.0 1.4456332848742575
1001.5 2.01957642048896
1002.0 1.05083830575329
1002.5 1.7302608335176184
1003.0 0.38102893656401254
1003.5 2.005786861284705
1004.0 1.0250735018265187
1004.5 2.088147033174703
1005.0 1.7128405985366901
1005.5 1.1523538351117417
1006.0 1.3558880562928943
1006.5 1.519665484812574
1007.0 0.9201411884076794
1007.5 0.9923037171862539
1008.0 1.3451801791087998
1008.5 1.0356328860332433
1009.0 1.1139459281162676
1009.5 1.4352660473766292
1010.0 1.611621467004183
1010.5 1.2636710063088814
1011.0 1.2177335155254883
1011.5 1.2621072412767735
1012.0 1.2142181391425577
1012.5 0.8225806487629508
1013.0 0.9884736996446689
1013.5 1.9245895761983811
1014.0 0.9920210131417522
1014.5 1.5091082539033116
1015.0 1.0489194325009095
1015.5 1.4909721241431348
1016.0 1.3386879464949395
1016.5 1.0133954786291195
1017.0 0.9053401572274022
1017.5 0.47077913157561513
1018.0 1.632685683304703
1018.5 1.5631015639207273
1019.0 1.1640236134303383
1019.5 1.0511578297349655
1020.0 0.7929382125297565
1020.5 0.9689033164587082
1021.0 1.0445241039446744
1021.5 1.508851510239863
1022.0 1.653637768648992
1022.5 0.9326334687531194
1023.0 1.7792739316147443
1023.5 1.9443365696082624
1024.0 1.211203182133862
1024.5 0.9771910768563186
1025.0 1.7347311387564104
1025.5 2.491152247365773
1026.0 0.9586674094334051
1026.5 0.9861219885259878
1027.0 1.4943477617479592
1027.5 1.7709082937668494
1028.0 2.456397318135551
1028.5 1.3837822806291245
1029.0 0.8324621095413781
1029.5 1.9838366544636195
1030.0 1.0061692038011523
1030.5 2.213111827003682
1031.0 0.6352506729360736
1031.5 0.7947056511694013
1032.0 1.7401020899518893
1032.5 0.5506631269404898
1033.0 0.8413692459201136
1033.5 1.028583935636797
1034.0 0.6518930621749716
1034.5 1.2388843434150487
1035.0 1.3069445564497566
1035.5 0.9409269521096085
1036.0 1.795661674745582
1036.5 1.2198132897482914
1037.0 1.4924770673911136
1037.5 0.8941939495960596
1038.0 1.149103424961739
1038.5 1.356521791882709
1039.0 1.160951161719273
1039.5 1.553968222854406
1040.0 0.8295405346084919
1040.5 1.2084785542298073
1041.0 0.9821391634621902
1041.5 0.9071287219334415
1042.0 2.0532025564413177
1042.5 2.22542535992617
1043.0 1.2617940256096247
1043.5 0.8604518528567389
1044.0 1.1661956061111605
1044.5 1.5269288234595435
1045.0 0.6392393370799778
1045.5 1.2703260737449467
1046.0 0.6174208087758992
1046.5 0.6703892893769411
1047.0 1.6531021778339152
1047.5 0.5760798464419294
1048.0 1.438124481371462
1048.5 0.833048263534188
1049.0 0.5671738515065102
1049.5 0.36583201384609887
1050.0 0.6898567578320742
1050.5 0.8654349069192753
1051.0 0.7942007834902378
1051.5 1.5396176762673417
1052.0 2.3335182531635104
1052.5 1.4994623499968518
1053.0 1.9670946792649902
1053.5 0.6040470785147808
1054.0 0.6353904238197152
1054.5 1.4464145675556113
1055.0 0.8492149720213988
1055.5 0.7754698170649781
1056.0 1.4213139788794644
1056.5 1.008640699854677
1057.0 0.8033956220409192
1057.5 1.584470503018479
1058.0 0.8986195753514503
1058.5 1.5973874410940674
1059.0 0.8176539259711327
1059.5 0.5873164523652211
1060.0 1.457648955687977
1060.5 0.7920342081178878
1061.0 0.8495543130409058
1061.5 0.4210243384974648
1062.0 0.7205260088517395
1062.5 1.7544321249984418
1063.0 1.2108848680175213
1063.5 1.4310062462466704
1064.0 0.6732581575142575
1064.5 1.033790012366129
1065.0 0.6361213631606834
1065.5 1.9246498325903962
1066.0 1.311010218235254
1066.5 0.8565890911307665
1067.0 1.4452301415649185
1067.5 1.0855268132580511
1068.0 1.7858823138070783
1068.5 0.8922500380908057
1069.0 1.626289661352413
1069.5 1.021954178452101
1070.0 1.8526442889802939
1070.5 1.1663027395577898
1071.0 0.9877242751826388
1071.5 1.4795964857966182
1072.0 0.9970904045116418
1072.5 0.6466466084438962
1073.0 2.0921390010161103
1073.5 1.2378251738437052
1074.0 1.1334523498064122
1074.5 1.3502577259856037
1075.0 1.0313290819773657
1075.5 0.9475651546836213
1076.0 0.5145698473273307
1076.5 0.7733031572342174
1077.0 1.0670592116372024
1077.5 1.2587837937169548
1078.0 1.1720592618379817
1078.5 2.0017801913804654
1079.0 0.6828323640812073
1079.5 1.5185046718774662
1080.0 0.8837946379244139
1080.5 1.198780075549526
1081.0 0.6525322398992515
1081.5 1.1029877660268497
1082.0 0.8483895589542195
1082.5 2.003486284718169
1083.0 1.5954827285595066
1083.5 1.0974135849070883
1084.0 1.346254082989177
1084.5 1.1318930299027414
1085.0 0.4474558489562641
1085.5 1.2524235368365804
1086.0 1.825374299497895
1086.5 0.6591841789063406
1087.0 1.561394221432862
1087.5 1.7731203632877865
1088.0 1.1860654164387756
1088.5 1.7228966186709205
1089.0 1.1579534220629268
1089.5 1.3852923288525294
1090.0 1.956326145326323
1090.5 0.7874784512859798
1091.0 0.9539443146748019
1091.5 0.9969478182387341
1092.0 0.9901451538145343
1092.5 1.4097949841797826
1093.0 0.6900462443931648
1093.5 1.2435885659038481
1094.0 1.469112008051598
1094.5 0.7534470495569161
1095.0 0.8896551899067839
1095.5 0.7288294900192954
1096.0 1.2127145174624956
1096.5 1.053169076045732
1097.0 1.4368476048090435
1097.5 1.773044939814708
1098.0 1.0774396768543748
1098.5 1.1749967711147227
1099.0 1.207766360008927
1099.5 1.0931728265480323
1100.0 1.438959412982482
1100.5 0.9508083313550052
1101.0 0.8014855632033715
1101.5 2.1801151210817897
1102.0 0.628509942647387
1102.5 1.3363384737905695
1103.0 0.9724473008573294
1103.5 0.7259984674651758
1104.0 0.7518753994862386
1104.5 0.6264858315716819
1105.0 0.7242246878519436
1105.5 0.9199240041198479
1106.0 0.8459393514208959
1106.5 0.900342094169751
1107.0 0.8831415153633331
1107.5 1.6140715629775073
1108.0 0.5038032885127224
1108.5 1.015155580163105
1109.0 2.678022816719189
1109.5 1.1861799577484846
1110.0 1.3372543016301073
1110.5 0.8051488118498109
1111.0 1.1688054305333568
1111.5 0.6880775468612468
1112.0 0.49332156650232073
1112.5 0.9592563926765233
1113.0 1.9066414478874654
1113.5 1.1779551790406835
1114.0 1.3922988983975952
1114.5 0.925637213876001
1115.0 1.3154017907156523
1115.5 1.0299397655583227
1116.0 0.853649582058156
1116.5 0.9547818506422185
1117.0 0.7950913517466833
1117.5 1.070027377219007
1118.0 0.6383029506428253
1118.5 0.7371897060015229
1119.0 0.8455114216655601
1119.5 2.0202433492931586
1120.0 1.3814782491458217
1120.5 0.7219525032850853
1121.0 1.4290741248183807
1121.5 1.0335258409245498
1122.0 1.0375774407822915
1122.5 1.423578509555611
1123.0 0.9891124413304344
1123.5 1.9460185254985953
1124.0 1.9397680233385832
1124.5 1.090116915831128
1125.0 0.8572254488749038
1125.5 1.8199605726647707
1126.0 1.3190860170983454
1126.5 0.8537314177123682
1127.0 0.4051101627544086
1127.5 0.9733594963606136
1128.0 1.0733825546211402
1128.5 1.365125055215703
1129.0 0.6952672271334666
1129.5 0.9787479454514858
1130.0 0.696771147801358
1130.5 0.7982445777760871
1131.0 1.3283353973976566
1131.5 2.295876508460186
1132.0 1.985039501552882
1132.5 1.174155392699074
1133.0 0.8833851357160729
1133.5 1.1115342369869372
1134.0 1.1524392937864623
1134.5 0.5634733854092642
1135.0 1.0464562793920755
1135.5 0.8813112680590729
1136.0 0.9593489990135189
1136.5 0.6134694614534018
1137.0 1.216791872394464
1137.5 1.3298721865641279
1138.0 0.9242441374220711
1138.5 0.9661571093419713
1139.0 2.375317290030438
1139.5 1.435466363690339
1140.0 1.684015549304878
1140.5 2.4010252248770105
1141.0 1.0311490336651172
1141.5 0.778086532991612
1142.0 0.6777013802311501
1142.5 1.2828722174439253
1143.0 0.8364109546842367
1143.5 1.3244024101698546
1144.0 1.0790461359361292
1144.5 2.363821835009152
1145.0 1.1944471828389864
1145.5 1.5358624997868395
1146.0 0.8250557012173112
1146.5 0.695324276904822
1147.0 0.7296250849583032
1147.5 1.2204858025813408
1148.0 0.9895263868603836
1148.5 0.8565351531039442
1149.0 1.2897764324860361
1149.5 2.469867896219115
1150.0 1.3643324209430912
1150.5 0.9928206152791992
1151.0 1.3225479710460497
1151.5 0.941622898291238
1152.0 2.000299170735831
1152.5 0.8945976217203921
1153.0 1.237627950360101
1153.5 0.7917795487750185
1154.0 1.4154486632682084
1154.5 0.8584401678868873
1155.0 1.3079913759717203
1155.5 1.305674406100005
1156.0 2.5425495894395285
1156.5 1.6944313737087975
1157.0 0.5946801546637275
1157.5 0.6291460120748267
1158.0 1.127209533517087
1158.5 0.9259599496112007
1159.0 1.1160867632009066
1159.5 0.6426716341998017
1160.0 1.6585684718972904
1160.5 0.996960753299886
1161.0 1.3116713704662708
1161.5 1.3948472539206862
1162.0 0.9842743530712108
1162.5 1.429460630010357
1163.0 2.2409197660807902
1163.5 1.5128348754884104
1164.0 2.0772964025387237
1164.5 0.9776938181941477
1165.0 0.9613306330088054
1165.5 1.6668304261237754
1166.0 0.8305845910178775
1166.5 0.556269371435435
1167.0 0.6978742499607142
1167.5 1.397376308497972
1168.0 1.7431351494377103
1168.5 1.1239453168437525
1169.0 1.127403731648709
1169.5 0.8517923543385739
1170.0 0.31576589600979665
1170.5 0.7488493946912986
1171.0 2.212658333664795
1171.5 0.8492828522621847
1172.0 1.8638736277984849
1172.5 1.9742937208283302
1173.0 0.9664981969658428
1173.5 2.339967330055812
1174.0 1.8169531393574134
1174.5 2.375217688669095
1175.0 0.6604376762445971
1175.5 1.5168472674888667
1176.0 0.8419036204580981
1176.5 1.3298998551887795
1177.0 1.5499806658112538
1177.5 0.7640294745960217
1178.0 2.240849437326263
1178.5 2.6215250195367736
1179.0 1.592295906488724
1179.5 1.7857689432794914
1180.0 1.7746361005295712
1180.5 1.3798067521347361
1181.0 1.4716965720843875
1181.5 0.9354904429345923
1182.0 0.7707591698127731
1182.5 1.933791716545217
1183.0 1.3742520333512451
1183.5 0.9386424876995816
1184.0 0.8003836677860616
1184.5 0.7385101676457329
1185.0 1.1792029918498157
1185.5 1.163461590639302
1186.0 0.8432500178113981
1186.5 1.248618552549504
1187.0 1.1587345396957736
1187.5 1.4751902390594407
1188.0 1.323808476974849
1188.5 1.6843831954763997
1189.0 1.280637342554452
1189.5 0.455898256167806
1190.0 2.1741926693855556
1190.5 2.1492287930508853
1191.0 0.4430828440440414
1191.5 1.1222994737629588
1192.0 1.5479466104190376
1192.5 1.3517462585988378
1193.0 0.7682931847708387
1193.5 1.6753290044064328
1194.0 1.4371998664238448
1194.5 1.0695755927765074
1195.0 1.5333839954111164
1195.5 1.0464754905003144
1196.0 0.8686668966114688
1196.5 1.1748893317149758
1197.0 0.7045273528675645
1197.5 0.9857309016963055
1198.0 1.8237033747221938
1198.5 1.7612903873283654
1199.0 0.7953303387419197
1199.5 1.6947764768156652
1200.0 1.0700671224446723
1200.5 1.5724201805003888
1201.0 1.6986379920001475
1201.5 1.424414859950005
1202.0 1.1973477077413723
1202.5 0.8849765668056763
1203.0 0.8296910137864555
1203.5 0.9222969165759287
1204.0 1.2729800493017835
1204.5 0.9652506200519083
1205.0 1.2246134869826264
1205.5 2.899247028879838
1206.0 1.3654921327386753
1206.5 0.6293184636254814
1207.0 1.0946920377318345
1207.5 1.3609181130971741
1208.0 1.312702957328218
1208.5 0.6735802513222375
1209.0 1.1530336787748883
1209.5 1.7543105481833599
1210.0 1.180719936219532
1210.5 1.2514939500641207
1211.0 0.6969602613136824
1211.5 0.8446934366595468
1212.0 0.6865331004724142
1212.5 1.368569423603676
1213.0 1.4524154933257223
1213.5 1.0957877405127432
1214.0 1.5528946387787734
1214.5 2.2252402249709604
1215.0 1.4960561753805839
1215.5 0.8567648663544676
1216.0 0.6346946833956841
1216.5 0.7279854695776096
1217.0 1.0740827729247613
1217.5 0.810877207624963
1218.0 0.8053393999248519
1218.5 0.692131785144267
1219.0 0.876043801401191
1219.5 0.8815965803445893
1220.0 1.879823537486157
1220.5 0.9437678909792336
1221.0 0.905584276932999
1221.5 0.5860803545474573
1222.0 0.9061710771911419
1222.5 1.0008398704099752
1223.0 0.9364738277789733
1223.5 1.78348034678612
1224.0 1.422053467862287
1224.5 2.0717276704779843
1225.0 0.8613134307130227
1225.5 1.152462446137811
1226.0 0.788586985293684
1226.5 1.3361244063495379
1227.0 1.1749232947184076
1227.5 0.9558338143181437
1228.0 0.9603428912728054
1228.5 1.4466844580451428
1229.0 1.0462761322834555
1229.5 1.432252892132964
1230.0 0.9362013089457639
1230.5 1.6495779443240193
1231.0 1.4041764450491605
1231.5 2.1155397440300128
1232.0 0.9819306837074155
1232.5 1.4093049378486318
1233.0 1.400075406387364
1233.5 1.119837997566128
1234.0 0.8790204271700874
1234.5 1.014148666189157
1235.0 0.8529528009270764
1235.5 1.4955240466304571
1236.0 1.475529364911449
1236.5 2.238356707306754
1237.0 1.591379068596745
1237.5 1.0948096884900154
1238.0 1.0525106732546092
1238.5 1.157387501406618
1239.0 0.8456927609550413
1239.5 2.18764865023604
1240.0 0.6971784664131475
1240.5 0.7095416509842294
1241.0 0.8720696736291051
1241.5 1.9986521688909042
1242.0 1.716579973897087
1242.5 1.9623989382315878
1243.0 0.5146260519953589
1243.5 1.318517628411438
1244.0 1.2445954331650662
1244.5 2.4075188923736994
1245.0 0.8363365382351453
1245.5 2.0027975145226247
1246.0 1.1991286917535042
1246.5 1.1503355588718458
1247.0 1.3235129740581075
1247.5 0.7700327900547719
1248.0 1.025789060825402
1248.5 1.5766420882150496
1249.0 0.6211507687080872
1249.5 1.8585124583972918
1250.0 1.2746834500155404
1250.5 0.7370036725195281
1251.0 0.81657526032989
1251.5 0.9022501731665136
1252.0 1.2444298935748432
1252.5 1.1984765377429172
1253.0 0.6963636969424036
1253.5 1.1272455292083527
1254.0 1.3317266300187247
1254.5 0.9945413264508853
1255.0 1.1407838949320652
1255.5 0.6967861966868145
1256.0 1.7527436265051612
1256.5 1.6967881457054772
1257.0 1.4213764692562996
1257.5 1.7048653945993306
1258.0 0.4458529057541576
1258.5 1.5176914625793654
1259.0 1.2007138115277887
1259.5 1.7490332525555021
1260.0 1.3674142468978947
1260.5 0.9625437942992798
1261.0 1.4625472473143306
1261.5 1.0791742401012159
1262.0 1.4678368787489235
1262.5 0.9729767431569203
1263.0 0.9569879392674623
1263.5 2.192818839491032
1264.0 1.2203273295189918
1264.5 2.2375685494994078
1265.0 0.8433251877037775
1265.5 1.9787395274488684
1266.0 1.9993647865710873
1266.5 2.1550213149915343
1267.0 0.22376510968334395
1267.5 1.3457859136594732
1268.0 0.47176263168171206
1268.5 1.7130550939088582
1269.0 1.3726844808263585
1269.5 0.7133678681812766
1270.0 0.7471067438640575
1270.5 1.146049930340897
1271.0 1.0514216038078208
1271.5 1.019976973087383
1272.0 0.7684538909941874
1272.5 1.3940533721248811
1273.0 0.8724691173009734
1273.5 1.3008374162737786
1274.0 2.3219749531215212
1274.5 1.0142481381665909
1275.0 0.8737168362805782
1275.5 0.826738907209737
1276.0 2.106062526631679
1276.5 1.2195758333319056
1277.0 1.5528214088618566
1277.5 1.1889445878871006
1278.0 0.6691952864598947
1278.5 0.9945525252520789
1279.0 1.4156200922440747
1279.5 0.7663676687116636
1280.0 1.212008160623752
1280.5 0.8350523574624602
1281.0 0.9062570505443494
1281.5 1.1522641723208757
1282.0 1.5496122563546995
1282.5 1.2543297738333639
1283.0 1.2520366142428097
1283.5 1.693886485900181
1284.0 0.6081842876280494
1284.5 1.0824292478604622
1285.0 1.022380292583294
1285.5 1.7745868324899314
1286.0 1.4707110781369699
1286.5 1.3694203832108451
1287.0 1.4592437024526284
1287.5 1.3371639097642074
1288.0 1.0938919118694983
1288.5 0.6841876224130476
1289.0 0.951899105261933
1289.5 1.1512192458570185
1290.0 1.639665003679444
1290.5 0.9521402280629837
1291.0 0.44868226178662607
1291.5 1.288961100404629
1292.0 1.2223196844392894
1292.5 0.879476431199602
1293.0 1.1553753684387411
1293.5 0.5390069298063229
1294.0 1.2315915919079
1294.5 0.7922499643538817
1295.0 1.1163523413002634
1295.5 0.8821586779229931
1296.0 1.2698288379887521
1296.5 1.920841351892725
1297.0 0.7357525327565442
1297.5 1.162743859242628
1298.0 0.7789283559136493
1298.5 1.7146230284812036
1299.0 1.2517807227617337
1299.5 1.0725492814171829
1300.0 1.7665934800802408
1300.5 0.7250474450332594
1301.0 1.5618492524978471
1301.5 1.7228042038091451
1302.0 1.2044255120963547
1302.5 0.9201097520449244
1303.0 1.358860374709993
1303.5 1.396482160805128
1304.0 2.1390608340092303
1304.5 0.7232564087155176
1305.0 1.6302729657669348
1305.5 0.9480372898561902
1306.0 1.4407726218406887
1306.5 1.401855686865395
1307.0 1.353959667656584
1307.5 2.0349858516898607
1308.0 1.2838913053582517
1308.5 1.9071821789328325
1309.0 2.0923567937491403
1309.5 2.297657594740597
1310.0 1.8542739884788422
1310.5 0.9774448151730655
1311.0 0.7731872974243967
1311.5 1.4844613894020056
1312.0 1.0781768889486685
1312.5 0.9559518080924305
1313.0 1.2050164660412597
1313.5 0.9064665708267166
1314.0 1.3790523497771119
1314.5 1.0834710037211772
1315.0 1.4865813863443291
1315.5 0.6090783639591597
1316.0 0.6928768182150282
1316.5 1.313015116539504
1317.0 1.2579529487898702
1317.5 1.124915305903272
1318.0 1.0126003774997985
1318.5 0.863375341214081
1319.0 1.1357152842285956
1319.5 2.3769358434579133
1320.0 1.6314388613312
1320.5 1.0398538826266308
1321.0 1.8798139480640612
1321.5 1.4457753696596907
1322.0 0.9396358173077801
1322.5 0.8648201272198747
1323.0 1.4185759764897736
1323.5 1.1453575530259097
1324.0 1.4105180439091174
1324.5 0.9502991256179165
1325.0 0.8381428779439786
1325.5 2.265309087023612
1326.0 1.2437396694705287
1326.5 1.0651223019139007
1327.0 1.0501246544681544
1327.5 0.6985689563408688
1328.0 0.45120513730262735
1328.5 1.24346517812736
1329.0 0.9514259554661701
1329.5 0.9672012218591726
1330.0 1.32570832924939
1330.5 1.3462393646587307
1331.0 1.3303433605750477
1331.5 1.0283008393034039
1332.0 1.1983164779429798
1332.5 1.859350428827854
1333.0 0.8286650501229778
1333.5 1.3040856447291373
1334.0 0.7818661559107593
1334.5 1.8117666811031905
1335.0 0.9953836140520496
1335.5 2.1408339933630884
1336.0 1.6868229179077565
1336.5 1.0052296774875225
1337.0 0.9579867660272903
1337.5 1.5007075842502282
1338.0 1.4101459790014905
1338.5 0.7967391326073195
1339.0 1.2092880614023556
1339.5 0.7940983300507248
1340.0 1.5341890265593383
1340.5 1.8639413831791636
1341.0 0.3305879864673704
1341.5 0.5333240917235463
1342.0 0.6676723635805237
1342.5 0.9162544529911729
1343.0 0.7419871466876689
1343.5 1.251958658113817
1344.0 0.5962972017205982
1344.5 1.3192185134310133
1345.0 1.1541871107797672
1345.5 1.4596919185239057
1346.0 1.6647972522905379
1346.5 0.5081754518309816
1347.0 1.6046675953895746
1347.5 0.7222053832825719
1348.0 2.6382669527493974
1348.5 1.1302088727496027
1349.0 1.3594638297715598
1349.5 1.875258469056079
1350.0 1.0166577063911615
1350.5 0.9469270082230126
1351.0 1.8331914063236798
1351.5 2.3843981763403654
1352.0 2.0052511003818543
1352.5 0.9094196855334776
1353.0 1.0204382027559955
1353.5 0.8315378574683407
1354.0 1.8644446856757944
1354.5 1.0633355663774582
1355.0 1.0230664680727053
1355.5 0.8013090366771811
1356.0 0.7376633195050054
1356.5 1.182544908507406
1357.0 0.9843731683170249
1357.5 1.312034252624752
1358.0 1.1684297615283135
1358.5 0.7846485781389535
1359.0 1.6498242773064118
1359.5 0.3737619601537231
1360.0 1.1951354568935972
1360.5 0.9453976140597556
1361.0 1.3308662919787002
1361.5 0.967262085136841
1362.0 1.482146988689672
1362.5 1.6396376847215364
1363.0 0.975352656744294
1363.5 1.4015792868038486
1364.0 1.1126526499397555
1364.5 0.8995927726762297
1365.0 1.5777196952220147
1365.5 1.707389600116057
1366.0 1.610601436071914
1366.5 0.8477335450274723
1367.0 1.2213176341626042
1367.5 1.2891279326646403
1368.0 2.135526429143784
1368.5 2.1200716816888754
1369.0 1.4112817681001555
1369.5 0.4474100690248378
1370.0 1.084326560082191
1370.5 0.8873363165165777
1371.0 1.129214235509582
1371.5 0.9431295322922846
1372.0 0.8681914770667594
1372.5 2.005124144779934
1373.0 1.346702193735001
1373.5 0.7525349258523457
1374.0 1.9609423159819186
1374.5 1.5904427414308737
1375.0 1.4804749450906431
1375.5 0.8784340438370579
1376.0 0.6498931057106787
1376.5 0.9729516156761493
1377.0 0.7843376583621837
1377.5 0.7323287817452082
1378.0 1.123553594646213
1378.5 0.6245179432561354
1379.0 0.5953785226460433
1379.5 1.0391308631503315
1380.0 0.4142323366378098
1380.5 0.41876548196969027
1381.0 0.5774654569486944
1381.5 1.2521391172280483
1382.0 0.6917304844821954
1382.5 1.5184055680365212
1383.0 1.148321848710611
1383.5 0.689675459051618
1384.0 1.2994981270452586
1384.5 0.7897258391636965
1385.0 0.996576268238499
1385.5 0.9784101968206798
1386.0 0.9020911215175738
1386.5 1.2186875454552684
1387.0 1.0625281289883297
1387.5 0.7992293389325014
1388.0 0.4265953206967181
1388.5 1.3937911572926749
1389.0 1.7765171937754312
1389.5 0.7411844554861252
1390.0 1.314370960524172
1390.5 0.8772720809507045
1391.0 0.602167293404188
1391.5 2.548914872078136
1392.0 1.007298594075354
1392.5 1.0222750649584018
1393.0 1.3040101616103104
1393.5 1.9652165263565533
1394.0 0.989407332664332
1394.5 0.7927997471812226
1395.0 0.9569853976858167
1395.5 0.7346407895962406
1396.0 0.9259329164183029
1396.5 1.5506806112527671
1397.0 1.207338514176711
1397.5 1.218843836338784
1398.0 1.2014840655489203
1398.5 0.7594142867946656
1399.0 0.9124616131984803
1399.5 1.3795174218119726
1400.0 2.2543971383899906
1400.5 0.9519177824351021
1401.0 1.5588859113931672
1401.5 0.8215076672097135
1402.0 1.987290713757642
1402.5 0.9531533656177593
1403.0 0.3724721803430536
1403.5 1.4268638482263793
1404.0 0.7546891450079092
1404.5 0.8737527884160146
1405.0 0.9837931367466799
1405.5 2.260300925828666
1406.0 1.082845682920574
1406.5 1.5593927080585284
1407.0 1.4889959869592866
1407.5 0.7280741152302221
1408.0 2.3384096855234446
1408.5 1.2328766168488419
1409.0 2.2238454900423408
1409.5 1.0982029906879829
1410.0 0.8796198975433145
1410.5 0.6834584478110648
1411.0 1.1104151770663713
1411.5 1.6345247161914596
1412.0 0.8839945828445647
1412.5 1.303835570789285
1413.0 0.9198790929274434
1413.5 2.081623046057632
1414.0 1.6191633363886075
1414.5 1.4148155526896782
1415.0 1.078944184390449
1415.5 1.2478946069440193
1416.0 0.48819172243767545
1416.5 0.7726615401264023
1417.0 0.9574550235102288
1417.5 1.9320145000803715
1418.0 2.466327702673892
1418.5 1.0016439801558032
1419.0 0.8744747984876371
1419.5 1.9949718384049135
1420.0 1.1231961643086554
1420.5 1.9164502755342192
1421.0 1.8517618454100104
1421.5 1.484589558161118
1422.0 0.9854928941348415
1422.5 0.8649860853491158
1423.0 1.5737675192450138
1423.5 0.8218784597306074
1424.0 0.5183111629283621
1424.5 0.8702987072512234
1425.0 1.3598130540787357
1425.5 1.7118460938457072
1426.0 1.0673610921760543
1426.5 0.96939435402641
1427.0 0.7880305162726154
1427.5 0.9593944864627286
1428.0 1.3194292518073878
1428.5 1.359934695430249
1429.0 1.3977524920057594
1429.5 1.338036876315332
1430.0 1.7199316572417003
1430.5 0.8818993892155403
1431.0 1.5123016950039787
1431.5 0.8983087113361241
1432.0 1.4953220189294876
1432.5 1.1393614119078934
1433.0 0.8129262406674409
1433.5 0.9293917836878341
1434.0 1.0506154957509213
1434.5 1.1932430495229422
1435.0 0.837225920705697
1435.5 0.9145521136715531
1436.0 1.9482357747345436
1436.5 0.6268467209341726
1437.0 0.7116124078698836
1437.5 1.0043674362649406
1438.0 0.6445712129221546
1438.5 0.7239971968993839
1439.0 1.6052539670553911
1439.5 2.023463184347391
