0 1.5993588845817495
0.5 1.6505197705558499
1.0 0.7980564806487023
1.5 0.8195407888022735
2.0 1.8134512518688262
2.5 0.9442714892468925
3.0 0.8378486113299153
3.5 0.8786494655395949
4.0 1.4883616672233133
4.5 0.7635347556058532
5.0 2.4017087827457533
5.5 2.5542219196060003
6.0 0.8022636769245017
6.5 1.4381887358611167
7.0 2.036308646648831
7.5 1.185153790368307
8.0 0.8507363016996367
8.5 0.7512784433373323
9.0 1.3077933234697594
9.5 1.3425931350224614
10.0 0.8217749255064118
10.5 0.9072206726265561
11.0 1.0250020419180068
11.5 1.5481009311179856
12.0 1.4551402843285977
12.5 1.1418903068419193
13.0 0.7305925255746415
13.5 0.8649467961047396
14.0 0.761731301983692
14.5 0.2
15.0 1.0322419307147903
15.5 1.3381270155178557
16.0 1.318102786356825
16.5 1.609250277628789
17.0 1.1805267756127924
17.5 1.2490944848816357
18.0 0.9705376037932697
18.5 1.4137612402759405
19.0 1.5192988343542178
19.5 0.9721295010376185
20.0 1.4064464119166649
20.5 1.4254303698035038
21.0 1.5656665822284301
21.5 1.3520964295548896
22.0 0.748310830357188
22.5 1.0935175066516547
23.0 1.4106748145536496
23.5 1.0346565903863216
24.0 2.1723657907916625
24.5 1.3465043024290835
25.0 1.3887088272771473
25.5 0.9766898200361476
26.0 0.9094418188695914
26.5 0.752390080604421
27.0 1.3516559787719664
27.5 1.1444640929100762
28.0 1.3532500341540319
28.5 1.5790493688586038
29.0 2.378130259646629
29.5 1.1755520865306004
30.0 1.0188291276726678
30.5 0.8497856752802577
31.0 1.1153867130025779
31.5 0.9536225448144423
32.0 0.705789790052678
32.5 1.1222299551953991
33.0 1.1780953444317528
33.5 1.304459403489619
34.0 0.7414495335904201
34.5 1.3146090744764285
35.0 1.411072185750136
35.5 1.546818718791866
36.0 0.5671886858243048
36.5 1.0726148439197392
37.0 0.2
37.5 1.2100465983282453
38.0 1.7202052151067488
38.5 1.01465972840732
39.0 0.21557074540327958
39.5 1.0504110937952675
40.0 1.5614128976770982
40.5 1.2919392119161661
41.0 1.25283677802475
41.5 1.3853266287976547
42.0 0.9625971100059103
42.5 1.210287642728761
43.0 1.229086004657836
43.5 1.8332341778233692
44.0 0.9078834149355907
44.5 1.4603502638542785
45.0 0.8060072345766512
45.5 1.8401192743630457
46.0 1.561952791694786
46.5 1.3156332809855567
47.0 2.3929468790821824
47.5 1.7050481106788355
48.0 0.8049047754308793
48.5 0.8202070966982795
49.0 0.7223346139757607
49.5 1.7849451500101305
50.0 0.5556519885021427
50.5 0.7861490562186104
51.0 1.0313655110634454
51.5 0.8408803658228241
52.0 0.9288591872448657
52.5 1.3723998237775938
53.0 1.0219445914332157
53.5 2.10920114347549
54.0 0.8065941742682726
54.5 0.8992675750800727
55.0 1.3181797914222615
55.5 1.2751560429354336
56.0 1.0384880372995111
56.5 0.9999971610339018
57.0 1.9161668756884018
57.5 1.161407090941239
58.0 1.5757763630909165
58.5 1.7562165556467715
59.0 0.840971721937144
59.5 1.420046051376431
60.0 1.024101434003371
60.5 0.8489344387607433
61.0 0.8593278607453729
61.5 0.8228742639293094
62.0 0.7521444696556934
62.5 1.3799849805254645
63.0 2.499517588929511
63.5 0.9344167899598574
64.0 2.2359322456085367
64.5 0.9096830944206077
65.0 1.2088907564816949
65.5 0.8997447948864686
66.0 0.7879966721811749
66.5 1.2776818879499476
67.0 1.3909950281053693
67.5 1.3801686485238651
68.0 1.393420619675019
68.5 1.0149792834472073
69.0 1.026004786015041
69.5 1.172533901820331
70.0 0.9275711407315028
70.5 0.9191663358488906
71.0 0.8390484597542944
71.5 1.49631140401774
72.0 0.7319910672962938
72.5 1.993969096714815
73.0 1.2280431491055332
73.5 1.0593821632626546
74.0 0.9998168516556285
74.5 1.9627420581564863
75.0 1.191737031611792
75.5 1.6429294598515953
76.0 1.2534440850464312
76.5 1.2595657169141585
77.0 0.9512581693549815
77.5 0.7681295901329217
78.0 1.3288166695341805
78.5 1.0596861990451574
79.0 1.0350855323387167
79.5 1.644876357329904
80.0 1.1660315296569006
80.5 1.4866842583595936
81.0 1.6743466596464778
81.5 0.8583439518495843
82.0 1.7574429222826915
82.5 1.3287684681577163
83.0 1.4059038180463426
83.5 0.8636311650031273
84.0 1.2901063340147334
84.5 2.0673083503844385
85.0 1.3133016785367198
85.5 1.2719989272402712
86.0 1.1887646347036136
86.5 0.6701945724839166
87.0 1.267998528464242
87.5 0.6371070070262306
88.0 1.7209477565769613
88.5 1.1574238536658654
89.0 0.809890910130868
89.5 0.8305248853096041
90.0 0.2685885608961909
90.5 0.48054975561818947
91.0 1.7898203160757287
91.5 1.9588380381955732
92.0 1.2210578519238293
92.5 1.396085845346613
93.0 0.409767528592182
93.5 1.004196142638961
94.0 1.3816485782713888
94.5 1.1714450880677365
95.0 0.8663464414271332
95.5 1.0231903341334876
96.0 1.5031311920980395
96.5 1.1446080588152725
97.0 0.5340019841975299
97.5 1.785625230355313
98.0 0.8392255358333355
98.5 1.8040353707727024
99.0 0.9563761791828134
99.5 0.8477251551590738
100.0 0.6845233639334183
100.5 1.1903905958098817
101.0 1.2572137728567212
101.5 1.0226806649820104
102.0 0.6686637255978686
102.5 0.2919547622341875
103.0 1.8019014473990733
103.5 1.0103856168023624
104.0 1.200706992971318
104.5 1.0806905559576934
105.0 0.6621590654936035
105.5 1.7862920149400021
106.0 2.3762849623554425
106.5 0.8005493483913225
107.0 1.4392411340245173
107.5 0.9126484844144667
108.0 1.0921507977415883
108.5 1.9814408224004092
109.0 1.1749665254179134
109.5 1.0202506854558395
110.0 1.2056906222684054
110.5 0.6162321122991468
111.0 1.575376426919901
111.5 2.0876327172108438
112.0 0.3159421948111294
112.5 1.3572985385940466
113.0 0.9430217307137044
113.5 1.9592401736074376
114.0 1.7185152915562538
114.5 1.1425365679948034
115.0 0.6153289243041458
115.5 1.5714570394104843
116.0 1.8125251463993288
116.5 1.55544395254286
117.0 1.8026672011391687
117.5 0.9132307295387968
118.0 0.9552298185739844
118.5 0.8872958613566946
119.0 2.577989457532418
119.5 1.8651958872947798
120.0 2.117758729174827
120.5 0.598458366100196
121.0 0.8661342600063253
121.5 1.3596328996978277
122.0 0.7451588388442874
122.5 0.8729023395021874
123.0 0.7693887207312233
123.5 0.7281241958785658
124.0 0.9740455658717533
124.5 1.0389898323441882
125.0 0.6525194104750951
125.5 0.5137824782250864
126.0 0.6525834639447836
126.5 1.6506655731811772
127.0 0.9750780012554607
127.5 0.6117544721720432
128.0 0.5062833336683861
128.5 1.7035527801602983
129.0 1.0278600051342783
129.5 0.9560595854140695
130.0 0.5789860376766005
130.5 0.8216962075430589
131.0 0.7882265089114262
131.5 0.8285510493928476
132.0 0.9423693371009507
132.5 0.786093343127333
133.0 0.8564432450792806
133.5 0.7173835730758089
134.0 1.360355979567732
134.5 1.6122620739229307
135.0 0.6199169263380531
135.5 1.1460105346064728
136.0 1.5394098932246916
136.5 2.5525711350436273
137.0 1.063603904868768
137.5 1.076458347012219
138.0 0.7665589964395045
138.5 0.7560930029809889
139.0 0.7150990312868741
139.5 1.5552621210577107
140.0 1.9023482570353734
140.5 1.40424020055216
141.0 1.1505055638635682
141.5 0.639197080782231
142.0 0.8773673320416792
142.5 0.9188248524105429
143.0 1.1406637409550897
143.5 1.2509297990666286
144.0 0.9913058422524681
144.5 2.178747970171003
145.0 0.8228440680753227
145.5 2.0966231807794022
146.0 1.497204381987776
146.5 1.0489704778964564
147.0 1.3992901324475442
147.5 1.2767450244706053
148.0 0.7982243024315716
148.5 0.951259924514511
149.0 1.050214662302371
149.5 1.5316421348698368
150.0 1.2878426991309526
150.5 2.3708218241928845
151.0 0.9002392210123319
151.5 1.768652791465965
152.0 0.6549859206829454
152.5 0.2
153.0 1.8574324748851216
153.5 1.192563732375549
154.0 1.1851401521321188
154.5 0.7418631742383164
155.0 1.4596631890892433
155.5 1.5184780870670969
156.0 0.7998065999109782
156.5 0.7666531038578885
157.0 2.162912468577135
157.5 1.0126667221071561
158.0 1.5277639243935706
158.5 1.0864710119723326
159.0 1.9629357466803383
159.5 1.2337784033568862
160.0 1.082610999727138
160.5 0.9297334062536862
161.0 1.2536864368167069
161.5 0.2240096204587001
162.0 1.390822784775153
162.5 1.7714078294126838
163.0 1.1627811297656332
163.5 0.7163577743757683
164.0 1.538358378255447
164.5 1.0479615598830878
165.0 1.1888849906517605
165.5 1.188147485570287
166.0 1.563938731967732
166.5 0.5710621075841589
167.0 1.5339027725359635
167.5 1.3847824497409726
168.0 1.1256035819645067
168.5 1.3944574770472316
169.0 1.0570551393827092
169.5 0.8905171035322609
170.0 0.958064922123563
170.5 1.0699289607832174
171.0 0.6665867143023665
171.5 1.1831505651285146
172.0 0.884696297377398
172.5 1.3974508267919754
173.0 0.8932359225041601
173.5 0.8481050384405058
174.0 0.9186589702201478
174.5 0.9850453785913389
175.0 0.8444137773473979
175.5 0.6013626326757948
176.0 0.8138260768927028
176.5 0.7193944310350597
177.0 2.033716359882003
177.5 0.845752654804959
178.0 1.163782308611615
178.5 1.5748129217705464
179.0 1.5182974028938037
179.5 1.490909006129472
180.0 1.0395402881189035
180.5 0.8334727009458883
181.0 1.3757876196414145
181.5 1.000685687518473
182.0 0.7595531400170744
182.5 1.1732148692231814
183.0 1.3442460277970165
183.5 1.063131727196551
184.0 1.1346491411376447
184.5 0.907297778939063
185.0 0.888612291303511
185.5 1.2047603454606775
186.0 1.5306146155785931
186.5 1.6207053162525702
187.0 0.7629212812416688
187.5 0.5069220338024454
188.0 1.4788851101329388
188.5 0.6537688006474569
189.0 1.6116929291582536
189.5 0.8372009881120264
190.0 1.28323700589221
190.5 0.8979353194837443
191.0 1.2387857484425868
191.5 1.3332731302824217
192.0 1.2307851643762644
192.5 1.2546096116391787
193.0 1.7943006123358463
193.5 1.0104791774660737
194.0 1.0275532331112551
194.5 0.7011288899479446
195.0 1.1826166582266313
195.5 0.42281872184298286
196.0 0.6194267654713168
196.5 0.5057272867712561
197.0 0.9272965301523357
197.5 0.6261803656656026
198.0 0.8298171757055421
198.5 1.9265065121279559
199.0 0.7242683996921109
199.5 1.2305727785626699
200.0 0.9665299753617942
200.5 0.7951997283150165
201.0 0.5643226982665157
201.5 0.6835226036383294
202.0 1.2991897547691837
202.5 0.47252842043840615
203.0 1.8352922575027242
203.5 1.6558337212532064
204.0 1.3075999976487682
204.5 0.7787118789214013
205.0 0.8403791209094562
205.5 1.0964457578484275
206.0 1.2972906205302053
206.5 2.5623850941065904
207.0 1.0099971192752002
207.5 0.8179247071802247
208.0 1.8426590659634834
208.5 1.0725196534007466
209.0 1.015949909565082
209.5 0.7350115761926367
210.0 1.016000822478587
210.5 0.9728174418841684
211.0 0.8345096720881136
211.5 1.1351010767034846
212.0 0.8484113819927468
212.5 0.7353016504255339
213.0 0.6367034514940746
213.5 0.8048326967295136
214.0 2.6446860051264975
214.5 0.8169646591856696
215.0 1.9988681617995143
215.5 1.092625233308377
216.0 1.1306617091470228
216.5 1.0258286882103211
217.0 1.0863828932215869
217.5 1.0156430665952725
218.0 1.0451823233305015
218.5 1.7643773435419428
219.0 1.4351598838813133
219.5 1.153088773090497
220.0 0.36597570975317395
220.5 2.4311655989297534
221.0 0.696339188335535
221.5 1.1819955514158553
222.0 0.9121739082315512
222.5 0.8333083689344417
223.0 1.4122900444859372
223.5 1.3215011998808088
224.0 2.331661525554619
224.5 0.6884248636299721
225.0 1.3679570751696088
225.5 2.0696571608585446
226.0 0.6752355138974562
226.5 0.6364369313873878
227.0 0.5546058714841273
227.5 1.5412212712958604
228.0 0.6995441640496061
228.5 0.755578467080821
229.0 1.4135922770469191
229.5 0.7468280548442894
230.0 0.873559912101826
230.5 0.6722780752707392
231.0 2.365650486247569
231.5 0.8713234563276488
232.0 0.7399063121431098
232.5 1.9201128904571099
233.0 0.8433686543372543
233.5 0.9276076506536055
234.0 0.8781510399668655
234.5 1.0896865260401167
235.0 0.9996523938249857
235.5 1.1563243989568466
236.0 0.6079607911675944
236.5 0.4943246024616152
237.0 1.3938282364480563
237.5 1.1173718656419942
238.0 1.3115098410379185
238.5 1.039092230185649
239.0 1.4626180038033703
239.5 1.1146567268850351
240.0 1.3970413547258722
240.5 1.38128430894062
241.0 0.5892378562926287
241.5 0.8814716962234471
242.0 1.502179161897128
242.5 0.6485685631832714
243.0 1.5643721959532866
243.5 1.3456503734894971
244.0 1.0865375307859564
244.5 1.1230458874227889
245.0 1.9628576180258284
245.5 0.9691814136779036
246.0 0.6665145076455049
246.5 1.2638648696573327
247.0 0.47754110430939334
247.5 2.0440142829937313
248.0 0.8369617737689388
248.5 1.234591711421407
249.0 1.7928365555301014
249.5 0.5022660841689528
250.0 0.9547987621666257
250.5 0.9456318210367127
251.0 1.6860513901617054
251.5 0.9750996266161185
252.0 1.9772261281126462
252.5 0.8899821956326408
253.0 1.1990414011134984
253.5 1.9397102015889334
254.0 2.6456706438119832
254.5 3.1114259065935377
255.0 0.552396096723885
255.5 1.8627414533464677
256.0 0.9649856041865086
256.5 0.9769725419205724
257.0 1.1509163029443916
257.5 1.2989189964344567
258.0 1.1892204898011292
258.5 0.9170188702502978
259.0 0.6064434441735858
259.5 1.0434387451351883
260.0 0.9994455037452323
260.5 1.1801544488832438
261.0 2.0606184483767365
261.5 1.4439153679095171
262.0 1.11098593055352
262.5 0.8159049304819193
263.0 0.5144469315820943
263.5 1.332753790757083
264.0 1.1259298101619082
264.5 0.7419833975249576
265.0 0.9053316860592548
265.5 1.2725011455109798
266.0 0.9833842056543426
266.5 0.9386338439116808
267.0 0.9378604616666928
267.5 1.132676133496595
268.0 0.9573385174567781
268.5 1.47198139298224
269.0 0.9921963741110054
269.5 0.7738437434640727
270.0 1.2577906279197664
270.5 1.7319661105364519
271.0 0.9181199381072285
271.5 1.51407686288908
272.0 0.7351075692781626
272.5 1.2097804090956361
273.0 0.998579452538719
273.5 1.426322249300392
274.0 1.4606530242409512
274.5 1.171095464441699
275.0 1.081382680684152
275.5 0.7110164339730634
276.0 1.0134564181351506
276.5 0.8785000042416151
277.0 0.7769108532443405
277.5 0.7765441789309191
278.0 0.6174658322795907
278.5 0.733734890274697
279.0 0.704515670190232
279.5 0.9814882162266096
280.0 1.3784968086742024
280.5 1.4220261272228785
281.0 2.0953432462987145
281.5 1.0043513776263313
282.0 0.9934246661640216
282.5 0.9215110753967007
283.0 1.3118529558520196
283.5 0.985586312823122
284.0 1.7657230715314296
284.5 0.847120533497784
285.0 1.4918185631688057
285.5 1.8395043204187442
286.0 0.5729166550399287
286.5 0.906620314637355
287.0 1.624047342206484
287.5 2.482354549753282
288.0 1.734588110089731
288.5 1.699853187083689
289.0 1.0017077147676883
289.5 0.6953162125856419
290.0 1.3291315590761048
290.5 1.956409016502754
291.0 0.40883158374980255
291.5 1.2733417787091708
292.0 0.737853850577401
292.5 1.411754338586748
293.0 1.6181894033181408
293.5 0.8288108911035166
294.0 1.085515709388576
294.5 1.4232536456189804
295.0 0.9096721471949101
295.5 1.2842972770345498
296.0 1.0073785483838311
296.5 0.41622142715623683
297.0 0.7759775705620451
297.5 0.994981617592235
298.0 0.9542421384489466
298.5 1.4405842755050038
299.0 0.966192494577971
299.5 1.855724969230577
300.0 1.0064922607681388
300.5 0.8867250779316059
301.0 0.6304410253357062
301.5 1.1291859773570962
302.0 0.9224125810757138
302.5 0.6836423582441696
303.0 1.1568818532164222
303.5 0.7812192437952779
304.0 1.1478554820737294
304.5 2.2282032106924
305.0 1.1892916655464492
305.5 1.4201606296849243
306.0 0.5785839801027786
306.5 1.3002111269556083
307.0 0.7773627421754001
307.5 1.2486109986478549
308.0 0.43773851180263224
308.5 2.6151262647662517
309.0 1.1907538841837684
309.5 1.3894903697889642
310.0 1.0622316960103677
310.5 1.5348766954772755
311.0 0.9783390860577685
311.5 1.8098791702760082
312.0 1.0958171532491734
312.5 1.2903088697049228
313.0 1.744026873362221
313.5 2.382655360685157
314.0 1.057685781128823
314.5 2.1437493518689155
315.0 1.564908950980463
315.5 1.2180890629836911
316.0 0.6657309806501931
316.5 1.0790799258811548
317.0 0.3881230034525716
317.5 1.3917237965111857
318.0 1.1088425629014744
318.5 1.7182071849770368
319.0 0.8774405762885983
319.5 1.5106717146142334
320.0 1.237510168415672
320.5 1.5309868394635056
321.0 0.9113272904503437
321.5 0.867914968994673
322.0 0.8667692151044619
322.5 0.7942508903721883
323.0 0.7872127951734533
323.5 1.0764930518821605
324.0 0.8850787175142854
324.5 1.4424850638550195
325.0 1.7148428712731043
325.5 0.9803492660645646
326.0 0.9696964284976424
326.5 1.5251384815388738
327.0 0.6691932936411114
327.5 0.8466432693254986
328.0 0.6908247896939809
328.5 0.6372850096766268
329.0 1.9118914631253343
329.5 1.7231116667074837
330.0 1.4725649296648884
330.5 1.5461124358183178
331.0 0.9722097530055651
331.5 0.6995005343354127
332.0 0.7884500881379972
332.5 0.5928415831008941
333.0 1.5221741812752212
333.5 1.4278543126605605
334.0 0.9078107099444378
334.5 0.7613208774094248
335.0 1.5004918918376478
335.5 0.7857542919401218
336.0 0.7609328719299062
336.5 1.2793472538644197
337.0 0.6499546123713
337.5 2.408626585912755
338.0 1.3261992617275373
338.5 0.8555546819474213
339.0 1.3295798135489183
339.5 2.355710059312008
340.0 0.9076989919579247
340.5 1.9657637187876655
341.0 0.9091066753622195
341.5 0.7470573763191015
342.0 1.7211700507678485
342.5 1.041695772272987
343.0 1.1384660939304472
343.5 0.7227044762747851
344.0 1.267039817472591
344.5 1.9399116706051278
345.0 1.075280700647249
345.5 2.2744735518751984
346.0 1.152332584372389
346.5 1.815375080166937
347.0 1.9194521246824687
347.5 0.946822144888396
348.0 1.2479650799144164
348.5 0.9430747037185185
349.0 0.5962742039434732
349.5 0.9159605889225044
350.0 0.8478560619135418
350.5 0.6810352609365826
351.0 1.0769511264797937
351.5 1.6457260731996057
352.0 0.7826136637925998
352.5 0.8907051609563901
353.0 0.9062489268276264
353.5 0.5801800260194154
354.0 0.6970361386489634
354.5 1.163038201178238
355.0 0.7486862377851959
355.5 1.462907827118745
356.0 0.9382571040028609
356.5 0.8320030728491948
357.0 0.9309516380542286
357.5 1.0854415105165467
358.0 1.2038256098137847
358.5 1.2452560875529322
359.0 1.1449621438543658
359.5 0.7153434640635254
360.0 0.6253505797281301
360.5 1.5556313048036055
361.0 1.3715881980876632
361.5 0.9432977878344018
362.0 0.5972410868405844
362.5 0.6696136306351348
363.0 1.0959299581329336
363.5 1.3809104532937169
364.0 0.8932550693126329
364.5 1.5256947541403112
365.0 1.2297772021175752
365.5 1.6434182033329074
366.0 0.838361063813548
366.5 2.237164642206425
367.0 1.75716365997622
367.5 0.9337854046529468
368.0 0.6693692106811443
368.5 2.1418158765475273
369.0 0.9270725552023387
369.5 0.8039716780370473
370.0 2.126817148104573
370.5 0.963292402838615
371.0 0.8510899954838097
371.5 1.1467504279902785
372.0 1.3403981660840487
372.5 1.1098602316430966
373.0 0.8165047091235131
373.5 1.3999057053566901
374.0 0.8509252927970425
374.5 1.0327434569245724
375.0 1.1183571890864177
375.5 0.8852859097048354
376.0 0.7577619675430549
376.5 0.6925988120282482
377.0 0.7126320094741239
377.5 1.1574441118136847
378.0 1.7875649164418073
378.5 0.9816718651541115
379.0 1.4504825793973029
379.5 1.9096137158306727
380.0 1.6545056483177663
380.5 1.5716588962273217
381.0 0.8339256985973426
381.5 0.8794060513027671
382.0 0.909519749471377
382.5 1.7240529928297093
383.0 1.8033450511247313
383.5 1.6404524595446268
384.0 0.2802227397393211
384.5 1.0050768908745638
385.0 0.9336769262537091
385.5 1.177365462837571
386.0 1.680154884245671
386.5 0.793267275489593
387.0 0.8834463564071413
387.5 1.2054338501907256
388.0 1.052219852484863
388.5 1.7139515725989658
389.0 0.6445738604216291
389.5 1.3236905487444135
390.0 1.2355053695526208
390.5 1.674632461643661
391.0 0.6527117718114721
391.5 0.9790179620491988
392.0 0.7402165828201794
392.5 0.5903432278715519
393.0 2.103340093091963
393.5 0.7139617563060813
394.0 0.8484342118073811
394.5 1.4491830884226407
395.0 1.2462377186280127
395.5 1.1837883059629104
396.0 1.6160726624100819
396.5 0.6362421889854804
397.0 0.9711192433905583
397.5 1.2395432970955795
398.0 1.3804264973702143
398.5 0.9533282389905589
399.0 1.4887262018667942
399.5 1.0968261469726484
400.0 1.3915421744890581
400.5 0.8380018646138209
401.0 1.6127921908377858
401.5 1.440443080033655
402.0 0.5908359064215614
402.5 1.2153594756264758
403.0 2.1692983286148424
403.5 1.5732236060673837
404.0 2.0032871890545545
404.5 1.7328956754397806
405.0 0.839719599541832
405.5 1.1116752086610457
406.0 1.303584884844879
406.5 0.7550801973778691
407.0 0.9611570360316802
407.5 1.126142656126938
408.0 1.61672424877975
408.5 0.595836670884438
409.0 0.8686131821992509
409.5 2.627632068669135
410.0 1.9611650601909103
410.5 0.8417050509965163
411.0 1.24094409270038
411.5 0.2402519692025088
412.0 1.4282015196633444
412.5 1.9989007024071412
413.0 0.7286263404998151
413.5 0.6638712717597965
414.0 0.9277409966186072
414.5 2.1053635352724167
415.0 0.8816799635651944
415.5 1.6750228640834712
416.0 1.4984930335669047
416.5 1.040077636793179
417.0 0.960782250566848
417.5 0.8327525240694658
418.0 1.5030004742271514
418.5 0.7253149869934852
419.0 1.612386697091972
419.5 1.2182782579035571
420.0 1.4720852279089645
420.5 0.9803890586768891
421.0 1.3541655391549008
421.5 0.7627457878055685
422.0 2.6657298668172684
422.5 2.1810824039579964
423.0 1.544095980930774
423.5 1.7399360837781805
424.0 1.4577870704275293
424.5 2.420614012919728
425.0 1.0515069439351905
425.5 1.8877131838353773
426.0 1.7282752789781397
426.5 0.7575199695573654
427.0 1.3396227093379012
427.5 0.6331180176656482
428.0 0.9140001031690699
428.5 1.435690077094568
429.0 1.804224377259476
429.5 1.1086717099470695
430.0 1.2489094712103728
430.5 1.1433409626815514
431.0 1.1763307105093315
431.5 1.437834436669434
432.0 1.378355526747586
432.5 0.6568593476661602
433.0 1.05191731265352
433.5 1.1041869183200945
434.0 1.316696720885206
434.5 0.9994568707038344
435.0 0.8868516628403298
435.5 0.6046097825455472
436.0 0.5670403899475286
436.5 1.033886101656538
437.0 1.86184022313802
437.5 1.2073952799099843
438.0 1.411806189130489
438.5 0.7115156422776612
439.0 0.8312467487254656
439.5 0.8353406191436952
440.0 1.124308861279061
440.5 0.7919784870513853
441.0 1.2795898933270566
441.5 0.9314312351460385
442.0 0.6855525483393159
442.5 1.3968658348557688
443.0 1.5948026415689514
443.5 1.341156954035565
444.0 1.3485301045840221
444.5 1.432844708800777
445.0 1.1409317021535128
445.5 1.0805597788534966
446.0 1.458802462897695
446.5 0.6020919473204194
447.0 0.963655348455606
447.5 0.6336751455033556
448.0 0.9580980447853196
448.5 1.171960734589914
449.0 0.5993018853703369
449.5 0.8496403582654402
450.0 1.1723377094112182
450.5 1.2319294870608546
451.0 1.5063725875155576
451.5 1.418495912380747
452.0 0.7238289149362638
452.5 1.1011571635645783
453.0 1.469665820332287
453.5 1.1254649628411348
454.0 2.602214859881591
454.5 0.8849655768250895
455.0 1.4022675609242898
455.5 0.8918786818561494
456.0 1.786051946461931
456.5 1.0473095387127824
457.0 1.1495923047178949
457.5 0.7518071539424538
458.0 1.0107665914526682
458.5 1.5836509926125546
459.0 1.1694717774937187
459.5 1.7592588677206362
460.0 1.2501653583137786
460.5 0.9873052398476649
461.0 0.9529514524536449
461.5 0.7134715343524896
462.0 1.1510766683271405
462.5 0.9534425778950066
463.0 0.9194617342532848
463.5 1.7722137553057533
464.0 0.979789957143096
464.5 2.447744521218148
465.0 1.8285445847336355
465.5 1.4419717907294984
466.0 0.6973139181789557
466.5 0.7425943351502353
467.0 0.4432320533523819
467.5 1.1708541376994024
468.0 1.7157900995305246
468.5 1.3121261720291995
469.0 1.5947827670552148
469.5 2.077985821880891
470.0 0.7096926378482022
470.5 0.5393587523641996
471.0 1.9801222129521645
471.5 0.5841661861614826
472.0 1.3330429004262452
472.5 1.838373315579732
473.0 0.4391828348376883
473.5 0.8480293254901303
474.0 0.5754667854214208
474.5 1.2879742462861858
475.0 1.1721941245338416
475.5 0.9764192109249172
476.0 1.3751928744241133
476.5 1.3926077019109644
477.0 1.5465534316974563
477.5 1.2546546245665797
478.0 2.074343866727886
478.5 0.4132569839801783
479.0 1.0021512608452379
479.5 0.8714035793980034
480.0 1.8082826287007558
480.5 1.1403392081907966
481.0 0.8281373550160746
481.5 0.8862809926646378
482.0 1.7750682933512256
482.5 0.47218850834169235
483.0 1.467752236920131
483.5 1.2265027023326471
484.0 1.463842526409565
484.5 1.9631508945892548
485.0 1.8896593707109635
485.5 0.9714563180309781
486.0 0.6863563637728474
486.5 1.1906495910391262
487.0 1.169887017506857
487.5 0.8311572993243184
488.0 1.8203971890289934
488.5 1.1806839034806886
489.0 0.7379067614581463
489.5 0.7223035548474643
490.0 1.155126806086611
490.5 1.460710954607641
491.0 1.055552877941052
491.5 2.3806065298748473
492.0 2.290369458261625
492.5 1.8812967496217077
493.0 0.8757163039741193
493.5 1.2006220125437759
494.0 1.4372458640343622
494.5 1.5231819441277301
495.0 1.5315797351191658
495.5 1.321762453235796
496.0 0.9599406699061646
496.5 0.8279088694645358
497.0 0.8073424265872401
497.5 1.2278534188001444
498.0 0.7406711248206774
498.5 0.9474975828688201
499.0 1.1020897659923845
499.5 0.47647105250274807
500.0 1.262328349442334
500.5 0.9486551147790878
501.0 0.9402576065075908
501.5 0.8764345167955188
502.0 1.1284417237263324
502.5 1.272702004777003
503.0 1.1006272196872684
503.5 1.2478404356609318
504.0 1.6038858621622034
504.5 1.7455836185179758
505.0 1.0263090236469896
505.5 0.701520058942493
506.0 0.8721593735227526
506.5 0.8523445645080261
507.0 1.2441116497559905
507.5 1.5366604753641129
508.0 1.2379775603709815
508.5 1.0629532320180255
509.0 0.6279114056501562
509.5 1.4814730891105257
510.0 1.1416478514285555
510.5 2.053275395716538
511.0 1.9892178560827385
511.5 1.0784028687824732
512.0 1.6204811111903343
512.5 1.52538966223623
513.0 1.5301712901940732
513.5 0.7521984182564853
514.0 1.6284584968600297
514.5 0.820894517894285
515.0 0.6176508587857594
515.5 1.4710656547753342
516.0 1.1696028834472252
516.5 0.6028158865608173
517.0 0.4329247533361956
517.5 1.4178251046915205
518.0 1.789578453518399
518.5 0.773466646348155
519.0 0.6232075943017399
519.5 1.671040461681184
520.0 0.8302999831306028
520.5 1.8365011950708974
521.0 1.1705144624714365
521.5 0.8996194735387462
522.0 2.5986460252577075
522.5 1.3030251745881025
523.0 1.2752859849236384
523.5 1.013296205175568
524.0 0.7699786925608996
524.5 1.204923842974391
525.0 0.8473604799324763
525.5 1.0226578866176117
526.0 0.36611505606157496
526.5 0.8238386580803576
527.0 1.2508414144463755
527.5 0.9393619314268258
528.0 1.7303356056566876
528.5 0.8017738143095876
529.0 0.6123927709423078
529.5 1.1800509240251498
530.0 1.2383993389989665
530.5 1.2290836856461218
531.0 1.0828335769840982
531.5 0.7588107087039901
532.0 1.7304434725541644
532.5 1.6352494223495806
533.0 0.7516251126061142
533.5 0.8007506990451672
534.0 0.7334324884647054
534.5 0.7546955422328996
535.0 0.6945030379770847
535.5 0.946846701596176
536.0 0.9587844462218393
536.5 0.9609564654703588
537.0 0.9010681220703133
537.5 1.0464450111289196
538.0 0.6780266806981823
538.5 0.620877043538577
539.0 1.1014480677849012
539.5 0.8354465881471808
540.0 1.6158448467559907
540.5 1.0151633948155192
541.0 1.2986899114849555
541.5 1.1668959173069295
542.0 1.3791404812334351
542.5 1.6422230561855855
543.0 1.3056536746925516
543.5 1.0698673613050396
544.0 1.4183188499909047
544.5 1.0687696019596147
545.0 0.9080579599532899
545.5 0.7890754387215482
546.0 1.6187377251702175
546.5 0.6866873220380256
547.0 1.4568989768282528
547.5 1.331655009649132
548.0 1.0025999434124744
548.5 1.2620358200250654
549.0 1.680724852138354
549.5 0.9738802144688931
550.0 1.0273478399054095
550.5 0.6319179673697699
551.0 0.6027755184033878
551.5 1.0632968714713047
552.0 1.752974740372637
552.5 1.1809711733868826
553.0 2.5809445389785863
553.5 1.1564003336896647
554.0 1.3401049824399993
554.5 1.0090163295918375
555.0 1.2100035315189424
555.5 1.572832379638215
556.0 1.1233918860335053
556.5 0.6472474529953378
557.0 0.8254159151271293
557.5 0.8289609074312903
558.0 1.065006006254066
558.5 1.0236926946230749
559.0 1.4753086280017644
559.5 0.9334761771326034
560.0 0.9779379079270099
560.5 1.8216316677766198
561.0 1.084155347432242
561.5 2.0342699053320983
562.0 1.7108779105527598
562.5 1.6361516073498104
563.0 1.1141984094577146
563.5 1.6332926767744187
564.0 1.9307763557136528
564.5 0.7108860650016248
565.0 1.8888822386612665
565.5 0.9524747484109168
566.0 1.1747340277853102
566.5 2.340384227300118
567.0 1.6934561835228303
567.5 1.5062055699264667
568.0 1.6803446299918403
568.5 1.1999713795671232
569.0 1.7065565693321774
569.5 1.4425055247618104
570.0 1.6116434115571885
570.5 1.5998491507737127
571.0 1.9124564013978913
571.5 2.1415142047776454
572.0 0.9414824149381309
572.5 1.0744709428810704
573.0 0.8599232551016714
573.5 0.8818610842366073
574.0 1.9033397755358017
574.5 1.000641705380826
575.0 0.7632501910371495
575.5 1.8345211559637318
576.0 1.6397072245736424
576.5 1.0568359910912257
577.0 1.7265498943335769
577.5 2.679621866227587
578.0 2.2315177972751474
578.5 1.247855208451543
579.0 1.797817087982846
579.5 1.0274401585947992
580.0 2.0755284185928566
580.5 1.3314178870293314
581.0 0.9251554790466938
581.5 0.6490711061961408
582.0 0.8774833609607114
582.5 1.4847092278201242
583.0 2.1479453536479935
583.5 0.7392318259170937
584.0 1.1590912226355643
584.5 1.5334428387408963
585.0 1.485368030044088
585.5 1.1338328264185211
586.0 1.0302613717694982
586.5 0.9538834489452714
587.0 2.1938066059264467
587.5 1.7376445196701837
588.0 1.3131279073451285
588.5 1.0422688899509334
589.0 0.6206351493937632
589.5 1.0515258605836475
590.0 0.7841145027698103
590.5 1.9732824710962162
591.0 2.17796906906867
591.5 1.7118281902468184
592.0 0.6665558320451891
592.5 1.0481086023486037
593.0 0.8538846543139427
593.5 1.9770359561056905
594.0 1.601922026656894
594.5 1.9155344198420472
595.0 0.6861275573947919
595.5 0.9864979645651459
596.0 1.9339207493889057
596.5 1.9344925201645096
597.0 0.2
597.5 1.428882575096655
598.0 0.9434066638964727
598.5 1.6799947353362303
599.0 0.9010451880946478
599.5 0.9783338217294024
600.0 0.5080278456844556
600.5 0.5257587939487436
601.0 1.8764019619865862
601.5 0.6487942226085373
602.0 1.9233032783895911
602.5 1.3016427587174801
603.0 0.8459772268412606
603.5 0.9330942795301714
604.0 0.8903347721927518
604.5 0.7207891028880276
605.0 1.4067249945353528
605.5 0.9176220929105129
606.0 1.2313669494398873
606.5 0.9139423693278265
607.0 0.9441075712337
607.5 0.9926358138004749
608.0 1.1035557263277298
608.5 0.8926729896769229
609.0 1.1693499957847155
609.5 0.5936374887222001
610.0 1.293145511195174
610.5 1.3714326879650023
611.0 0.8461612035521131
611.5 0.788119374404067
612.0 2.2769769771200385
612.5 1.1737924844446757
613.0 0.8862087403755518
613.5 0.6928649692356197
614.0 1.5771977969652542
614.5 1.732376407642567
615.0 1.6986399802882701
615.5 1.5289936634455208
616.0 1.087295390504983
616.5 0.895817442283187
617.0 1.476428520901802
617.5 1.6010477100123275
618.0 0.6777334530883707
618.5 1.2436831236444243
619.0 1.0028187650878362
619.5 1.1307612831358682
620.0 1.0546745180052106
620.5 0.798810866575955
621.0 1.0411174940323402
621.5 0.7373947295186174
622.0 0.5465036557204226
622.5 1.4034476734354517
623.0 0.7035426970383232
623.5 0.7973978963303727
624.0 1.417874711827384
624.5 1.5032359624218032
625.0 2.037399654985001
625.5 0.9569031354572042
626.0 0.6375886123101031
626.5 0.2
627.0 0.5395326629442074
627.5 1.4250918028539008
628.0 0.6889076510730431
628.5 0.9823615555584727
629.0 0.9994054910912074
629.5 1.3393508375994116
630.0 2.2388388297363346
630.5 2.314732742759343
631.0 1.2925291960665422
631.5 0.7907290274315273
632.0 0.9833304729704224
632.5 1.8329951951110188
633.0 1.8511830266640779
633.5 0.6456632367496792
634.0 2.0504927535172213
634.5 1.5951886708542777
635.0 1.281729072478178
635.5 0.7979002457282598
636.0 1.1606342425861604
636.5 1.1865016319910016
637.0 0.7919254814055066
637.5 0.8662274671714503
638.0 0.7617625599819755
638.5 0.6047035606369613
639.0 1.5034976563983042
639.5 2.0619276283271186
640.0 1.0418308276858634
640.5 1.491885388178816
641.0 1.6771596768122885
641.5 0.8038182219788936
642.0 0.7710291945168006
642.5 1.4037723149785777
643.0 1.0131531023943734
643.5 0.7909293574486094
644.0 1.8514035257392898
644.5 1.2239906126242295
645.0 1.8298810447273541
645.5 2.155785587040334
646.0 1.244447204714693
646.5 1.0798738367242242
647.0 1.2797898450004084
647.5 0.7203103560880697
648.0 0.6628686426069487
648.5 1.099971485417814
649.0 0.8236438336209979
649.5 1.9064941562695004
650.0 0.4919367082265227
650.5 0.6026216490339678
651.0 0.6952693265254419
651.5 0.9445420327653707
652.0 0.7626455783819943
652.5 1.393555746757485
653.0 1.3097611121742292
653.5 0.8895019854445823
654.0 1.0885078207984566
654.5 1.090516628627787
655.0 0.5215177388608452
655.5 0.8509755727641376
656.0 0.7187485637818829
656.5 1.5108069752234945
657.0 1.7867222350603678
657.5 2.4690945196712253
658.0 0.7163237638161559
658.5 0.8969093888073278
659.0 1.0579051883567403
659.5 0.9096725597022481
660.0 1.0022089468839324
660.5 1.3709626848868064
661.0 0.6997232909729063
661.5 2.100500609645789
662.0 0.7514219456783472
662.5 1.0968295935198098
663.0 0.9591381642051231
663.5 0.7302328838423865
664.0 1.0186990276341723
664.5 1.9794294972230473
665.0 0.7990852419232795
665.5 0.6008112049586464
666.0 0.7577291470674048
666.5 1.0380564192660549
667.0 2.174101279544275
667.5 1.0215890066172566
668.0 0.9305951038823584
668.5 1.8811798269999693
669.0 0.43982276479120275
669.5 1.3621063421845965
670.0 0.9697676260303367
670.5 0.8260594715224341
671.0 0.8710597263523783
671.5 1.6647864235126955
672.0 1.002719759024061
672.5 1.5124767350989072
673.0 0.6970158772796627
673.5 1.1506928388639923
674.0 0.987124176012681
674.5 2.229555929286298
675.0 1.8614572610808247
675.5 0.8365524749640809
676.0 1.2967737090756524
676.5 1.7636535657479038
677.0 1.2631055590468638
677.5 0.7645052356638407
678.0 1.1431909690627333
678.5 0.7012632165223953
679.0 1.3343070436284288
679.5 0.6323308194230156
680.0 1.3142615560648618
680.5 0.46664852696762604
681.0 1.5486322653497697
681.5 0.6903525682771163
682.0 0.5328918807084684
682.5 1.4273522038537454
683.0 2.179747877675788
683.5 1.7406400380042748
684.0 1.2839347957380505
684.5 0.9192177369560333
685.0 0.6523296027361338
685.5 0.685098105920039
686.0 1.465651349637263
686.5 0.8970069353269141
687.0 1.1683693026927084
687.5 0.8507264402731602
688.0 1.5286169099168534
688.5 1.4553723584404108
689.0 1.6936324010145463
689.5 0.8823234830878917
690.0 1.5015265901581034
690.5 0.5890111225171515
691.0 1.5650430210065562
691.5 1.4395936008253976
692.0 0.9045876419456618
692.5 1.9506371192740781
693.0 0.644406405789798
693.5 1.2896238272071217
694.0 0.7767820373436234
694.5 1.392485979678906
695.0 0.7400582303318204
695.5 0.8536426354104922
696.0 1.662880683789258
696.5 2.5119084886073013
697.0 1.5248722896895726
697.5 1.249517534805499
698.0 1.1532411629408261
698.5 0.3977628032077103
699.0 0.715131662615421
699.5 0.5229831101372203
700.0 1.1193073995540435
700.5 0.8039253172997278
701.0 1.0059776230954718
701.5 0.6738595415561208
702.0 1.0127279988868214
702.5 0.7191935440737096
703.0 0.7137132844763343
703.5 0.6364193677235632
704.0 0.6002841951103163
704.5 1.7177577577629757
705.0 0.8935059779292744
705.5 1.6250922345782057
706.0 0.9337199811538947
706.5 0.7492181654652497
707.0 1.379094261998968
707.5 2.558984612657793
708.0 0.8515927545323683
708.5 1.3209185686150247
709.0 2.708683838327769
709.5 1.3555885982799307
710.0 1.8858058765930914
710.5 1.039992970197466
711.0 2.185882168731034
711.5 0.6933301431130074
712.0 1.060292823723692
712.5 1.5515855322379437
713.0 0.6652411119807804
713.5 0.9152746947947162
714.0 1.450703400114374
714.5 1.5769895237041784
715.0 0.5497620153580309
715.5 1.1576473074748035
716.0 1.6305731943290556
716.5 0.9062842628730117
717.0 1.8111818385067213
717.5 0.9173238551246226
718.0 0.9539488356216935
718.5 1.4790553554618735
719.0 1.8794788095958928
719.5 1.0293041333654136
720.0 1.5048143540983485
720.5 2.619019775359365
721.0 1.3968794389690788
721.5 1.8150472243624538
722.0 1.6000929720937163
722.5 0.8690412427942411
723.0 0.6148325350836922
723.5 0.8547482162907728
724.0 0.7730925879636426
724.5 0.9230568268838792
725.0 0.9222204021782232
725.5 0.8952599477273747
726.0 1.1212758582410958
726.5 1.302561382561254
727.0 1.7853586128979335
727.5 0.8338131940399686
728.0 1.5386917141669545
728.5 1.2539919841275755
729.0 0.5556525519520927
729.5 2.3644553352791564
730.0 1.7355889008187626
730.5 1.1184213783758477
731.0 1.1442290377496855
731.5 0.9334375305571609
732.0 0.772677281391579
732.5 0.9805523788697191
733.0 1.4019915374329834
733.5 0.9885162568957615
734.0 1.6557276447753118
734.5 1.0522581294466051
735.0 0.9282427376706754
735.5 1.5418676902870412
736.0 1.0863997027125445
736.5 1.8479077853070336
737.0 0.7610223217439573
737.5 0.4013202946745875
738.0 0.2
738.5 1.1836900085514548
739.0 1.3209754371330402
739.5 0.8658564652764182
740.0 0.802576114306307
740.5 1.0858026204335591
741.0 1.0025576840810824
741.5 1.5051412616156266
742.0 0.960073925242252
742.5 1.2980154896267388
743.0 0.9800845046859517
743.5 0.9757506960571576
744.0 0.6660782168754182
744.5 1.4760382594215797
745.0 0.9477312898780421
745.5 1.1112625824314046
746.0 1.3736358821562247
746.5 1.2359698271963397
747.0 1.61997699528137
747.5 0.2
748.0 1.3683513317005174
748.5 0.8531880486573129
749.0 1.3054261866767884
749.5 2.138552766527169
750.0 1.7760126894759576
750.5 0.9338893870362626
751.0 1.6207640906692045
751.5 2.0160916306779453
752.0 1.5709199903920794
752.5 0.9989243956375609
753.0 1.210539888322371
753.5 0.9433538184125677
754.0 0.9108252498107882
754.5 2.1098857941787275
755.0 1.705624625189743
755.5 0.6390291222253834
756.0 1.352970179099133
756.5 0.9053307164375795
757.0 1.0273846152552761
757.5 0.9246453043329731
758.0 1.01409311423232
758.5 1.2266850196992403
759.0 1.3885190383718586
759.5 1.8084376878371433
760.0 1.2974214834820437
760.5 0.8729660584066283
761.0 1.3447657520074907
761.5 0.9887103994881306
762.0 1.5929653369963284
762.5 1.8182647282534883
763.0 1.661445515771554
763.5 0.8948161768796985
764.0 1.3607043444390508
764.5 0.7365540321118309
765.0 0.7159656916674323
765.5 0.9535958731288954
766.0 0.9624139398490732
766.5 1.297735153599005
767.0 1.0045508987193164
767.5 0.5751121342808907
768.0 2.8579313034604557
768.5 2.2093578464606742
769.0 1.22503877701623
769.5 0.9209354982812814
770.0 0.8167583842809757
770.5 1.4430227852357476
771.0 1.6503558603172674
771.5 1.4246446901314294
772.0 0.9741950439003546
772.5 1.5519431209745513
773.0 1.3009446032398244
773.5 0.5596346580122156
774.0 0.6769512906111201
774.5 1.4806361770530616
775.0 1.5157299437665026
775.5 0.9909407805599862
776.0 1.6492448857859277
776.5 0.746562746785507
777.0 1.1916219318028982
777.5 1.3977453852477548
778.0 1.0694302350600338
778.5 2.015825700495724
779.0 0.995147921197044
779.5 1.1145888362619676
780.0 0.7064860069507957
780.5 0.9928461146817184
781.0 0.8887120917437183
781.5 1.0307436832496744
782.0 1.0030695820545967
782.5 1.130183029860329
783.0 0.5430386692705417
783.5 0.637837458889228
784.0 0.5573370425094815
784.5 2.228445171340253
785.0 1.2338654315793738
785.5 0.7683494608860021
786.0 1.0449008528501362
786.5 0.6298869962944569
787.0 1.1518554880995713
787.5 1.9194493930446468
788.0 2.0326360331952693
788.5 1.8547994604203195
789.0 0.9602698382243797
789.5 0.7004643010569311
790.0 1.1750074621633089
790.5 1.6157046257102037
791.0 1.6529280608075836
791.5 0.9628458268126671
792.0 0.9118841414308296
792.5 0.8164320564037847
793.0 1.2909291845781086
793.5 1.406020872406401
794.0 0.741143392562318
794.5 1.288590184806793
795.0 1.4217823513020815
795.5 0.7809342183599685
796.0 1.0022217465305414
796.5 1.1760481190527523
797.0 0.7772333280244823
797.5 1.0530603964386795
798.0 2.1341925262360886
798.5 1.6439954268241321
799.0 1.3444828010194168
799.5 1.1813025128477865
800.0 1.5109936993289597
800.5 0.9114180859159026
801.0 1.6709012981287878
801.5 0.7188885408988436
802.0 1.5276947286610063
802.5 1.5394078952004535
803.0 0.8081836992430385
803.5 1.1905177502960473
804.0 0.9872670818274834
804.5 0.8155322127207699
805.0 0.9121582282012541
805.5 0.7715409301732417
806.0 1.0409707925115668
806.5 2.0434778868127923
807.0 0.9347241374770214
807.5 1.3868423244472055
808.0 1.6338252071552444
808.5 1.4335944329384949
809.0 2.228286430040834
809.5 1.9794184348824015
810.0 1.250334815808967
810.5 0.8965548092215978
811.0 0.5234682240303418
811.5 0.998013978234638
812.0 1.5802203867708238
812.5 0.9506890274481288
813.0 1.037527452176899
813.5 0.9867439686037945
814.0 2.0611348938701215
814.5 1.2513679335222112
815.0 0.6780957941022526
815.5 1.6458540731649778
816.0 1.8527274774623725
816.5 0.6630299039672212
817.0 1.7418744290815573
817.5 1.4618633341752467
818.0 0.8643510934383672
818.5 0.724936655153793
819.0 1.4636984424934414
819.5 1.5822866794319423
820.0 1.1471120866348645
820.5 0.8443034052363132
821.0 1.1468623373210125
821.5 2.154340039108407
822.0 1.6206071800904704
822.5 1.092663006802407
823.0 0.7599814468048685
823.5 0.8950920305846742
824.0 0.6329254076640445
824.5 1.3028561473841993
825.0 1.6365492321074857
825.5 0.6840081703170892
826.0 0.24163700936739163
826.5 1.9204203832990616
827.0 1.5459860255148345
827.5 1.643178148495597
828.0 1.176596992314277
828.5 1.7119100449027185
829.0 0.8905970049981005
829.5 1.8274128659126954
830.0 1.982619382524644
830.5 1.6352576025168308
831.0 1.5929488721694007
831.5 1.0386186711795515
832.0 1.4122694309275134
832.5 1.8376398472698177
833.0 0.79683723938555
833.5 0.9036043174797831
834.0 1.994333082605022
834.5 1.723389804657591
835.0 1.418314079781962
835.5 1.1318737749778975
836.0 1.2702706013272875
836.5 1.2563235288701233
837.0 1.4822493804442243
837.5 2.0607547949991836
838.0 0.8135448795056621
838.5 0.9429522624183744
839.0 1.5078893642377915
839.5 0.9789901831228851
840.0 0.9301567850369994
840.5 0.8420706735618513
841.0 0.990502942870969
841.5 0.7261086032256485
842.0 0.7511841357989706
842.5 1.1468335827772551
843.0 1.1272579794240851
843.5 1.1685571745201984
844.0 0.8780781766475656
844.5 1.4652597131302487
845.0 1.4481329728351806
845.5 1.0668842106225465
846.0 0.8151151861184855
846.5 0.7235632926036677
847.0 2.063384806527653
847.5 1.2191452307936668
848.0 2.490180610556938
848.5 1.436190279013741
849.0 1.4857464728098717
849.5 1.4465505643006726
850.0 1.4940257433717625
850.5 1.6214420817843758
851.0 2.451813931415427
851.5 0.5464704389154773
852.0 0.6207566842427815
852.5 0.8981247148304958
853.0 0.6323970743302884
853.5 1.9646899276004433
854.0 1.5607266282794026
854.5 2.349761972672533
855.0 1.4974449726088048
855.5 1.283460830092634
856.0 1.0314121377705625
856.5 0.9305668995812668
857.0 0.7609973779493638
857.5 0.993004757986323
858.0 0.656035804448152
858.5 1.273810156914573
859.0 0.6168799605401616
859.5 1.523258149651844
860.0 1.2533908074529005
860.5 0.7595302478723538
861.0 0.6236005049585179
861.5 0.7445103618349996
862.0 0.5460634798800789
862.5 2.303112608035832
863.0 0.8771657754979939
863.5 0.320717833517699
864.0 1.3978555945970537
864.5 0.8395888698764531
865.0 1.0141196199980476
865.5 0.7996080250815579
866.0 1.411848870442225
866.5 0.9757384549317949
867.0 1.1923036374246871
867.5 1.3084918616029126
868.0 1.4670480920721358
868.5 1.6736780624639724
869.0 1.8984982911816146
869.5 0.9782102732120947
870.0 1.2033278899465039
870.5 1.545338094021363
871.0 1.9725221409168405
871.5 1.5178163842318693
872.0 1.3184800329980895
872.5 1.7534811494559124
873.0 0.7863351446560229
873.5 0.7055645054394745
874.0 2.146366953668783
874.5 0.7962216158994242
875.0 1.8973195083317986
875.5 1.0693092334858196
876.0 0.8774149309574776
876.5 1.0086796669131288
877.0 0.9424285826310259
877.5 1.618097774884477
878.0 1.0606210040237565
878.5 1.225176686733341
879.0 0.79889341313316
879.5 1.2293091049665117
880.0 0.8443169068274556
880.5 0.7016314678269782
881.0 1.7199327863427825
881.5 1.8468379890505393
882.0 0.8667290035170241
882.5 1.4166135164795097
883.0 1.3898133973546405
883.5 1.9257237234838551
884.0 0.9100465742942833
884.5 0.2
885.0 1.6465791539323038
885.5 1.23761411639417
886.0 1.2403641660451046
886.5 0.9250568445254669
887.0 1.0172129455016272
887.5 1.6374420907518767
888.0 0.8344823987913836
888.5 1.646827934797321
889.0 2.1430943937783318
889.5 0.9565295398746638
890.0 1.992844556906657
890.5 1.6171616625810326
891.0 1.1695612180349957
891.5 0.742598513284541
892.0 0.9302096968152385
892.5 0.9719846965109056
893.0 0.6375665649074823
893.5 0.9019754528477202
894.0 0.9423446207562238
894.5 1.2608931647002097
895.0 0.8880848559585561
895.5 0.8936478194942863
896.0 1.0803232620394494
896.5 1.0603144069760941
897.0 0.7776529944426782
897.5 1.0207925011881744
898.0 1.0308129525576497
898.5 1.1045938032921625
899.0 1.32171545214892
899.5 0.5207331311457892
900.0 0.6821135064942176
900.5 0.9781986542181302
901.0 0.8386790494098724
901.5 1.25102224693067
902.0 1.4726053312392373
902.5 1.3074629137085427
903.0 1.5378422938120813
903.5 1.951778032804893
904.0 1.1311082856292556
904.5 0.6816711742243193
905.0 1.2904375272522122
905.5 0.6108067235436944
906.0 1.2461247179023065
906.5 1.1470075186014421
907.0 1.3209649196434954
907.5 1.77853770134699
908.0 1.0822811909502577
908.5 1.2799427435527637
909.0 1.6250760102038813
909.5 1.1069611138263955
910.0 0.7316778114590188
910.5 1.183768696479615
911.0 1.3563319081691363
911.5 0.8508700099980148
912.0 1.421277595035649
912.5 0.5087919293451358
913.0 0.3939057125718267
913.5 0.7518619064987596
914.0 1.272717041855781
914.5 1.0287008155114683
915.0 2.7573683753718488
915.5 1.7648991518406871
916.0 1.1089573171946585
916.5 1.0972756284580165
917.0 1.256204142172407
917.5 2.108783553458987
918.0 1.210647745751311
918.5 2.611337360577539
919.0 0.6665132890135184
919.5 0.9444062107259316
920.0 1.878632069210504
920.5 1.607989307866048
921.0 1.7681353620846956
921.5 1.335150006423743
922.0 1.0103766112232093
922.5 1.5685731739905826
923.0 2.1009640790017743
923.5 0.9650012701448835
924.0 1.172679790497488
924.5 2.3275049453877963
925.0 1.518323501036073
925.5 1.0813339839854996
926.0 1.0413647216765103
926.5 0.4825827832103157
927.0 1.3245737303814358
927.5 0.919438117007225
928.0 1.0858761664010699
928.5 1.060614857276073
929.0 1.3914248879110689
929.5 0.801917037741829
930.0 1.9943683888075692
930.5 1.186423188681447
931.0 1.0533654511155583
931.5 0.9659618947029684
932.0 0.8851811070909392
932.5 0.8665424457606378
933.0 0.7624745621090773
933.5 0.6567979482064443
934.0 1.5447720612126778
934.5 2.085254445866239
935.0 1.8584952010836253
935.5 0.7229679355873946
936.0 1.534441470604452
936.5 1.6703902850077648
937.0 1.6299245644431095
937.5 1.2014491377787115
938.0 0.671728499869892
938.5 1.204073356316845
939.0 1.8393984870878612
939.5 0.6600622073803839
940.0 1.2103528768710203
940.5 0.8599598242372914
941.0 1.2291019024526708
941.5 0.9559028520915857
942.0 1.4504200404824763
942.5 0.7178038287863487
943.0 0.4989565395023926
943.5 0.9597401713105405
944.0 1.3135274652715252
944.5 1.012596737814451
945.0 1.4593072220192447
945.5 1.798703822489404
946.0 1.0807143828234274
946.5 1.068492477370003
947.0 1.1984139187617788
947.5 1.5911390390481195
948.0 0.8184969569532075
948.5 1.6559013685189141
949.0 0.5339329605085436
949.5 0.4763148753245848
950.0 1.5605801634692533
950.5 1.0121098691962604
951.0 0.6863122082808344
951.5 0.7427896270250743
952.0 0.9333894746671036
952.5 0.5390672112955657
953.0 0.6155537768213807
953.5 1.149104022842422
954.0 1.736566871389208
954.5 0.658075291532474
955.0 0.7467356459062895
955.5 0.9885712272982172
956.0 1.3749825992382325
956.5 1.150293085935223
957.0 0.987973145765439
957.5 1.104055403172158
958.0 2.6058137540963804
958.5 1.3089532259498091
959.0 1.0265407382179732
959.5 0.9812614364065944
960.0 1.6985125320934722
960.5 0.8385339252925131
961.0 1.87824878294319
961.5 2.6558285684368728
962.0 1.110521589211373
962.5 0.7261478998783745
963.0 1.0097153658064628
963.5 2.0573417889899934
964.0 0.7770687909696526
964.5 0.9649247800580286
965.0 0.5453499614540328
965.5 0.8736420835162457
966.0 1.0853385629933427
966.5 0.898423459880415
967.0 1.4601682844703385
967.5 2.521325893722084
968.0 0.8235903259681667
968.5 1.069820617240464
969.0 2.3242761507718246
969.5 0.9039453666930976
970.0 0.48447140013061646
970.5 0.5929531065007574
971.0 0.3947430384873978
971.5 1.1212176610129467
972.0 0.8554712437010112
972.5 1.54319478316114
973.0 1.1652892546832256
973.5 0.6264488168654717
974.0 1.2426433174137088
974.5 1.6397814776520128
975.0 0.9520351160227722
975.5 1.3029332369038793
976.0 1.2879849666658025
976.5 1.758545189048923
977.0 1.6672425306871537
977.5 0.9843687331338635
978.0 0.7556470430644557
978.5 1.9731273623099252
979.0 1.1693357434200118
979.5 1.949510793450168
980.0 1.0816338610049874
980.5 1.0829206056852325
981.0 1.7658927681269825
981.5 1.6458571254624177
982.0 1.6456683507767018
982.5 2.0415100372214354
983.0 1.0488432185841114
983.5 1.0085898966344655
984.0 0.6731625580405647
984.5 0.8994808673033345
985.0 1.0567283359827986
985.5 1.4561414948742688
986.0 1.6005111162205792
986.5 1.2393834720918457
987.0 1.6558491710015677
987.5 0.8445489419436504
988.0 0.936583413936127
988.5 1.4962406657955047
989.0 0.49999386123376555
989.5 1.4673964797940586
990.0 1.9254965129712123
990.5 1.5874679892603738
991.0 0.9051787612277618
991.5 1.8557884157163331
992.0 1.6094638847731617
992.5 1.0626593511168128
993.0 0.721777257435334
993.5 1.1415718118199694
994.0 1.4369403197758237
994.5 1.121141819387124
995.0 0.7887404573920285
995.5 1.2691474302626897
996.0 1.2729461062076504
996.5 0.9746778800218621
997.0 0.5273412834538267
997.5 1.5358154458124125
998.0 1.4214368065580214
998.5 1.2042517646316537
999.0 0.7549989518693807
999.5 1.8856977599225548
1000.0 1.0147357479123658
1000.5 1.7891924526047827
1001.0 1.3967231838570866
1001.5 1.2702139590446122
1002.0 1.95071889889998
1002.5 1.1679731903680177
1003.0 1.7245598025623536
1003.5 0.9433658921883279
1004.0 2.113654367959878
1004.5 1.3037458221699707
1005.0 1.784178008523114
1005.5 1.527268059309928
1006.0 2.266163661310609
1006.5 1.126987799714656
1007.0 1.3346524201164756
1007.5 1.2360297569564558
1008.0 0.5989330750376077
1008.5 1.7336128279513043
1009.0 1.5750989142029936
1009.5 1.7333163151080926
1010.0 1.3030156492046676
1010.5 1.887425562801552
1011.0 1.4963701257122253
1011.5 1.2903593360830723
1012.0 0.6459703113567579
1012.5 0.6817378971955788
1013.0 0.5946506335644035
1013.5 0.5936338557396832
1014.0 1.2474290490614308
1014.5 1.4061485211008766
1015.0 0.879487395050423
1015.5 1.42152045640426
1016.0 1.2447092526898786
1016.5 0.8975793959627377
1017.0 1.84716170413093
1017.5 1.7001351338691286
1018.0 1.70394522323858
1018.5 0.8810181970077753
1019.0 1.1706365504935046
1019.5 0.7478839295789841
1020.0 0.9346588995046448
1020.5 1.776079120665326
1021.0 0.8718247857409684
1021.5 0.8975694574314917
1022.0 1.9893637066574548
1022.5 1.4202396729592912
1023.0 2.2925925523007686
1023.5 0.8785487071759057
1024.0 1.8255084983711576
1024.5 1.5607408527474216
1025.0 1.5269426825419983
1025.5 1.0715260229316566
1026.0 0.6703546514939501
1026.5 0.5245902264059747
1027.0 0.7939782237840092
1027.5 1.443168072546299
1028.0 1.463508653000441
1028.5 1.2729023694319892
1029.0 1.180057361223269
1029.5 0.6036623931362739
1030.0 1.285024932314976
1030.5 0.9576568275588853
1031.0 0.6062080587394487
1031.5 0.7532298653996393
1032.0 1.206454011252563
1032.5 0.9122828226594741
1033.0 1.2348203680671084
1033.5 1.2896464317513803
1034.0 0.6593943426254778
1034.5 0.8096097697667748
1035.0 1.591660583394311
1035.5 0.7831668690278004
1036.0 1.482394142892336
1036.5 1.317832900402538
1037.0 1.1070989394233264
1037.5 0.3657624421134522
1038.0 0.9457826151646109
1038.5 1.4075537676485665
1039.0 0.7654933288215605
1039.5 2.4386763947582
1040.0 2.5995088859397333
1040.5 1.4923628051057687
1041.0 0.8501718439993614
1041.5 0.8471977282347718
1042.0 0.9786936319867976
1042.5 1.9460685968256624
1043.0 1.1086440962537742
1043.5 1.9552709149559577
1044.0 0.7359622140312301
1044.5 0.7052439872121046
1045.0 1.009837563345003
1045.5 1.720434587396279
1046.0 1.1921619188649206
1046.5 2.062179384823947
1047.0 1.1805333759812342
1047.5 1.5205804152438498
1048.0 1.4793096315964707
1048.5 0.6794687037232411
1049.0 1.3427457855120617
1049.5 0.7748513106554089
1050.0 0.5613193106291526
1050.5 1.206972724780142
1051.0 1.3329380004756817
1051.5 0.6633656984777632
1052.0 1.880011321278497
1052.5 1.1527899074901333
1053.0 1.3404165220122284
1053.5 2.4557042464155856
1054.0 0.6375048922424484
1054.5 1.0044613408397012
1055.0 0.8846326808725579
1055.5 1.4915970703728985
1056.0 2.124096819993372
1056.5 1.4048293665749765
1057.0 1.4827755042033317
1057.5 0.793340495872194
1058.0 1.396899647541336
1058.5 1.079383095390826
1059.0 1.857328105604354
1059.5 0.7330462979237373
1060.0 0.8208524587074577
1060.5 1.1407928676673904
1061.0 0.8007723762649054
1061.5 1.7287754797224493
1062.0 1.24775491430631
1062.5 1.611072138537509
1063.0 1.1191243793985872
1063.5 1.4899946059327354
1064.0 0.9856360371531243
1064.5 1.9448416755845657
1065.0 1.9017864494858812
1065.5 1.4034790903371945
1066.0 1.6997150623161865
1066.5 1.0135945933845196
1067.0 1.1077421197910944
1067.5 2.0366329298639947
1068.0 0.6956323938100524
1068.5 1.0170101397936444
1069.0 1.443985005185025
1069.5 2.0117265891497134
1070.0 1.6456841640282798
1070.5 1.0335403343691012
1071.0 0.4825577644283534
1071.5 0.7530779675904481
1072.0 1.1842564943061258
1072.5 1.4509517273801986
1073.0 0.953657182099725
1073.5 1.1714549988537117
1074.0 1.1582228118199576
1074.5 0.8173639645549744
1075.0 0.7718016932927654
1075.5 0.9828072837305942
1076.0 0.7591853105325115
1076.5 1.2896070385564875
1077.0 1.492926543399821
1077.5 0.7309201592961643
1078.0 0.5494862218139336
1078.5 0.7471200321807034
1079.0 1.0346471014322065
1079.5 2.6143788583660044
1080.0 1.550504936247216
1080.5 2.5238911112253364
1081.0 0.9826150592547211
1081.5 1.8197683799481355
1082.0 0.8296741891707688
1082.5 0.8010183420222727
1083.0 1.2874530553738741
1083.5 2.339060361624144
1084.0 1.7143916210905878
1084.5 1.893407752285284
1085.0 1.5681034185551108
1085.5 1.5299362324101737
1086.0 1.3048972700261874
1086.5 1.6160165566074545
1087.0 0.9733396123418077
1087.5 2.3035306777444506
1088.0 1.1426552741340275
1088.5 0.9642119001272513
1089.0 1.1715256043736078
1089.5 1.6398326148074254
1090.0 1.6708189381806209
1090.5 1.0756339761389786
1091.0 1.2071687717269155
1091.5 2.0646834569201205
1092.0 0.8173781268936755
1092.5 0.6201484594118373
1093.0 1.1878858315995213
1093.5 1.5330392996623337
1094.0 1.7626210746880417
1094.5 0.9299341330550188
1095.0 1.3049276425797327
1095.5 0.8196148964095464
1096.0 1.6159312428845638
1096.5 0.7914938656271864
1097.0 0.785360600522536
1097.5 0.4684166090057489
1098.0 0.8193891567067825
1098.5 0.9251566405415732
1099.0 1.7512784554076966
1099.5 1.454772836426441
1100.0 1.4372897806852425
1100.5 0.645098642716325
1101.0 0.6844284845182975
1101.5 1.1521345412452604
1102.0 1.260658306194646
1102.5 0.7041150411287329
1103.0 1.7478815767399243
1103.5 1.3855621117118446
1104.0 1.2473376823907243
1104.5 1.0953477053750538
1105.0 1.8193597756225683
1105.5 0.7573492389451062
1106.0 1.285521447029574
1106.5 0.8793029984828957
1107.0 1.2606909861226878
1107.5 1.088343649889643
1108.0 1.6552769819799518
1108.5 0.6863736975211818
1109.0 0.7268899282096656
1109.5 1.2975016057995243
1110.0 1.3302090512665015
1110.5 0.6876151002754923
1111.0 0.7800883682524478
1111.5 2.144095336073911
1112.0 1.05330187021837
1112.5 0.7948937806390467
1113.0 1.4543945474556528
1113.5 0.8116755027320568
1114.0 0.9459243960069641
1114.5 1.9776868912931809
1115.0 0.8910092933342331
1115.5 0.8049610552818962
1116.0 0.9236598530550011
1116.5 0.6019138529954479
1117.0 1.0757133691863603
1117.5 1.9024937508932145
1118.0 1.0965280659319396
1118.5 1.9365297763715577
1119.0 1.351942398495945
1119.5 0.22042315735988738
1120.0 0.9542795533319788
1120.5 1.4040507939653168
1121.0 1.6846774217572524
1121.5 1.3965891554478314
1122.0 1.4161070752357618
1122.5 1.705500883869202
1123.0 1.0975450577315966
1123.5 0.9340124408298434
1124.0 1.319951821110588
1124.5 0.991676692321497
1125.0 1.2644537192616288
1125.5 0.8780366705237528
1126.0 1.30868115539502
1126.5 1.5458076871856998
1127.0 1.733075489214636
1127.5 0.5401965667799871
1128.0 1.7054198553576763
1128.5 1.327154894651112
1129.0 0.8639992985304625
1129.5 1.7637612983964706
1130.0 1.052226145729537
1130.5 1.1785010267877567
1131.0 1.3434716374460134
1131.5 0.5560329079898805
1132.0 0.6432997788780924
1132.5 1.5658898999151987
1133.0 1.6666367592173676
1133.5 1.8346156467299533
1134.0 0.7958837458038936
1134.5 1.5897326207863272
1135.0 1.1414100133647354
1135.5 1.362023605886321
1136.0 0.6849551409899604
1136.5 1.570916381228718
1137.0 1.7201283401650125
1137.5 0.8120868918638827
1138.0 1.6643080225885054
1138.5 0.879422009923934
1139.0 1.4503695099644645
1139.5 1.7177871571272612
1140.0 0.9782065127864324
1140.5 1.0153696524918832
1141.0 0.9345029281448644
1141.5 1.8194316193539637
1142.0 0.7473040141933909
1142.5 0.7688260401643328
1143.0 1.4040809351846277
1143.5 0.7207703404862593
1144.0 0.7078770662403985
1144.5 1.1432571427677638
1145.0 1.7336665910134053
1145.5 1.07362233723636
1146.0 1.0956456470044105
1146.5 0.8233277790656487
1147.0 1.0733195718394617
1147.5 1.1708203176828738
1148.0 1.975067783587333
1148.5 2.251255080946088
1149.0 1.3286718083302893
1149.5 1.5721426003581405
1150.0 0.7539130930072304
1150.5 1.2889981252812317
1151.0 1.2820861569987616
1151.5 0.9215963753137817
1152.0 0.9724815110516736
1152.5 1.530440087182966
1153.0 1.2830287239519684
1153.5 1.0822500626902363
1154.0 1.012295863430141
1154.5 0.9457444952920019
1155.0 1.4879388613460005
1155.5 0.9686154173807118
1156.0 1.0349533214168483
1156.5 1.271682942395004
1157.0 1.5204254506185566
1157.5 0.8279651216374294
1158.0 1.2774477235778994
1158.5 1.9434670148130488
1159.0 0.9199472694591107
1159.5 2.293635612497021
1160.0 1.9015142358155734
1160.5 1.509598185015955
1161.0 0.8876582570899567
1161.5 1.8169277317200416
1162.0 2.8408302073879526
1162.5 1.068888803660746
1163.0 0.6595914636540736
1163.5 1.0353941218968479
1164.0 1.0070685354517757
1164.5 0.8574612990219024
1165.0 0.7566195841831542
1165.5 2.3247983928325606
1166.0 0.8567126505140076
1166.5 0.3643471991546905
1167.0 0.9816959500390877
1167.5 0.6910706238845948
1168.0 2.080498595124731
1168.5 1.6204576174220717
1169.0 1.408376247727412
1169.5 1.430062593523863
1170.0 0.9383420867838157
1170.5 1.7665273252093905
1171.0 0.9728531942193736
1171.5 1.4474651348843097
1172.0 0.8347606267157341
1172.5 1.6051115353995637
1173.0 1.127156206293731
1173.5 0.6363378144883245
1174.0 0.7590759705430405
1174.5 0.9267087103934049
1175.0 0.9091384199943401
1175.5 0.6599804284612283
1176.0 0.779651234596964
1176.5 1.4496138968565544
1177.0 1.4108744003523825
1177.5 1.6361681434920432
1178.0 0.8581554568717326
1178.5 1.6856496688029496
1179.0 0.7721110308978325
1179.5 0.8201279324882281
1180.0 0.9228151876921648
1180.5 0.8497860753195956
1181.0 1.4915337375127335
1181.5 2.255366612037585
1182.0 1.7740505068716939
1182.5 1.427334727073065
1183.0 1.0420697692257055
1183.5 1.4546532231481721
1184.0 0.8535035238393591
1184.5 1.0274650373724732
1185.0 1.4386360353247563
1185.5 2.169715754931436
1186.0 0.8465210260469802
1186.5 0.44411352847635877
1187.0 1.3871344703735455
1187.5 1.0737316921303497
1188.0 1.0905869548429907
1188.5 1.0842439265215624
1189.0 2.592392067398448
1189.5 0.9025737143412083
1190.0 1.32871892445143
1190.5 1.1783155641580518
1191.0 1.1345525256324784
1191.5 1.7933216593011185
1192.0 1.7298391759302023
1192.5 0.8829750548909554
1193.0 1.1684467968551404
1193.5 1.2534289586730298
1194.0 2.1662239618689076
1194.5 0.8592902417075864
1195.0 1.9672743095738103
1195.5 0.9237625808685652
1196.0 0.7522204699328362
1196.5 2.157160010861592
1197.0 0.8597499195500893
1197.5 0.6947912244019925
1198.0 1.7854584683225145
1198.5 0.8691137357269891
1199.0 1.5248109942352004
1199.5 1.4509701901133325
1200.0 1.8311922239114227
1200.5 0.9577574763725584
1201.0 0.40453900614247296
1201.5 1.0681632515566548
1202.0 1.5162236451104967
1202.5 0.9332831439564275
1203.0 1.2008849298621032
1203.5 1.3990486988112636
1204.0 0.6372702191819345
1204.5 0.6138098206474628
1205.0 0.7209007417472939
1205.5 2.402600965541219
1206.0 1.5257716905477674
1206.5 0.7556253359104417
1207.0 1.068561592703991
1207.5 1.0923794291654716
1208.0 0.8576590624508387
1208.5 0.8524108490337358
1209.0 1.268481552194694
1209.5 2.339613076320261
1210.0 0.720273847735027
1210.5 0.9419291625796287
1211.0 1.7267314237040672
1211.5 0.8789456712619079
1212.0 2.456609774926749
1212.5 1.7497571266865188
1213.0 0.8867108715417287
1213.5 1.2652226581348796
1214.0 0.651500309039463
1214.5 0.9550358732575185
1215.0 0.7007750122699485
1215.5 1.4304293559015413
1216.0 1.626246713700953
1216.5 1.078512289781103
1217.0 1.9881001525857542
1217.5 0.8411110531955027
1218.0 1.837476611853644
1218.5 1.088314920026247
1219.0 1.4801132864232127
1219.5 2.169330678806527
1220.0 0.8279517658836657
1220.5 0.8806556388398671
1221.0 2.6647079166939256
1221.5 1.2185718402470709
1222.0 1.7340129217083065
1222.5 1.5127706018840885
1223.0 2.252082276921819
1223.5 1.1851729145880883
1224.0 1.4918509236773279
1224.5 1.5098912549372268
1225.0 1.5743698373488955
1225.5 0.25790090710535285
1226.0 0.5710435734386534
1226.5 1.4254635683862267
1227.0 2.039832474359061
1227.5 0.9187984909119025
1228.0 0.9844552717406545
1228.5 1.391678517003513
1229.0 0.9254538044384126
1229.5 0.7737862932689181
1230.0 0.589663065765969
1230.5 1.1231339085326149
1231.0 2.0990134146930117
1231.5 0.9640776223286726
1232.0 0.8653638240281549
1232.5 0.7968501715223075
1233.0 0.6958958262375015
1233.5 0.8764661049826961
1234.0 0.9919242923902948
1234.5 0.7139256007471091
1235.0 0.6759754022795159
1235.5 1.1981066770441617
1236.0 0.5124945776930795
1236.5 1.1563655618230948
1237.0 0.972105981577589
1237.5 1.5468958301395277
1238.0 0.9084611253862491
1238.5 0.857390595555487
1239.0 0.5978062174559646
1239.5 0.9317285444901546
1240.0 1.7962477259079062
1240.5 1.2916740760881456
1241.0 0.2
1241.5 1.0471971778152669
1242.0 0.675963109846486
1242.5 1.374133479788835
1243.0 2.567711231753999
1243.5 1.824209000429771
1244.0 1.1927221723428074
1244.5 0.6469677401243337
1245.0 0.9843781270232004
1245.5 1.3227366045307423
1246.0 2.101529536089271
1246.5 1.6135631777302537
1247.0 0.8643019284726252
1247.5 0.854032509175608
1248.0 1.1433268307787892
1248.5 1.0268256693241153
1249.0 0.6712566566445411
1249.5 1.2765490359512293
1250.0 0.2
1250.5 0.59472186937838
1251.0 1.1464454885148587
1251.5 0.9401026075818195
1252.0 1.6283420986022872
1252.5 1.0126218681801042
1253.0 0.6925629197590164
1253.5 1.7172756167325067
1254.0 1.0460346681108024
1254.5 1.1994267537718009
1255.0 1.2989470346452041
1255.5 0.2
1256.0 0.7024022261828858
1256.5 0.2922341161528984
1257.0 1.1351761123979491
1257.5 0.9325662881577282
1258.0 0.48486534615775656
1258.5 0.7600481890805328
1259.0 0.3730216301066511
1259.5 1.0237531456265008
1260.0 0.9330435546980508
1260.5 0.8586154420044902
1261.0 0.6603744074489679
1261.5 0.7610497603657311
1262.0 1.2518166869588523
1262.5 1.122217349897027
1263.0 0.7207572626398411
1263.5 1.3286708163509466
1264.0 0.7760612959968307
1264.5 0.8379237097337491
1265.0 0.6799296244880575
1265.5 1.6662234792131472
1266.0 1.2260248613481477
1266.5 1.3598775537569316
1267.0 2.014427812773607
1267.5 1.14052430991264
1268.0 1.9732413027126183
1268.5 0.8462567116388795
1269.0 1.0044019259704955
1269.5 1.497948613573263
1270.0 1.0551069524354246
1270.5 1.4140284736760764
1271.0 0.7983870762206926
1271.5 0.6599754077394314
1272.0 0.7488599428374989
1272.5 1.3420205785963997
1273.0 1.2345545761181569
1273.5 1.1789452893242185
1274.0 0.9673346152993172
1274.5 1.1404004142296145
1275.0 1.0797880596772003
1275.5 1.6996845601111066
1276.0 0.6905331717544945
1276.5 1.5927857654595532
1277.0 1.0192746190065693
1277.5 0.6655231741953431
1278.0 0.619803334686992
1278.5 1.4240534095995585
1279.0 1.0532271253843946
1279.5 1.9794839490909193
1280.0 0.7204722772407707
1280.5 1.5917171287258907
1281.0 0.8465834248913617
1281.5 1.473657072332147
1282.0 1.4635961777863704
1282.5 1.0342845681499981
1283.0 1.9652222622352835
1283.5 1.0228095161936506
1284.0 1.1290074659097218
1284.5 1.1926761137897544
1285.0 1.0001483540653975
1285.5 0.42987363055740724
1286.0 0.4811277783486808
1286.5 0.779966680343503
1287.0 0.857334303492517
1287.5 0.7602013864376554
1288.0 1.4830453660245442
1288.5 0.27509462112930116
1289.0 0.7395788452681717
1289.5 0.6288671505532347
1290.0 0.809284695488797
1290.5 0.9896284632068739
1291.0 1.2144117150632698
1291.5 0.909766274607838
1292.0 1.5520309662116425
1292.5 0.7061535324993127
1293.0 1.3471695421912582
1293.5 0.7685066375303904
1294.0 0.8718528033582313
1294.5 1.3074470690941826
1295.0 1.2650894286743033
1295.5 1.098560553380946
1296.0 1.1525753111053976
1296.5 1.5840231171887393
1297.0 1.4301514447874504
1297.5 0.860311084453099
1298.0 1.2803018562475248
1298.5 2.1539324011980483
1299.0 0.9005974498751363
1299.5 1.245810300088575
1300.0 0.9108705292286616
1300.5 1.6451579364611773
1301.0 0.7833640287493052
1301.5 1.5354446891861662
1302.0 1.1151069982291633
1302.5 1.1626425321315483
1303.0 1.0584443216704589
1303.5 0.9055249552828972
1304.0 0.47755154181957327
1304.5 1.043254327459993
1305.0 1.2413649660911255
1305.5 0.7810911136289648
1306.0 0.9340528510319464
1306.5 1.3341069905837855
1307.0 0.883995935219997
1307.5 1.1633071527945364
1308.0 0.7770447052871063
1308.5 1.293477016428639
1309.0 1.2228411536627648
1309.5 1.140028317064061
1310.0 0.6405474196372122
1310.5 1.5409051661615956
1311.0 0.9849274371220931
1311.5 2.2066281020350194
1312.0 1.0304170068582985
1312.5 0.5655782984877564
1313.0 0.5303432097984155
1313.5 2.704959251024935
1314.0 1.2976843807532876
1314.5 1.946610886065589
1315.0 2.1386510645669805
1315.5 1.7325646733370754
1316.0 1.4495357393086632
1316.5 0.8498354371532828
1317.0 1.6114656029205707
1317.5 1.4582461348654592
1318.0 1.6804909106858446
1318.5 2.043219687715057
1319.0 0.7544359441489561
1319.5 1.2532234937040647
1320.0 1.4738968251427562
1320.5 1.159405044944657
1321.0 0.9219122987502348
1321.5 1.4597566809763625
1322.0 1.5991708615848543
1322.5 1.928072077775624
1323.0 0.7302279258079281
1323.5 2.065119161088252
1324.0 1.79239492119538
1324.5 1.4423821897482647
1325.0 1.5195874816391255
1325.5 2.3442388427166434
1326.0 1.6197765326233942
1326.5 1.3684060634080364
1327.0 1.4795199224520408
1327.5 0.8604124818288053
1328.0 0.7018824143438744
1328.5 0.6667202527294867
1329.0 0.6509994075372724
1329.5 1.732828391700191
1330.0 1.550336009158448
1330.5 0.6545067456177147
1331.0 1.3329346438482337
1331.5 0.9181949199573329
1332.0 1.7912849723492146
1332.5 1.157447704069074
1333.0 1.3469477512606858
1333.5 1.3731312227570336
1334.0 1.4199700063579606
1334.5 1.0114301695310701
1335.0 1.9257840986957457
1335.5 2.3581452253879895
1336.0 1.315970276516159
1336.5 0.9246079801743283
1337.0 0.8078596913763736
1337.5 0.6335179446030343
1338.0 1.4170816248761984
1338.5 1.5557536969965282
1339.0 0.7118363772484202
1339.5 0.8352809389260878
1340.0 0.8211117852041425
1340.5 1.2040275267240523
1341.0 0.9383958672797261
1341.5 1.4324562594470553
1342.0 1.222442989801039
1342.5 0.720847463263115
1343.0 1.361933530729368
1343.5 0.34877247224808283
1344.0 1.422194082718783
1344.5 0.9577684877640816
1345.0 1.0561491284573856
1345.5 0.9089296968481047
1346.0 0.7263969485467263
1346.5 0.9015123160282741
1347.0 1.726117144044016
1347.5 0.779617588267308
1348.0 1.4732030334121848
1348.5 0.8858299585112333
1349.0 0.7304716502979507
1349.5 0.7696007447371531
1350.0 2.2503291577885296
1350.5 0.8675240133627768
1351.0 1.1385027576454725
1351.5 1.176391213363429
1352.0 0.8480740869492394
1352.5 1.2712233761883118
1353.0 1.7263273659227836
1353.5 0.8478148842126054
1354.0 1.0906108153703766
1354.5 2.272562439039815
1355.0 0.9362222670587899
1355.5 2.4406222630029144
1356.0 0.8953795039593948
1356.5 1.4018767448521539
1357.0 1.059462000042788
1357.5 0.7921306803234904
1358.0 0.6925867787063383
1358.5 0.7373191064699525
1359.0 0.6970747048929222
1359.5 0.7544782873545663
1360.0 0.8423247477638461
1360.5 0.6797004809393463
1361.0 0.7245481572733177
1361.5 2.735984678693411
1362.0 1.5236323335084432
1362.5 1.0896767931689628
1363.0 0.7583188886888248
1363.5 1.2378816421454215
1364.0 0.9826402485223966
1364.5 0.7351320480692536
1365.0 0.8261470617917649
1365.5 1.6260256654072878
1366.0 1.900989994468228
1366.5 0.8881048028288887
1367.0 0.8854010630251121
1367.5 0.6459170877652269
1368.0 0.6635746275669543
1368.5 1.2401291635165963
1369.0 0.750733348598101
1369.5 1.72340457675192
1370.0 1.110062780000715
1370.5 0.9673221801372945
1371.0 1.0049791923753288
1371.5 1.1650805623382434
1372.0 0.8736973937684971
1372.5 1.8468988948298153
1373.0 1.0186603685094882
1373.5 1.291331856772139
1374.0 1.121223784319306
1374.5 2.256289827545016
1375.0 0.7466869790224901
1375.5 0.7330440887323914
1376.0 2.235288189396034
1376.5 0.8791467259244605
1377.0 0.855396642340555
1377.5 1.0375376605892372
1378.0 0.8441597563913118
1378.5 0.651545881706599
1379.0 1.6966558539412933
1379.5 0.9473794755581699
1380.0 1.8512375988312832
1380.5 0.8915102565853479
1381.0 0.6762868748615505
1381.5 0.8569886566962703
1382.0 0.762223239517702
1382.5 0.6349555831480032
1383.0 1.3356778504594584
1383.5 0.6492247405054263
1384.0 1.7300160977208636
1384.5 0.7945465148793993
1385.0 1.216014248618297
1385.5 2.384404572013858
1386.0 1.3859811898536307
1386.5 1.219921127420573
1387.0 1.304634206534186
1387.5 0.6242958731764784
1388.0 0.7349882021123657
1388.5 0.7876977270927401
1389.0 1.0365781437892023
1389.5 1.038122416955133
1390.0 0.8362699166104669
1390.5 1.1840491528982873
1391.0 1.5755817578059625
1391.5 1.434162385392332
1392.0 0.8105738419109567
1392.5 0.8101079246117477
1393.0 0.7660691467410576
1393.5 1.1663220425731535
1394.0 1.0159954999091576
1394.5 0.38291476817860004
1395.0 1.4587134864588231
1395.5 0.7761298753176589
1396.0 0.8863188726381042
1396.5 0.6541632349141232
1397.0 0.9489975784902618
1397.5 1.6560192187171525
1398.0 0.540079579169229
1398.5 1.5297104958530436
1399.0 1.2720464094170376
1399.5 1.0313870440325312
1400.0 0.9197892563353447
1400.5 0.9789114867750947
1401.0 0.9352501876092328
1401.5 1.0013187005415372
1402.0 0.8249094240873897
1402.5 0.5559212253168992
1403.0 1.080896891936099
1403.5 1.8607636704717425
1404.0 0.902358702832995
1404.5 1.2887315077146893
1405.0 2.1294543198435933
1405.5 1.8752557900034947
1406.0 1.3688043241547647
1406.5 1.7812381343990897
1407.0 1.7362576625279087
1407.5 0.9038613775176276
1408.0 0.5539314589243838
1408.5 1.3689831192444881
1409.0 1.1980417775861358
1409.5 2.0139040529141
1410.0 0.8801640389974056
1410.5 0.35750196598327166
1411.0 0.8870556776511169
1411.5 1.3803673732741615
1412.0 1.0691614931746158
1412.5 0.997771491507192
1413.0 0.5840267202527509
1413.5 0.5425676306102105
1414.0 1.3848653596090923
1414.5 1.4785415590452575
1415.0 1.0387354723880302
1415.5 1.465350800836939
1416.0 1.1968027736733353
1416.5 0.6427584974607438
1417.0 0.870344575410584
1417.5 0.7625970234838237
1418.0 0.8540333338018338
1418.5 0.9425288447614822
1419.0 0.8008587739151294
1419.5 1.2135121126010522
1420.0 0.8269210513942887
1420.5 2.266546832105993
1421.0 1.8609495283541864
1421.5 0.8588938991807646
1422.0 1.109810884278592
1422.5 0.4141118156491944
1423.0 1.4753647559079528
1423.5 0.6495015909616628
1424.0 1.000229946742105
1424.5 1.0081299406768427
1425.0 1.5994663208218214
1425.5 1.4908217236586891
1426.0 0.9596431151384494
1426.5 1.1445201274294001
1427.0 1.0853710020172485
1427.5 1.2519452968383233
1428.0 1.939123470522889
1428.5 1.0755721905250084
1429.0 0.5557280696877465
1429.5 0.5487415024757114
1430.0 0.4560152596016387
1430.5 0.751411819844689
1431.0 1.1183020462053288
1431.5 0.26598123937963125
1432.0 1.1811397544990951
1432.5 0.5543904836176266
1433.0 1.4394759028464077
1433.5 0.564915188239903
1434.0 1.4487200293416649
1434.5 1.403677090781143
1435.0 1.0351386593775649
1435.5 0.56049220272152
1436.0 2.0479333935379618
1436.5 2.2392017633358696
1437.0 0.8991190471642819
1437.5 2.2362385882674114
1438.0 1.2895455201160666
1438.5 2.404245078808063
1439.0 1.3721606845595817
1439.5 1.0207759687784304
