0 0.7506249728031653
0.5 0.8481080054179941
1.0 1.2048011265512375
1.5 1.5059962576155346
2.0 0.8218450559461188
2.5 0.7810286847308323
3.0 1.1041292079567493
3.5 0.853581264254724
4.0 1.051152895078811
4.5 0.9268668898732597
5.0 0.6572103445933797
5.5 0.867068750947825
6.0 0.7988408990159026
6.5 0.8967067846626187
7.0 0.667123146479591
7.5 1.0060785060389592
8.0 0.4707124117294083
8.5 0.8790774566965309
9.0 0.9299666585811666
9.5 0.723519552274912
10.0 0.8462303750763618
10.5 0.702417699240998
11.0 0.7622683760399184
11.5 0.8134122746145867
12.0 0.5932705294209738
12.5 0.9098198655245218
13.0 0.6491840680757637
13.5 0.9813119908044263
14.0 0.9913737661338675
14.5 1.2427107800826234
15.0 1.1534070006973538
15.5 1.1454771717072656
16.0 1.0277868010917528
16.5 0.57134880588621
17.0 1.1423526328353628
17.5 0.710350336086871
18.0 0.7966419984839743
18.5 0.6005844712670063
19.0 0.6830727177212503
19.5 0.9336230490084596
20.0 0.9552288856676219
20.5 0.8026498161139324
21.0 0.7996519691203796
21.5 0.7576015021834241
22.0 0.7522190596370251
22.5 0.5133768948345944
23.0 1.0105878792016796
23.5 0.7896979262489214
24.0 0.7383105594428594
24.5 0.6715147643700028
25.0 1.0597574917557702
25.5 0.8086518372494818
26.0 1.3468420893485227
26.5 0.6184817717195816
27.0 0.7735113420257371
27.5 0.9836184791675331
28.0 0.8698965356343678
28.5 0.9291080940379244
29.0 1.4472197823196844
29.5 0.8485078202763994
30.0 0.6148224130235294
30.5 1.430481310109601
31.0 0.6624457928220306
31.5 0.8998783426216094
32.0 0.6770392039581818
32.5 0.5412918788248504
33.0 1.0441716184883967
33.5 1.3239197003479488
34.0 0.7588053901639455
34.5 0.8145127178309611
35.0 1.304927206118245
35.5 1.2464682506856295
36.0 0.5946027886266307
36.5 1.0167555676233446
37.0 0.4620488309344166
37.5 1.4148537989635486
38.0 1.0455227068324011
38.5 0.9187532498792681
39.0 0.7928489513373618
39.5 0.5544170935982244
40.0 1.0543859851757176
40.5 1.0967489587616823
41.0 0.9594623800052926
41.5 1.1907296975910329
42.0 0.8742992742063012
42.5 0.7361640780006771
43.0 1.2914600597103056
43.5 1.054968824674736
44.0 0.4448508055565719
44.5 1.3096048019018243
45.0 0.7720060612562138
45.5 0.6741766841523875
46.0 0.3920625289586684
46.5 1.1563274425077728
47.0 0.6992948858279866
47.5 0.6565773482118404
48.0 0.2
48.5 1.273925663993892
49.0 0.8449499652163128
49.5 0.7308927523807687
50.0 0.6274617140287316
50.5 0.717758948004548
51.0 0.5095960306075842
51.5 1.1983840707977749
52.0 0.8480426182399523
52.5 0.5761401124631276
53.0 0.6396412251950939
53.5 1.088881934508163
54.0 0.5397634358854795
54.5 1.0551231218779642
55.0 0.8290812221309825
55.5 0.8143263312830842
56.0 0.6519978278949679
56.5 0.6347553750889159
57.0 0.8612399218377857
57.5 0.7687999416403786
58.0 0.49796361257295413
58.5 0.9377174365906924
59.0 1.3093825158014873
59.5 1.0599413349640425
60.0 0.8228761962097859
60.5 0.9677725902075183
61.0 0.652495179766236
61.5 1.0681189703990217
62.0 0.5438577563798175
62.5 0.8358531605519048
63.0 0.9167544535615781
63.5 0.8350039851535965
64.0 1.1333279574052753
64.5 0.7076159606064749
65.0 0.5607296600967286
65.5 0.6637639161857418
66.0 0.7549783720797208
66.5 0.9040805418636242
67.0 0.8554161873260031
67.5 0.6354029468654421
68.0 1.0079954624825145
68.5 1.5357675805288395
69.0 0.8293980142348785
69.5 0.8089897256571474
70.0 0.934301774932677
70.5 1.063956867325516
71.0 1.130129418066826
71.5 0.8362903466179163
72.0 1.2319248671300949
72.5 0.7973131828454312
73.0 0.5710408201822479
73.5 1.351525939292571
74.0 0.8331241664107867
74.5 1.0820948687471217
75.0 0.5186935139643318
75.5 0.9820124686510738
76.0 0.9393319566639204
76.5 0.7142278332110279
77.0 0.633416603546701
77.5 0.6190229574062038
78.0 0.8832967331522756
78.5 0.6371852803936657
79.0 0.5514723765358003
79.5 0.7021132098174936
80.0 0.6604228680055744
80.5 0.8937423145191455
81.0 1.0645223686769574
81.5 0.47148397756529437
82.0 0.8200205807079763
82.5 0.95863527289066
83.0 0.5178166453393889
83.5 1.3167411794284414
84.0 0.676880932175401
84.5 0.8261496406331135
85.0 0.7028145667010659
85.5 0.7376882815901706
86.0 1.1807767198217982
86.5 0.761732146524098
87.0 1.0716451892491219
87.5 0.7307804469583916
88.0 0.8121365643149923
88.5 0.8949350451736571
89.0 0.6603793209101583
89.5 0.7873025700135132
90.0 1.1973646436982903
90.5 0.6707861235367452
91.0 0.5888341669529984
91.5 0.9935679741768746
92.0 0.8612672681177644
92.5 0.6964163584874403
93.0 1.3891231554444337
93.5 0.5457027529962695
94.0 0.9118372640494454
94.5 1.1477253323029077
95.0 0.8578682584886932
95.5 0.9840395336729622
96.0 0.980065696239689
96.5 1.0978105506735618
97.0 0.5966135830380057
97.5 0.8146405153291068
98.0 0.9383661208035685
98.5 0.7655082348288675
99.0 0.7535024190150248
99.5 1.0111187322508925
100.0 0.5398622701865752
100.5 1.2646661833066593
101.0 0.44510760361576773
101.5 0.7795831234198152
102.0 0.9893244567765043
102.5 0.9739420488426338
103.0 0.6364475736231316
103.5 0.7318503190279155
104.0 1.1471037837427163
104.5 0.5860811186142156
105.0 0.533942236992802
105.5 0.7793072585096397
106.0 0.7556076346066223
106.5 1.0145812473901925
107.0 1.0266979733815234
107.5 0.868790316061017
108.0 1.0461480582167184
108.5 0.7452446411356348
109.0 1.1395794081825168
109.5 0.5756296189249573
110.0 1.2935915588671707
110.5 0.9942564949230608
111.0 0.5289903606808819
111.5 1.148641887640858
112.0 0.48495528086283296
112.5 1.0517351991602544
113.0 0.773873107634028
113.5 0.9437150220792034
114.0 0.9583363805920699
114.5 1.1302623389692321
115.0 0.5858008126858362
115.5 1.158336008431695
116.0 1.2006346992961852
116.5 0.8938516697154923
117.0 0.8206517283992183
117.5 0.7393158723568383
118.0 0.8864465613389614
118.5 0.7187780251782823
119.0 0.6515191916554004
119.5 0.8860025060633796
120.0 0.7878188055594357
120.5 1.0660981465233863
121.0 0.9797459368535499
121.5 0.9157482477276706
122.0 0.7193982949506463
122.5 1.04654626040101
123.0 0.6585988576808379
123.5 0.8185325440734974
124.0 0.6576456226651193
124.5 0.5511855376979351
125.0 0.6229061651829175
125.5 0.6241757775362973
126.0 0.49774615346478773
126.5 0.6002680977038142
127.0 0.8319211811199401
127.5 1.0305043384687993
128.0 0.7046691519588305
128.5 0.7111467769586399
129.0 1.3168732580375238
129.5 0.8028601716443324
130.0 0.7611281122886481
130.5 0.6078461504114849
131.0 0.764190425337108
131.5 0.6525386198250531
132.0 1.4045366614669428
132.5 0.7113573358712126
133.0 1.4125977637645506
133.5 1.1890012443999962
134.0 1.0204152764781187
134.5 0.9343476557639792
135.0 0.8728978816924056
135.5 1.2889807666930293
136.0 0.746517989151839
136.5 0.6538359290612019
137.0 0.4353615294675662
137.5 0.7537672882746058
138.0 1.2906200522882707
138.5 0.5185712170634018
139.0 0.8686322447019659
139.5 0.6980216504817197
140.0 0.9382886002736854
140.5 0.9030198641112106
141.0 0.6618030875514016
141.5 0.666072925212956
142.0 0.9104687531209386
142.5 0.9091091224479484
143.0 0.6601579198547104
143.5 0.8966175521780921
144.0 0.9067513987510034
144.5 0.7346076519514395
145.0 1.2039869809674515
145.5 0.9467159998367458
146.0 0.9246892132922142
146.5 1.0619936298436863
147.0 1.1786412198630885
147.5 0.6006272318409631
148.0 1.104013427780613
148.5 0.5354217703203483
149.0 0.6850989910914635
149.5 0.650661830493112
150.0 1.0650980931064828
150.5 0.6901370737258772
151.0 0.4282648361132964
151.5 1.066555615070998
152.0 0.9953195829166315
152.5 0.8264977921791401
153.0 0.8833763029530729
153.5 0.7413188708577063
154.0 0.8663446485350448
154.5 0.5727792808063665
155.0 1.026825206045374
155.5 0.5654254117306698
156.0 0.5734339863741358
156.5 0.8466000222538379
157.0 0.9869572338565837
157.5 0.930860539484303
158.0 1.066171038456997
158.5 1.3193692018185943
159.0 0.6650820352411777
159.5 0.807799683106039
160.0 0.44465871674584917
160.5 0.4715515751878489
161.0 0.6552401252141704
161.5 0.38539614241949205
162.0 0.4832499824121259
162.5 0.5638325164750233
163.0 0.6838564005269446
163.5 0.9676628607121753
164.0 0.9051903048641285
164.5 0.7887676841611329
165.0 1.108178456195649
165.5 0.7737365534498237
166.0 0.8393935548616924
166.5 0.7010739854764103
167.0 0.9179631759100783
167.5 1.0346067253329005
168.0 0.5488655282289248
168.5 0.9017753368628145
169.0 0.9799599123975868
169.5 0.7091616351901269
170.0 0.6270523566537904
170.5 0.8588053753842686
171.0 0.7074085725879229
171.5 1.1936612562769096
172.0 0.8607688322499513
172.5 0.7230678323441424
173.0 1.1409329627780394
173.5 0.5655085845585437
174.0 1.1516365777839883
174.5 0.9823714056675596
175.0 0.720823039029264
175.5 0.9605493693784102
176.0 0.7471052804261389
176.5 0.936231445831097
177.0 0.7984946512258593
177.5 1.323933025022167
178.0 0.8066674204733284
178.5 0.7223216565404129
179.0 0.44365105970589197
179.5 0.6824534160632245
180.0 0.8724445676187393
180.5 0.9710968119632821
181.0 0.664526558206892
181.5 1.0506185858184225
182.0 0.7413392942866546
182.5 1.113564900791007
183.0 0.8399308024760264
183.5 1.5034922893968559
184.0 0.9606702573026065
184.5 1.2880533568975547
185.0 0.6849672367782054
185.5 0.9891116494424359
186.0 1.0104120662917773
186.5 0.7074904165111666
187.0 0.7161403637171238
187.5 0.809611303890359
188.0 0.8486438285998374
188.5 0.8473923853862473
189.0 1.1247558617441233
189.5 0.6739709276043859
190.0 0.8390049275867693
190.5 0.8653156330133662
191.0 0.4324601367371305
191.5 0.8663643615173788
192.0 0.9172398850927621
192.5 0.7489970684939482
193.0 0.6898758958900825
193.5 0.6792583353960395
194.0 0.8487220677010603
194.5 0.6145652618509756
195.0 0.769121423193371
195.5 1.0488076467949234
196.0 1.3688594847114877
196.5 0.8770221129928402
197.0 0.8947246471081436
197.5 0.6861342996781457
198.0 1.2116381492424042
198.5 0.42033623270947434
199.0 0.9239454037184317
199.5 0.8968222663371552
200.0 0.6469089744757115
200.5 0.7529110412471425
201.0 1.0315288254488109
201.5 0.8382839677929246
202.0 0.8629976395577192
202.5 0.8274766824234754
203.0 0.6279419055877795
203.5 0.8867868163503584
204.0 1.4019157425193336
204.5 0.7891128429621808
205.0 0.46774748684250805
205.5 0.8633764122622298
206.0 0.4847758959676453
206.5 0.984740503133267
207.0 0.5941984714992257
207.5 0.8855377240774491
208.0 1.0076465185221612
208.5 1.0172373416102325
209.0 0.7185127371509961
209.5 0.7992729635454663
210.0 1.011350129942906
210.5 1.4687500770137636
211.0 0.8533672534912251
211.5 0.8281275231117602
212.0 0.4796870194677189
212.5 0.6399825339287482
213.0 1.2659958192495202
213.5 0.8801518674246125
214.0 0.33622377645958995
214.5 1.0278046804650276
215.0 0.9723278334049135
215.5 0.9630763761018948
216.0 1.078120558491194
216.5 0.779772751795403
217.0 0.5272025421909845
217.5 0.8142669262481991
218.0 0.5124350535056845
218.5 1.004987104682752
219.0 0.6909532236151033
219.5 1.0271950839676718
220.0 0.810193525128752
220.5 0.6301098513791797
221.0 0.9358868540921699
221.5 0.9551091021659421
222.0 0.9544978311852463
222.5 0.4111057641096474
223.0 1.2020608834681348
223.5 0.9175028625364124
224.0 0.9410527320107807
224.5 1.3353246308977615
225.0 0.8115239680932782
225.5 0.6083095476120275
226.0 0.7376551671542718
226.5 1.161144514212106
227.0 0.8283741140185465
227.5 1.2362516962102004
228.0 0.8781066229496723
228.5 0.7471323306396289
229.0 0.8816541390452224
229.5 0.5133841217563693
230.0 1.116493956666128
230.5 0.7239113319842694
231.0 0.881541974703953
231.5 0.5627159758377265
232.0 0.6677059297837324
232.5 0.46437926392710127
233.0 0.597986680262192
233.5 0.7738480224142634
234.0 1.0441365143490318
234.5 0.810524712902152
235.0 0.7648075262444165
235.5 0.5931629851479185
236.0 0.9835246195298208
236.5 0.6249800403205199
237.0 0.5818668507064777
237.5 0.9892390357489416
238.0 0.8438153180323207
238.5 0.7323264033170984
239.0 0.5701267126795817
239.5 0.9465263057171708
240.0 0.6359634293726864
240.5 0.5665210902683934
241.0 0.8264363029690125
241.5 0.8910400660659059
242.0 0.6978434235564854
242.5 0.9765213801608119
243.0 0.658313930924376
243.5 0.9137746409443239
244.0 1.1790899871022604
244.5 0.704303994875918
245.0 0.6568588254252062
245.5 1.028056414236178
246.0 0.7644478187967764
246.5 0.7009982576418448
247.0 1.2773258737555513
247.5 0.8596962015785552
248.0 1.0058067075431174
248.5 0.8866902408602846
249.0 1.203998312471834
249.5 1.120031448513453
250.0 0.8873846056959838
250.5 1.0498601957986518
251.0 0.9924292076327783
251.5 1.1086222488861421
252.0 1.040966912509232
252.5 0.5926820151313004
253.0 1.22758526198971
253.5 0.7638671686651378
254.0 1.2123240610689887
254.5 1.0283769506022078
255.0 0.647828299153473
255.5 1.0985408375569177
256.0 1.0272439681277292
256.5 0.8145457962450584
257.0 0.8742557266997968
257.5 0.8013119635546968
258.0 1.372931407219669
258.5 0.6729608056842586
259.0 0.7755477487580171
259.5 1.2159668209138081
260.0 0.9940550241288542
260.5 1.2544954647675777
261.0 0.7896302017591617
261.5 1.0219484407904298
262.0 0.8583017589812765
262.5 0.8139764974303059
263.0 0.9071664341945649
263.5 0.6650849796532644
264.0 0.7260268602976729
264.5 0.5948836258128279
265.0 0.5998091607292964
265.5 0.9820967627003405
266.0 1.5349124669195013
266.5 0.7416898148779503
267.0 0.5427209990771735
267.5 1.4014331898060783
268.0 1.2582639860423444
268.5 0.5802196550572287
269.0 0.9396582444891495
269.5 0.7895637401158746
270.0 1.0638002540207525
270.5 0.7939298341692803
271.0 0.5978609626600986
271.5 0.8633713983366094
272.0 0.25142106136285786
272.5 1.2494428692578394
273.0 1.3541054806050175
273.5 1.1752263331567583
274.0 0.8662655805415287
274.5 0.7506050455962326
275.0 1.4727658612004697
275.5 0.5249306954011232
276.0 0.8224024787650226
276.5 0.6669215285111462
277.0 1.1737157091256878
277.5 0.9308802011153849
278.0 0.5737801859599769
278.5 1.1360430800504326
279.0 0.8850761963125194
279.5 0.4777724507085483
280.0 1.054714746568519
280.5 0.8888417382922846
281.0 0.559673692866449
281.5 0.5258291573788332
282.0 0.7612121515468755
282.5 0.7031484780442439
283.0 0.8922844782485715
283.5 0.8521578518638636
284.0 0.26906512833495416
284.5 0.9439150307906479
285.0 0.9426562136809007
285.5 0.8069261936070302
286.0 0.6921368238430097
286.5 0.9349739207821657
287.0 1.0174499342690395
287.5 0.7727286705657135
288.0 0.8889275622468447
288.5 1.1645814814176223
289.0 0.5442893167307087
289.5 0.9975542594249804
290.0 0.6808092431284207
290.5 0.775830427493142
291.0 1.0423826265454907
291.5 0.8336795725713178
292.0 1.072926405185971
292.5 0.6522812746713714
293.0 0.7402636300702714
293.5 1.1164196809137816
294.0 1.0512269373978376
294.5 0.5271766223479233
295.0 0.5419821868116397
295.5 0.44935704966290996
296.0 1.2547246444009388
296.5 1.1782316288105679
297.0 0.5957869339822683
297.5 0.7470326130382582
298.0 0.6793247070107711
298.5 1.2063011365520178
299.0 0.9656298545484936
299.5 0.7731580891364715
300.0 0.9736651269494654
300.5 0.554887028611176
301.0 0.8730518003308394
301.5 0.9727852141319444
302.0 0.5594112196563044
302.5 0.8612678469004669
303.0 0.7564922799733707
303.5 0.7359676032278403
304.0 1.3751800474275284
304.5 0.7511750231084597
305.0 0.9456676544753779
305.5 0.6372691376280074
306.0 0.7031357931461617
306.5 0.6550591865170226
307.0 1.018993707704969
307.5 1.0956535493064403
308.0 0.7966498187836615
308.5 0.9293555971059806
309.0 0.892121004632974
309.5 0.8019203249212288
310.0 0.598564347989119
310.5 1.452441466232568
311.0 0.9192762478591274
311.5 0.7906849155043587
312.0 0.8437426616404233
312.5 0.5817381449206063
313.0 1.0698601095010873
313.5 0.9864431090974659
314.0 1.3694107190107174
314.5 0.657056829921099
315.0 0.8618820954117741
315.5 1.0795160355681954
316.0 0.8732536750001085
316.5 0.4815178909971785
317.0 0.7022459073959799
317.5 0.60681895995782
318.0 0.5832603970615993
318.5 0.8056213886405483
319.0 0.5553082591903071
319.5 0.5287103298139495
320.0 0.8266718428685621
320.5 0.6862072166231405
321.0 0.8310261920658932
321.5 0.832843903722337
322.0 0.9554439696127348
322.5 1.156085789768563
323.0 0.7505917811225895
323.5 0.7332266612221596
324.0 0.9552160552885884
324.5 0.9233706960015239
325.0 0.6516559586588815
325.5 0.7756235060066623
326.0 1.1401244824072418
326.5 1.0782966470374877
327.0 0.9572461285071319
327.5 1.0010361628895388
328.0 0.7368607611302993
328.5 1.0373479231259077
329.0 0.6022855773784053
329.5 0.9090349147910963
330.0 0.7053320394852632
330.5 0.8573073676169463
331.0 0.6226067219538012
331.5 0.9387288348365583
332.0 1.2636316330472075
332.5 0.9932536686603113
333.0 1.154389006446177
333.5 0.8172844630020566
334.0 0.7322016140319303
334.5 0.6258846038683153
335.0 0.502400307018809
335.5 0.9473551017750974
336.0 0.4760031655894902
336.5 0.6187471194200562
337.0 0.8874706370086647
337.5 0.8058375279151448
338.0 1.1332438957915547
338.5 0.552774676143519
339.0 1.0247918969529437
339.5 1.0595463980770323
340.0 0.9161807416982203
340.5 0.8638579724880551
341.0 0.6870937263158093
341.5 1.4790784394879757
342.0 1.0332279201820713
342.5 0.6374479883857946
343.0 0.6809704310218481
343.5 0.5539937241607116
344.0 0.4899238668378949
344.5 0.7181460622657825
345.0 0.6596666517319936
345.5 1.1462167394442189
346.0 0.7598017780711752
346.5 0.8156210539272764
347.0 0.7375705814682715
347.5 0.9110382397316088
348.0 0.8186289040283719
348.5 1.3789028758130781
349.0 0.4971459580757838
349.5 0.5062699330026077
350.0 1.0553051317497548
350.5 0.8583568722854902
351.0 1.0783232645173733
351.5 0.800535951634153
352.0 1.7889779548705966
352.5 0.7298587246150867
353.0 0.855333390407147
353.5 0.5556892872615584
354.0 0.6578884880105786
354.5 0.6032594670462599
355.0 1.0896049288646728
355.5 1.0125782373716221
356.0 0.7174485244488453
356.5 1.0815796431625413
357.0 0.6354561851285679
357.5 0.7275120235297254
358.0 1.2456864088727413
358.5 0.9521077439705377
359.0 1.0933685899523549
359.5 0.8609575011921938
360.0 1.5074465889988273
360.5 0.8270170175886151
361.0 0.7928447733532711
361.5 0.7701495759364176
362.0 0.6343204734048108
362.5 1.1083035639873307
363.0 0.5635000904626979
363.5 0.9730661334187709
364.0 0.9337153108952665
364.5 0.8320145444086593
365.0 0.7969121971612083
365.5 0.676313045627936
366.0 0.963151182606782
366.5 0.6405405651148113
367.0 1.250652815478252
367.5 0.6639419193331192
368.0 0.7345236458939721
368.5 1.2811948414840002
369.0 0.5811679544118364
369.5 0.8981243195981037
370.0 0.9631251830651628
370.5 0.9492975090749576
371.0 0.7537263705617436
371.5 1.0012457560583905
372.0 0.8659686587343827
372.5 0.7576574630924224
373.0 1.0029353675845465
373.5 0.9503676831396102
374.0 0.5367802160834991
374.5 0.8846975955690719
375.0 1.0796624366841299
375.5 0.5740260516101743
376.0 0.47272092478573374
376.5 1.1291113416564391
377.0 0.7877398547855967
377.5 0.7737331128772826
378.0 0.7860487348352194
378.5 0.6079360240455527
379.0 0.8836153822927387
379.5 0.8146076107602538
380.0 0.673527739316717
380.5 0.6465223403687086
381.0 0.7733852612276778
381.5 0.6449912651284805
382.0 0.9649953564129294
382.5 0.8366211756542214
383.0 1.0219984310512407
383.5 1.2315567852506906
384.0 0.6741141884378263
384.5 0.6605641705372702
385.0 1.2390417532339382
385.5 0.9176436004414668
386.0 1.1447650551500743
386.5 0.9657131853623897
387.0 0.9380726805427535
387.5 0.9934768265886802
388.0 0.5267997749850755
388.5 0.6657974475286661
389.0 0.6137892587930902
389.5 0.7207506545028888
390.0 1.451210853700058
390.5 0.8940794894888417
391.0 1.2383595944658967
391.5 0.5969441995432268
392.0 1.0195705455400543
392.5 1.2801347946347224
393.0 0.7562199393866638
393.5 0.9685427623643303
394.0 0.5522660939725197
394.5 0.9673824240291895
395.0 0.882884016079643
395.5 0.8099719947665953
396.0 0.5200948729593644
396.5 0.519374599556389
397.0 0.9760630417426892
397.5 1.0781495354360051
398.0 0.9104855215329339
398.5 0.8650014797708248
399.0 0.7432228358637303
399.5 1.074256166737435
400.0 0.7331096148957416
400.5 0.8812193157167014
401.0 0.818069902397502
401.5 0.9816804337745373
402.0 1.0857408221635985
402.5 0.6930916118393984
403.0 0.6159124435264266
403.5 0.8104047916344757
404.0 0.7135989782876098
404.5 1.1096458898331047
405.0 0.5775737527685902
405.5 0.6926637025343976
406.0 0.7778134029369443
406.5 0.6801161088128134
407.0 0.8329813137059063
407.5 1.1670690201531222
408.0 0.6527682120520311
408.5 0.8331482669004193
409.0 0.8586785915206318
409.5 0.6770181500437342
410.0 0.8519181388419126
410.5 0.6570471318536226
411.0 0.7144782435097055
411.5 0.9115545581992459
412.0 0.44413550885792935
412.5 0.834028115519228
413.0 0.7525982888402606
413.5 0.7746593787618172
414.0 1.0119308651164858
414.5 0.7216548928027653
415.0 1.2934689563996487
415.5 0.8088145719137214
416.0 0.7968246007431685
416.5 0.7659823872097913
417.0 0.7679017120672381
417.5 0.7014091456146422
418.0 1.0961726488097503
418.5 0.9163662383969233
419.0 0.6709510244310679
419.5 0.7245948269290089
420.0 1.132425625638553
420.5 0.5907442979755444
421.0 0.6230182891926705
421.5 1.1213720384017625
422.0 0.8018701591531194
422.5 0.606996542813319
423.0 1.0523266548618901
423.5 0.8191876096443115
424.0 1.2964617388083715
424.5 0.8891019925011712
425.0 0.8463616973653438
425.5 0.9039600158386312
426.0 0.9404515593120821
426.5 1.0933324581598776
427.0 0.6054726792147913
427.5 0.6891138301059556
428.0 0.665997139762448
428.5 0.730170711182969
429.0 0.6735486982809906
429.5 0.6090441940748509
430.0 0.7599307989297075
430.5 0.9317680696209847
431.0 0.7027622985932254
431.5 0.8467541626803936
432.0 0.49683428380551375
432.5 0.7979364795152635
433.0 0.7671296481691204
433.5 1.0404754186006493
434.0 0.36669930959448455
434.5 1.0726291940202823
435.0 0.6552813873930792
435.5 0.703232340803261
436.0 0.8666751521762959
436.5 0.641979764139489
437.0 1.0903826675336272
437.5 0.8624353730383725
438.0 0.8053163085873147
438.5 0.7864323079436548
439.0 0.8622113413288979
439.5 0.4761004293893848
440.0 0.9444055631540016
440.5 1.1775669664879567
441.0 0.9709375594344145
441.5 0.462311643814911
442.0 0.9810921704696471
442.5 0.895762191102409
443.0 0.8210306467929347
443.5 0.9354804629941778
444.0 0.6290943734112404
444.5 1.1306790301148404
445.0 0.8963638721016638
445.5 1.1524803394039558
446.0 0.6771574175340496
446.5 0.7300310550031881
447.0 0.857461938103858
447.5 0.921327851814423
448.0 0.8353466830295169
448.5 0.47846144526271517
449.0 0.6330860417631953
449.5 0.5613310986637072
450.0 0.720255812822236
450.5 0.6345776230463298
451.0 1.0525008414405035
451.5 0.7260234322322758
452.0 1.3658058423417305
452.5 0.5950335271358898
453.0 1.2635028699641782
453.5 0.6494082926720661
454.0 0.6087198826966509
454.5 0.5374878992187722
455.0 0.8822842953939205
455.5 0.697636122655664
456.0 0.5379573345667356
456.5 0.8293821513472603
457.0 0.7337577222374845
457.5 0.8998812352123935
458.0 0.8888577308258592
458.5 0.7254853381316264
459.0 0.7738429979433363
459.5 0.6539411096331826
460.0 0.751586288895405
460.5 0.6657194263626789
461.0 1.35193366587816
461.5 1.0178583438146502
462.0 0.7612065426773109
462.5 0.5925027082259926
463.0 0.8943905248649338
463.5 0.7632301265368284
464.0 1.023514275933103
464.5 0.8390096488622498
465.0 0.5469965339554793
465.5 0.693260014716242
466.0 0.4958574798775753
466.5 0.8967448138853356
467.0 0.6666017071132433
467.5 0.7401444773388499
468.0 1.135295846550974
468.5 0.6143029012034348
469.0 0.631746485116657
469.5 0.7548299220590686
470.0 1.0859514858195336
470.5 0.7565317438184154
471.0 0.8321511157899093
471.5 0.9391663387693006
472.0 0.9654216917090812
472.5 0.7702845769540934
473.0 0.2
473.5 1.118709610712042
474.0 0.7744434360544101
474.5 1.3884150177786303
475.0 0.6668139029540541
475.5 0.9373958847733972
476.0 1.0633930351175553
476.5 1.123799891245562
477.0 1.0127544414382517
477.5 0.5375034868102697
478.0 0.8413239693792329
478.5 1.029645425212733
479.0 0.8701881984909703
479.5 0.9464618193615448
480.0 0.9883447892645085
480.5 1.1633828081695325
481.0 0.5179174772176018
481.5 1.3852960690357623
482.0 0.9366358621646274
482.5 0.6970015486388332
483.0 0.46095830845175795
483.5 1.1155969599439401
484.0 0.7717358482679949
484.5 0.800458604214282
485.0 0.7150815520153788
485.5 0.7242157660050601
486.0 0.5737525892042059
486.5 0.8359442109035591
487.0 0.8330393891009551
487.5 0.7630393532852349
488.0 0.7533267379672106
488.5 0.7654344017866808
489.0 1.0503343267460457
489.5 0.8794846996177981
490.0 0.5002040771071257
490.5 0.9519668144362776
491.0 0.6870962406132737
491.5 0.7480167308335123
492.0 0.9708932839720672
492.5 0.5817662688880922
493.0 1.414692886686827
493.5 0.88040428673848
494.0 0.6834423240397045
494.5 0.9609050529388431
495.0 0.6189902798640421
495.5 0.7561305955239253
496.0 1.0618870474040303
496.5 0.2
497.0 0.7620744346402353
497.5 0.8923552446360727
498.0 1.6744844008190711
498.5 0.7671060620126122
499.0 0.8139000708562232
499.5 0.5876716359040445
500.0 0.7347454504316967
500.5 0.7697627610334166
501.0 0.833454177075413
501.5 0.707964903708403
502.0 0.4637516526429281
502.5 0.8205437966708031
503.0 1.1016231216228003
503.5 0.6208909624758034
504.0 0.7550775578635338
504.5 1.1140657183547649
505.0 0.9183059633496735
505.5 1.2438780384636499
506.0 0.815600904487598
506.5 0.9810286706446998
507.0 0.5658597737733339
507.5 0.9616974765321187
508.0 0.7885037350197808
508.5 0.8770600312472143
509.0 1.2759249504130479
509.5 1.1622327372863932
510.0 1.358438372015703
510.5 0.958738448542521
511.0 1.1708563759485118
511.5 0.8011238535755094
512.0 0.6642657601064637
512.5 0.9981794451283643
513.0 0.9658870658900713
513.5 0.9624329833058785
514.0 0.6684910949711037
514.5 0.7851831981894138
515.0 0.5984483208220712
515.5 0.7731227503326494
516.0 1.0271234297855085
516.5 0.9310483397374787
517.0 0.6025132842977099
517.5 0.6175466645914169
518.0 0.6372546067387328
518.5 0.6282177447888451
519.0 0.6572545040533613
519.5 0.6360752521630879
520.0 0.6128633070798548
520.5 0.8134180794893653
521.0 0.6046669949303052
521.5 0.7108556534213328
522.0 1.087638579696003
522.5 0.4485768213081959
523.0 0.9031198767757751
523.5 0.7561773260205427
524.0 0.7830417729959007
524.5 0.9931233997180708
525.0 0.5996433482809238
525.5 0.8430905141854885
526.0 1.0343994711898246
526.5 0.6352224994720825
527.0 0.7346005570154155
527.5 0.5367207185742944
528.0 0.7752739224597196
528.5 0.7041552155659567
529.0 1.1184730108917997
529.5 0.4668122540219287
530.0 0.8943258214099401
530.5 0.8500884715254231
531.0 0.7163893348476567
531.5 1.0438107729958956
532.0 1.6886625983106938
532.5 0.7942615316290942
533.0 1.083239601868243
533.5 0.8818036712496626
534.0 1.021398729245912
534.5 0.7399436525400767
535.0 0.8224161031543447
535.5 0.5778723303331745
536.0 0.5958046435591069
536.5 0.7162094615480796
537.0 1.0992811912046412
537.5 0.8396870184699419
538.0 1.0816133081927148
538.5 0.5149942889403394
539.0 0.8353693555986756
539.5 0.6055151378427768
540.0 0.5128502316031605
540.5 0.6180729805307761
541.0 1.0598009188407307
541.5 0.9948635805676038
542.0 1.1295822037339092
542.5 0.7723198587249249
543.0 0.5557579754401369
543.5 0.6406618302412157
544.0 0.7800979104131394
544.5 1.266781180197304
545.0 0.945648374525702
545.5 0.7203988540164226
546.0 1.0670629053270384
546.5 0.5953753792304041
547.0 0.9960998197548565
547.5 0.8640116912157332
548.0 1.357848451264713
548.5 0.8525167076311315
549.0 0.7211734313837876
549.5 0.907011064856349
550.0 0.8657245435628806
550.5 0.9928076013683442
551.0 1.3531216706414493
551.5 1.1215698958565128
552.0 0.7400791384490069
552.5 0.7190545381184019
553.0 0.7754275747940147
553.5 0.7970610904177615
554.0 0.6719558968577916
554.5 0.8178317105964957
555.0 0.7027020975120986
555.5 0.9053635901944661
556.0 0.7671381483887936
556.5 1.3134325973255472
557.0 1.1253308573089233
557.5 1.2773533450160153
558.0 0.9114143816702203
558.5 1.0005753040184122
559.0 0.6220350145063123
559.5 1.2777924934065892
560.0 0.9569157095493082
560.5 1.001733856233473
561.0 1.0710531146514422
561.5 0.6061104054030513
562.0 0.5782024957572922
562.5 0.9331971889676258
563.0 0.905993436485897
563.5 0.79176220913771
564.0 1.27045730360952
564.5 1.0202415914517966
565.0 1.0492577381875534
565.5 0.8142332112043706
566.0 0.9222345709381159
566.5 0.6848567498074678
567.0 0.7101024125291043
567.5 0.8973986995838867
568.0 0.843442598605635
568.5 0.916340764080551
569.0 0.633172981104708
569.5 0.6453682111309662
570.0 0.6298444413989004
570.5 0.9620576549222573
571.0 0.8869725494515586
571.5 0.7950474834502543
572.0 0.7981459902615207
572.5 0.648162759959951
573.0 1.2914826512664004
573.5 1.106315298268207
574.0 0.5019037723603438
574.5 0.5296673744264557
575.0 1.138611755911219
575.5 1.0059637590536252
576.0 0.8445547889446663
576.5 0.9563959862246343
577.0 0.9427372233806208
577.5 1.317832067190563
578.0 0.6750430250799675
578.5 0.5239847084056835
579.0 1.3875455694782073
579.5 1.224267843714805
580.0 1.1696941745729523
580.5 0.6461250404376377
581.0 0.5580282133743051
581.5 0.7646116063133047
582.0 1.4283560208229822
582.5 0.4776708335996291
583.0 0.9224866402760981
583.5 0.9350242582325132
584.0 1.0210175090468034
584.5 0.9758149162027301
585.0 1.2584300294000512
585.5 1.0932171152837893
586.0 0.9502459033078654
586.5 0.8993038681352383
587.0 1.522731808456977
587.5 0.79468086290861
588.0 1.166245650215947
588.5 0.4703019519099704
589.0 0.7664727072800579
589.5 0.7012078234601201
590.0 1.093044144483633
590.5 0.8796505441928009
591.0 0.7474491583348746
591.5 0.9228680675914758
592.0 0.9155744725956063
592.5 0.9110778759667426
593.0 0.7109411897932938
593.5 0.7551300810104695
594.0 0.39588810477310943
594.5 0.8118957662555418
595.0 1.393462915379615
595.5 1.2699082042516077
596.0 0.8774908712774112
596.5 0.6697051864992773
597.0 0.738167761151173
597.5 0.9060323549809666
598.0 1.043649214988761
598.5 0.5146181932284214
599.0 0.8392924786850031
599.5 0.6332925750790803
600.0 0.9275811444882791
600.5 0.5060149214875349
601.0 0.6165999611591613
601.5 0.9979420044162988
602.0 0.8730880672288963
602.5 0.9510725187203048
603.0 0.7763608772708946
603.5 1.079788230526228
604.0 0.6656800525912594
604.5 1.225650245277664
605.0 0.6633199220081591
605.5 0.9090332764460691
606.0 0.7968669946251583
606.5 1.5382289463480392
607.0 0.8254558294876583
607.5 0.8323681909742497
608.0 0.7144026915796233
608.5 0.8100383965606603
609.0 0.6892018611592401
609.5 0.9664519201390525
610.0 1.094756575414013
610.5 1.5405610721675966
611.0 0.6994117996684834
611.5 0.6391492447849672
612.0 0.5171968293334139
612.5 0.6537669589074748
613.0 0.6772941206857763
613.5 1.1373151367105017
614.0 1.4793513155919011
614.5 0.7741389920305017
615.0 0.7266162129627958
615.5 0.8126437286230777
616.0 0.7986342647203235
616.5 1.0140208219409772
617.0 0.9111322036955323
617.5 1.2238194650011434
618.0 0.8980004248769291
618.5 0.952796743839071
619.0 0.5045736816766846
619.5 1.3381914307479605
620.0 0.8407956542655153
620.5 0.9470249966302249
621.0 0.7757483708438944
621.5 0.8695277132283972
622.0 1.219251874835538
622.5 0.7035663199982689
623.0 0.7761732654617879
623.5 0.5905818857510508
624.0 0.40608215227566996
624.5 0.6894002675850521
625.0 0.7406474202095565
625.5 0.9218740407543244
626.0 1.0200667170685573
626.5 0.821079932760322
627.0 1.132401649047206
627.5 0.7826135835397687
628.0 1.048860996145354
628.5 1.4398622588109609
629.0 0.5642940381933919
629.5 0.7568800066552225
630.0 0.7192002945774486
630.5 0.8245688037976309
631.0 0.8255173401980189
631.5 0.882007990889208
632.0 0.821200487212097
632.5 1.2353966690565332
633.0 0.8569529441902763
633.5 1.3892940716144526
634.0 1.002684046509529
634.5 1.265247841362971
635.0 0.37791998959149686
635.5 0.6725980391582662
636.0 1.1765476558519317
636.5 0.5206444028806716
637.0 0.752194343195784
637.5 0.9565759179640232
638.0 0.6408341381082828
638.5 0.650582117261493
639.0 0.5793845650290649
639.5 1.3963592907154276
640.0 0.6016787241159041
640.5 0.5692523984349744
641.0 0.9470261761598455
641.5 0.7257357265172054
642.0 0.7873829872568394
642.5 0.7266609761675829
643.0 0.8056501538827829
643.5 1.4185409510097957
644.0 0.5631744903420459
644.5 1.2732563678759714
645.0 0.7756352733061027
645.5 0.9843144656906317
646.0 0.749124449752903
646.5 0.5853179427233237
647.0 0.9818194299289686
647.5 0.7016281280929031
648.0 1.171832656515597
648.5 1.1304013407898281
649.0 0.9139002534379415
649.5 0.7391662024983492
650.0 0.8453010093738575
650.5 0.7814495200499909
651.0 0.9755247626907069
651.5 0.7563495324315137
652.0 0.8275342403644299
652.5 0.8145865747046268
653.0 0.4984979761243396
653.5 1.1257823952877395
654.0 0.6375288269932446
654.5 0.6493747047007007
655.0 0.7804399724947413
655.5 0.7464992071335975
656.0 0.49991752070275935
656.5 1.0189426338738414
657.0 1.1504766119435144
657.5 0.9498511794696853
658.0 1.1169871354509295
658.5 1.0890107736445471
659.0 0.801037569874373
659.5 0.6328668340964339
660.0 0.45299073286347963
660.5 0.9010132242628829
661.0 0.773457850403761
661.5 0.6405714209259881
662.0 0.8569482575798055
662.5 0.7619237253056472
663.0 0.897405265917993
663.5 1.1928825702123766
664.0 0.789299845506665
664.5 0.4949263846861594
665.0 1.207120074168342
665.5 0.9935725483038023
666.0 0.6365310070035475
666.5 0.9017154689467883
667.0 1.0158860279625714
667.5 0.6182937445803325
668.0 0.892361209822941
668.5 0.8991043737832931
669.0 0.9763918195940924
669.5 0.8259149650172979
670.0 1.0470317185705664
670.5 0.8115109709255366
671.0 1.0908542675648234
671.5 0.4696693503953386
672.0 0.5736472928044938
672.5 1.1304907505224626
673.0 0.7979701022214913
673.5 0.7298425506519032
674.0 0.7531301861075949
674.5 1.2197571821745106
675.0 1.6773033506807566
675.5 1.0935653473030276
676.0 1.0445120720637069
676.5 0.7013007137885723
677.0 0.684476857586658
677.5 1.115748603858555
678.0 1.0616686405912463
678.5 1.0569197502901617
679.0 0.6957202233334709
679.5 1.2820964689161718
680.0 0.9792559984630913
680.5 1.1574535419588083
681.0 1.213893919135279
681.5 0.8900716437703442
682.0 0.5640678458456574
682.5 0.6839653197288531
683.0 0.8024130093324757
683.5 0.5318797129821964
684.0 1.0038435761780855
684.5 0.7024730977241477
685.0 0.9570949092233496
685.5 0.9187344584248713
686.0 0.7678672509369833
686.5 0.755304365657337
687.0 0.8954321951019992
687.5 0.9425810570190571
688.0 0.7314611184696798
688.5 0.5900937993414559
689.0 0.6949951015365323
689.5 0.6566227036236616
690.0 0.9879500108146253
690.5 1.1080324885396762
691.0 1.0180220230594739
691.5 0.9450035752215187
692.0 0.5721031667531389
692.5 0.8482704183454413
693.0 1.1089068931142445
693.5 0.7513638972420995
694.0 0.6281971836568583
694.5 0.5076370101931569
695.0 0.5782191571424486
695.5 0.7883745700835836
696.0 0.5313455927269768
696.5 0.696658821356653
697.0 0.7769519136100296
697.5 0.7977056616828591
698.0 0.914110107101449
698.5 0.80126093936067
699.0 0.7760356010569729
699.5 0.5919121657581594
700.0 1.2742586459035563
700.5 0.7290433903011874
701.0 0.7924897805287519
701.5 0.9847360779355698
702.0 0.7575655888037085
702.5 0.7283294513574502
703.0 0.7802002679975203
703.5 0.8641882316962735
704.0 1.1422851903626305
704.5 0.7860751037257091
705.0 0.7348363412831354
705.5 1.2585886489180467
706.0 0.45484544547562594
706.5 0.8323829942594827
707.0 0.8667550159530168
707.5 0.8344593623193064
708.0 0.6207795701002992
708.5 0.6421493381952454
709.0 0.5991340000869894
709.5 1.1647489429174325
710.0 0.5707420908578686
710.5 0.8211853320056623
711.0 0.4612061367429634
711.5 1.1870137777224063
712.0 1.2038756308037923
712.5 0.773690649346621
713.0 0.618844983240721
713.5 0.8122510266155119
714.0 0.870009669527152
714.5 0.7861637914868784
715.0 0.793219795563375
715.5 0.8336275661521866
716.0 0.8469065338267829
716.5 0.6040653845800827
717.0 1.076239366251508
717.5 0.3821807021508539
718.0 0.8832002402942036
718.5 0.7964091454003457
719.0 0.9076796668878722
719.5 0.7086912065235087
720.0 1.5226554176153406
720.5 0.7895807936113863
721.0 0.75909596812909
721.5 0.6807564135419792
722.0 0.879805926571994
722.5 0.8672959863741327
723.0 0.8823443718600322
723.5 0.9545226689373056
724.0 1.0182741519251308
724.5 1.1744634799334814
725.0 1.1656209594025435
725.5 0.5560307047535014
726.0 0.5280074712160185
726.5 0.9024451165714265
727.0 0.7815141238118559
727.5 0.7071467955011154
728.0 1.1744344320789462
728.5 1.1649287828155421
729.0 0.5973254068069561
729.5 1.0999692133659746
730.0 1.1976678754531314
730.5 0.8717287685112287
731.0 0.8438030543763508
731.5 0.9394360574550333
732.0 1.067242940767701
732.5 0.8429391401839552
733.0 0.8788549799462528
733.5 0.7268862745849827
734.0 1.2243715378893716
734.5 0.5378378204698755
735.0 0.7945603982689629
735.5 0.7516579615976862
736.0 0.6044175173647774
736.5 1.1276381078861368
737.0 0.8595445116412419
737.5 1.3262832264162905
738.0 0.8088252347258305
738.5 0.4938313552572518
739.0 0.8885915554668844
739.5 0.8228101959063274
740.0 0.9840654018804784
740.5 1.0893630823972962
741.0 0.6812324913915122
741.5 0.7644969365728665
742.0 0.6979435660777189
742.5 0.8711678582260369
743.0 0.9229947615845693
743.5 0.6743634901991045
744.0 0.7930643531639074
744.5 1.0760457337846152
745.0 0.30794801165646607
745.5 0.7075183398027685
746.0 0.6848541216172315
746.5 0.9033858037053022
747.0 1.174548682898663
747.5 1.0242679578546279
748.0 0.8953088669000941
748.5 0.7346928574415029
749.0 0.7031024427465888
749.5 0.7402792363556795
750.0 0.653991134620842
750.5 0.7524715838561207
751.0 0.48414585440952973
751.5 0.7380474201221118
752.0 0.828625234734252
752.5 0.9512193626745216
753.0 1.1041084097876706
753.5 0.8967055706452798
754.0 0.7157039835739579
754.5 0.8111470076867531
755.0 0.9824149402521012
755.5 0.5920591498475437
756.0 0.793306998587491
756.5 0.4857490473895688
757.0 1.4901554905822256
757.5 0.7410997607917154
758.0 0.5755106962897693
758.5 0.5260334426979281
759.0 0.5205217032380057
759.5 0.8324843048087697
760.0 1.1988621219801439
760.5 1.0385391657498815
761.0 0.7457282275291011
761.5 0.8244505773358237
762.0 1.2073658749808673
762.5 1.032266859970151
763.0 0.7021144807915083
763.5 0.43757679274186156
764.0 0.9226802523388322
764.5 0.7151439247539344
765.0 0.830758354883484
765.5 1.351704059287139
766.0 0.6799714614778607
766.5 0.9213805465802913
767.0 0.6426859697548257
767.5 0.8226222722458099
768.0 0.7246011727595904
768.5 0.7121184918619936
769.0 0.8389360757878068
769.5 0.645330019795805
770.0 0.753710795523506
770.5 0.772186208441163
771.0 0.7347162185690568
771.5 0.9150959317178524
772.0 1.0749716126824382
772.5 0.29018807847610967
773.0 0.7561718678486411
773.5 0.778493556194175
774.0 0.4614384698733235
774.5 1.3796797877262097
775.0 0.7523162164358568
775.5 1.2823077076180518
776.0 0.5428642802830957
776.5 0.8831540027158755
777.0 0.870320687590953
777.5 1.2525820717260792
778.0 1.0060613191637484
778.5 0.8686804418778431
779.0 1.188122511568071
779.5 0.8212573485936658
780.0 1.058275105556882
780.5 1.1867133133665646
781.0 0.79434605737042
781.5 0.9584771220711388
782.0 1.4622796791807515
782.5 1.1496434069299404
783.0 0.9653522225404034
783.5 0.9410780306633881
784.0 1.0341670839622983
784.5 0.9283428759074044
785.0 0.8571346517457137
785.5 0.8186777967264585
786.0 0.769447700971944
786.5 0.6979609000756464
787.0 1.3826101867419303
787.5 0.7665964429312226
788.0 0.6566113926710919
788.5 0.8316873657932704
789.0 0.9300946130866046
789.5 0.8591434334578962
790.0 0.8637263905571743
790.5 0.7610119481985596
791.0 0.7510703703554116
791.5 0.8814588260147006
792.0 0.6143990635221475
792.5 0.9056698394755442
793.0 0.9066838984349832
793.5 0.7092859413055275
794.0 0.8561632816407871
794.5 0.5598702240329774
795.0 0.7518797472628158
795.5 0.8987228335146895
796.0 0.948998560638356
796.5 0.8902481378622131
797.0 1.0125320675181717
797.5 0.5963647409500674
798.0 1.4042044177517714
798.5 0.7596754617090793
799.0 1.4503632333944927
799.5 0.664000026524731
800.0 0.5165246476074865
800.5 0.7139253942972636
801.0 0.8707678117182147
801.5 0.7717955639826497
802.0 0.9221767015007056
802.5 1.1542763249701729
803.0 1.229393936310963
803.5 1.136959158619938
804.0 0.7384943984125656
804.5 1.0737810403842016
805.0 0.6044349299428966
805.5 0.8874414069754071
806.0 0.945850857050065
806.5 0.7840812449701586
807.0 0.8069375441547102
807.5 0.5811772441881256
808.0 0.8837295526274276
808.5 0.795451993636487
809.0 0.6467561534848187
809.5 0.5967457255932049
810.0 0.7313925354552636
810.5 0.5033655994672702
811.0 0.9590474169194703
811.5 0.845630185732507
812.0 1.063016338230727
812.5 1.044299976692548
813.0 0.7459397688721452
813.5 1.2604438860632818
814.0 0.937822613082163
814.5 1.1748013616008923
815.0 0.676667437568792
815.5 0.8566862408405482
816.0 1.2994645198691452
816.5 0.6115809590685881
817.0 0.7535313378738111
817.5 1.2725737130408805
818.0 0.9464368113710795
818.5 0.6114404813330082
819.0 0.9744738734641827
819.5 0.7436270829799352
820.0 0.5686573386223812
820.5 0.7354847538149065
821.0 0.7445678605886115
821.5 0.8986610291003678
822.0 1.0701052251987735
822.5 0.8205798359716907
823.0 0.836238820611529
823.5 0.6500938066341315
824.0 0.7108038027366617
824.5 0.8282883751002177
825.0 0.6936218327262582
825.5 0.6245620830348009
826.0 1.3100804336716485
826.5 1.158861376876602
827.0 0.5705544237926965
827.5 1.4662998355419543
828.0 0.6252188562488361
828.5 0.9686107274552518
829.0 0.6052974346889879
829.5 0.8710146837743951
830.0 0.5481855087585166
830.5 0.5209053284137088
831.0 0.9067413301187808
831.5 0.6133393215577221
832.0 1.0045150410876895
832.5 0.4947593570027477
833.0 1.4746785415503845
833.5 0.9690896558387618
834.0 0.8820887974975886
834.5 0.7869395180224394
835.0 0.8103778522052666
835.5 0.2442758252312383
836.0 0.7689187093152139
836.5 1.0582557404938737
837.0 0.7242882301986411
837.5 0.6841143197818804
838.0 0.8128908565634867
838.5 0.7798411823243807
839.0 0.8518339115240929
839.5 0.6957844166826406
840.0 0.8025374546376958
840.5 0.9200306480591902
841.0 0.48718398197718654
841.5 0.5441666590182122
842.0 0.80162526198914
842.5 1.0870557294071967
843.0 0.5986809605692978
843.5 1.0074974926972877
844.0 0.5928844600664127
844.5 0.6108080693500317
845.0 1.5691144828385728
845.5 1.0149475324104955
846.0 0.7880775458033245
846.5 0.7822490059596021
847.0 0.5304202312410846
847.5 1.2207522756280236
848.0 0.7368314702577881
848.5 0.6926290896379561
849.0 0.6564104486694393
849.5 0.8906022729619267
850.0 0.950732169199582
850.5 0.5712334899766791
851.0 0.7792895726508611
851.5 0.7208564343092028
852.0 0.886814615145342
852.5 0.8238837368822662
853.0 0.9281487835565192
853.5 0.616219111031411
854.0 0.7136545267115852
854.5 0.7150418332203446
855.0 0.6875698138586275
855.5 0.743988766886784
856.0 0.9212237293420464
856.5 0.8166855919054457
857.0 0.8708618280517537
857.5 0.7888612397929486
858.0 0.48832892372101216
858.5 1.2816634251664911
859.0 0.9947742474867838
859.5 1.3137653185294669
860.0 0.5894402838917016
860.5 0.8103086036006917
861.0 1.0806634398923451
861.5 0.9503614124087425
862.0 0.8822157109033819
862.5 1.3533751135870784
863.0 0.5791928358758274
863.5 0.803553095757847
864.0 0.8803138392248702
864.5 0.8593309468571673
865.0 1.0857049974759034
865.5 0.9185748574396968
866.0 0.8592252058879113
866.5 1.2073554533733064
867.0 0.8691004131787325
867.5 0.9089579977405153
868.0 0.991586596820673
868.5 0.5971442534239206
869.0 0.7506010153935212
869.5 1.0170704619110629
870.0 0.9793671644002737
870.5 0.6388556924093145
871.0 0.5482714793574615
871.5 0.8533842999636836
872.0 0.639269833055503
872.5 0.6932397899313469
873.0 0.6844049565447521
873.5 0.5731730607076685
874.0 0.757660280244961
874.5 0.7814413704675864
875.0 0.9112889075144752
875.5 0.9353482081849276
876.0 0.8304771078354305
876.5 0.7965224363033019
877.0 0.7514093516346892
877.5 0.7540414473007522
878.0 0.9412169156172357
878.5 1.2285647367532613
879.0 0.905599852116121
879.5 0.6972100772186282
880.0 0.7006887984422899
880.5 0.894083705562615
881.0 0.7702969431979936
881.5 0.853853134330256
882.0 0.8844147648457236
882.5 0.8535193247228112
883.0 1.0636007147476825
883.5 1.0808663434928587
884.0 0.8379354149607068
884.5 0.7107702239520548
885.0 1.2805458476746365
885.5 0.6261662972673175
886.0 1.1042273529607167
886.5 1.2219197837271163
887.0 0.9779442903312394
887.5 0.6681496051505149
888.0 0.44931058797673934
888.5 0.7421581413986063
889.0 0.8230601145624488
889.5 0.47889484818324873
890.0 1.0341905379895058
890.5 0.8654924984201737
891.0 1.2779799213135241
891.5 0.8118818836132985
892.0 0.6957161090281379
892.5 0.8837457762692008
893.0 0.7039246157856133
893.5 0.6685847599288317
894.0 1.0758835703496916
894.5 1.051136214026059
895.0 0.8183382086075193
895.5 1.2115573875354602
896.0 0.6558235236111436
896.5 0.888606693121214
897.0 0.6928775156431835
897.5 0.8693283021576466
898.0 0.6003555311666873
898.5 1.0447769216021738
899.0 0.5318478828248401
899.5 0.43945786917025415
900.0 0.8186335399078888
900.5 0.45979290006866635
901.0 1.056111307355283
901.5 0.9545491037204277
902.0 1.2445777349769012
902.5 1.2420404066432746
903.0 0.6467857388635039
903.5 1.0702629048002223
904.0 1.1759982667802156
904.5 0.7153725100832156
905.0 0.3665871272041361
905.5 0.8419731147432972
906.0 1.098932064334856
906.5 0.9558582284379133
907.0 0.8484262813429804
907.5 1.521311288782174
908.0 0.5256078627816481
908.5 0.6065631353828769
909.0 1.2850295025094183
909.5 0.42920190209811504
910.0 1.0498480340736893
910.5 0.86708781972537
911.0 0.8396516179028102
911.5 1.400307341093791
912.0 0.5383224064745955
912.5 0.47261147652065527
913.0 0.9056555199833369
913.5 0.8573562717975798
914.0 0.4636598115728639
914.5 0.7628331077064602
915.0 1.3044679783388125
915.5 0.9449603465718872
916.0 0.8453973314419876
916.5 1.0405915702188933
917.0 0.41798759119211043
917.5 0.8375594649718634
918.0 0.6735474961412666
918.5 1.035791746852164
919.0 0.8470529218992979
919.5 1.077977891092163
920.0 1.214528105617963
920.5 0.9633494804007465
921.0 1.1746881308409198
921.5 1.1967377885250712
922.0 1.083748651871526
922.5 1.1642730784777968
923.0 0.7124082051763656
923.5 0.935468271438016
924.0 0.5301733724773305
924.5 0.807112726946136
925.0 0.8082547995495013
925.5 0.6679269285300748
926.0 1.2724433129852764
926.5 0.824007039092578
927.0 0.9060532498323797
927.5 0.8950914295628603
928.0 0.591925814696205
928.5 0.9799585100866708
929.0 0.8303629697036752
929.5 0.6101962193708858
930.0 0.7778081816582645
930.5 0.5128535202606295
931.0 0.6170476977243438
931.5 0.608004104111606
932.0 0.8176229387193541
932.5 1.1667849913738844
933.0 0.7478744981727816
933.5 0.8643935824400236
934.0 0.8179084183303273
934.5 0.8636173351013305
935.0 0.7653228978157376
935.5 0.6391757129854274
936.0 1.1527916791010406
936.5 0.8500315993737289
937.0 0.746946557462228
937.5 1.0676084700690982
938.0 0.32037608963384423
938.5 0.657875103521824
939.0 0.7116729226847847
939.5 0.8025069330445185
940.0 0.6958932833895981
940.5 0.7861168356319945
941.0 0.8925126629278899
941.5 0.7730765627020866
942.0 0.9850179830355015
942.5 0.45674919061727637
943.0 0.8187974741264201
943.5 1.029448091516075
944.0 1.2916145175423248
944.5 0.6901256862055352
945.0 0.8569531451293779
945.5 0.5926336118158104
946.0 0.7444788850481374
946.5 0.7209016892275547
947.0 0.6401158239001552
947.5 1.0718739924408716
948.0 0.8956420856126037
948.5 0.9408799479554086
949.0 0.9358193095476224
949.5 1.15002281779731
950.0 0.5884706761510026
950.5 1.0876850150270103
951.0 0.5865034499172781
951.5 0.6535082731875266
952.0 1.044709085512703
952.5 0.8966026112106216
953.0 0.8260985002808254
953.5 0.9484652712275561
954.0 0.36498786746961537
954.5 0.9114312823689166
955.0 0.7889958961447594
955.5 0.7616772558154684
956.0 1.339308377512125
956.5 1.4114981430312161
957.0 0.3907157105311033
957.5 0.8570279981460436
958.0 0.7230114566121237
958.5 0.7358418276654599
959.0 0.6293131378939909
959.5 1.0293191046369097
960.0 0.7334390306934824
960.5 1.0398952508138546
961.0 0.616413511791704
961.5 0.7269726409507334
962.0 0.6343752637011928
962.5 1.0399821064764447
963.0 0.9705736898564821
963.5 0.7232738364177675
964.0 0.8263993258190903
964.5 0.857819035015249
965.0 0.7137734457471618
965.5 0.63310375389218
966.0 1.0884653086874472
966.5 0.5085893934771414
967.0 0.8110646531784556
967.5 0.7440846512174637
968.0 0.9000650091642419
968.5 0.9183428579405062
969.0 0.9381155914270511
969.5 0.8909169800910244
970.0 0.8418981355708999
970.5 1.0415188458063718
971.0 0.8211603113997319
971.5 0.7782570426732371
972.0 0.6357172003508431
972.5 1.0008858609948046
973.0 0.5635219176466326
973.5 0.7287893208264391
974.0 0.7247643114443334
974.5 1.0783847839532088
975.0 0.7198897839222684
975.5 0.6077899155269622
976.0 0.7610441181237699
976.5 1.3411670713105615
977.0 0.8153793379108916
977.5 0.8691569595293913
978.0 0.9115051917039012
978.5 1.0608915561090593
979.0 1.0262244992067924
979.5 1.1244109129143067
980.0 0.8276833942944346
980.5 0.9667826544800304
981.0 0.5233926117908569
981.5 0.5969101902636917
982.0 0.7967590153590159
982.5 1.2659999878509203
983.0 0.8347692639856255
983.5 0.5422310341888141
984.0 1.189837572525476
984.5 0.9644263980294017
985.0 0.6845927247219366
985.5 0.8493589009329843
986.0 0.7223203550144333
986.5 0.6130855819048143
987.0 1.0156422591540297
987.5 0.5227948865660672
988.0 0.6948699166016552
988.5 0.6804888512078904
989.0 1.271060780283385
989.5 0.7209551912578386
990.0 1.0721589062006363
990.5 1.2201003322974067
991.0 0.7544225390643957
991.5 1.029505792808492
992.0 0.6663636170972123
992.5 0.7137392154103186
993.0 1.1106729436081872
993.5 1.1918704603085062
994.0 0.6918468087907463
994.5 1.1115273327656092
995.0 0.65450096593566
995.5 0.8494542231374704
996.0 0.9058497753373587
996.5 1.0121352896374107
997.0 0.7530718125464279
997.5 0.9853677365403886
998.0 0.6001127162280353
998.5 0.9294264159081729
999.0 0.7688598585898925
999.5 0.6896106933518573
1000.0 0.6869728022511185
1000.5 0.9017974231716577
1001.0 0.8689312139564396
1001.5 0.878701358894818
1002.0 0.9880055479327583
1002.5 0.9269519294900466
1003.0 0.9182921188284712
1003.5 1.0493986800860455
1004.0 0.7903718147796415
1004.5 0.732140557085625
1005.0 0.9308519931656303
1005.5 0.8243993700219787
1006.0 0.8668472899265387
1006.5 0.48510071482074685
1007.0 0.9192732455971655
1007.5 0.7298342998729401
1008.0 1.1194969319350463
1008.5 1.3607392763570103
1009.0 0.869122796974841
1009.5 0.808444669673841
1010.0 0.8729002666644383
1010.5 0.8493009290398883
1011.0 0.783216162607532
1011.5 0.9999948845019628
1012.0 0.7195034254947925
1012.5 0.8719232228129454
1013.0 0.9334331319936402
1013.5 0.8647866525900765
1014.0 1.0458184167159765
1014.5 1.0901418741154485
1015.0 0.4173677933400334
1015.5 1.3497889249520814
1016.0 0.7973513590273145
1016.5 0.7998372515620613
1017.0 0.7563412974068212
1017.5 0.8289262854429699
1018.0 0.5530333476284987
1018.5 0.8627078935644117
1019.0 0.8825483053538743
1019.5 0.6226027558827544
1020.0 0.7271345619982728
1020.5 0.7098294786491228
1021.0 0.915126023587685
1021.5 0.7859640101077001
1022.0 0.9372275621849544
1022.5 1.5970086046595162
1023.0 1.0804952372796808
1023.5 0.597365142893264
1024.0 0.3030742839582011
1024.5 0.8777344242349634
1025.0 0.8205057927104462
1025.5 0.7247605335840759
1026.0 0.8081031819672166
1026.5 0.6694007528249282
1027.0 0.6123216292200344
1027.5 1.0011186574200683
1028.0 1.1965760705484048
1028.5 0.6676762176071735
1029.0 0.6521445132000228
1029.5 0.6904772679712821
1030.0 0.7433231878018507
1030.5 0.8398499345405902
1031.0 0.989159370693957
1031.5 0.6808115908659795
1032.0 0.5002660200059273
1032.5 0.9691094038743486
1033.0 1.1699115859558669
1033.5 0.9204549127263446
1034.0 0.7801953967098664
1034.5 0.6931628609518877
1035.0 0.9311357658519495
1035.5 0.846458251481863
1036.0 0.9177183571266803
1036.5 0.7113136448212534
1037.0 0.7856062251471205
1037.5 0.8833034922065137
1038.0 0.7088045318822445
1038.5 0.5105264674816423
1039.0 0.8195130456198578
1039.5 0.5718436754164562
1040.0 1.0872936119049263
1040.5 0.929681101319672
1041.0 0.8472226399718703
1041.5 0.9982432223693856
1042.0 0.9799138099956264
1042.5 0.87758589830863
1043.0 0.5300889059279847
1043.5 0.5638335814714778
1044.0 1.0613129743572913
1044.5 0.9436199614687781
1045.0 0.8862905717537564
1045.5 0.745835242482332
1046.0 0.791736544025982
1046.5 0.6857001953842499
1047.0 1.1064628268747005
1047.5 0.8204040610825758
1048.0 0.7288372060779411
1048.5 0.7815010219133237
1049.0 0.49194682464698714
1049.5 0.8485666719166995
1050.0 1.055147460871634
1050.5 0.8878019859991069
1051.0 0.7279213390110697
1051.5 0.9829326722017961
1052.0 0.8159985390091844
1052.5 1.001913212322694
1053.0 0.6078140294496407
1053.5 1.0959996930214997
1054.0 1.0135676638620323
1054.5 0.9421490445706331
1055.0 0.37925021390243674
1055.5 0.8662305439972589
1056.0 0.8539738427099737
1056.5 0.3165424092441405
1057.0 0.5306418620201003
1057.5 0.5962767513829825
1058.0 0.9816259478113347
1058.5 0.5421682335694972
1059.0 0.7576664417613066
1059.5 0.5960792026661307
1060.0 0.9776781190323531
1060.5 0.6427412066624048
1061.0 1.0726652146368325
1061.5 0.8847021997980609
1062.0 1.060174998666296
1062.5 0.7603373329339379
1063.0 1.087892327764731
1063.5 1.052011440356061
1064.0 0.7574450826250527
1064.5 1.6523792874174108
1065.0 1.3701823930354693
1065.5 0.754239963665482
1066.0 0.8345503328576305
1066.5 0.8092289879480141
1067.0 0.6470544266799483
1067.5 0.8448839448447634
1068.0 0.7938977503123106
1068.5 0.73660949463533
1069.0 0.9076320566966551
1069.5 0.8827927944383129
1070.0 0.6605348810747307
1070.5 1.0200523352566986
1071.0 0.8251502357171601
1071.5 0.5019741850497054
1072.0 0.8374924864677047
1072.5 0.817068614463458
1073.0 0.6875393588523302
1073.5 0.9227686771348396
1074.0 1.4331059783638034
1074.5 0.7531087834847211
1075.0 0.6242032883913957
1075.5 1.2810219663362195
1076.0 0.82955723204058
1076.5 0.9041230188507798
1077.0 0.778257045835379
1077.5 0.7054499311671389
1078.0 0.6447610173805913
1078.5 0.7124039377561034
1079.0 0.9817539680691696
1079.5 1.0317962974858148
1080.0 0.8008804732436257
1080.5 0.8017217122786572
1081.0 0.7958821957449138
1081.5 0.9365725266087199
1082.0 0.6353792731557557
1082.5 1.0234743000513584
1083.0 0.9191076871554467
1083.5 0.965148297035358
1084.0 1.0461234439179734
1084.5 0.713358933437333
1085.0 1.2844206832625529
1085.5 0.9508887283253009
1086.0 0.4830878060781655
1086.5 0.5154273813715956
1087.0 0.7080320890257117
1087.5 1.1779517504656771
1088.0 0.7280773729956411
1088.5 0.9405719139897859
1089.0 0.6170372040538815
1089.5 1.2407424701868806
1090.0 0.6899959476307557
1090.5 0.4242695355254685
1091.0 0.6292180099661779
1091.5 0.4367806435976751
1092.0 1.1516376952170189
1092.5 1.361340641255663
1093.0 0.8431271769835494
1093.5 0.9366254479358307
1094.0 0.8409501289723029
1094.5 1.0039888005492144
1095.0 0.7137569008406315
1095.5 1.2696830827437997
1096.0 0.8342102506725835
1096.5 0.6999826284214499
1097.0 0.7580471895323326
1097.5 0.7838043986509262
1098.0 0.8566517715702342
1098.5 0.7324011032540992
1099.0 1.085912709072815
1099.5 0.8559379737759041
1100.0 0.7505538066645873
1100.5 1.0512616560662913
1101.0 0.9998774003553008
1101.5 0.9257344620808721
1102.0 0.9624581556628824
1102.5 0.9431282692786951
1103.0 0.6989299957953685
1103.5 1.0701023913812273
1104.0 0.7743630151944396
1104.5 0.5123529814046925
1105.0 0.8878178386590645
1105.5 0.9466131742523152
1106.0 1.0159513063100813
1106.5 0.3351866125691852
1107.0 0.7359221941116338
1107.5 0.6494042440477932
1108.0 0.729814058086047
1108.5 0.9951844207064404
1109.0 0.8919609608087762
1109.5 0.7992219370298212
1110.0 0.751838523308012
1110.5 1.106490812818782
1111.0 0.6515504482808773
1111.5 0.5081321125758688
1112.0 0.5945260591881358
1112.5 0.8012483527114049
1113.0 0.6094824957901279
1113.5 0.8580307905681184
1114.0 0.9060125801250849
1114.5 0.782945504007156
1115.0 0.8534536265496084
1115.5 1.201329865310901
1116.0 0.6235640955921604
1116.5 0.8295132251882855
1117.0 0.6758128698573838
1117.5 0.9187908943242475
1118.0 0.8690927757665272
1118.5 1.0071153019333172
1119.0 0.6487129657844302
1119.5 0.892745857671148
1120.0 0.6131759140283488
1120.5 0.9212224716195629
1121.0 1.0354016905279113
1121.5 1.2531646969553942
1122.0 0.8727225854606606
1122.5 0.7813161303537014
1123.0 0.6850009772918777
1123.5 0.9599700905297592
1124.0 0.593566725344288
1124.5 0.9590132423804003
1125.0 1.345885985804036
1125.5 0.804228486974434
1126.0 0.6200154619665127
1126.5 1.0419225435839903
1127.0 0.9633101641235511
1127.5 0.6660427913251552
1128.0 0.7618291466357192
1128.5 1.2599433446625123
1129.0 1.4036916357549303
1129.5 0.6025490050583293
1130.0 0.7735560458418469
1130.5 0.9845472818601049
1131.0 0.7034010228174659
1131.5 0.6995028360237237
1132.0 0.5449088331044811
1132.5 0.7490019025379975
1133.0 1.081055903488399
1133.5 1.1056023972448477
1134.0 0.934494933474886
1134.5 1.172839491593602
1135.0 0.764605353240645
1135.5 0.7283702318063461
1136.0 1.4719077266371543
1136.5 1.369311296352348
1137.0 0.8640054872185167
1137.5 0.9904382813592905
1138.0 0.6344214743903315
1138.5 1.064062156211087
1139.0 0.946057373519674
1139.5 0.8317367597119707
1140.0 0.8055359377936042
1140.5 0.4789588484532059
1141.0 1.0842382736805776
1141.5 1.2998912583301128
1142.0 0.6498674375606383
1142.5 0.9815402804233058
1143.0 1.0728396223706145
1143.5 0.5930688485285903
1144.0 0.6976037811503908
1144.5 1.187782995266396
1145.0 0.7578321671736614
1145.5 0.9677313619755064
1146.0 0.48743800801730147
1146.5 0.6359235371879415
1147.0 0.7592722168120147
1147.5 0.8842224543073232
1148.0 0.6130993369491922
1148.5 0.7393528375092682
1149.0 1.0228393697630027
1149.5 0.7951300542498136
1150.0 0.8970901399614744
1150.5 0.9248261627618986
1151.0 0.8528143613905637
1151.5 0.4692742726145065
1152.0 0.39393928062999695
1152.5 1.3848404400056324
1153.0 0.3865906318117009
1153.5 1.1644265197464385
1154.0 0.5626151202909031
1154.5 0.6339996996553149
1155.0 0.6979270618322545
1155.5 0.6410128203489076
1156.0 1.1414586203876245
1156.5 1.3534402043370775
1157.0 0.73058934716828
1157.5 1.1743279300615639
1158.0 0.8978669499145753
1158.5 0.4916307418434462
1159.0 0.7877035023346999
1159.5 1.1155530976370056
1160.0 0.9498293491274628
1160.5 0.7854964270249363
1161.0 0.8112780238990096
1161.5 0.9033739168780579
1162.0 1.0182415815188277
1162.5 1.276527890488796
1163.0 0.6938157233538622
1163.5 0.9198190709851604
1164.0 0.7135225679934352
1164.5 0.637104090702922
1165.0 0.7688079261444924
1165.5 1.651543355443739
1166.0 0.5727530003699535
1166.5 0.8488944494280436
1167.0 0.9690824318127176
1167.5 0.8400865768004233
1168.0 0.8132550549419066
1168.5 0.8447798683231347
1169.0 0.6169995499606764
1169.5 0.8561479751825655
1170.0 0.5287444429752497
1170.5 0.7571608730629356
1171.0 0.5823898373372464
1171.5 0.7624711354571443
1172.0 0.6617418467854674
1172.5 0.713662036016965
1173.0 0.8174435434530842
1173.5 1.0748796865843449
1174.0 0.8271407264371551
1174.5 0.7390630273192058
1175.0 1.1990683859666529
1175.5 0.6750657098518376
1176.0 0.7642089551172537
1176.5 0.8026534445549807
1177.0 1.0538646372941358
1177.5 0.9481145819513097
1178.0 0.7547632273189397
1178.5 1.0884241376947208
1179.0 1.0702137251152635
1179.5 0.9352713971783599
1180.0 0.9898671135525239
1180.5 0.9667243160321757
1181.0 1.0403667321627492
1181.5 0.631121912636393
1182.0 0.6677508863828611
1182.5 0.9071772632338946
1183.0 0.6765575670378741
1183.5 0.6943206256531667
1184.0 0.71289718028108
1184.5 0.9556601001768479
1185.0 0.7504485326613124
1185.5 0.5620535120125478
1186.0 0.5958195209891677
1186.5 0.5716312556252339
1187.0 1.48644648402738
1187.5 0.9526475756352664
1188.0 1.3756446125943105
1188.5 0.8086545605566431
1189.0 0.894926521689835
1189.5 1.303736738256105
1190.0 0.6070192896504475
1190.5 0.6833344100279248
1191.0 0.6574735661382454
1191.5 0.8830336918400756
1192.0 1.1323700679865265
1192.5 0.7270903311681614
1193.0 0.8550179158145843
1193.5 0.7259903626534127
1194.0 1.1903166580179165
1194.5 1.1233420913952983
1195.0 1.0011821911720913
1195.5 0.9079808066953805
1196.0 0.7982131717570262
1196.5 0.6653920762315184
1197.0 1.111864257326527
1197.5 0.8161460053702454
1198.0 1.202047476226487
1198.5 0.9174305498085349
1199.0 0.7204255156998167
1199.5 0.9913745413269772
1200.0 0.7282172793201969
1200.5 0.8590124333180684
1201.0 0.8425441532526643
1201.5 0.4215142976162913
1202.0 1.1721739285569592
1202.5 1.0860842385774916
1203.0 0.6657268098282159
1203.5 0.610557039506753
1204.0 0.7861011482048909
1204.5 0.9106421676642802
1205.0 0.8766165396787768
1205.5 0.4868509717727045
1206.0 0.8450613540972391
1206.5 0.6273295375972863
1207.0 0.6205304114468038
1207.5 0.7210377685276959
1208.0 0.9102312396270595
1208.5 0.6982528106612971
1209.0 0.7102227561530254
1209.5 0.8705419453542513
1210.0 0.4778616676789807
1210.5 0.6650995762421765
1211.0 0.5996926269133633
1211.5 0.8095420468276315
1212.0 0.8752151256955141
1212.5 0.8209510400560136
1213.0 0.8228593419838566
1213.5 1.0110929644849624
1214.0 1.3001950925155519
1214.5 0.9768316722200767
1215.0 0.972261948101864
1215.5 0.6253917968707619
1216.0 0.9068281646630676
1216.5 0.601023144450392
1217.0 0.7702318304143172
1217.5 1.0314083096074425
1218.0 0.8521970257737375
1218.5 0.33442682952508646
1219.0 0.7696502225865136
1219.5 0.642717446876601
1220.0 1.6828513896996709
1220.5 1.5486914188726182
1221.0 0.922274157800778
1221.5 0.6604342080100061
1222.0 0.7878804644119926
1222.5 0.906213261366011
1223.0 0.9611125279582287
1223.5 0.6410783818457881
1224.0 1.4246480233058385
1224.5 0.9393156704768962
1225.0 0.8783321529083683
1225.5 1.0081707733130765
1226.0 0.8785744967887144
1226.5 1.0095821850626778
1227.0 1.4588946089284005
1227.5 0.730628770244929
1228.0 0.8185251704493091
1228.5 0.7223836910477046
1229.0 0.8378196033184262
1229.5 0.8956558744571765
1230.0 0.5883008553657378
1230.5 0.8108465553464499
1231.0 0.7830541164766209
1231.5 0.6787939382606663
1232.0 1.0593126188419777
1232.5 1.348796286825769
1233.0 1.1965987980336312
1233.5 0.6095808818134353
1234.0 1.0795423734527776
1234.5 0.936411616016916
1235.0 1.038103795705216
1235.5 1.208825991089845
1236.0 0.5543059510928854
1236.5 1.0635572642281772
1237.0 0.7128371160455886
1237.5 0.6950320376332204
1238.0 0.8960822239441568
1238.5 0.9272494230283039
1239.0 0.36700148428454565
1239.5 0.7515104217323416
1240.0 0.6535680181387067
1240.5 0.6764040952322499
1241.0 0.8830656191137387
1241.5 1.237952426094914
1242.0 0.7670062785540899
1242.5 0.8283449649400532
1243.0 0.41329962929350034
1243.5 0.616995976454084
1244.0 1.1605610661508179
1244.5 0.9483622269124676
1245.0 0.9391623033878211
1245.5 0.6997309252555457
1246.0 0.9034282022705633
1246.5 1.3331539529530407
1247.0 0.8716903928507724
1247.5 0.9518380282918456
1248.0 1.4046957076102418
1248.5 0.6776747125144497
1249.0 1.3264902822574638
1249.5 0.9033120330305291
1250.0 1.7988476721515902
1250.5 0.7689439195685281
1251.0 0.9062565226055765
1251.5 0.8983277329569792
1252.0 1.3611285127124164
1252.5 1.1835700037789778
1253.0 0.5712646286196964
1253.5 0.7307683859136316
1254.0 0.5198753540204923
1254.5 0.7577034061463952
1255.0 0.6510144284111745
1255.5 0.9212451018071164
1256.0 0.8646076412286685
1256.5 0.9213012909899498
1257.0 0.6145908308018557
1257.5 0.7063783653160437
1258.0 0.9470061062153996
1258.5 0.9370668696493776
1259.0 0.8574055307250144
1259.5 0.6833969423912212
1260.0 0.7828673134245423
1260.5 1.147697549832887
1261.0 0.9573689381342879
1261.5 0.7094781682531863
1262.0 1.1327074165383644
1262.5 0.8184765379659724
1263.0 1.0342012872982398
1263.5 1.095158519060792
1264.0 0.7408154260733033
1264.5 0.7071230735565179
1265.0 0.6713930174642416
1265.5 0.5424201739497126
1266.0 0.8711473554392282
1266.5 1.2517125969695655
1267.0 0.8672628220073927
1267.5 0.5142307018425061
1268.0 0.5325082331195218
1268.5 0.7062647918740967
1269.0 0.8197918172951215
1269.5 0.8044539577599421
1270.0 1.0607270991258069
1270.5 1.0097523979838565
1271.0 0.8045683193034582
1271.5 1.0342213022349773
1272.0 0.975487918917739
1272.5 0.8675075254771303
1273.0 1.1177507991924454
1273.5 0.361348327755359
1274.0 0.765150249818169
1274.5 1.0221020447413969
1275.0 0.8328005307998365
1275.5 0.6981957655920925
1276.0 0.6643031579176162
1276.5 0.9223615825820817
1277.0 0.3746699952789037
1277.5 0.6539517638057244
1278.0 0.6433703431908424
1278.5 0.8953203945069421
1279.0 0.9645746232616905
1279.5 0.6773099992539606
1280.0 0.9374476633821331
1280.5 0.7115770128705068
1281.0 0.8577718517170689
1281.5 0.76710711048227
1282.0 1.1878021603805524
1282.5 0.8165860716399106
1283.0 1.0972246131217624
1283.5 0.6400207259818349
1284.0 0.5046607313369871
1284.5 0.8880388973436524
1285.0 0.8027938963376438
1285.5 1.0352630591301306
1286.0 0.8822970005407309
1286.5 0.6708129089259933
1287.0 0.4246943144456554
1287.5 0.5070493108962201
1288.0 0.7688800331793846
1288.5 0.9994864093417433
1289.0 1.0017600989519675
1289.5 0.6052884457347703
1290.0 0.6417901466415399
1290.5 0.8995222790303561
1291.0 1.0002157752734606
1291.5 0.9931813737033932
1292.0 0.5839716783582909
1292.5 0.987602070163011
1293.0 0.6973899985400926
1293.5 0.8047594606781108
1294.0 0.7854648995464546
1294.5 0.9750205292524536
1295.0 0.8650997507629263
1295.5 1.0133752235162625
1296.0 0.7786718719091563
1296.5 0.4127186937385395
1297.0 0.6267384845439431
1297.5 0.6935814763519621
1298.0 1.0157818998155579
1298.5 0.7154723243447707
1299.0 0.45005014054184156
1299.5 0.7408794364657854
1300.0 0.8435991035152879
1300.5 0.7291662773010306
1301.0 0.6622439720493308
1301.5 1.0041297127078606
1302.0 0.7993231846082607
1302.5 0.9911963297980722
1303.0 0.9055718964794683
1303.5 0.7707910550927755
1304.0 0.7913660254343271
1304.5 1.2451744690496398
1305.0 0.754027108202521
1305.5 1.063766759725554
1306.0 0.4384823974055167
1306.5 0.9347062207048251
1307.0 0.5616521527784812
1307.5 1.1168914709990911
1308.0 0.6745579823952756
1308.5 1.2859615023086228
1309.0 0.5231014711445185
1309.5 0.7301896788465521
1310.0 0.644512295027257
1310.5 0.9496663865481374
1311.0 0.8915990394780704
1311.5 0.8191057996709836
1312.0 1.0373569760233172
1312.5 0.8736039652694065
1313.0 0.7806371427022196
1313.5 0.7792525335743861
1314.0 0.8249751454773364
1314.5 0.8516676831827861
1315.0 0.9882789338901521
1315.5 0.6678319988457199
1316.0 0.5572128395523195
1316.5 0.8956309745818021
1317.0 0.920421251617723
1317.5 0.8979785508646678
1318.0 0.8948631449728937
1318.5 0.5561488791295378
1319.0 0.7568302814930327
1319.5 0.572952609113432
1320.0 0.4487601394180214
1320.5 0.80430318147678
1321.0 1.104587858074911
1321.5 0.8688525070347437
1322.0 0.6502022650150643
1322.5 1.180589915522505
1323.0 0.5270709055674481
1323.5 1.3429118274497576
1324.0 1.1123906032308892
1324.5 0.9013559760677221
1325.0 1.0023362550211696
1325.5 0.6734110616531153
1326.0 0.7014498443548591
1326.5 0.5710928527458836
1327.0 0.6525521815532793
1327.5 0.8733616472439365
1328.0 1.1165347055471955
1328.5 0.7448889751715735
1329.0 1.3336446264705226
1329.5 1.0562113761039038
1330.0 1.095044889524903
1330.5 1.1239478323501146
1331.0 0.6729908075481654
1331.5 1.3049025121937519
1332.0 0.7278575767137294
1332.5 0.758691574465878
1333.0 0.808644648921405
1333.5 0.6857154109168526
1334.0 0.9866764340388117
1334.5 1.0305101913935548
1335.0 1.374266177915683
1335.5 0.7290762605281144
1336.0 1.0367627715413918
1336.5 0.6755373868644619
1337.0 0.7759356331209082
1337.5 0.9753120853492174
1338.0 1.4572628181438068
1338.5 0.6282356207491254
1339.0 1.0251533114450593
1339.5 1.072958961060811
1340.0 0.7435166980195196
1340.5 0.904192275847163
1341.0 1.0005089037617716
1341.5 0.9965783221431448
1342.0 0.9275690783194084
1342.5 1.5119269196574938
1343.0 0.9803790699565174
1343.5 0.7464970984810686
1344.0 0.6901885163716492
1344.5 0.8205776012628825
1345.0 0.8425790275929095
1345.5 1.0679979114898202
1346.0 0.6496632872996048
1346.5 0.7825302570457238
1347.0 1.031925780448952
1347.5 0.7815579591259658
1348.0 0.8770413980202114
1348.5 0.6089070272990591
1349.0 0.6893232979276751
1349.5 1.2868423078859288
1350.0 0.9979595725214849
1350.5 0.7008444432216693
1351.0 0.990724729274667
1351.5 1.13019411913484
1352.0 0.702282541725511
1352.5 0.48547489695846774
1353.0 0.6375512412955318
1353.5 0.7622321320955875
1354.0 0.6835478611799664
1354.5 0.9352440592881748
1355.0 0.9896451505009127
1355.5 0.9302601582852168
1356.0 1.0651810343486945
1356.5 0.8834025491411617
1357.0 0.8130971901822373
1357.5 0.9246605452941534
1358.0 0.7785863086822808
1358.5 0.9278647343355303
1359.0 1.1882853705328025
1359.5 1.3765475478465223
1360.0 0.8381177379987854
1360.5 0.6751015921804092
1361.0 0.28471166039189605
1361.5 0.8329985638254662
1362.0 0.868059714672704
1362.5 0.8528777368391827
1363.0 0.7323805846172822
1363.5 0.4989934650000557
1364.0 1.443875181039757
1364.5 0.7702644890140209
1365.0 0.7466322329089564
1365.5 0.995230981775139
1366.0 1.0759785607888592
1366.5 0.8331500689309588
1367.0 0.7744591315168823
1367.5 0.616925074046228
1368.0 1.073377536285652
1368.5 1.1031481291588279
1369.0 1.2129248064992688
1369.5 1.0853270836881834
1370.0 0.454284989923401
1370.5 1.0018398962831807
1371.0 1.0285145891761989
1371.5 0.9785448419333036
1372.0 0.7775279509794089
1372.5 1.4648382770681827
1373.0 1.0422848019651676
1373.5 0.6668505040359456
1374.0 0.7837861905773424
1374.5 0.6784352186599107
1375.0 0.6774485072136842
1375.5 0.6691013962105574
1376.0 0.456168129418957
1376.5 0.8647956077018311
1377.0 0.7300279955316427
1377.5 0.9251696040008093
1378.0 1.2021550605030034
1378.5 0.6017401809211378
1379.0 0.5773642742128413
1379.5 1.173681392031825
1380.0 0.8560282932464329
1380.5 0.9354774588896277
1381.0 1.0829022772233587
1381.5 1.0268095653843605
1382.0 0.8476088414529022
1382.5 0.6547065358981903
1383.0 0.7549839896300818
1383.5 0.773984144540345
1384.0 0.7274015313098954
1384.5 0.9468176319198647
1385.0 1.0888714467353307
1385.5 0.7091244146722848
1386.0 1.421340742693488
1386.5 0.7470066743386836
1387.0 0.5380789241288163
1387.5 0.7955800342819588
1388.0 0.6743659785155567
1388.5 0.6335005421146407
1389.0 1.1935680603877903
1389.5 0.5306824861510586
1390.0 0.9209666113424604
1390.5 0.9510900343529112
1391.0 0.8849979320170469
1391.5 0.9943934084121027
1392.0 0.8135178513129167
1392.5 0.9437257654602715
1393.0 1.070767036948292
1393.5 0.7291682699960434
1394.0 1.5486217116829428
1394.5 1.5722955204144717
1395.0 0.9307970074548084
1395.5 0.8158143635720501
1396.0 0.9306150070206718
1396.5 0.40765319801923466
1397.0 0.7448336371465255
1397.5 1.483751257448498
1398.0 0.6958144923225122
1398.5 0.8294935775763607
1399.0 0.9511373985148233
1399.5 0.932553340446769
1400.0 0.5838083251503989
1400.5 0.9924617741716226
1401.0 0.8807251243270209
1401.5 0.6808486503188276
1402.0 0.7820223612651034
1402.5 1.3519941911174354
1403.0 0.8376074682524616
1403.5 1.075296553202262
1404.0 0.6897129077002435
1404.5 0.8113727317913808
1405.0 0.9483448076285408
1405.5 0.6485724636249419
1406.0 0.3763088151215422
1406.5 1.0073185376706504
1407.0 0.9732576353712785
1407.5 0.4479591540784651
1408.0 0.8088297867497871
1408.5 0.7320087831764333
1409.0 0.539882722304696
1409.5 0.9585300081385821
1410.0 0.9511615428365781
1410.5 0.6282793496633323
1411.0 0.5329330019713547
1411.5 0.7578912677045573
1412.0 0.7248113577226893
1412.5 0.9253003417486181
1413.0 1.0376567255582352
1413.5 0.687802763778204
1414.0 0.5384586824214204
1414.5 0.928323071472556
1415.0 1.029344619753253
1415.5 0.9666784396978672
1416.0 0.8730279125567796
1416.5 1.3755724314216198
1417.0 0.8550938224099864
1417.5 1.327290522201607
1418.0 0.8726753570176187
1418.5 0.9111942335868131
1419.0 1.0026405486845977
1419.5 0.9604575926077776
1420.0 0.7642866676850493
1420.5 0.7307624873820222
1421.0 0.651920539690608
1421.5 0.8588295817972229
1422.0 1.0051491145806375
1422.5 0.8090517987255232
1423.0 0.4988631984862874
1423.5 0.7617810531288851
1424.0 0.7068952111218127
1424.5 0.8480150768403751
1425.0 0.6586892980753953
1425.5 0.9515230804995709
1426.0 0.8977544454912544
1426.5 0.9009597197274515
1427.0 1.015384630756955
1427.5 0.8440553058289666
1428.0 0.8632509320862691
1428.5 0.8393953704151222
1429.0 0.6717434206490607
1429.5 0.6127422818278414
1430.0 0.7523120097002249
1430.5 0.9871627329711565
1431.0 1.263098298104333
1431.5 0.6925269760045496
1432.0 0.51299406427021
1432.5 0.9185443746859381
1433.0 0.9309752715800457
1433.5 0.8603473444790881
1434.0 0.9049705743344167
1434.5 0.8363245808797124
1435.0 0.8543731730436548
1435.5 1.513830202960104
1436.0 0.5544815036769363
1436.5 0.2
1437.0 1.1008431240763754
1437.5 0.5965789490437894
1438.0 1.524046785397561
1438.5 0.6666998310642824
1439.0 0.8544719279169185
1439.5 0.9052174784144994
