0.0  1.755896
0.5  1.645144
1.0  0.719936
1.5  0.723824
2.0  0.89152
2.5  0.857688
3.0  1.103688
3.5  1.104608
4.0  1.335232
4.5  1.288672
5.0  0.79236
5.5  0.991808
6.0  0.840808
6.5  1.22856
7.0  0.88068
7.5  1.32832
8.0  1.440632
8.5  0.824384
9.0  1.098064
9.5  1.082464
10.0  0.92244
10.5  0.961776
11.0  0.751904
11.5  0.967952
12.0  0.857168
12.5  1.467408
13.0  0.881216
13.5  1.096384
14.0  1.091296
14.5  0.874696
15.0  1.322688
15.5  1.299456
16.0  1.217136
16.5  1.200432
17.0  0.982856
17.5  0.935088
18.0  1.193104
18.5  1.15496
19.0  1.055824
19.5  1.03016
20.0  1.044256
20.5  1.009088
21.0  1.1732
21.5  1.162512
22.0  1.252528
22.5  1.230432
23.0  0.978992
23.5  0.958128
24.0  0.918976
24.5  1.029488
25.0  0.839616
25.5  1.338
26.0  0.924312
26.5  1.061856
27.0  0.96296
27.5  1.087904
28.0  1.186608
28.5  1.045744
29.0  1.335064
29.5  1.258984
30.0  1.263592
30.5  1.203008
31.0  0.989568
31.5  0.97808
32.0  0.875184
32.5  1.055344
33.0  1.088376
33.5  1.05544
34.0  0.631696
34.5  1.182176
35.0  0.737528
35.5  1.09844
36.0  1.18224
36.5  1.089456
37.0  1.222112
37.5  1.110688
38.0  1.230056
38.5  1.197184
39.0  1.043496
39.5  1.014448
40.0  1.096616
40.5  1.074848
41.0  1.054096
41.5  1.027152
42.0  1.097704
42.5  1.07496
43.0  1.183144
43.5  1.162864
44.0  1.315776
44.5  1.259328
45.0  1.015072
45.5  0.992704
46.0  1.21644
46.5  1.203616
47.0  1.190592
47.5  1.172024
48.0  1.056224
48.5  1.04424
49.0  1.250016
49.5  1.230576
50.0  1.373544
50.5  1.347552
51.0  0.917648
51.5  0.918512
52.0  1.043936
52.5  1.018432
53.0  1.006408
53.5  0.991744
54.0  1.019184
54.5  0.99648
55.0  1.244208
55.5  1.223728
56.0  1.110896
56.5  1.102656
57.0  1.248352
57.5  1.169664
58.0  1.055656
58.5  1.044144
59.0  1.140936
59.5  1.084944
60.0  1.123296
60.5  1.101072
61.0  1.15896
61.5  1.09336
62.0  1.106728
62.5  1.081672
63.0  1.066616
63.5  1.021168
64.0  1.129848
64.5  1.112528
65.0  1.187384
65.5  1.162816
66.0  1.3414
66.5  1.316288
67.0  1.123376
67.5  1.109632
68.0  1.054128
68.5  1.077304
69.0  1.032464
69.5  0.983408
70.0  1.301112
70.5  1.278496
71.0  1.19432
71.5  1.177232
72.0  1.068496
72.5  1.060784
73.0  1.281376
73.5  1.263664
74.0  1.047384
74.5  1.0272
75.0  0.98104
75.5  0.967136
76.0  1.237632
76.5  1.220976
77.0  1.162136
77.5  1.088496
78.0  1.235568
78.5  1.214672
79.0  1.306896
79.5  1.278944
80.0  0.967424
80.5  0.959784
81.0  0.955056
81.5  0.961024
82.0  1.250784
82.5  1.215056
83.0  1.001344
83.5  0.987728
84.0  1.194312
84.5  1.177856
85.0  1.121296
85.5  1.104368
86.0  1.414624
86.5  1.431744
87.0  1.112784
87.5  1.099936
88.0  1.205584
88.5  1.191504
89.0  1.111784
89.5  1.026304
90.0  1.21836
90.5  1.155072
91.0  1.134448
91.5  1.114208
92.0  1.266544
92.5  1.246384
93.0  0.890928
93.5  0.880768
94.0  1.118736
94.5  1.101152
95.0  1.00736
95.5  0.99284
96.0  1.151808
96.5  1.139472
97.0  1.469728
97.5  1.388928
98.0  1.14344
98.5  1.123104
99.0  1.054336
99.5  1.045104
100.0  1.323864
100.5  1.29712
101.0  1.113056
101.5  1.098296
102.0  1.23448
102.5  1.215504
103.0  1.060784
103.5  1.037808
104.0  1.252416
104.5  1.231792
105.0  1.013128
105.5  0.9904
106.0  1.263728
106.5  1.213232
107.0  1.204032
107.5  1.185136
108.0  1.231096
108.5  1.214704
109.0  0.942616
109.5  0.921568
110.0  1.091888
110.5  1.078416
111.0  0.894608
111.5  0.886528
112.0  1.283088
112.5  1.252944
113.0  0.831056
113.5  0.82316
114.0  1.420304
114.5  1.39496
115.0  1.07208
115.5  1.055808
116.0  1.22408
116.5  1.206096
117.0  1.01528
117.5  0.946176
118.0  1.10128
118.5  1.081552
119.0  1.267328
119.5  1.240048
120.0  1.17932
120.5  1.04736
121.0  0.969776
121.5  0.970656
122.0  1.36872
122.5  1.300128
123.0  1.095712
123.5  1.067232
124.0  1.141888
124.5  1.12376
125.0  1.089224
125.5  1.076192
126.0  1.076096
126.5  1.075696
127.0  1.126648
127.5  1.080496
128.0  1.151456
128.5  1.13028
129.0  1.194576
129.5  1.169712
130.0  1.11436
130.5  1.085968
131.0  1.157648
131.5  1.144096
132.0  1.1392
132.5  1.125424
133.0  1.165216
133.5  1.144304
134.0  1.05008
134.5  1.049368
135.0  1.121104
135.5  1.0948
136.0  1.009072
136.5  0.996272
137.0  1.293896
137.5  1.21464
138.0  1.316208
138.5  1.29784
139.0  1.13904
139.5  1.12056
140.0  0.985984
140.5  0.974416
141.0  1.176672
141.5  1.161184
142.0  1.12096
142.5  1.099456
143.0  1.122
143.5  1.107728
144.0  1.060288
144.5  1.04576
145.0  1.117824
145.5  1.102112
146.0  1.036952
146.5  1.029048
147.0  1.214816
147.5  1.188992
148.0  1.078608
148.5  1.066528
149.0  1.120024
149.5  1.093552
150.0  1.163784
150.5  1.088288
151.0  1.137168
151.5  1.126
152.0  1.154064
152.5  1.138128
153.0  1.090096
153.5  1.070896
154.0  1.046736
154.5  1.031072
155.0  1.471504
155.5  1.451616
156.0  0.961664
156.5  0.948576
157.0  1.049568
157.5  0.994896
158.0  1.101104
158.5  1.072
159.0  1.268736
159.5  1.248512
160.0  1.14928
160.5  1.118464
161.0  1.019872
161.5  1.044232
162.0  1.31096
162.5  1.280256
163.0  1.73116
163.5  1.63448
164.0  0.8058
164.5  0.7872
165.0  0.986968
165.5  0.966176
166.0  0.960912
166.5  0.96136
167.0  1.162376
167.5  1.13404
168.0  1.157416
168.5  1.122256
169.0  1.401664
169.5  1.427424
170.0  0.985888
170.5  0.893824
171.0  0.988248
171.5  0.97784
172.0  1.136392
172.5  1.111104
173.0  1.075888
173.5  1.086672
174.0  1.050064
174.5  1.010512
175.0  1.105536
175.5  1.209472
176.0  1.229792
176.5  1.078224
177.0  1.143312
177.5  1.08536
178.0  1.061472
178.5  1.053808
179.0  1.296888
179.5  1.252744
180.0  1.282128
180.5  1.180448
181.0  1.175776
181.5  1.15976
182.0  1.012184
182.5  0.995472
183.0  1.311608
183.5  1.287744
184.0  1.193304
184.5  1.170064
185.0  1.112
185.5  1.088192
186.0  1.052136
186.5  1.040176
187.0  1.054496
187.5  1.0532
188.0  1.243144
188.5  1.225408
189.0  0.999392
189.5  0.983088
190.0  1.12412
190.5  1.095376
191.0  1.239912
191.5  1.19288
192.0  1.186144
192.5  1.171488
193.0  1.223008
193.5  1.193328
194.0  0.997296
194.5  0.982136
195.0  1.004
195.5  1.027952
196.0  1.197232
196.5  1.139968
197.0  1.131128
197.5  1.06272
198.0  1.299008
198.5  1.273888
199.0  1.107328
199.5  1.097344
200.0  1.182928
200.5  1.172664
201.0  1.013808
201.5  1.010944
202.0  1.101792
202.5  1.067136
203.0  1.1128
203.5  1.10264
204.0  1.119968
204.5  1.103056
205.0  1.070224
205.5  1.140624
206.0  1.227808
206.5  1.135312
207.0  1.579936
207.5  1.526736
208.0  0.888144
208.5  0.880368
209.0  1.21572
209.5  1.150704
210.0  1.311768
210.5  1.254592
211.0  1.104288
211.5  1.093472
212.0  1.169424
212.5  1.157992
213.0  1.106992
213.5  1.08568
214.0  1.231008
214.5  1.20608
215.0  1.116504
215.5  1.090032
216.0  1.15092
216.5  1.124976
217.0  1.899456
217.5  1.799552
218.0  0.703392
218.5  0.688256
219.0  0.86004
219.5  0.847456
220.0  1.037952
220.5  1.014128
221.0  1.032648
221.5  1.012432
222.0  1.038168
222.5  1.020768
223.0  0.962368
223.5  0.9536
224.0  1.31844
224.5  1.358912
225.0  1.22772
225.5  1.152016
226.0  1.101232
226.5  1.088896
227.0  1.102128
227.5  1.083128
228.0  0.947512
228.5  0.922016
229.0  1.640224
229.5  1.59976
230.0  0.963512
230.5  0.937184
231.0  0.947976
231.5  0.929888
232.0  1.813992
232.5  1.765312
233.0  0.861464
233.5  0.879288
234.0  1.036776
234.5  0.981712
235.0  0.936008
235.5  0.952208
236.0  1.469312
236.5  1.450208
237.0  0.896136
237.5  0.796112
238.0  1.014624
238.5  1.006048
239.0  1.295808
239.5  1.236896
240.0  1.024672
240.5  0.981168
241.0  1.09804
241.5  1.086
242.0  1.256168
242.5  1.233616
243.0  0.970216
243.5  0.963184
244.0  0.962528
244.5  0.940736
245.0  1.227512
245.5  1.208584
246.0  1.17592
246.5  1.159344
247.0  1.158712
247.5  1.1268
248.0  1.08496
248.5  1.066976
249.0  1.14296
249.5  1.11672
250.0  1.093088
250.5  1.184224
251.0  1.344968
251.5  1.220656
252.0  1.234576
252.5  1.208512
253.0  1.023408
253.5  1.036672
254.0  0.93608
254.5  0.886224
255.0  1.113664
255.5  1.13288
256.0  1.225824
256.5  1.15912
257.0  1.184568
257.5  1.11456
258.0  1.086728
258.5  1.0716
259.0  1.171488
259.5  1.163952
260.0  1.159776
260.5  1.139512
261.0  1.14064
261.5  1.124288
262.0  1.243472
262.5  1.497232
263.0  1.65736
263.5  1.344976
264.0  0.71752
264.5  0.707984
265.0  1.334912
265.5  1.31456
266.0  0.900856
266.5  0.896488
267.0  1.149104
267.5  1.123168
268.0  1.096336
268.5  1.088832
269.0  1.13812
269.5  1.085136
270.0  1.050632
270.5  0.993392
271.0  1.282592
271.5  1.268816
272.0  1.276384
272.5  1.231856
273.0  1.24416
273.5  1.224816
274.0  0.97968
274.5  0.964512
275.0  1.218048
275.5  1.25392
276.0  1.110592
276.5  1.047008
277.0  1.10788
277.5  1.036128
278.0  1.091144
278.5  1.073032
279.0  1.142944
279.5  1.102288
280.0  1.014896
280.5  1.007824
281.0  1.071552
281.5  1.036592
282.0  0.71056
282.5  0.877872
283.0  1.0014
283.5  1.068448
284.0  0.540104
284.5  1.255776
285.0  0.529592
285.5  1.367776
286.0  0.710952
286.5  1.035632
287.0  1.168344
287.5  1.12576
288.0  1.196552
288.5  1.173936
289.0  1.17504
289.5  1.151152
290.0  1.070864
290.5  1.044016
291.0  1.0708
291.5  1.054992
292.0  1.041216
292.5  1.032832
293.0  1.119072
293.5  1.095496
294.0  1.162664
294.5  1.143808
295.0  1.029264
295.5  1.034592
296.0  1.175752
296.5  1.119312
297.0  1.335488
297.5  1.24712
298.0  1.149184
298.5  1.131184
299.0  1.196528
299.5  1.16284
300.0  1.255064
300.5  1.172272
301.0  1.192656
301.5  1.170032
302.0  1.092192
302.5  1.070528
303.0  1.042592
303.5  1.010816
304.0  0.117896
304.5  0.498
305.0  0.12972
305.5  1.033968
306.0  0.163928
306.5  1.08416
307.0  0.223192
307.5  1.06448
308.0  0.245688
308.5  1.113856
309.0  0.31612
309.5  1.105584
310.0  0.238744
310.5  1.097008
311.0  0.240856
311.5  1.095152
312.0  0.243336
312.5  1.107104
313.0  0.28084
313.5  1.095512
314.0  0.264216
314.5  1.100544
315.0  0.248664
315.5  1.0708
316.0  0.174696
316.5  1.003232
317.0  0.13252
317.5  0.801088
318.0  0.173984
318.5  0.879424
319.0  0.192848
319.5  0.947856
320.0  0.143664
320.5  0.97184
321.0  0.181224
321.5  0.955248
322.0  0.134904
322.5  0.967184
323.0  0.237176
323.5  1.09072
324.0  0.191248
324.5  0.975008
325.0  0.230672
325.5  1.100144
326.0  0.153456
326.5  1.005952
327.0  0.217768
327.5  1.096304
328.0  0.133032
328.5  0.972832
329.0  0.295944
329.5  1.10752
330.0  0.15708
330.5  1.037648
331.0  0.232016
331.5  1.09432
332.0  0.287984
332.5  1.109696
333.0  0.230824
333.5  1.0976
334.0  0.20736
334.5  1.101104
335.0  0.228528
335.5  1.092528
336.0  0.309
336.5  1.07856
337.0  0.256424
337.5  1.10472
338.0  0.288416
338.5  1.117536
339.0  0.251464
339.5  1.098016
340.0  0.268928
340.5  1.102712
341.0  0.237904
341.5  1.08836
342.0  0.127088
342.5  0.771472
343.0  0.182328
343.5  0.88064
344.0  0.149064
344.5  0.817408
345.0  0.171432
345.5  1.032928
346.0  0.11996
346.5  0.789952
347.0  0.15604
347.5  1.061904
348.0  0.147312
348.5  0.964976
349.0  0.248096
349.5  1.09584
350.0  0.13992
350.5  0.832496
351.0  0.172408
351.5  1.138704
352.0  0.150104
352.5  0.948832
353.0  0.17004
353.5  1.098816
354.0  0.134584
354.5  1.050528
355.0  0.177936
355.5  1.238688
356.0  0.129688
356.5  0.984496
357.0  0.181376
357.5  1.223984
358.0  0.125816
358.5  1.149088
359.0  0.183816
359.5  1.269696
360.0  0.134624
360.5  1.060128
361.0  0.17808
361.5  1.314896
362.0  0.21912
362.5  1.168096
363.0  0.206768
363.5  1.307248
364.0  0.15956
364.5  1.103744
365.0  0.176672
365.5  1.340432
366.0  0.12992
366.5  1.011552
367.0  0.172152
367.5  1.2992
368.0  0.136744
368.5  1.051104
369.0  0.230648
369.5  1.300608
370.0  0.128976
370.5  1.10712
371.0  0.175248
371.5  1.31792
372.0  0.144856
372.5  1.07888
373.0  0.172168
373.5  1.307264
374.0  0.145624
374.5  1.106952
375.0  0.174808
375.5  1.294432
376.0  0.129032
376.5  1.07104
377.0  0.1672
377.5  1.240432
378.0  0.135936
378.5  1.176128
379.0  0.194184
379.5  1.276
380.0  0.136704
380.5  1.087344
381.0  0.169352
381.5  1.309728
382.0  0.137712
382.5  1.113376
383.0  0.173864
383.5  1.285776
384.0  0.155056
384.5  1.087888
385.0  0.154632
385.5  1.198352
386.0  0.161664
386.5  1.166176
387.0  0.150984
387.5  1.253488
388.0  0.160168
388.5  1.207536
389.0  0.20556
389.5  1.159808
390.0  0.164424
390.5  1.204464
391.0  0.14164
391.5  1.170352
392.0  0.261056
392.5  1.250992
393.0  0.137464
393.5  1.16864
394.0  0.273104
394.5  1.28976
395.0  0.264424
395.5  1.153952
396.0  0.177016
396.5  1.379792
397.0  0.135568
397.5  1.091488
398.0  0.171
398.5  1.181248
399.0  0.266024
399.5  1.14556
400.0  3.346264
400.5  1.344112
401.0  1.244008
401.5  1.162992
402.0  1.361192
402.5  1.35376
403.0  1.1322
403.5  1.110544
404.0  1.488144
404.5  1.398192
405.0  1.218568
405.5  1.216528
406.0  0.968232
406.5  1.017136
407.0  1.225464
407.5  1.16436
408.0  1.22408
408.5  1.232496
409.0  1.230072
409.5  1.14016
410.0  1.158504
410.5  1.152368
411.0  1.304216
411.5  1.30392
412.0  1.099176
412.5  1.061072
413.0  1.335592
413.5  1.334272
414.0  1.178432
414.5  1.1758
415.0  1.198184
415.5  1.181872
416.0  1.10016
416.5  1.088496
417.0  1.248944
417.5  1.246208
418.0  1.28688
418.5  1.280128
419.0  1.184944
419.5  1.180272
420.0  1.262008
420.5  1.263712
421.0  1.327992
421.5  1.324224
422.0  1.2878
422.5  1.197216
423.0  1.251112
423.5  1.222432
424.0  1.268768
424.5  1.237616
425.0  1.323056
425.5  1.287416
426.0  1.200088
426.5  1.214096
427.0  1.096216
427.5  1.065744
428.0  1.281928
428.5  1.248384
429.0  1.243896
429.5  1.171704
430.0  1.295336
430.5  1.291952
431.0  1.254136
431.5  1.254928
432.0  1.167864
432.5  1.283152
433.0  1.239048
433.5  1.17376
434.0  1.258256
434.5  1.255
435.0  0.56044
435.5  0.545776
436.0  1.536712
436.5  1.551296
437.0  1.51108
437.5  1.57136
438.0  1.137288
438.5  1.379456
439.0  0.829352
439.5  1.288592
440.0  0.94768
440.5  1.215896
441.0  0.773176
441.5  1.467488
442.0  1.225896
442.5  1.266752
443.0  1.36272
443.5  1.156016
444.0  1.07284
444.5  1.191456
445.0  1.5174
445.5  1.083704
446.0  0.930784
446.5  1.103864
447.0  0.77096
447.5  1.595232
448.0  1.546792
448.5  1.111552
449.0  1.075016
449.5  1.17488
450.0  0.94828
450.5  1.063104
451.0  1.471528
451.5  1.2264
452.0  1.26928
452.5  1.199656
453.0  1.285952
453.5  1.196816
454.0  1.321472
454.5  1.246016
455.0  1.390272
455.5  1.257056
456.0  1.05832
456.5  1.100208
457.0  1.400352
457.5  1.357568
458.0  1.167744
458.5  1.104704
459.0  0.709096
459.5  1.364896
460.0  0.580656
460.5  1.202936
461.0  1.338056
461.5  1.440048
462.0  1.228216
462.5  1.316304
463.0  0.819512
463.5  1.146144
464.0  0.874176
464.5  1.14272
465.0  1.357792
465.5  1.307104
466.0  1.139432
466.5  1.16616
467.0  0.69244
467.5  1.249984
468.0  0.650968
468.5  1.166416
469.0  1.458784
469.5  1.383712
470.0  1.132896
470.5  1.15208
471.0  0.995632
471.5  1.369088
472.0  0.88052
472.5  0.946816
473.0  0.685176
473.5  1.319
474.0  0.73
474.5  1.278
475.0  0.925176
475.5  1.052336
476.0  0.787376
476.5  1.261632
477.0  0.729648
477.5  1.201328
478.0  0.701736
478.5  1.155792
479.0  0.615944
479.5  1.37728
480.0  0.851072
480.5  1.243568
481.0  0.811312
481.5  1.254688
482.0  0.73804
482.5  1.132432
483.0  0.978224
483.5  1.23704
484.0  0.906944
484.5  1.003792
485.0  0.70684
485.5  1.408832
486.0  0.701448
486.5  1.284968
487.0  1.034576
487.5  1.278336
488.0  0.904968
488.5  1.188784
489.0  1.086592
489.5  1.165744
490.0  0.754656
490.5  1.191696
491.0  1.178864
491.5  1.252944
492.0  0.952264
492.5  1.142896
493.0  1.077304
493.5  1.327376
494.0  1.449872
494.5  1.291568
495.0  1.152448
495.5  1.16696
496.0  0.710432
496.5  1.088304
497.0  1.444192
497.5  1.348144
498.0  1.796464
498.5  1.311664
499.0  1.173192
499.5  1.128672
500.0  1.089488
500.5  1.091736
501.0  1.328528
501.5  1.309664
502.0  1.169768
502.5  1.198752
503.0  1.211304
503.5  1.14376
504.0  1.114184
504.5  1.044224
505.0  1.059848
505.5  1.330832
506.0  1.8112
506.5  1.43132
507.0  0.983256
507.5  1.278608
508.0  1.927136
508.5  1.505136
509.0  1.082432
509.5  0.990512
510.0  1.026168
510.5  1.043488
511.0  1.311456
511.5  1.28896
512.0  1.283512
512.5  1.141568
513.0  1.219432
513.5  1.235552
514.0  1.127864
514.5  1.112352
515.0  1.308856
515.5  1.273232
516.0  1.232088
516.5  1.233376
517.0  1.231128
517.5  1.1928
518.0  1.15264
518.5  1.167728
519.0  1.266864
519.5  1.237328
520.0  1.237112
520.5  1.237264
521.0  1.165448
521.5  1.108096
522.0  1.25796
522.5  1.248224
523.0  1.344864
523.5  1.323712
524.0  1.798864
524.5  1.600968
525.0  1.085208
525.5  1.125168
526.0  1.172864
526.5  1.14736
527.0  1.110696
527.5  1.041664
528.0  1.281304
528.5  1.311696
529.0  1.140744
529.5  1.021088
530.0  1.639768
530.5  1.572736
531.0  1.162424
531.5  1.154464
532.0  1.267912
532.5  1.28256
533.0  0.991272
533.5  0.965936
534.0  1.402648
534.5  1.413168
535.0  1.219568
535.5  1.13904
536.0  1.216512
536.5  1.167664
537.0  1.335888
537.5  1.332784
538.0  1.415936
538.5  1.324896
539.0  1.180424
539.5  1.168648
540.0  1.062568
540.5  1.057568
541.0  1.382424
541.5  1.364688
542.0  1.14596
542.5  1.082912
543.0  1.311376
543.5  1.285776
544.0  1.385312
544.5  1.296792
545.0  1.095456
545.5  1.07672
546.0  1.147688
546.5  1.18432
547.0  1.202856
547.5  1.156176
548.0  1.401144
548.5  1.402592
549.0  1.1302
549.5  1.048384
550.0  1.431992
550.5  1.445728
551.0  1.172728
551.5  1.149296
552.0  1.322136
552.5  1.3244
553.0  1.279544
553.5  1.220656
554.0  1.267416
554.5  1.221104
555.0  1.219472
555.5  1.205104
556.0  1.262664
556.5  1.24992
557.0  1.184744
557.5  1.186384
558.0  1.432392
558.5  1.378464
559.0  1.240632
559.5  1.19856
560.0  1.221944
560.5  1.239264
561.0  1.175192
561.5  1.13816
562.0  0.782328
562.5  1.257728
563.0  2.061048
563.5  1.44184
564.0  0.8064
564.5  1.229488
565.0  2.023752
565.5  1.388496
566.0  1.040928
566.5  1.19728
567.0  1.321584
567.5  1.094672
568.0  1.168296
568.5  1.296384
569.0  1.402744
569.5  1.189824
570.0  1.184912
570.5  1.162352
571.0  1.07472
571.5  1.132056
572.0  1.313928
572.5  1.151032
573.0  1.12236
573.5  1.203472
574.0  1.348432
574.5  1.3978
575.0  1.553872
575.5  1.219208
576.0  1.003312
576.5  1.210856
577.0  1.510976
577.5  1.259176
578.0  1.053432
578.5  1.231184
579.0  1.49524
579.5  1.26252
580.0  1.080712
580.5  1.167968
581.0  1.494088
581.5  1.357168
582.0  1.126696
582.5  1.184936
583.0  1.58484
583.5  1.383008
584.0  1.125544
584.5  1.1356
585.0  1.40452
585.5  1.271496
586.0  1.112584
586.5  1.129136
587.0  1.306192
587.5  1.243504
588.0  1.40772
588.5  1.372224
589.0  1.283
589.5  1.169264
590.0  1.022256
590.5  1.057952
591.0  1.329816
591.5  1.22112
592.0  0.949608
592.5  1.01136
593.0  1.346072
593.5  1.244992
594.0  1.157704
594.5  1.195824
595.0  1.54892
595.5  1.444624
596.0  0.930544
596.5  0.946352
597.0  1.320504
597.5  1.44248
598.0  1.503096
598.5  1.240128
599.0  1.108864
599.5  1.085936
600.0  1.58308
600.5  1.498256
601.0  1.075144
601.5  1.086528
602.0  1.205912
602.5  1.058224
603.0  0.829656
603.5  1.429568
604.0  2.103176
604.5  1.350016
605.0  1.141128
605.5  1.134136
606.0  1.072072
606.5  1.080048
607.0  1.120656
607.5  1.084896
608.0  1.270736
608.5  1.24104
609.0  1.2522
609.5  1.150304
610.0  1.235856
610.5  1.22872
611.0  1.115016
611.5  1.13168
612.0  1.346424
612.5  1.289776
613.0  1.241608
613.5  1.238912
614.0  1.39936
614.5  1.341936
615.0  1.170568
615.5  1.164592
616.0  1.2104
616.5  1.215104
617.0  1.24956
617.5  1.218032
618.0  1.23444
618.5  1.530592
619.0  1.999472
619.5  1.47208
620.0  1.07544
620.5  1.07352
621.0  1.339032
621.5  1.297536
622.0  1.25364
622.5  1.231184
623.0  1.259024
623.5  1.189824
624.0  1.126856
624.5  1.069904
625.0  0.846232
625.5  1.256704
626.0  1.66768
626.5  1.2278
627.0  1.298392
627.5  1.25272
628.0  1.133032
628.5  1.115536
629.0  1.301248
629.5  1.213616
630.0  1.086072
630.5  1.104144
631.0  0.994784
631.5  1.226032
632.0  1.573336
632.5  1.232448
633.0  1.117856
633.5  1.312
634.0  1.506856
634.5  1.23896
635.0  1.043288
635.5  1.21144
636.0  1.415832
636.5  1.21224
637.0  1.143528
637.5  1.262992
638.0  1.521576
638.5  1.325976
639.0  1.091888
639.5  1.159584
640.0  1.35412
640.5  1.222336
641.0  1.056616
641.5  1.104064
642.0  1.407464
642.5  1.351888
643.0  1.036776
643.5  1.040464
644.0  1.35132
644.5  1.258928
645.0  1.201696
645.5  1.17976
646.0  1.414736
646.5  1.391152
647.0  1.212808
647.5  1.1552
648.0  1.336392
648.5  1.33792
649.0  1.29524
649.5  1.188816
650.0  1.337784
650.5  1.292016
651.0  1.114136
651.5  1.10608
652.0  1.409736
652.5  1.360656
653.0  1.169816
653.5  1.150624
654.0  1.40044
654.5  1.3868
655.0  1.205344
655.5  1.167408
656.0  1.4186
656.5  1.332512
657.0  1.028904
657.5  1.032928
658.0  1.225848
658.5  1.203872
659.0  1.129352
659.5  1.10832
660.0  1.389712
660.5  1.34416
661.0  1.070568
661.5  1.053136
662.0  1.250952
662.5  1.146928
663.0  1.34532
663.5  1.427952
664.0  1.526248
664.5  1.44464
665.0  1.336984
665.5  1.119552
666.0  1.484144
666.5  1.414832
667.0  1.04988
667.5  1.03352
668.0  1.291064
668.5  1.259984
669.0  1.237328
669.5  1.18288
670.0  1.358984
670.5  1.320624
671.0  1.209592
671.5  1.202456
672.0  1.176992
672.5  1.212352
673.0  1.320712
673.5  1.1876
674.0  1.046928
674.5  1.32416
675.0  1.631784
675.5  1.242528
676.0  1.036008
676.5  1.209248
677.0  1.409704
677.5  1.175456
678.0  1.187104
678.5  1.229312
679.0  1.14312
679.5  1.078576
680.0  1.453744
680.5  1.365096
681.0  1.408752
681.5  1.337296
682.0  1.04664
682.5  1.063544
683.0  1.335704
683.5  1.214208
684.0  1.071872
684.5  1.03564
685.0  1.256632
685.5  1.252896
686.0  0.884608
686.5  1.161408
687.0  1.536776
687.5  1.292296
688.0  0.991048
688.5  1.128368
689.0  1.674856
689.5  1.303712
690.0  1.171256
690.5  1.323864
691.0  1.434472
691.5  1.211648
692.0  1.099872
692.5  1.207264
693.0  1.7084
693.5  1.408016
694.0  1.005128
694.5  1.162896
695.0  1.514016
695.5  1.280944
696.0  1.017952
696.5  1.1336
697.0  1.374776
697.5  1.175936
698.0  1.323256
698.5  1.364352
699.0  1.216952
699.5  1.120912
700.0  1.123504
700.5  1.103936
701.0  1.29364
701.5  1.2796
702.0  1.198728
702.5  1.178928
703.0  1.379776
703.5  1.332352
704.0  1.236328
704.5  1.177552
705.0  1.214776
705.5  1.22584
706.0  1.19348
706.5  1.15784
707.0  1.1958
707.5  1.19092
708.0  1.009152
708.5  1.376528
709.0  1.8846
709.5  1.32112
710.0  1.054648
710.5  1.058176
711.0  1.265608
711.5  1.286144
712.0  1.255448
712.5  1.178144
713.0  1.193368
713.5  1.206384
714.0  1.205376
714.5  1.206272
715.0  1.02936
715.5  1.021248
716.0  1.280008
716.5  1.268688
717.0  1.495248
717.5  1.439312
718.0  1.225472
718.5  1.20488
719.0  1.513576
719.5  1.462176
720.0  1.159488
720.5  1.159104
721.0  1.293592
721.5  1.262688
722.0  1.206304
722.5  1.106944
723.0  1.412768
723.5  1.307088
724.0  1.177848
724.5  1.075392
725.0  1.172296
725.5  1.170096
726.0  1.173168
726.5  1.170272
727.0  1.719248
727.5  1.58432
728.0  1.006608
728.5  0.984496
729.0  1.661688
729.5  1.495808
730.0  0.998664
730.5  0.945488
731.0  1.448712
731.5  1.40576
732.0  1.298472
732.5  1.221808
733.0  0.725648
733.5  1.2844
734.0  1.557112
734.5  1.179616
735.0  1.446184
735.5  1.113952
736.0  0.94636
736.5  0.937296
737.0  1.466608
737.5  1.388392
738.0  1.051424
738.5  1.077248
739.0  1.006256
739.5  1.419616
740.0  1.891768
740.5  1.344768
741.0  1.335296
741.5  1.256704
742.0  1.182536
742.5  1.166656
743.0  1.168856
743.5  1.1684
744.0  1.018488
744.5  0.99512
745.0  1.126536
745.5  1.376832
746.0  1.521632
746.5  1.208224
747.0  1.385592
747.5  1.344208
748.0  1.213064
748.5  1.167024
749.0  1.28512
749.5  1.183248
750.0  1.16032
750.5  1.147728
751.0  1.372656
751.5  1.344032
752.0  1.053472
752.5  1.25912
753.0  1.590152
753.5  1.299184
754.0  1.313784
754.5  1.215744
755.0  1.385584
755.5  1.328112
756.0  1.200784
756.5  1.18664
757.0  1.30872
757.5  1.293568
758.0  1.182256
758.5  1.16056
759.0  0.931536
759.5  1.251568
760.0  1.664016
760.5  1.270432
761.0  0.680216
761.5  1.00528
762.0  1.653976
762.5  1.259696
763.0  0.988184
763.5  1.260624
764.0  1.871352
764.5  1.448704
765.0  1.087664
765.5  1.29784
766.0  0.727072
766.5  1.148688
767.0  0.6264
767.5  0.95216
768.0  1.660688
768.5  1.382608
769.0  1.024272
769.5  1.139472
770.0  1.610448
770.5  1.36516
771.0  1.211416
771.5  1.344944
772.0  1.282552
772.5  1.268992
773.0  1.451872
773.5  0.98768
774.0  0.985256
774.5  0.963712
775.0  0.793728
775.5  0.960128
776.0  1.129664
776.5  1.346928
777.0  0.569208
777.5  1.290688
778.0  0.340432
778.5  1.601536
779.0  2.80468
779.5  1.317296
780.0  1.130032
780.5  1.227872
781.0  0.853968
781.5  1.083856
782.0  1.034912
782.5  1.058112
783.0  1.097176
783.5  1.164744
784.0  0.647512
784.5  1.466512
785.0  0.980248
785.5  1.564
786.0  0.833248
786.5  1.07276
787.0  0.731816
787.5  1.08608
788.0  0.485608
788.5  1.494792
789.0  1.283936
789.5  1.195384
790.0  0.817352
790.5  1.502928
791.0  0.920632
791.5  1.235296
792.0  0.788504
792.5  0.886064
793.0  0.5642
793.5  1.172432
794.0  1.29836
794.5  1.29992
795.0  0.903976
795.5  0.979456
796.0  0.94748
796.5  1.144848
797.0  0.731256
797.5  0.977056
798.0  1.005472
798.5  1.545584
799.0  0.759744
799.5  1.074128
800.0  0.84508
800.5  1.292352
801.0  0.593088
801.5  1.175904
802.0  0.87288
802.5  1.315232
803.0  0.644544
803.5  1.056872
804.0  1.184448
804.5  1.327168
805.0  0.967096
805.5  1.169944
806.0  1.491904
806.5  1.373424
807.0  1.73008
807.5  1.441104
808.0  1.299512
808.5  1.230744
809.0  1.090016
809.5  1.008296
810.0  1.515928
810.5  1.458896
811.0  0.977776
811.5  0.974224
812.0  1.207344
812.5  1.085544
813.0  1.1118
813.5  1.15752
814.0  1.009752
814.5  1.108176
815.0  1.484776
815.5  1.28784
816.0  1.226184
816.5  1.241248
817.0  1.120232
817.5  1.084624
818.0  1.260792
818.5  1.24056
819.0  1.033856
819.5  1.099408
820.0  1.477792
820.5  1.41112
821.0  1.259504
821.5  1.211088
822.0  1.278328
822.5  1.314464
823.0  1.38204
823.5  1.253408
824.0  1.042328
824.5  1.253504
825.0  1.795008
825.5  1.49888
826.0  0.805096
826.5  1.558592
827.0  2.017608
827.5  1.044672
828.0  0.865896
828.5  1.14128
829.0  1.721936
829.5  1.267776
830.0  0.838168
830.5  1.002608
831.0  1.334048
831.5  1.12064
832.0  1.19384
832.5  1.383472
833.0  1.404096
833.5  1.15712
834.0  1.01976
834.5  1.15904
835.0  1.468992
835.5  1.278096
836.0  0.980136
836.5  1.089976
837.0  1.807744
837.5  1.591824
838.0  1.030536
838.5  1.098176
839.0  1.090944
839.5  1.001456
840.0  1.346872
840.5  1.398624
841.0  1.410296
841.5  1.28656
842.0  1.112
842.5  1.021312
843.0  1.311072
843.5  1.252912
844.0  1.135664
844.5  1.140624
845.0  1.44068
845.5  1.371904
846.0  1.256192
846.5  1.260256
847.0  1.25984
847.5  1.241368
848.0  0.97992
848.5  0.974856
849.0  1.483848
849.5  1.352664
850.0  1.184776
850.5  1.109024
851.0  1.047536
851.5  1.11264
852.0  0.994016
852.5  1.471752
853.0  1.998064
853.5  1.312016
854.0  0.923016
854.5  0.936816
855.0  1.472272
855.5  1.40872
856.0  1.195648
856.5  1.158928
857.0  1.166792
857.5  1.16968
858.0  1.159472
858.5  1.169248
859.0  1.38196
859.5  1.332112
860.0  1.15388
860.5  1.154352
861.0  1.527952
861.5  1.425904
862.0  1.08444
862.5  1.103328
863.0  1.267544
863.5  1.494944
864.0  1.42808
864.5  1.064136
865.0  1.18164
865.5  1.347992
866.0  1.40992
866.5  1.144288
867.0  1.426456
867.5  1.372128
868.0  1.017752
868.5  0.998288
869.0  1.358896
869.5  1.2518
870.0  1.276224
870.5  1.252656
871.0  1.457336
871.5  1.3892
872.0  0.836752
872.5  1.215424
873.0  2.0584
873.5  1.603072
874.0  1.25756
874.5  1.028192
875.0  1.124864
875.5  1.103536
876.0  1.101624
876.5  1.090896
877.0  0.962672
877.5  0.942496
878.0  1.14288
878.5  1.149936
879.0  1.387064
879.5  1.36104
880.0  1.164352
880.5  1.161344
881.0  1.475016
881.5  1.402928
882.0  1.089944
882.5  1.063376
883.0  0.87396
883.5  1.430992
884.0  1.909384
884.5  1.290288
885.0  1.075336
885.5  1.258928
886.0  1.507144
886.5  1.23288
887.0  0.81236
887.5  1.264864
888.0  2.253432
888.5  1.59848
889.0  1.246912
889.5  1.111376
890.0  0.854672
890.5  1.234896
891.0  1.451528
891.5  1.007824
892.0  0.94316
892.5  0.95112
893.0  1.328456
893.5  1.316144
894.0  0.977912
894.5  0.961552
895.0  1.001232
895.5  1.299648
896.0  1.651584
896.5  1.286848
897.0  1.231456
897.5  1.201136
898.0  1.0844
898.5  1.205536
899.0  1.220904
899.5  1.243296
900.0  1.851168
900.5  1.52768
901.0  1.066184
901.5  1.249888
902.0  1.480968
902.5  1.159848
903.0  1.15732
903.5  1.196864
904.0  1.26684
904.5  1.2056
905.0  1.261976
905.5  1.225472
906.0  1.004376
906.5  0.995904
907.0  1.166808
907.5  1.178416
908.0  1.336824
908.5  1.238064
909.0  1.259912
909.5  1.17728
910.0  1.346296
910.5  1.294416
911.0  1.392296
911.5  1.36936
912.0  1.005976
912.5  0.997168
913.0  1.212696
913.5  1.206336
914.0  1.46804
914.5  1.412616
915.0  1.190088
915.5  1.209792
916.0  1.329896
916.5  1.269696
917.0  1.423104
917.5  1.356064
918.0  1.12312
918.5  1.130368
919.0  1.14336
919.5  1.120392
920.0  1.326072
920.5  1.287344
921.0  1.278928
921.5  1.262096
922.0  1.175768
922.5  1.170752
923.0  1.124544
923.5  1.13932
924.0  1.22424
924.5  1.202512
925.0  1.16112
925.5  1.151088
926.0  1.1884
926.5  1.211104
927.0  1.194992
927.5  1.18144
928.0  1.408536
928.5  1.343088
929.0  1.208256
929.5  1.105232
930.0  1.505176
930.5  1.453104
931.0  0.768936
931.5  1.263536
932.0  2.193488
932.5  1.454512
933.0  1.212504
933.5  1.311584
934.0  1.405232
934.5  1.235216
935.0  0.793424
935.5  0.76788
936.0  1.397376
936.5  1.3756
937.0  1.384904
937.5  1.329232
938.0  1.062912
938.5  1.24984
939.0  1.593664
939.5  1.312912
940.0  1.19056
940.5  1.163664
941.0  1.134632
941.5  1.109616
942.0  1.316552
942.5  1.309632
943.0  0.958968
943.5  0.864624
944.0  1.392784
944.5  1.36064
945.0  1.181704
945.5  1.164496
946.0  0.813352
946.5  1.281632
947.0  2.226848
947.5  1.548192
948.0  0.83992
948.5  1.251776
949.0  1.3212
949.5  1.191072
950.0  0.67692
950.5  1.17696
951.0  1.599568
951.5  1.09904
952.0  0.966872
952.5  1.300016
953.0  1.762408
953.5  1.442976
954.0  0.773752
954.5  1.150432
955.0  0.82116
955.5  1.083312
956.0  0.595592
956.5  1.107872
957.0  1.507664
957.5  1.281632
958.0  0.82236
958.5  1.187792
959.0  1.46
959.5  1.501904
960.0  1.158352
960.5  1.065872
961.0  0.60236
961.5  0.975392
962.0  0.568392
962.5  1.339024
963.0  0.640192
963.5  1.22976
964.0  0.667704
964.5  1.370672
965.0  0.95508
965.5  1.213344
966.0  0.63536
966.5  0.995072
967.0  1.705008
967.5  1.392816
968.0  1.162256
968.5  1.103944
969.0  0.765704
969.5  1.007504
970.0  0.990832
970.5  1.220752
971.0  0.965104
971.5  1.19384
972.0  0.799312
972.5  1.183648
973.0  1.535392
973.5  1.33928
974.0  0.762896
974.5  1.161664
975.0  1.435136
975.5  1.351392
976.0  0.731056
976.5  1.163968
977.0  0.71176
977.5  1.289264
978.0  0.67772
978.5  1.177856
979.0  1.57464
979.5  1.477344
980.0  1.02052
980.5  0.98584
981.0  1.029272
981.5  1.197472
982.0  1.163928
982.5  1.111568
983.0  1.516344
983.5  1.297488
984.0  0.934296
984.5  1.128256
985.0  1.1876
985.5  1.412272
986.0  0.931576
986.5  1.17776
987.0  1.2336
987.5  1.3516
988.0  1.117752
988.5  1.113856
989.0  1.549128
989.5  1.342864
990.0  0.734648
990.5  1.234672
991.0  0.657752
991.5  1.27032
992.0  0.692472
992.5  1.14888
993.0  1.234728
993.5  1.193376
994.0  0.619144
994.5  1.14056
995.0  1.143648
995.5  1.437392
996.0  1.195328
996.5  1.035936
997.0  0.94136
997.5  1.122352
998.0  0.617792
998.5  1.197056
999.0  1.21308
999.5  1.421216
1000.0  1.44432
1000.5  1.358192
1001.0  0.757688
1001.5  1.03204
1002.0  0.73132
1002.5  1.35824
1003.0  0.438184
1003.5  1.321696
1004.0  0.626632
1004.5  1.189152
1005.0  0.444856
1005.5  1.329376
1006.0  0.867336
1006.5  1.323728
1007.0  0.575752
1007.5  1.01864
1008.0  0.7916
1008.5  1.148528
1009.0  1.055136
1009.5  1.315904
1010.0  0.73912
1010.5  0.922432
1011.0  0.492096
1011.5  1.228144
1012.0  0.692568
1012.5  1.235648
1013.0  0.495928
1013.5  1.237328
1014.0  0.746352
1014.5  1.222016
1015.0  0.468384
1015.5  1.268368
1016.0  0.686416
1016.5  1.121856
1017.0  0.39232
1017.5  1.379984
1018.0  0.886304
1018.5  1.5536
1019.0  1.556248
1019.5  1.290224
1020.0  0.48772
1020.5  1.012208
1021.0  0.507944
1021.5  1.182528
1022.0  1.379656
1022.5  1.252752
1023.0  1.362
1023.5  1.250816
1024.0  0.836632
1024.5  1.10104
1025.0  0.621256
1025.5  1.091744
1026.0  1.759528
1026.5  1.3864
1027.0  0.715064
1027.5  0.986048
1028.0  1.011416
1028.5  1.34456
1029.0  1.140776
1029.5  1.554704
1030.0  0.982424
1030.5  0.939408
1031.0  0.866696
1031.5  1.359856
1032.0  1.50116
1032.5  1.21968
1033.0  0.653256
1033.5  1.038736
1034.0  0.795464
1034.5  1.308456
1035.0  0.7228
1035.5  1.056656
1036.0  0.53032
1036.5  1.347136
1037.0  2.378616
1037.5  1.09592
1038.0  1.526176
1038.5  1.3706
1039.0  0.566096
1039.5  1.341232
1040.0  1.431592
1040.5  1.3704
1041.0  0.6774
1041.5  1.076336
1042.0  1.468616
1042.5  1.298368
1043.0  1.053568
1043.5  1.172448
1044.0  1.466952
1044.5  1.305328
1045.0  1.061208
1045.5  1.038448
1046.0  1.048776
1046.5  1.111776
1047.0  1.68632
1047.5  1.55308
1048.0  1.390624
1048.5  1.274904
1049.0  0.793832
1049.5  0.975848
1050.0  1.023208
1050.5  1.491912
1051.0  1.146464
1051.5  1.06688
1052.0  1.024048
1052.5  1.009536
1053.0  0.723712
1053.5  1.303288
1054.0  1.052032
1054.5  1.299488
1055.0  1.007704
1055.5  1.172736
1056.0  1.32384
1056.5  1.193264
1057.0  1.168584
1057.5  1.241248
1058.0  1.434216
1058.5  1.305952
1059.0  1.176864
1059.5  1.120832
1060.0  1.103632
1060.5  1.409504
1061.0  1.909696
1061.5  1.435872
1062.0  1.332184
1062.5  1.275072
1063.0  1.005448
1063.5  1.119168
1064.0  1.3636
1064.5  1.244544
1065.0  1.294392
1065.5  1.23952
1066.0  0.654472
1066.5  1.365024
1067.0  1.96748
1067.5  1.221184
1068.0  1.4478
1068.5  1.287696
1069.0  1.155912
1069.5  1.051712
1070.0  1.39284
1070.5  1.319552
1071.0  1.13788
1071.5  1.103104
1072.0  1.209216
1072.5  1.162496
1073.0  1.141608
1073.5  1.14552
1074.0  0.8486
1074.5  1.337816
1075.0  1.864848
1075.5  1.279104
1076.0  0.847336
1076.5  1.317088
1077.0  1.906592
1077.5  1.59544
1078.0  1.126968
1078.5  1.155056
1079.0  1.670888
1079.5  1.072672
1080.0  0.884744
1080.5  1.175256
1081.0  1.521528
1081.5  1.308352
1082.0  1.500904
1082.5  1.0704
1083.0  1.198056
1083.5  1.245856
1084.0  0.649464
1084.5  1.23456
1085.0  0.977016
1085.5  1.46976
1086.0  0.92976
1086.5  1.007648
1087.0  0.626576
1087.5  0.455776
1088.0  0.515888
1088.5  0.939736
1089.0  0.729816
1089.5  0.546928
1090.0  0.587432
1090.5  0.622608
1091.0  0.378304
1091.5  0.889072
1092.0  0.543728
1092.5  1.539056
1093.0  0.26296
1093.5  1.046112
1094.0  0.327872
1094.5  1.551072
1095.0  0.298584
1095.5  1.593344
1096.0  0.24208
1096.5  1.158864
1097.0  0.261952
1097.5  1.03116
1098.0  0.143288
1098.5  0.769072
1099.0  0.148872
1099.5  1.069936
1100.0  0.181784
1100.5  1.079072
1101.0  0.13716
1101.5  0.790848
1102.0  0.18196
1102.5  1.230736
1103.0  0.413928
1103.5  1.11876
1104.0  0.1462
1104.5  0.843984
1105.0  0.21784
1105.5  1.397712
1106.0  0.501
1106.5  1.095488
1107.0  0.245376
1107.5  1.402336
1108.0  3.222168
1108.5  1.316848
1109.0  2.730376
1109.5  1.474696
1110.0  1.62756
1110.5  1.201408
1111.0  1.255888
1111.5  1.226928
1112.0  1.277688
1112.5  1.198408
1113.0  0.70908
1113.5  1.207632
1114.0  1.040776
1114.5  1.112192
1115.0  1.360672
1115.5  1.475808
1116.0  0.158152
1116.5  1.025024
1117.0  1.213952
1117.5  1.436144
1118.0  0.190976
1118.5  1.248944
1119.0  0.720984
1119.5  1.20144
1120.0  0.230784
1120.5  1.096496
1121.0  0.301624
1121.5  1.597688
1122.0  0.15836
1122.5  0.959904
1123.0  1.705944
1123.5  1.439632
1124.0  4.730408
1124.5  1.275856
1125.0  4.240728
1125.5  1.176352
1126.0  3.28996
1126.5  1.254624
1127.0  0.808832
1127.5  1.249952
1128.0  1.656024
1128.5  1.649536
1129.0  1.733936
1129.5  1.237264
1130.0  0.98096
1130.5  1.110336
1131.0  0.8514
1131.5  1.016688
1132.0  2.018152
1132.5  1.301472
1133.0  0.15764
1133.5  1.268496
1134.0  0.177368
1134.5  1.329936
1135.0  0.144752
1135.5  1.188592
1136.0  0.183696
1136.5  1.290904
1137.0  0.144176
1137.5  1.19304
1138.0  1.31868
1138.5  1.235296
1139.0  1.040528
1139.5  1.192192
1140.0  1.191616
1140.5  1.526064
1141.0  2.048104
1141.5  1.183344
1142.0  1.97908
1142.5  1.360744
1143.0  0.90868
1143.5  1.275648
1144.0  0.184184
1144.5  1.148672
1145.0  1.688088
1145.5  1.181192
1146.0  0.674416
1146.5  1.27704
1147.0  0.134952
1147.5  1.0356
1148.0  2.502736
1148.5  1.545328
1149.0  0.225448
1149.5  1.065744
1150.0  2.657752
1150.5  1.485808
1151.0  2.094472
1151.5  1.073424
1152.0  2.339512
1152.5  1.392944
1153.0  0.837928
1153.5  1.128288
1154.0  1.588168
1154.5  1.462392
1155.0  3.3902
1155.5  1.142608
1156.0  1.12668
1156.5  1.119616
1157.0  1.760376
1157.5  1.169296
1158.0  1.228256
1158.5  1.304704
1159.0  1.2974
1159.5  1.218864
1160.0  1.378
1160.5  1.304384
1161.0  0.92112
1161.5  0.923808
1162.0  1.197608
1162.5  1.576064
1163.0  1.264504
1163.5  1.119232
1164.0  2.201048
1164.5  1.298432
1165.0  0.73324
1165.5  1.237024
1166.0  1.906752
1166.5  1.273248
1167.0  1.558088
1167.5  1.165664
1168.0  0.82976
1168.5  1.59672
1169.0  2.52216
1169.5  1.204376
1170.0  1.072704
1170.5  1.067104
1171.0  0.384528
1171.5  1.276288
1172.0  3.126192
1172.5  1.605104
1173.0  0.509856
1173.5  1.191808
1174.0  2.844784
1174.5  1.324752
1175.0  1.023808
1175.5  1.055896
1176.0  0.645888
1176.5  1.329216
1177.0  2.100856
1177.5  1.381312
1178.0  1.208832
1178.5  1.041952
1179.0  1.12256
1179.5  1.111328
1180.0  0.782456
1180.5  1.24336
1181.0  1.797936
1181.5  1.26696
1182.0  1.179
1182.5  1.173216
1183.0  1.088824
1183.5  1.106624
1184.0  1.152264
1184.5  1.149936
1185.0  1.453224
1185.5  1.378592
1186.0  0.737344
1186.5  1.076016
1187.0  1.415864
1187.5  1.191128
1188.0  1.943128
1188.5  1.646288
1189.0  1.392976
1189.5  1.265392
1190.0  0.868736
1190.5  1.036208
1191.0  1.326744
1191.5  1.256576
1192.0  1.847848
1192.5  1.542816
1193.0  0.833208
1193.5  0.853408
1194.0  0.756952
1194.5  1.321936
1195.0  2.132344
1195.5  1.376832
1196.0  0.981384
1196.5  0.989024
1197.0  1.131224
1197.5  1.147392
1198.0  1.117408
1198.5  1.162528
1199.0  1.09092
1199.5  1.079328
1200.0  1.237296
1200.5  1.060208
1201.0  1.327096
1201.5  1.3268
1202.0  1.408008
1202.5  1.331464
1203.0  1.082312
1203.5  1.312576
1204.0  0.867544
1204.5  1.212832
1205.0  1.758104
1205.5  1.54824
1206.0  0.89552
1206.5  1.071536
1207.0  1.221528
1207.5  1.278576
1208.0  1.19316
1208.5  1.260264
1209.0  0.298512
1209.5  1.26112
1210.0  0.7412
1210.5  1.058832
1211.0  0.198688
1211.5  1.31504
1212.0  0.173456
1212.5  1.199904
1213.0  0.1534
1213.5  1.040528
1214.0  0.18176
1214.5  1.24936
1215.0  0.807352
1215.5  1.212616
1216.0  0.624528
1216.5  1.146368
1217.0  0.668456
1217.5  1.236904
1218.0  0.152664
1218.5  0.564728
1219.0  0.31904
1219.5  1.190512
1220.0  0.322824
1220.5  1.600312
1221.0  0.299096
1221.5  1.57664
1222.0  0.3038
1222.5  1.595248
1223.0  0.290312
1223.5  1.471576
1224.0  0.435768
1224.5  1.203824
1225.0  1.082688
1225.5  0.927616
1226.0  0.584768
1226.5  0.464432
1227.0  0.604608
1227.5  1.12396
1228.0  0.180496
1228.5  0.477664
1229.0  0.379344
1229.5  1.59976
1230.0  0.275992
1230.5  1.604112
1231.0  0.606992
1231.5  1.244256
1232.0  0.464016
1232.5  1.3608
1233.0  0.614616
1233.5  1.151328
1234.0  0.303536
1234.5  1.608224
1235.0  0.342992
1235.5  1.54068
1236.0  0.825408
1236.5  1.570112
1237.0  0.336888
1237.5  1.43272
1238.0  0.563056
1238.5  1.194648
1239.0  0.220032
1239.5  1.313136
1240.0  0.672872
1240.5  1.305656
1241.0  0.808464
1241.5  1.158648
1242.0  0.618984
1242.5  0.997376
1243.0  3.081472
1243.5  1.58896
1244.0  2.36944
1244.5  1.295992
1245.0  5.097424
1245.5  1.569808
1246.0  1.393584
1246.5  1.160528
1247.0  1.97672
1247.5  1.481208
1248.0  1.34956
1248.5  1.263328
1249.0  0.815368
1249.5  1.168048
1250.0  0.471464
1250.5  1.362064
1251.0  3.034032
1251.5  1.338976
1252.0  0.908504
1252.5  1.200064
1253.0  1.75396
1253.5  1.341224
1254.0  1.029784
1254.5  1.040128
1255.0  0.824792
1255.5  1.155056
1256.0  1.860736
1256.5  1.348288
1257.0  1.212392
1257.5  1.261488
1258.0  1.316024
1258.5  1.258464
1259.0  0.966616
1259.5  1.171584
1260.0  1.353184
1260.5  1.11256
1261.0  1.364648
1261.5  1.355808
1262.0  1.301496
1262.5  1.224992
1263.0  1.257696
1263.5  1.231392
1264.0  1.213176
1264.5  1.213376
1265.0  1.154632
1265.5  1.173968
1266.0  1.22776
1266.5  1.291456
1267.0  0.136824
1267.5  1.11016
1268.0  0.159792
1268.5  1.096552
1269.0  0.221992
1269.5  1.093904
1270.0  0.17628
1270.5  1.435584
1271.0  0.165856
1271.5  1.282768
1272.0  0.17848
1272.5  1.266368
1273.0  0.177032
1273.5  1.252272
1274.0  0.13896
1274.5  1.146216
1275.0  0.133704
1275.5  1.01816
1276.0  0.16256
1276.5  1.28784
1277.0  0.155232
1277.5  1.018288
1278.0  0.152464
1278.5  1.149184
1279.0  0.181624
1279.5  1.443104
1280.0  0.172544
1280.5  1.176256
1281.0  0.130576
1281.5  1.050912
1282.0  0.188928
1282.5  1.368432
1283.0  0.126024
1283.5  1.071056
1284.0  0.135456
1284.5  0.984944
1285.0  0.137168
1285.5  1.263888
1286.0  0.215296
1286.5  1.5014
1287.0  0.165728
1287.5  1.241344
1288.0  0.169608
1288.5  1.24432
1289.0  0.217208
1289.5  1.0376
1290.0  0.130408
1290.5  1.167536
1291.0  0.125384
1291.5  1.174944
1292.0  0.228904
1292.5  1.1208
1293.0  0.121816
1293.5  1.122176
1294.0  0.15908
1294.5  1.365256
1295.0  0.14392
1295.5  1.145664
1296.0  0.13964
1296.5  1.187872
1297.0  0.130992
1297.5  1.291504
1298.0  0.130304
1298.5  1.10128
1299.0  0.131248
1299.5  1.149904
1300.0  0.132312
1300.5  1.159312
1301.0  0.13596
1301.5  1.21828
1302.0  0.137464
1302.5  1.215104
1303.0  0.128936
1303.5  1.05608
1304.0  0.157448
1304.5  1.419344
1305.0  0.230936
1305.5  1.57664
1306.0  0.130168
1306.5  1.0076
1307.0  0.122368
1307.5  0.832184
1308.0  0.17536
1308.5  1.27184
1309.0  0.279968
1309.5  1.3516
1310.0  0.167416
1310.5  1.265248
1311.0  0.129056
1311.5  1.191568
1312.0  0.13652
1312.5  1.03944
1313.0  0.141192
1313.5  1.193952
1314.0  0.14396
1314.5  1.204784
1315.0  0.155888
1315.5  1.239664
1316.0  0.14588
1316.5  1.248
1317.0  0.132272
1317.5  1.0572
1318.0  0.191568
1318.5  1.504864
1319.0  0.123904
1319.5  1.040984
1320.0  0.147664
1320.5  1.174848
1321.0  0.145424
1321.5  1.3392
1322.0  0.221064
1322.5  1.031632
1323.0  0.147376
1323.5  1.248992
1324.0  0.128392
1324.5  0.976784
1325.0  0.15868
1325.5  1.245456
1326.0  0.127216
1326.5  1.195936
1327.0  0.13396
1327.5  1.169984
1328.0  0.275536
1328.5  1.3286
1329.0  0.333024
1329.5  1.141416
1330.0  0.135256
1330.5  1.163032
1331.0  0.145984
1331.5  1.20824
1332.0  0.19396
1332.5  1.190904
1333.0  0.14924
1333.5  1.338592
1334.0  0.138688
1334.5  1.209288
1335.0  0.23024
1335.5  1.455424
1336.0  0.135384
1336.5  1.024
1337.0  0.161264
1337.5  1.13704
1338.0  0.13996
1338.5  1.177232
1339.0  0.261952
1339.5  1.489264
1340.0  0.217688
1340.5  1.155656
1341.0  0.131192
1341.5  1.0264
1342.0  0.132392
1342.5  0.99792
1343.0  0.15024
1343.5  1.476544
1344.0  0.13404
1344.5  1.00008
1345.0  0.219664
1345.5  1.221872
1346.0  0.161952
1346.5  1.184544
1347.0  0.21388
1347.5  1.306768
1348.0  0.191056
1348.5  1.082608
1349.0  0.280096
1349.5  1.420232
1350.0  0.2162
1350.5  1.42728
1351.0  0.28528
1351.5  1.451936
1352.0  0.217928
1352.5  0.977064
1353.0  0.123496
1353.5  0.818752
1354.0  0.12408
1354.5  1.152256
1355.0  0.208872
1355.5  1.254016
1356.0  0.255696
1356.5  1.326256
1357.0  0.16696
1357.5  1.146624
1358.0  0.21108
1358.5  1.405296
1359.0  0.192216
1359.5  1.193648
1360.0  0.140784
1360.5  1.190592
1361.0  0.213664
1361.5  1.323584
1362.0  0.128816
1362.5  1.029376
1363.0  0.1608
1363.5  1.147248
1364.0  0.125416
1364.5  0.964416
1365.0  0.13
1365.5  1.311056
1366.0  0.13468
1366.5  1.061104
1367.0  0.167384
1367.5  1.240472
1368.0  0.231712
1368.5  1.307232
1369.0  0.313144
1369.5  1.217696
1370.0  0.208152
1370.5  1.124864
1371.0  0.19156
1371.5  1.290704
1372.0  0.139776
1372.5  1.102448
1373.0  0.188832
1373.5  1.2734
1374.0  0.131376
1374.5  1.06504
1375.0  0.1896
1375.5  1.36744
1376.0  0.258552
1376.5  1.453216
1377.0  0.140704
1377.5  1.157072
1378.0  0.142312
1378.5  0.995408
1379.0  0.135888
1379.5  1.126832
1380.0  0.134192
1380.5  0.96904
1381.0  0.17488
1381.5  1.321056
1382.0  0.218096
1382.5  1.088064
1383.0  0.13644
1383.5  1.299056
1384.0  0.128248
1384.5  1.10296
1385.0  0.136984
1385.5  1.115528
1386.0  0.251456
1386.5  1.520192
1387.0  0.130872
1387.5  1.01472
1388.0  0.156176
1388.5  1.199664
1389.0  0.225192
1389.5  1.083264
1390.0  0.178184
1390.5  1.50024
1391.0  0.13148
1391.5  0.938288
1392.0  0.184936
1392.5  1.251312
1393.0  0.155792
1393.5  1.287632
1394.0  0.152032
1394.5  1.233984
1395.0  0.126376
1395.5  1.104096
1396.0  0.260152
1396.5  1.57896
1397.0  0.165648
1397.5  0.996624
1398.0  0.15396
1398.5  1.164816
1399.0  0.134608
1399.5  1.180016
1400.0  0.178632
1400.5  1.186472
1401.0  0.134752
1401.5  1.001168
1402.0  0.213224
1402.5  1.328112
1403.0  0.166824
1403.5  0.997744
1404.0  0.162672
1404.5  1.239376
1405.0  0.165392
1405.5  1.26624
1406.0  0.135424
1406.5  1.218744
1407.0  0.139408
1407.5  1.12784
1408.0  0.166296
1408.5  1.03224
1409.0  0.221912
1409.5  1.160288
1410.0  0.205472
1410.5  1.349184
1411.0  0.131768
1411.5  1.249648
1412.0  0.32124
1412.5  1.5096
1413.0  0.226824
1413.5  1.247712
1414.0  0.142976
1414.5  1.097584
1415.0  0.136224
1415.5  1.039744
1416.0  0.139128
1416.5  1.159296
1417.0  0.132
1417.5  1.250576
1418.0  0.129488
1418.5  1.123448
1419.0  0.126856
1419.5  1.02528
1420.0  0.182264
1420.5  1.360736
1421.0  0.124976
1421.5  1.178112
1422.0  0.140048
1422.5  1.181872
1423.0  0.125968
1423.5  1.030416
1424.0  0.141688
1424.5  1.263216
1425.0  0.130464
1425.5  1.080944
1426.0  0.133304
1426.5  1.252704
1427.0  0.143448
1427.5  1.208616
1428.0  0.206944
1428.5  1.440704
1429.0  0.227888
1429.5  1.268032
1430.0  0.166488
1430.5  1.26648
1431.0  0.12684
1431.5  0.90232
1432.0  0.15792
1432.5  1.304016
1433.0  0.162384
1433.5  1.278056
1434.0  0.177896
1434.5  1.274144
1435.0  0.128104
1435.5  1.104944
1436.0  0.173384
1436.5  1.306528
1437.0  0.142048
1437.5  1.145776
1438.0  0.145784
1438.5  1.06584
1439.0  0.158224
1439.5  1.218088
