0.0  0.506688
0.5  0.678464
1.0  0.667296
1.5  0.513056
2.0  0.573424
2.5  0.669392
3.0  0.651744
3.5  0.538536
4.0  0.595728
4.5  0.790912
5.0  0.753568
5.5  0.62952
6.0  0.658688
6.5  0.808536
7.0  0.715568
7.5  0.790152
8.0  0.742896
8.5  0.826176
9.0  0.86464
9.5  0.697424
10.0  0.687504
10.5  0.91608
11.0  0.91704
11.5  0.712736
12.0  0.776624
12.5  0.8922
13.0  0.86696
13.5  0.825952
14.0  0.832384
14.5  1.089504
15.0  0.986528
15.5  0.816736
16.0  0.881664
16.5  1.035728
17.0  1.011168
17.5  0.808672
18.0  0.834512
18.5  1.169616
19.0  1.13616
19.5  0.863616
20.0  0.876224
20.5  1.073904
21.0  1.14352
21.5  0.968096
22.0  0.95552
22.5  0.980032
23.0  1.060112
23.5  1.195448
24.0  1.143008
24.5  1.239048
25.0  1.219504
25.5  1.074328
26.0  1.04472
26.5  1.116736
27.0  1.275024
27.5  1.260248
28.0  1.10244
28.5  1.086032
29.0  1.086768
29.5  1.246032
30.0  1.257792
30.5  0.68436
31.0  1.386352
31.5  0.748688
32.0  1.121968
32.5  0.5748
33.0  1.07136
33.5  1.432664
34.0  1.366192
34.5  1.172208
35.0  1.34712
35.5  0.719704
36.0  1.091088
36.5  0.727872
37.0  1.34448
37.5  1.27112
38.0  1.167024
38.5  0.861704
39.0  1.095136
39.5  0.726696
40.0  1.258496
40.5  0.720288
41.0  1.171776
41.5  1.21572
42.0  1.225792
42.5  1.088776
43.0  1.179328
43.5  1.412856
44.0  1.294544
44.5  1.147928
45.0  1.160976
45.5  1.34432
46.0  1.293744
46.5  1.187568
47.0  1.27536
47.5  1.3394
48.0  1.28752
48.5  1.108664
49.0  1.132768
49.5  1.305872
50.0  1.24832
50.5  1.162352
51.0  1.228
51.5  1.33588
52.0  1.258768
52.5  1.136688
53.0  1.122768
53.5  1.29388
54.0  1.23424
54.5  1.118536
55.0  1.146512
55.5  1.340112
56.0  1.339072
56.5  1.144496
57.0  1.145184
57.5  1.302976
58.0  1.334832
58.5  1.170072
59.0  1.098528
59.5  1.312368
60.0  1.31824
60.5  1.13684
61.0  1.132216
61.5  1.3312
62.0  1.355072
62.5  1.10352
63.0  1.102592
63.5  1.309768
64.0  1.269696
64.5  1.061776
65.0  1.132352
65.5  1.335024
66.0  1.246448
66.5  1.12364
67.0  1.24832
67.5  0.93132
68.0  1.324144
68.5  0.698304
69.0  1.123424
69.5  1.078704
70.0  1.214976
70.5  1.26664
71.0  1.225728
71.5  1.342304
72.0  1.31608
72.5  1.15132
73.0  1.200768
73.5  1.249832
74.0  1.210896
74.5  1.1888
75.0  1.179952
75.5  1.368584
76.0  1.333696
76.5  1.159896
77.0  1.16272
77.5  1.320504
78.0  1.355296
78.5  1.191592
79.0  1.12864
79.5  1.297416
80.0  1.264464
80.5  1.130824
81.0  1.186736
81.5  1.299888
82.0  1.217056
82.5  1.136184
83.0  1.178928
83.5  1.249584
84.0  1.251648
84.5  1.167776
85.0  1.16528
85.5  1.350432
86.0  1.285584
86.5  1.105424
87.0  1.125904
87.5  1.411456
88.0  1.461072
88.5  1.143072
89.0  1.12496
89.5  1.257632
90.0  1.23136
90.5  1.187488
91.0  1.179648
91.5  1.23304
92.0  1.254464
92.5  1.172832
93.0  1.164864
93.5  1.327008
94.0  1.293736
94.5  1.218448
95.0  1.22768
95.5  1.290048
96.0  1.275504
96.5  1.19264
97.0  1.114256
97.5  1.303112
98.0  1.286176
98.5  1.127728
99.0  1.13608
99.5  1.383728
100.0  1.385728
100.5  1.111288
101.0  1.120496
101.5  1.336744
102.0  1.34216
102.5  1.182864
103.0  1.190224
103.5  1.274112
104.0  1.239984
104.5  1.138064
105.0  1.096192
105.5  1.223496
106.0  1.329616
106.5  1.196
107.0  1.161808
107.5  1.37328
108.0  1.296528
108.5  1.1714
109.0  1.144928
109.5  1.250304
110.0  1.277072
110.5  1.137704
111.0  1.195168
111.5  1.275736
112.0  1.182144
112.5  1.14188
113.0  1.097648
113.5  1.281272
114.0  1.349504
114.5  1.265448
115.0  1.23736
115.5  1.318696
116.0  1.2844
116.5  1.156448
117.0  1.21664
117.5  1.31988
118.0  1.296768
118.5  1.106368
119.0  1.090416
119.5  1.3302
120.0  1.312896
120.5  1.118512
121.0  1.079232
121.5  1.300224
122.0  1.365328
122.5  1.180408
123.0  1.138368
123.5  1.386688
124.0  1.396384
124.5  1.101872
125.0  1.101584
125.5  1.38476
126.0  1.333936
126.5  1.135928
127.0  1.13164
127.5  1.350984
128.0  1.319888
128.5  1.129664
129.0  1.146656
129.5  1.348288
130.0  1.292736
130.5  1.145056
131.0  1.230112
131.5  1.239168
132.0  1.180272
132.5  1.116656
133.0  1.120448
133.5  1.313504
134.0  1.319856
134.5  1.209904
135.0  1.104496
135.5  1.114096
136.0  1.388272
136.5  1.337536
137.0  1.095424
137.5  1.24824
138.0  1.359984
138.5  1.267584
139.0  1.163072
139.5  1.132192
140.0  1.3004
140.5  1.353136
141.0  1.168224
141.5  1.121392
142.0  1.12256
142.5  1.355184
143.0  1.333536
143.5  1.1642
144.0  1.201072
144.5  1.217672
145.0  1.140368
145.5  1.105496
146.0  1.173984
146.5  1.332688
147.0  1.323488
147.5  1.107264
148.0  1.15856
148.5  0.670352
149.0  1.310736
149.5  0.735472
150.0  1.073776
150.5  1.15848
151.0  1.298736
151.5  1.206016
152.0  1.238512
152.5  1.354832
153.0  1.323152
153.5  1.169984
154.0  1.118992
154.5  1.386384
155.0  1.28672
155.5  1.116864
156.0  1.216432
156.5  1.336328
157.0  1.287904
157.5  1.212088
158.0  1.144192
158.5  1.353176
159.0  1.335008
159.5  1.068896
160.0  1.123384
160.5  1.306
161.0  1.272384
161.5  1.146456
162.0  1.129424
162.5  1.320696
163.0  1.307008
163.5  1.140616
164.0  1.156832
164.5  1.304392
165.0  1.248
165.5  1.15792
166.0  1.195152
166.5  1.314688
167.0  1.329792
167.5  1.169456
168.0  1.063664
168.5  1.390672
169.0  1.434544
169.5  1.0888
170.0  1.159216
170.5  1.37592
171.0  1.347824
171.5  1.131872
172.0  1.149968
172.5  1.30332
173.0  1.289248
173.5  1.167168
174.0  1.102688
174.5  1.36032
175.0  1.329088
175.5  1.101104
176.0  1.13344
176.5  1.296272
177.0  1.215536
177.5  1.154232
178.0  1.182144
178.5  1.248672
179.0  1.30352
179.5  1.17096
180.0  1.163872
180.5  1.319616
181.0  1.340944
181.5  1.192488
182.0  1.126336
182.5  1.274992
183.0  1.296624
183.5  1.132264
184.0  1.097568
184.5  1.271648
185.0  1.292432
185.5  1.105552
186.0  1.121536
186.5  1.398328
187.0  1.284832
187.5  1.19836
188.0  1.185584
188.5  1.345488
189.0  1.403488
189.5  1.129648
190.0  1.055712
190.5  1.310176
191.0  1.34336
191.5  1.137712
192.0  1.115264
192.5  1.323952
193.0  1.277736
193.5  1.108304
194.0  1.151856
194.5  1.47716
195.0  1.409008
195.5  1.090552
196.0  1.10464
196.5  1.306232
197.0  1.293456
197.5  1.133304
198.0  1.148992
198.5  1.282616
199.0  1.295792
199.5  1.106648
200.0  1.068128
200.5  1.282208
201.0  1.28848
201.5  1.10584
202.0  1.054496
202.5  1.351784
203.0  1.382672
203.5  1.113392
204.0  1.187616
204.5  1.354176
205.0  1.286512
205.5  1.12384
206.0  1.16232
206.5  1.351392
207.0  1.32848
207.5  1.090608
208.0  1.150352
208.5  1.323728
209.0  1.231776
209.5  1.051632
210.0  1.083872
210.5  1.393504
211.0  1.351184
211.5  1.157064
212.0  1.20168
212.5  1.319536
213.0  1.36168
213.5  1.173008
214.0  1.133728
214.5  1.438496
215.0  1.369728
215.5  1.071792
216.0  1.078352
216.5  1.411048
217.0  1.347824
217.5  1.185256
218.0  1.147936
218.5  1.107688
219.0  1.320928
219.5  1.297768
220.0  1.142272
220.5  1.210376
221.0  1.352368
221.5  1.30112
222.0  1.13728
222.5  1.089512
223.0  1.28576
223.5  1.305408
224.0  1.075088
224.5  1.161
225.0  1.308208
225.5  1.27776
226.0  1.208888
226.5  0.806896
227.0  1.174368
227.5  0.701256
228.0  1.283968
228.5  0.716592
229.0  1.096528
229.5  1.218512
230.0  1.311056
230.5  1.132392
231.0  1.148352
231.5  1.339312
232.0  1.324224
232.5  1.134264
233.0  1.193216
233.5  1.335672
234.0  1.25136
234.5  1.158968
235.0  1.187088
235.5  1.3534
236.0  1.287792
236.5  1.111952
237.0  1.129776
237.5  1.306008
238.0  1.28216
238.5  1.143872
239.0  1.116896
239.5  1.269216
240.0  1.296592
240.5  1.20632
241.0  1.174736
241.5  0.920576
242.0  0.919744
242.5  0.800424
243.0  1.351984
243.5  0.73536
244.0  1.135328
244.5  0.688768
245.0  1.271312
245.5  0.814896
246.0  1.131232
246.5  1.151616
247.0  1.271616
247.5  1.056624
248.0  1.182752
248.5  0.794064
249.0  1.332992
249.5  0.689872
250.0  1.07176
250.5  1.263184
251.0  1.394848
251.5  1.086864
252.0  1.176944
252.5  1.377624
253.0  1.2672
253.5  1.160176
254.0  1.039776
254.5  1.38128
255.0  1.368752
255.5  1.1464
256.0  1.177536
256.5  1.265408
257.0  1.292064
257.5  1.212896
258.0  1.16652
258.5  1.360688
259.0  1.309248
259.5  1.161456
260.0  1.115792
260.5  1.33368
261.0  1.321888
261.5  1.170112
262.0  1.165344
262.5  1.30748
263.0  1.288048
263.5  1.213848
264.0  1.172992
264.5  1.354104
265.0  1.264768
265.5  1.170016
266.0  1.206608
266.5  1.30168
267.0  1.242656
267.5  1.123792
268.0  1.140016
268.5  1.297528
269.0  1.22824
269.5  1.200544
270.0  1.253232
270.5  1.326016
271.0  1.30272
271.5  1.177552
272.0  1.117584
272.5  1.379912
273.0  1.382784
273.5  1.186576
274.0  1.129232
274.5  1.339128
275.0  1.251344
275.5  1.247616
276.0  1.145072
276.5  1.329504
277.0  1.347232
277.5  1.180056
278.0  1.121584
278.5  1.32136
279.0  1.302544
279.5  1.112784
280.0  1.10528
280.5  1.362336
281.0  1.401808
281.5  1.19132
282.0  1.161936
282.5  1.33684
283.0  1.27624
283.5  1.080816
284.0  1.079712
284.5  1.339232
285.0  1.326352
285.5  1.152208
286.0  1.112064
286.5  1.355624
287.0  1.305728
287.5  1.127472
288.0  1.239168
288.5  1.327272
289.0  1.261968
289.5  0.71
290.0  1.121152
290.5  0.762816
291.0  1.328104
291.5  0.761008
292.0  1.171728
292.5  0.954056
293.0  1.321696
293.5  1.22112
294.0  1.100112
294.5  1.488512
295.0  1.37648
295.5  1.068032
296.0  1.11696
296.5  1.374024
297.0  1.26648
297.5  1.137792
298.0  1.157232
298.5  1.338544
299.0  1.33044
299.5  1.189904
300.0  1.091952
300.5  1.311632
301.0  1.33632
301.5  1.154784
302.0  1.149968
302.5  1.128328
303.0  1.302528
303.5  1.350304
304.0  1.147072
304.5  1.223744
305.0  1.163872
305.5  1.20744
306.0  1.175808
306.5  1.394784
307.0  1.304112
307.5  1.125264
308.0  1.129712
308.5  1.375328
309.0  1.359936
309.5  1.1896
310.0  1.10288
310.5  1.173888
311.0  1.393328
311.5  1.28176
312.0  1.146096
312.5  1.217896
313.0  1.270288
313.5  1.415688
314.0  1.184208
314.5  1.2206
315.0  1.296832
315.5  1.219384
316.0  1.118224
316.5  1.163528
317.0  1.361424
317.5  1.391464
318.0  1.095072
318.5  1.199816
319.0  1.379792
319.5  1.262952
320.0  1.071472
320.5  1.131232
321.0  1.098704
321.5  1.296296
322.0  1.350096
322.5  1.242352
323.0  1.18888
323.5  1.34272
324.0  1.28444
324.5  1.11936
325.0  1.134064
325.5  1.353728
326.0  1.330944
326.5  1.209952
327.0  1.191536
327.5  1.319392
328.0  1.29192
328.5  1.190112
329.0  1.134688
329.5  1.30012
330.0  1.3568
330.5  1.163952
331.0  1.065664
331.5  1.335416
332.0  1.31632
332.5  1.2474
333.0  1.167888
333.5  1.334288
334.0  1.331152
334.5  1.147536
335.0  1.13288
335.5  1.37188
336.0  1.29072
336.5  1.199008
337.0  1.123392
337.5  1.318672
338.0  1.369808
338.5  1.220624
339.0  1.117872
339.5  1.254208
340.0  1.317536
340.5  1.17868
341.0  1.134672
341.5  1.326096
342.0  1.358656
342.5  1.153472
343.0  1.153888
343.5  1.437424
344.0  1.261168
344.5  1.145952
345.0  1.136
345.5  1.299744
346.0  1.319216
346.5  1.220728
347.0  1.156752
347.5  1.282128
348.0  1.254368
348.5  1.184056
349.0  1.191024
349.5  1.284112
350.0  1.228816
350.5  1.12736
351.0  1.094704
351.5  1.364952
352.0  1.428736
352.5  1.17784
353.0  1.102048
353.5  1.377744
354.0  1.285328
354.5  1.159296
355.0  1.162528
355.5  1.417752
356.0  1.357504
356.5  1.176552
357.0  1.098024
357.5  1.300624
358.0  1.363696
358.5  1.144736
359.0  1.174496
359.5  1.360384
360.0  1.254928
360.5  1.185984
361.0  1.096832
361.5  1.302752
362.0  1.269056
362.5  1.130664
363.0  1.211888
363.5  1.285896
364.0  1.286848
364.5  1.18912
365.0  1.111488
365.5  1.371944
366.0  1.313552
366.5  1.191208
367.0  1.125344
367.5  1.369552
368.0  1.383312
368.5  1.150488
369.0  1.107024
369.5  1.30652
370.0  1.315968
370.5  1.18348
371.0  1.186832
371.5  1.314768
372.0  1.20776
372.5  1.144624
373.0  1.183856
373.5  1.449448
374.0  1.360208
374.5  1.168832
375.0  1.047536
375.5  1.354528
376.0  1.333904
376.5  1.176904
377.0  1.244192
377.5  1.361168
378.0  1.266944
378.5  1.123952
379.0  1.160896
379.5  1.338344
380.0  1.332752
380.5  1.14992
381.0  1.140336
381.5  1.344688
382.0  1.256752
382.5  1.15256
383.0  1.1712
383.5  1.331616
384.0  1.292192
384.5  1.068448
385.0  1.041824
385.5  1.333832
386.0  1.34336
386.5  1.195632
387.0  1.114624
387.5  1.385536
388.0  1.4412
388.5  1.233648
389.0  1.148736
389.5  1.298288
390.0  1.307736
390.5  1.123456
391.0  1.111968
391.5  1.410096
392.0  1.33464
392.5  1.124608
393.0  1.102016
393.5  1.405936
394.0  1.31152
394.5  1.084352
395.0  1.1388
395.5  1.427448
396.0  1.29032
396.5  1.180664
397.0  1.22856
397.5  1.337984
398.0  1.276384
398.5  1.172544
399.0  1.138328
399.5  1.332064
400.0  1.310368
400.5  0.765272
401.0  1.146944
401.5  0.693384
402.0  1.260496
402.5  0.710096
403.0  1.136752
403.5  0.69004
404.0  1.193968
404.5  1.412512
405.0  1.253488
405.5  1.003776
406.0  1.249824
406.5  0.726096
407.0  1.147616
407.5  0.72424
408.0  1.335232
408.5  1.427216
409.0  1.123392
409.5  1.435344
410.0  1.363184
410.5  1.059088
411.0  1.03292
411.5  1.263984
412.0  1.321984
412.5  1.19744
413.0  1.105696
413.5  1.459592
414.0  1.369808
414.5  1.16676
415.0  1.182352
415.5  1.449464
416.0  1.335824
416.5  1.1392
417.0  1.174912
417.5  1.38812
418.0  1.337664
418.5  1.170456
419.0  1.142864
419.5  1.38052
420.0  1.277872
420.5  1.134656
421.0  1.165008
421.5  1.180088
422.0  1.313232
422.5  1.285536
423.0  1.0884
423.5  1.024448
424.0  1.413808
424.5  0.72396
425.0  1.054368
425.5  0.763848
426.0  1.241768
426.5  1.322352
427.0  1.18408
427.5  1.28464
428.0  1.223232
428.5  1.335024
429.0  1.260912
429.5  1.18528
430.0  1.314384
430.5  1.450016
431.0  1.285344
431.5  1.113496
432.0  1.087432
432.5  1.12112
433.0  1.151296
433.5  1.335856
434.0  1.228848
434.5  1.241016
435.0  1.16632
435.5  1.140616
436.0  1.187456
436.5  1.089592
437.0  0.899888
437.5  0.714696
438.0  0.887744
438.5  1.508368
439.0  1.416736
439.5  1.333424
440.0  1.356944
440.5  1.48144
441.0  1.414944
441.5  1.214336
442.0  1.177792
442.5  1.297616
443.0  1.260576
443.5  1.234864
444.0  1.29212
444.5  1.307216
445.0  1.237088
445.5  1.140048
446.0  1.147936
446.5  1.424464
447.0  1.365952
447.5  1.159472
448.0  1.133712
448.5  1.299072
449.0  1.3272
449.5  1.150304
450.0  1.11616
450.5  1.175064
451.0  1.099664
451.5  1.265968
452.0  1.249888
452.5  1.389072
453.0  1.359728
453.5  0.860784
454.0  0.772568
454.5  0.106536
455.0  0.1
455.5  0.146744
456.0  0.1
456.5  0.147928
457.0  0.1
457.5  0.106608
458.0  0.1
458.5  0.10764
459.0  0.101688
459.5  0.107808
460.0  0.1
460.5  0.104744
461.0  0.1
461.5  0.106184
462.0  0.1
462.5  0.106152
463.0  0.1
463.5  0.103544
464.0  0.1
464.5  0.10568
465.0  0.101688
465.5  0.101856
466.0  0.1
466.5  0.102368
467.0  0.1
467.5  0.100928
468.0  0.1
468.5  0.100928
469.0  0.1
469.5  0.107936
470.0  0.1
470.5  0.106464
471.0  0.10176
471.5  0.101976
472.0  0.1
472.5  0.10348
473.0  0.1
473.5  0.160096
474.0  0.1
474.5  0.106912
475.0  0.10888
475.5  0.128368
476.0  0.123648
476.5  0.10488
477.0  0.10268
477.5  0.330112
478.0  0.503264
478.5  1.03752
479.0  1.052752
479.5  1.241584
480.0  1.228
480.5  1.08472
481.0  1.055664
481.5  1.24532
482.0  1.18576
482.5  0.985872
483.0  1.013136
483.5  1.331728
484.0  1.241264
484.5  1.063224
485.0  1.100928
485.5  1.232024
486.0  1.119712
486.5  1.028856
487.0  0.935728
487.5  1.232352
488.0  1.154064
488.5  1.024056
489.0  1.091056
489.5  1.26688
490.0  1.283984
490.5  0.993264
491.0  0.922272
491.5  1.142752
492.0  1.295624
492.5  1.222304
493.0  1.05448
493.5  1.2308
494.0  1.219216
494.5  1.147872
495.0  1.03056
495.5  1.034768
496.0  1.078704
496.5  1.012448
497.0  0.98168
497.5  1.221456
498.0  1.207528
498.5  1.092656
499.0  1.07056
499.5  1.126016
500.0  1.114864
500.5  1.12248
501.0  1.0312
501.5  1.179016
502.0  1.320208
502.5  1.263032
503.0  1.106208
503.5  1.117336
504.0  1.07952
504.5  1.022968
505.0  1.008048
505.5  1.105856
506.0  1.170592
506.5  1.215616
507.0  1.138336
507.5  1.184928
508.0  1.20416
508.5  1.229344
509.0  1.119344
509.5  1.163136
510.0  1.086216
510.5  1.012496
511.0  1.0764
511.5  1.143088
512.0  1.06008
512.5  1.00368
513.0  1.024352
513.5  1.134664
514.0  1.145696
514.5  1.238128
515.0  1.129648
515.5  1.1438
516.0  0.9276
516.5  1.356072
517.0  1.517376
517.5  1.054528
518.0  0.953728
518.5  1.09636
519.0  1.00592
519.5  1.046592
520.0  1.11744
520.5  1.145216
521.0  1.123424
521.5  1.055768
522.0  1.098128
522.5  1.285088
523.0  1.25336
523.5  1.136952
524.0  1.130672
524.5  1.062336
525.0  1.013224
525.5  1.080624
526.0  1.084992
526.5  1.14616
527.0  1.09344
527.5  0.996368
528.0  0.977392
528.5  1.208048
529.0  1.18024
529.5  1.082896
530.0  1.08128
530.5  1.145728
531.0  1.127192
531.5  1.17504
532.0  1.141952
532.5  1.23808
533.0  1.268496
533.5  1.169728
534.0  1.06696
534.5  1.092224
535.0  1.106448
535.5  1.103824
536.0  1.031472
536.5  1.300784
537.0  1.273968
537.5  1.065376
538.0  1.036912
538.5  1.186656
539.0  1.184944
539.5  1.011872
540.0  1.067888
540.5  1.193152
541.0  1.070912
541.5  1.149968
542.0  1.108112
542.5  1.126152
543.0  1.204984
543.5  1.170112
544.0  1.078512
544.5  1.097776
545.0  1.133344
545.5  1.261664
546.0  1.10448
546.5  1.091608
547.0  0.88392
547.5  1.061408
548.0  1.130304
548.5  1.429008
549.0  1.199856
549.5  0.426928
550.0  0.286912
550.5  0.416768
551.0  0.277616
551.5  0.393304
552.0  0.132736
552.5  0.117656
553.0  0.116208
553.5  0.378048
554.0  0.13312
554.5  0.118368
555.0  0.100784
555.5  0.222776
556.0  0.100784
556.5  0.105704
557.0  0.1
557.5  0.289888
558.0  0.28692
558.5  0.322856
559.0  0.29248
559.5  0.226192
560.0  0.72624
560.5  0.376392
561.0  0.417056
561.5  0.111152
562.0  0.12152
562.5  0.177904
563.0  0.173824
563.5  0.11516
564.0  0.123208
564.5  0.220544
565.0  0.224768
565.5  0.113392
566.0  0.12152
566.5  0.292264
567.0  0.285712
567.5  0.118608
568.0  0.12152
568.5  0.2096
569.0  0.21064
569.5  0.119504
570.0  0.12328
570.5  0.211856
571.0  0.213824
571.5  0.112128
572.0  0.12024
572.5  0.20896
573.0  0.213808
573.5  0.170176
574.0  0.12648
574.5  0.244312
575.0  0.239248
575.5  0.168216
576.0  0.123224
576.5  0.329944
577.0  0.28504
577.5  0.121008
578.0  0.12152
578.5  0.186808
579.0  0.24712
579.5  0.135448
580.0  0.12152
580.5  0.117416
581.0  0.168368
581.5  0.143304
582.0  0.13604
582.5  0.120408
583.0  0.4008
583.5  0.11468
584.0  0.12152
584.5  0.123424
585.0  0.281808
585.5  0.111152
586.0  0.12152
586.5  0.119976
587.0  0.210608
587.5  0.111904
588.0  0.12152
588.5  0.110656
589.0  0.388032
589.5  0.112168
590.0  0.11224
590.5  0.106408
591.0  0.101688
591.5  0.1
592.0  0.1
592.5  0.10204
593.0  0.1
593.5  0.160416
594.0  0.1
594.5  0.104224
595.0  0.1
595.5  0.104456
596.0  0.1
596.5  0.107088
597.0  0.101688
597.5  0.105728
598.0  0.1
598.5  1.14496
599.0  0.147328
599.5  0.125856
600.0  0.143632
600.5  0.104344
601.0  0.110672
601.5  0.106864
602.0  0.281168
602.5  1.014648
603.0  1.036656
603.5  1.071984
604.0  1.05144
604.5  1.093424
605.0  1.10632
605.5  1.157432
606.0  1.102192
606.5  1.29708
607.0  1.125344
607.5  1.063168
608.0  1.130192
608.5  1.33584
609.0  1.24932
609.5  1.01752
610.0  0.997936
610.5  1.127376
611.0  1.077792
611.5  1.198816
612.0  1.183968
612.5  1.179264
613.0  1.176736
613.5  1.125336
614.0  1.091248
614.5  0.743696
615.0  1.057056
615.5  0.717312
616.0  1.21896
616.5  0.891504
617.0  1.057168
617.5  0.831104
618.0  1.144208
618.5  0.944096
619.0  1.03536
619.5  1.091888
620.0  1.047568
620.5  1.041488
621.0  1.003216
621.5  1.201152
622.0  1.28672
622.5  1.167032
623.0  1.161072
623.5  1.227896
624.0  1.115528
624.5  0.95688
625.0  1.007104
625.5  1.146752
626.0  1.051328
626.5  1.147264
627.0  1.159456
627.5  1.285664
628.0  1.117808
628.5  1.28916
629.0  1.289824
629.5  1.080784
630.0  1.166376
630.5  1.100296
631.0  1.08344
631.5  1.014448
632.0  0.97488
632.5  1.38856
633.0  1.477488
633.5  1.292152
634.0  1.150224
634.5  0.966656
635.0  0.926384
635.5  1.023448
636.0  0.97944
636.5  1.194512
637.0  1.14848
637.5  0.989728
638.0  0.986336
638.5  1.465536
639.0  1.475984
639.5  1.137104
640.0  1.15248
640.5  1.295392
641.0  1.303408
641.5  1.025144
642.0  0.973384
642.5  1.261024
643.0  1.186368
643.5  0.993312
644.0  1.015184
644.5  1.27352
645.0  1.214912
645.5  0.951808
646.0  0.76372
646.5  0.56104
647.0  0.68656
647.5  2.198312
648.0  1.908904
648.5  0.952576
649.0  1.129632
649.5  0.966008
650.0  0.99052
650.5  1.181904
651.0  1.157536
651.5  1.135808
652.0  1.1948
652.5  1.116248
653.0  0.978448
653.5  1.213024
654.0  1.196624
654.5  1.074496
655.0  1.110784
655.5  1.024464
656.0  1.016672
656.5  1.147208
657.0  1.099848
657.5  1.222432
658.0  1.113984
658.5  1.396544
659.0  1.370832
659.5  1.103952
660.0  1.179568
660.5  1.467728
661.0  1.359328
661.5  0.950768
662.0  0.93744
662.5  1.294768
663.0  1.302296
663.5  0.931952
664.0  0.943488
664.5  1.27528
665.0  1.183248
665.5  0.995928
666.0  1.080864
666.5  1.34196
667.0  1.216464
667.5  1.023776
668.0  0.996608
668.5  1.240856
669.0  1.192352
669.5  0.981008
670.0  0.988256
670.5  1.276376
671.0  1.358944
671.5  0.954616
672.0  0.850288
672.5  1.169664
673.0  1.01904
673.5  0.940096
674.0  0.949088
674.5  0.773792
675.0  1.009976
675.5  1.113688
676.0  1.121472
676.5  1.159272
677.0  1.117952
677.5  1.190048
678.0  1.23424
678.5  1.182816
679.0  1.15496
679.5  1.221848
680.0  1.165984
680.5  1.023608
681.0  0.978432
681.5  1.031632
682.0  0.983504
682.5  1.113008
683.0  1.18984
683.5  1.362808
684.0  1.240736
684.5  1.037968
685.0  1.155984
685.5  1.207576
686.0  1.127408
686.5  1.086008
687.0  1.05568
687.5  1.141648
688.0  1.046208
688.5  1.077536
689.0  1.1656
689.5  1.096624
690.0  1.004952
690.5  1.122008
691.0  1.114896
691.5  1.117904
692.0  1.079312
692.5  1.178664
693.0  1.250208
693.5  1.201216
694.0  1.066784
694.5  2.698352
695.0  1.317384
695.5  1.283672
696.0  1.182136
696.5  1.145592
697.0  1.115968
697.5  1.214056
698.0  1.10384
698.5  1.069904
699.0  1.162336
699.5  3.70788
700.0  1.160608
700.5  1.141848
701.0  1.221008
701.5  1.1628
702.0  1.086416
702.5  1.186168
703.0  0.921904
703.5  0.665312
704.0  0.891184
704.5  1.207344
705.0  1.271088
705.5  1.286912
706.0  1.167392
706.5  1.048632
707.0  1.058032
707.5  1.302888
708.0  1.285688
708.5  1.127816
709.0  1.14584
709.5  1.129272
710.0  1.041456
710.5  1.047872
711.0  1.094048
711.5  1.137584
712.0  1.07536
712.5  1.27516
713.0  1.22464
713.5  1.21088
714.0  1.186448
714.5  1.112304
715.0  1.076208
715.5  1.018368
716.0  0.981168
716.5  1.050672
717.0  1.160016
717.5  1.111824
718.0  1.074384
718.5  1.16296
719.0  1.093392
719.5  1.203856
720.0  1.153136
720.5  1.177456
721.0  1.159664
721.5  1.082832
722.0  1.117456
722.5  1.188688
723.0  1.21476
723.5  1.17568
724.0  1.084592
724.5  1.138448
725.0  1.222144
725.5  1.214944
726.0  1.1636
726.5  1.115736
727.0  0.99504
727.5  1.024576
728.0  1.035408
728.5  1.117072
729.0  1.07756
729.5  1.167664
730.0  1.072512
730.5  1.04424
731.0  1.103808
731.5  1.082776
732.0  1.154096
732.5  1.2176
733.0  1.024896
733.5  1.108112
734.0  1.160768
734.5  1.19584
735.0  1.078112
735.5  1.112992
736.0  1.187488
736.5  1.25144
737.0  1.248208
737.5  1.15588
738.0  1.177296
738.5  1.113248
739.0  1.063856
739.5  1.06744
740.0  0.989744
740.5  1.066032
741.0  1.138312
741.5  1.065752
742.0  1.055888
742.5  1.24356
743.0  1.191232
743.5  1.081152
744.0  0.975024
744.5  1.179768
745.0  1.112816
745.5  0.25872
746.0  0.15928
746.5  0.336072
747.0  0.240272
747.5  0.118936
748.0  0.194384
748.5  0.821
749.0  1.319968
749.5  2.948136
750.0  2.885888
750.5  2.792456
751.0  2.645552
751.5  1.058672
752.0  1.019568
752.5  0.304336
753.0  1.19792
753.5  0.274368
754.0  1.157104
754.5  0.76836
755.0  1.159712
755.5  1.161592
756.0  1.123736
756.5  1.196368
757.0  1.179632
757.5  1.530008
758.0  1.34
758.5  1.111376
759.0  1.047552
759.5  1.190096
760.0  1.140416
760.5  1.145096
761.0  1.104064
761.5  1.151192
762.0  1.124696
762.5  1.522776
763.0  1.4872
763.5  1.152616
764.0  1.112752
764.5  1.200216
765.0  1.137808
765.5  1.066272
766.0  1.035152
766.5  1.007792
767.0  0.982736
767.5  0.320176
768.0  1.018656
768.5  0.145152
769.0  1.190192
769.5  0.140032
770.0  1.024368
770.5  0.179824
771.0  1.01128
771.5  5.12028
772.0  1.29008
772.5  0.635352
773.0  1.121456
773.5  0.561288
774.0  1.072392
774.5  0.462192
775.0  1.268912
775.5  0.448064
776.0  1.094928
776.5  0.559032
777.0  1.218656
777.5  0.593552
778.0  1.092832
778.5  0.553376
779.0  1.192528
779.5  0.525664
780.0  0.989088
780.5  0.521648
781.0  1.19112
781.5  0.450192
782.0  1.038144
782.5  0.54484
783.0  1.324016
783.5  0.67272
784.0  1.126992
784.5  0.62848
785.0  1.082624
785.5  0.69488
786.0  1.01568
786.5  0.737512
787.0  1.27176
787.5  0.594896
788.0  0.977392
788.5  0.708208
789.0  1.112072
789.5  0.635168
790.0  1.0192
790.5  0.75904
791.0  1.310064
791.5  1.244048
792.0  0.948448
792.5  1.250856
793.0  1.239744
793.5  1.131896
794.0  1.046896
794.5  1.327392
795.0  1.294792
795.5  0.941592
796.0  0.929632
796.5  0.951288
797.0  0.947616
797.5  1.692088
798.0  1.750096
798.5  1.281352
799.0  1.161248
799.5  1.133992
800.0  1.110928
800.5  0.66592
801.0  0.655968
801.5  1.768912
802.0  1.740224
802.5  0.68488
803.0  0.684416
803.5  1.2696
804.0  1.26352
804.5  0.87556
805.0  0.847392
805.5  1.250128
806.0  1.264656
806.5  0.99688
807.0  0.958456
807.5  1.501232
808.0  1.450064
808.5  0.854352
809.0  0.84816
809.5  0.961032
810.0  0.938544
810.5  0.992064
811.0  0.9856
811.5  1.125736
812.0  1.115648
812.5  1.101136
813.0  1.039888
813.5  1.290664
814.0  1.222016
814.5  1.156856
815.0  1.147544
815.5  1.07644
816.0  1.017008
816.5  1.16644
817.0  1.132608
817.5  1.20728
818.0  1.178768
818.5  1.222168
819.0  1.203616
819.5  1.122024
820.0  1.103824
820.5  1.088216
821.0  1.06808
821.5  1.205624
822.0  1.187896
822.5  1.11636
823.0  1.09536
823.5  1.137616
824.0  1.123072
824.5  0.829144
825.0  0.856144
825.5  1.327504
826.0  1.268624
826.5  1.106552
827.0  1.088928
827.5  1.10272
828.0  1.133912
828.5  1.160416
829.0  1.108864
829.5  1.206576
830.0  1.198192
830.5  1.017904
831.0  1.047888
831.5  1.180528
832.0  1.129552
832.5  1.047272
833.0  1.037936
833.5  1.232768
834.0  1.192384
834.5  1.199744
835.0  1.165088
835.5  1.192928
836.0  1.184688
836.5  1.089
837.0  1.069872
837.5  1.030512
838.0  0.993088
838.5  1.247928
839.0  1.234912
839.5  1.03136
840.0  1.082136
840.5  1.041088
841.0  0.96024
841.5  1.13872
842.0  1.135056
842.5  1.100224
843.0  1.119728
843.5  1.463664
844.0  1.403376
844.5  1.136128
845.0  1.11544
845.5  1.001176
846.0  0.948928
846.5  0.99172
847.0  0.932352
847.5  1.182512
848.0  1.167296
848.5  1.184096
849.0  1.163568
849.5  1.064656
850.0  1.131248
850.5  1.229312
851.0  1.1436
851.5  1.082536
852.0  1.06664
852.5  0.996352
853.0  0.9992
853.5  1.306368
854.0  1.233664
854.5  1.069928
855.0  1.119512
855.5  1.222816
856.0  1.165024
856.5  1.120464
857.0  1.08528
857.5  1.137808
858.0  1.1248
858.5  1.066032
859.0  1.058336
859.5  1.25396
860.0  1.22048
860.5  1.090544
861.0  1.071704
861.5  1.201832
862.0  1.187344
862.5  1.106136
863.0  1.098
863.5  1.13956
864.0  1.11928
864.5  1.089752
865.0  1.076848
865.5  1.083792
866.0  1.089712
866.5  1.295792
867.0  1.251968
867.5  0.930032
868.0  0.921424
868.5  1.06636
869.0  1.059376
869.5  0.9364
870.0  0.931616
870.5  1.19792
871.0  1.188944
871.5  1.161712
872.0  1.160544
872.5  1.3156
873.0  1.305064
873.5  1.048224
874.0  0.986592
874.5  1.231064
875.0  1.198352
875.5  1.200336
876.0  1.139792
876.5  1.261952
877.0  1.256848
877.5  1.187608
878.0  1.112192
878.5  1.219368
879.0  1.176992
879.5  0.923376
880.0  0.910592
880.5  1.043536
881.0  1.047792
881.5  1.040408
882.0  1.019536
882.5  1.18996
883.0  1.191936
883.5  1.190136
884.0  1.151328
884.5  1.142392
885.0  1.123696
885.5  1.02744
886.0  1.058304
886.5  0.924
887.0  0.91312
887.5  1.19364
888.0  1.145832
888.5  1.095904
889.0  1.074784
889.5  1.152432
890.0  1.172112
890.5  1.199712
891.0  1.148384
891.5  1.122912
892.0  1.111024
892.5  1.352088
893.0  1.3304
893.5  1.065744
894.0  0.9818
894.5  1.209984
895.0  1.202064
895.5  1.134432
896.0  1.09888
896.5  1.146944
897.0  1.128048
897.5  1.002432
898.0  0.9952
898.5  1.162512
899.0  1.156736
899.5  1.08364
900.0  1.047584
900.5  1.206512
901.0  1.187616
901.5  1.096544
902.0  1.092736
902.5  1.113864
903.0  1.108544
903.5  1.191024
904.0  1.175776
904.5  0.9596
905.0  0.943872
905.5  1.299544
906.0  1.241928
906.5  1.114552
907.0  1.057488
907.5  1.247424
908.0  1.2308
908.5  1.05984
909.0  1.111288
909.5  1.19432
910.0  1.115904
910.5  1.11112
911.0  1.096496
911.5  1.27488
912.0  1.171896
912.5  1.133984
913.0  1.109616
913.5  1.300824
914.0  1.195936
914.5  1.226848
915.0  1.203456
915.5  1.047464
916.0  1.04192
916.5  1.137376
917.0  1.137008
917.5  1.140568
918.0  1.099872
918.5  1.026088
919.0  1.005504
919.5  1.265192
920.0  1.24632
920.5  1.310336
921.0  1.278296
921.5  1.043984
922.0  1.036128
922.5  1.016808
923.0  0.996128
923.5  1.079008
924.0  1.065936
924.5  1.01928
925.0  1.028848
925.5  1.26148
926.0  1.22112
926.5  0.952784
927.0  1.016648
927.5  1.358832
928.0  1.27128
928.5  1.166592
929.0  1.146672
929.5  1.044656
930.0  1.031632
930.5  1.045048
931.0  1.022496
931.5  1.152048
932.0  1.140848
932.5  1.222928
933.0  1.202304
933.5  1.285144
934.0  1.210416
934.5  1.147616
935.0  1.10944
935.5  1.145104
936.0  1.093168
936.5  1.131224
937.0  1.074144
937.5  0.991856
938.0  1.003648
938.5  1.211432
939.0  1.163976
939.5  1.168488
940.0  1.153344
940.5  1.06812
941.0  1.04752
941.5  1.08732
942.0  1.075088
942.5  1.16052
943.0  1.142128
943.5  1.070064
944.0  1.057216
944.5  1.035224
945.0  1.025184
945.5  1.176096
946.0  1.188752
946.5  1.258648
947.0  1.2096
947.5  1.14112
948.0  1.139112
948.5  1.169912
949.0  1.186152
949.5  1.128784
950.0  1.13008
950.5  1.119488
951.0  1.112912
951.5  1.196392
952.0  1.187888
952.5  1.098024
953.0  1.080224
953.5  1.181568
954.0  1.140728
954.5  1.012176
955.0  0.977008
955.5  1.332944
956.0  1.320016
956.5  1.025616
957.0  1.013536
957.5  1.21744
958.0  1.191152
958.5  1.039088
959.0  1.023616
959.5  1.114648
960.0  1.103032
960.5  1.03104
961.0  1.01704
961.5  1.169208
962.0  1.148272
962.5  1.281896
963.0  1.265456
963.5  0.992688
964.0  1.077072
964.5  1.153968
965.0  1.047488
965.5  1.169368
966.0  1.108304
966.5  1.215648
967.0  1.149264
967.5  1.037568
968.0  1.021984
968.5  1.19208
969.0  1.18248
969.5  1.130656
970.0  1.118416
970.5  1.265504
971.0  1.248528
971.5  0.960128
972.0  0.951768
972.5  1.206136
973.0  1.182736
973.5  1.190704
974.0  1.11456
974.5  1.24764
975.0  1.237232
975.5  1.132992
976.0  1.171424
976.5  1.089016
977.0  1.048
977.5  1.036832
978.0  1.016928
978.5  1.146208
979.0  1.118624
979.5  1.065232
980.0  1.049776
980.5  1.273568
981.0  1.25072
981.5  1.135816
982.0  1.129488
982.5  1.066008
983.0  1.037056
983.5  1.213592
984.0  1.193168
984.5  1.010664
985.0  0.992912
985.5  1.115024
986.0  1.09528
986.5  1.244808
987.0  1.218504
987.5  1.031936
988.0  1.018144
988.5  1.211856
989.0  1.209184
989.5  1.119024
990.0  1.094864
990.5  1.151584
991.0  1.143872
991.5  1.055184
992.0  1.038496
992.5  1.081328
993.0  1.064024
993.5  1.145408
994.0  1.063328
994.5  1.21016
995.0  1.187344
995.5  1.080656
996.0  1.022424
996.5  1.169224
997.0  1.109536
997.5  1.086776
998.0  1.084848
998.5  1.276184
999.0  1.236544
999.5  1.076392
1000.0  1.062064
1000.5  1.1478
1001.0  1.112144
1001.5  1.125272
1002.0  1.10352
1002.5  1.332752
1003.0  1.319824
1003.5  1.159136
1004.0  1.14792
1004.5  1.279352
1005.0  1.224904
1005.5  1.103376
1006.0  1.089104
1006.5  1.239736
1007.0  1.221824
1007.5  1.107088
1008.0  1.088272
1008.5  1.233872
1009.0  1.208608
1009.5  1.018536
1010.0  1.01424
1010.5  1.25864
1011.0  1.226624
1011.5  1.712192
1012.0  1.669888
1012.5  0.747416
1013.0  0.723344
1013.5  1.163416
1014.0  1.083024
1014.5  0.881504
1015.0  0.826784
1015.5  0.968
1016.0  0.952336
1016.5  1.3222
1017.0  1.285296
1017.5  1.23048
1018.0  1.1924
1018.5  1.073792
1019.0  1.064864
1019.5  0.877336
1020.0  0.840488
1020.5  1.529216
1021.0  1.491712
1021.5  0.98368
1022.0  0.966688
1022.5  1.033032
1023.0  1.124128
1023.5  1.16408
1024.0  1.034144
1024.5  1.08536
1025.0  1.07376
1025.5  1.361568
1026.0  1.280264
1026.5  1.170344
1027.0  1.098368
1027.5  1.589328
1028.0  1.594496
1028.5  0.85568
1029.0  0.801904
1029.5  1.047576
1030.0  1.025072
1030.5  0.922512
1031.0  0.892624
1031.5  1.366944
1032.0  1.331872
1032.5  0.788968
1033.0  0.774224
1033.5  1.308488
1034.0  1.226064
1034.5  1.066568
1035.0  1.039728
1035.5  1.33236
1036.0  1.3068
1036.5  0.941176
1037.0  0.920176
1037.5  1.209672
1038.0  1.186488
1038.5  1.092216
1039.0  1.0768
1039.5  1.32972
1040.0  1.307072
1040.5  1.128176
1041.0  1.105856
1041.5  1.093712
1042.0  1.070064
1042.5  1.350624
1043.0  1.326864
1043.5  1.11912
1044.0  1.09568
1044.5  0.948576
1045.0  0.940384
1045.5  1.161024
1046.0  1.134112
1046.5  1.050624
1047.0  1.035248
1047.5  1.23316
1048.0  1.195584
1048.5  0.963008
1049.0  0.952816
1049.5  1.322816
1050.0  1.30416
1050.5  1.036872
1051.0  1.024624
1051.5  1.0096
1052.0  0.998416
1052.5  1.081312
1053.0  1.067496
1053.5  1.148352
1054.0  1.067664
1054.5  0.919264
1055.0  0.91288
1055.5  1.492736
1056.0  1.421376
1056.5  1.234888
1057.0  1.170656
1057.5  0.9806
1058.0  1.002512
1058.5  1.16508
1059.0  1.114728
1059.5  1.302112
1060.0  1.27224
1060.5  1.048344
1061.0  1.032592
1061.5  1.156328
1062.0  1.13896
1062.5  1.024832
1063.0  1.032304
1063.5  1.045952
1064.0  1.034592
1064.5  1.112408
1065.0  1.092016
1065.5  1.269616
1066.0  1.221008
1066.5  1.014072
1067.0  0.996352
1067.5  1.226496
1068.0  1.201216
1068.5  1.103328
1069.0  1.086688
1069.5  1.049064
1070.0  1.030176
1070.5  1.13736
1071.0  1.11812
1071.5  1.09068
1072.0  1.079712
1072.5  1.269136
1073.0  1.242032
1073.5  1.2528
1074.0  1.175872
1074.5  1.067696
1075.0  1.047168
1075.5  1.240008
1076.0  1.21856
1076.5  1.029632
1077.0  1.016016
1077.5  0.99976
1078.0  0.981552
1078.5  1.567904
1079.0  1.531936
1079.5  0.98816
1080.0  0.980928
1080.5  0.910448
1081.0  0.897312
1081.5  1.166472
1082.0  1.143024
1082.5  1.146968
1083.0  1.122912
1083.5  1.193424
1084.0  1.177872
1084.5  1.08176
1085.0  1.070624
1085.5  1.15444
1086.0  1.085688
1086.5  1.208008
1087.0  1.11856
1087.5  1.087944
1088.0  1.110848
1088.5  1.05248
1089.0  1.032544
1089.5  1.282368
1090.0  1.236704
1090.5  1.237632
1091.0  1.205184
1091.5  1.09296
1092.0  1.127032
1092.5  1.139456
1093.0  1.089296
1093.5  1.424752
1094.0  1.351424
1094.5  0.956472
1095.0  0.938768
1095.5  1.232464
1096.0  1.218032
1096.5  1.185784
1097.0  1.176656
1097.5  0.965008
1098.0  0.951072
1098.5  1.10936
1099.0  1.09456
1099.5  1.096504
1100.0  1.076208
1100.5  1.15616
1101.0  1.141776
1101.5  1.124376
1102.0  1.107264
1102.5  1.009888
1103.0  1.00528
1103.5  1.344048
1104.0  1.298504
1104.5  1.030456
1105.0  1.016256
1105.5  1.078312
1106.0  1.0576
1106.5  0.846896
1107.0  0.980064
1107.5  0.614336
1108.0  1.1712
1108.5  0.723064
1109.0  1.104
1109.5  1.008656
1110.0  1.163344
1110.5  1.1436
1111.0  1.113328
1111.5  1.231688
1112.0  1.20024
1112.5  1.175792
1113.0  1.150752
1113.5  1.372832
1114.0  1.292448
1114.5  1.04308
1115.0  1.026032
1115.5  1.255696
1116.0  1.159624
1116.5  0.98676
1117.0  0.933328
1117.5  1.191712
1118.0  1.1704
1118.5  1.056584
1119.0  1.047784
1119.5  1.01284
1120.0  0.996816
1120.5  1.27572
1121.0  1.252592
1121.5  1.050104
1122.0  1.032704
1122.5  1.094288
1123.0  1.078496
1123.5  1.058168
1124.0  1.04608
1124.5  1.03644
1125.0  1.012888
1125.5  1.285832
1126.0  1.25196
1126.5  1.125968
1127.0  1.100544
1127.5  1.184632
1128.0  1.167328
1128.5  1.26248
1129.0  1.269632
1129.5  1.071096
1130.0  1.031088
1130.5  1.170672
1131.0  1.121296
1131.5  1.065872
1132.0  1.059952
1132.5  1.046304
1133.0  1.032704
1133.5  1.330368
1134.0  1.250064
1134.5  1.077952
1135.0  1.06328
1135.5  1.262136
1136.0  1.23016
1136.5  1.19808
1137.0  1.167192
1137.5  1.2254
1138.0  1.205088
1138.5  0.996568
1139.0  0.980448
1139.5  1.086896
1140.0  1.086864
1140.5  1.038256
1141.0  1.015008
1141.5  0.901768
1142.0  0.895792
1142.5  1.35024
1143.0  1.30944
1143.5  1.000656
1144.0  0.996688
1144.5  1.216976
1145.0  1.198544
1145.5  1.17068
1146.0  1.11032
1146.5  1.162952
1147.0  1.106928
1147.5  1.158816
1148.0  1.149664
1148.5  1.214832
1149.0  1.186528
1149.5  1.11864
1150.0  1.104576
1150.5  1.157184
1151.0  1.142976
1151.5  1.006048
1152.0  1.011768
1152.5  1.22396
1153.0  1.179888
1153.5  1.153528
1154.0  1.078768
1154.5  1.17348
1155.0  1.151808
1155.5  1.174208
1156.0  1.153232
1156.5  1.114968
1157.0  1.092336
1157.5  1.082696
1158.0  1.061096
1158.5  1.19648
1159.0  1.224976
1159.5  1.125976
1160.0  1.05144
1160.5  1.174672
1161.0  1.140808
1161.5  1.129344
1162.0  1.153776
1162.5  1.179408
1163.0  1.124352
1163.5  1.15992
1164.0  1.132816
1164.5  1.312848
1165.0  1.301936
1165.5  0.89464
1166.0  0.883344
1166.5  1.62608
1167.0  1.596784
1167.5  1.357976
1168.0  1.350736
1168.5  0.8818
1169.0  0.847664
1169.5  0.88808
1170.0  0.878456
1170.5  1.042032
1171.0  1.0828
1171.5  1.001696
1172.0  0.937008
1172.5  1.211232
1173.0  1.203168
1173.5  1.179872
1174.0  1.109824
1174.5  1.131
1175.0  1.115648
1175.5  1.192888
1176.0  1.172424
1176.5  1.291624
1177.0  1.149456
1177.5  1.12908
1178.0  1.111344
1178.5  1.13512
1179.0  1.094736
1179.5  1.138104
1180.0  1.102256
1180.5  1.087592
1181.0  1.062704
1181.5  1.101256
1182.0  1.111632
1182.5  1.256
1183.0  1.185584
1183.5  1.098848
1184.0  1.085664
1184.5  1.276112
1185.0  1.261064
1185.5  0.949672
1186.0  0.944176
1186.5  1.173888
1187.0  1.1648
1187.5  1.064672
1188.0  1.063344
1188.5  1.11296
1189.0  1.111216
1189.5  1.11416
1190.0  1.095216
1190.5  1.190512
1191.0  1.151848
1191.5  1.046304
1192.0  1.0292
1192.5  1.072328
1193.0  1.101584
1193.5  1.0764
1194.0  0.99536
1194.5  1.208544
1195.0  1.77016
1195.5  1.628992
1196.0  1.00368
1196.5  0.952992
1197.0  0.898304
1197.5  1.058976
1198.0  1.04744
1198.5  1.106368
1199.0  1.071632
1199.5  0.927632
1200.0  0.918016
1200.5  1.116272
1201.0  1.108752
1201.5  1.306912
1202.0  1.295744
1202.5  1.0226
1203.0  1.007928
1203.5  1.20928
1204.0  1.192
1204.5  1.076272
1205.0  1.063552
1205.5  1.222632
1206.0  1.142896
1206.5  1.073464
1207.0  1.01616
1207.5  1.271504
1208.0  1.263616
1208.5  1.098848
1209.0  1.100048
1209.5  1.215328
1210.0  1.182608
1210.5  1.11056
1211.0  1.092656
1211.5  1.009136
1212.0  0.993888
1212.5  1.229056
1213.0  1.20552
1213.5  1.11328
1214.0  1.059776
1214.5  1.058192
1215.0  1.063344
1215.5  1.282776
1216.0  1.239168
1216.5  1.13752
1217.0  1.087824
1217.5  1.201616
1218.0  1.193192
1218.5  1.093056
1219.0  1.113728
1219.5  1.149584
1220.0  1.099488
1220.5  1.109392
1221.0  1.098768
1221.5  1.142432
1222.0  1.11744
1222.5  1.085672
1223.0  1.085728
1223.5  1.111656
1224.0  1.070952
1224.5  0.970264
1225.0  0.95288
1225.5  1.286464
1226.0  1.270848
1226.5  1.072528
1227.0  1.06
1227.5  1.145232
1228.0  1.132176
1228.5  1.097104
1229.0  1.07536
1229.5  1.124784
1230.0  1.105888
1230.5  1.064832
1231.0  1.070928
1231.5  1.064672
1232.0  1.031168
1232.5  1.232464
1233.0  1.22872
1233.5  1.23856
1234.0  1.175792
1234.5  1.124144
1235.0  1.113168
1235.5  1.110832
1236.0  1.053792
1236.5  1.095816
1237.0  1.065488
1237.5  1.190776
1238.0  1.13664
1238.5  1.172088
1239.0  1.161328
1239.5  1.161864
1240.0  1.148
1240.5  1.069504
1241.0  1.062304
1241.5  1.28308
1242.0  1.27344
1242.5  1.107264
1243.0  1.09864
1243.5  1.068408
1244.0  1.057856
1244.5  0.975568
1245.0  1.017104
1245.5  1.349752
1246.0  1.27776
1246.5  1.125296
1247.0  1.113072
1247.5  1.0708
1248.0  1.05664
1248.5  1.053024
1249.0  1.037088
1249.5  1.252528
1250.0  1.239328
1250.5  1.16896
1251.0  1.15364
1251.5  1.04248
1252.0  1.068064
1252.5  1.176936
1253.0  1.130512
1253.5  1.154464
1254.0  1.064384
1254.5  1.288672
1255.0  1.270608
1255.5  0.985264
1256.0  0.97752
1256.5  1.206936
1257.0  1.149112
1257.5  1.0924
1258.0  1.116496
1258.5  1.211136
1259.0  1.146656
1259.5  1.145552
1260.0  1.128144
1260.5  1.027456
1261.0  1.016256
1261.5  1.100352
1262.0  1.082
1262.5  1.228728
1263.0  1.210752
1263.5  1.105072
1264.0  1.091104
1264.5  1.253184
1265.0  1.24152
1265.5  1.10148
1266.0  1.041296
1266.5  1.139584
1267.0  1.076016
1267.5  1.121056
1268.0  1.099712
1268.5  1.244992
1269.0  1.225496
1269.5  0.967168
1270.0  0.960608
1270.5  1.284384
1271.0  1.267376
1271.5  1.066512
1272.0  1.037136
1272.5  1.207776
1273.0  1.166432
1273.5  1.089016
1274.0  1.013968
1274.5  1.20052
1275.0  1.166864
1275.5  1.128112
1276.0  1.10608
1276.5  1.228472
1277.0  1.224
1277.5  0.998104
1278.0  0.971984
1278.5  1.219064
1279.0  1.201696
1279.5  0.953368
1280.0  0.940096
1280.5  1.23264
1281.0  1.207456
1281.5  1.123952
1282.0  1.111856
1282.5  1.215408
1283.0  1.242256
1283.5  1.160192
1284.0  1.122104
1284.5  1.280224
1285.0  1.242656
1285.5  1.106992
1286.0  1.095488
1286.5  1.215984
1287.0  1.19824
1287.5  1.047232
1288.0  1.03576
1288.5  1.199088
1289.0  1.16752
1289.5  1.035024
1290.0  1.027912
1290.5  1.169712
1291.0  1.186864
1291.5  1.22312
1292.0  1.34432
1292.5  1.589616
1293.0  1.475904
1293.5  0.873472
1294.0  0.806208
1294.5  1.270512
1295.0  1.245872
1295.5  0.775456
1296.0  0.728456
1296.5  1.397656
1297.0  1.308592
1297.5  1.047168
1298.0  1.154
1298.5  1.31284
1299.0  1.185616
1299.5  0.862872
1300.0  0.820992
1300.5  1.027352
1301.0  0.999504
1301.5  1.321816
1302.0  1.3062
1302.5  1.135464
1303.0  1.166704
1303.5  0.956464
1304.0  0.904096
1304.5  1.48664
1305.0  1.460448
1305.5  0.755336
1306.0  0.736304
1306.5  1.535616
1307.0  1.50576
1307.5  1.225808
1308.0  1.218656
1308.5  0.734312
1309.0  0.712448
1309.5  0.938152
1310.0  0.923328
1310.5  1.145552
1311.0  1.120592
1311.5  1.154272
1312.0  1.182992
1312.5  1.191096
1313.0  1.13024
1313.5  1.257808
1314.0  1.191168
1314.5  1.21856
1315.0  1.187536
1315.5  0.919136
1316.0  0.9188
1316.5  1.164272
1317.0  1.15132
1317.5  1.151728
1318.0  1.107776
1318.5  1.159528
1319.0  1.141984
1319.5  0.831616
1320.0  0.861072
1320.5  1.311272
1321.0  1.241184
1321.5  0.956976
1322.0  0.942448
1322.5  2.127728
1323.0  2.04564
1323.5  0.879888
1324.0  0.867232
1324.5  0.925392
1325.0  0.91216
1325.5  1.341496
1326.0  1.272912
1326.5  1.08612
1327.0  1.031664
1327.5  1.116416
1328.0  1.103072
1328.5  0.864112
1329.0  0.854752
1329.5  1.217808
1330.0  1.227632
1330.5  1.13656
1331.0  1.097584
1331.5  1.043232
1332.0  1.037408
1332.5  1.014832
1333.0  1.006848
1333.5  1.320864
1334.0  1.246784
1334.5  1.076752
1335.0  1.057336
1335.5  1.37724
1336.0  1.356048
1336.5  0.790064
1337.0  0.951472
1337.5  1.31944
1338.0  1.269904
1338.5  0.733168
1339.0  1.401584
1339.5  0.974824
1340.0  0.903936
1340.5  1.026144
1341.0  0.90376
1341.5  1.30716
1342.0  1.013536
1342.5  1.19472
1343.0  1.160032
1343.5  1.068552
1344.0  1.038272
1344.5  1.028952
1345.0  1.046784
1345.5  1.128
1346.0  1.070208
1346.5  1.108056
1347.0  1.084128
1347.5  1.059232
1348.0  1.037152
1348.5  1.342024
1349.0  1.303984
1349.5  1.131136
1350.0  1.133128
1350.5  1.13256
1351.0  1.091776
1351.5  1.193736
1352.0  1.156672
1352.5  1.100272
1353.0  1.08312
1353.5  1.09948
1354.0  1.022736
1354.5  1.12904
1355.0  1.107152
1355.5  1.206496
1356.0  1.135208
1356.5  1.219392
1357.0  1.152496
1357.5  1.131024
1358.0  1.11368
1358.5  1.076552
1359.0  1.067456
1359.5  1.305912
1360.0  1.282096
1360.5  0.969112
1361.0  0.957184
1361.5  1.62436
1362.0  1.563888
1362.5  0.993016
1363.0  0.975056
1363.5  1.06828
1364.0  1.037088
1364.5  1.079248
1365.0  1.060144
1365.5  1.173144
1366.0  1.141312
1366.5  1.097392
1367.0  1.122752
1367.5  1.057472
1368.0  1.02012
1368.5  1.134208
1369.0  1.07928
1369.5  1.18584
1370.0  1.171472
1370.5  1.158944
1371.0  1.138432
1371.5  1.162832
1372.0  1.146256
1372.5  1.060752
1373.0  1.048832
1373.5  1.199432
1374.0  1.128224
1374.5  1.248416
1375.0  1.233456
1375.5  1.133432
1376.0  1.083792
1376.5  1.044656
1377.0  1.017184
1377.5  1.23292
1378.0  1.21352
1378.5  1.006128
1379.0  0.983312
1379.5  1.243448
1380.0  1.22792
1380.5  1.131168
1381.0  1.115936
1381.5  0.984984
1382.0  0.985616
1382.5  1.14212
1383.0  1.086072
1383.5  1.056016
1384.0  1.055872
1384.5  1.217232
1385.0  1.184384
1385.5  1.167184
1386.0  1.131168
1386.5  1.28204
1387.0  1.19688
1387.5  1.005096
1388.0  0.98872
1388.5  1.149528
1389.0  1.09116
1389.5  1.10348
1390.0  1.09952
1390.5  1.257912
1391.0  1.220784
1391.5  1.063128
1392.0  1.032032
1392.5  0.919176
1393.0  0.89984
1393.5  1.205304
1394.0  1.117072
1394.5  1.242496
1395.0  1.208736
1395.5  1.124464
1396.0  1.100112
1396.5  1.283624
1397.0  1.25664
1397.5  1.239448
1398.0  1.20784
1398.5  1.193368
1399.0  1.166592
1399.5  1.238568
1400.0  1.217744
1400.5  1.150776
1401.0  1.154344
1401.5  1.117144
1402.0  1.089328
1402.5  1.70948
1403.0  1.64696
1403.5  1.019328
1404.0  1.005552
1404.5  1.142984
1405.0  1.113936
1405.5  0.898336
1406.0  0.889088
1406.5  1.158576
1407.0  1.138592
1407.5  0.840672
1408.0  0.828592
1408.5  1.603368
1409.0  1.546592
1409.5  0.814752
1410.0  0.806608
1410.5  0.967152
1411.0  0.952528
1411.5  1.456352
1412.0  1.441664
1412.5  1.000912
1413.0  0.991056
1413.5  1.094136
1414.0  1.018304
1414.5  1.366784
1415.0  1.32752
1415.5  0.862696
1416.0  0.806784
1416.5  1.519112
1417.0  1.438656
1417.5  1.136168
1418.0  1.114432
1418.5  1.08188
1419.0  1.037168
1419.5  1.215984
1420.0  1.204544
1420.5  0.914808
1421.0  0.9028
1421.5  1.00312
1422.0  0.987784
1422.5  0.981344
1423.0  0.964528
1423.5  1.048016
1424.0  1.042752
1424.5  1.175752
1425.0  1.1592
1425.5  1.28732
1426.0  1.27728
1426.5  1.1592
1427.0  1.14016
1427.5  1.16892
1428.0  1.16168
1428.5  0.96688
1429.0  0.928944
1429.5  1.213512
1430.0  1.18776
1430.5  1.046104
1431.0  1.009936
1431.5  1.114688
1432.0  1.112528
1432.5  2.027728
1433.0  1.963872
1433.5  0.927312
1434.0  0.855112
1434.5  0.963416
1435.0  0.956096
1435.5  0.928624
1436.0  0.923168
1436.5  1.074872
1437.0  1.053856
1437.5  1.072096
1438.0  1.061232
1438.5  1.158672
1439.0  1.129424
1439.5  1.135728
