0.0  1.319768
0.5  1.132
1.0  1.112128
1.5  1.282448
2.0  1.263536
2.5  1.06924
3.0  1.043216
3.5  1.264256
4.0  1.236832
4.5  1.023584
5.0  1.012992
5.5  1.27668
6.0  1.221216
6.5  1.178696
7.0  1.104896
7.5  1.522064
8.0  1.491136
8.5  0.8788
9.0  0.837168
9.5  0.896688
10.0  0.891952
10.5  1.010968
11.0  0.993584
11.5  1.198608
12.0  1.190192
12.5  0.831176
13.0  0.880528
13.5  1.57436
14.0  1.4428
14.5  1.181224
15.0  1.140008
15.5  1.114912
16.0  1.094576
16.5  0.935384
17.0  0.926208
17.5  0.967688
18.0  0.953344
18.5  0.966984
19.0  0.966216
19.5  1.800592
20.0  1.6956
20.5  0.926064
21.0  0.90724
21.5  1.062832
22.0  1.049024
22.5  0.952464
23.0  0.975872
23.5  1.277192
24.0  1.225888
24.5  1.324264
25.0  1.313056
25.5  1.015384
26.0  1.008016
26.5  1.089712
27.0  1.05952
27.5  0.898624
28.0  0.88984
28.5  1.201448
29.0  1.174512
29.5  1.151984
30.0  1.124944
30.5  1.205152
31.0  1.180832
31.5  0.93596
32.0  0.91504
32.5  1.039648
33.0  1.035224
33.5  1.238944
34.0  1.16928
34.5  1.238488
35.0  1.218496
35.5  1.08784
36.0  1.031232
36.5  1.296568
37.0  1.239072
37.5  1.90048
38.0  1.893952
38.5  0.788184
39.0  0.7644
39.5  0.833976
40.0  0.828176
40.5  1.173288
41.0  1.151184
41.5  1.023384
42.0  1.011424
42.5  1.465832
43.0  1.447616
43.5  0.938288
44.0  0.931824
44.5  1.126096
45.0  1.117264
45.5  0.90896
46.0  0.89376
46.5  1.041464
47.0  1.029536
47.5  1.103456
48.0  1.092696
48.5  1.1124
49.0  1.104368
49.5  0.751616
50.0  1.131984
50.5  0.60992
51.0  1.093264
51.5  0.801184
52.0  1.0724
52.5  1.203376
53.0  1.245808
53.5  0.95892
54.0  1.10068
54.5  1.020704
55.0  1.224
55.5  0.716176
56.0  0.96536
56.5  1.155648
57.0  1.098288
57.5  1.196
58.0  1.17176
58.5  1.135496
59.0  1.128128
59.5  1.06336
60.0  1.023824
60.5  1.183224
61.0  1.163136
61.5  1.114984
62.0  1.098784
62.5  1.171752
63.0  1.177712
63.5  1.006784
64.0  0.972192
64.5  1.054752
65.0  1.045408
65.5  1.307216
66.0  1.244392
66.5  1.24984
67.0  1.180336
67.5  1.017568
68.0  1.015264
68.5  1.160016
69.0  1.15496
69.5  1.107584
70.0  1.093808
70.5  1.12428
71.0  1.100624
71.5  1.059488
72.0  1.080736
72.5  1.166512
73.0  1.11952
73.5  1.192368
74.0  1.120016
74.5  1.168496
75.0  1.142528
75.5  1.19776
76.0  1.188
76.5  1.14692
77.0  1.133936
77.5  1.067344
78.0  1.061504
78.5  1.236832
79.0  1.21832
79.5  1.23784
80.0  1.22904
80.5  1.077008
81.0  1.06204
81.5  1.072672
82.0  1.057936
82.5  1.145872
83.0  1.125504
83.5  1.01104
84.0  0.995232
84.5  1.350536
85.0  1.327296
85.5  1.071952
86.0  1.091168
86.5  1.30728
87.0  1.26276
87.5  1.10176
88.0  1.084208
88.5  1.137952
89.0  1.184784
89.5  1.002672
90.0  0.9248
90.5  1.131104
91.0  1.104624
91.5  0.982672
92.0  0.97392
92.5  1.320512
93.0  1.292496
93.5  1.20064
94.0  1.119856
94.5  1.118224
95.0  1.102784
95.5  1.039232
96.0  0.980024
96.5  1.196136
97.0  1.14832
97.5  1.25256
98.0  1.186496
98.5  1.267184
99.0  1.250568
99.5  0.900296
100.0  0.892048
100.5  1.094232
101.0  1.077488
101.5  1.090184
102.0  1.06808
102.5  1.154608
103.0  1.134208
103.5  1.282648
104.0  1.25744
104.5  1.214304
105.0  1.1952
105.5  1.161696
106.0  1.148336
106.5  1.249688
107.0  1.248416
107.5  1.068104
108.0  1.017312
108.5  1.267904
109.0  1.25456
109.5  1.071808
110.0  1.101936
110.5  1.247536
111.0  1.187168
111.5  1.069376
112.0  1.031936
112.5  1.204096
113.0  1.215488
113.5  1.972056
114.0  1.819496
114.5  0.767888
115.0  0.747776
115.5  0.823456
116.0  0.810768
116.5  1.032352
117.0  1.001136
117.5  0.979648
118.0  0.956944
118.5  1.109584
119.0  1.087792
119.5  0.998032
120.0  0.993112
120.5  1.390256
121.0  1.326576
121.5  1.005072
122.0  0.992384
122.5  1.252448
123.0  1.223184
123.5  1.009728
124.0  0.994864
124.5  1.063728
125.0  1.046736
125.5  1.64156
126.0  1.558352
126.5  0.906008
127.0  0.855312
127.5  1.054928
128.0  1.048512
128.5  1.17696
129.0  1.165024
129.5  1.120144
130.0  1.105664
130.5  1.27384
131.0  1.261568
131.5  0.85136
132.0  0.843688
132.5  1.356384
133.0  1.334816
133.5  1.010048
134.0  0.93872
134.5  1.270384
135.0  1.267152
135.5  1.150768
136.0  1.117424
136.5  1.194504
137.0  1.131568
137.5  0.908504
138.0  0.89272
138.5  1.164344
139.0  1.166304
139.5  1.24652
140.0  1.21464
140.5  1.012504
141.0  0.988352
141.5  0.966752
142.0  0.954944
142.5  1.194264
143.0  1.175472
143.5  0.96716
144.0  0.960944
144.5  1.351504
145.0  1.333248
145.5  1.111936
146.0  1.14184
146.5  1.14856
147.0  1.103048
147.5  1.215088
148.0  1.205952
148.5  0.984176
149.0  0.980032
149.5  1.127168
150.0  1.111936
150.5  1.225064
151.0  1.187424
151.5  1.132704
152.0  1.101328
152.5  1.061272
153.0  1.04684
153.5  0.904424
154.0  0.812768
154.5  1.020464
155.0  1.0108
155.5  1.350032
156.0  1.28496
156.5  1.380096
157.0  1.340552
157.5  1.185984
158.0  1.138032
158.5  1.095088
159.0  1.076
159.5  1.104136
160.0  1.087808
160.5  1.448312
161.0  1.428752
161.5  1.154904
162.0  1.14568
162.5  1.035704
163.0  1.028176
163.5  0.96672
164.0  0.952144
164.5  0.969776
165.0  0.9502
165.5  1.2604
166.0  1.246352
166.5  0.865496
167.0  0.853088
167.5  1.155064
168.0  1.1388
168.5  1.264928
169.0  1.240624
169.5  1.183728
170.0  1.165888
170.5  1.037528
171.0  1.023632
171.5  1.301912
172.0  1.278768
172.5  1.22816
173.0  1.213472
173.5  1.184992
174.0  1.107328
174.5  1.016016
175.0  1.008736
175.5  1.202016
176.0  1.177024
176.5  1.151304
177.0  1.131056
177.5  1.06384
178.0  1.04512
178.5  1.06976
179.0  1.052576
179.5  1.168984
180.0  1.15412
180.5  1.06728
181.0  1.046768
181.5  1.115344
182.0  1.09032
182.5  1.124848
183.0  1.106592
183.5  1.153376
184.0  1.123968
184.5  1.06768
185.0  1.045904
185.5  1.221376
186.0  1.154808
186.5  1.186984
187.0  1.1312
187.5  1.214176
188.0  1.197984
188.5  1.024104
189.0  1.030144
189.5  1.341752
190.0  1.30832
190.5  1.06736
191.0  1.049232
191.5  1.098512
192.0  1.083872
192.5  1.168704
193.0  1.151968
193.5  1.26024
194.0  1.20448
194.5  0.950968
195.0  0.911968
195.5  1.40876
196.0  1.376512
196.5  0.988096
197.0  0.974096
197.5  1.117656
198.0  1.065496
198.5  1.137648
199.0  1.125408
199.5  1.1592
200.0  1.208416
200.5  1.119296
201.0  1.047536
201.5  1.191144
202.0  1.16072
202.5  1.012224
203.0  0.998672
203.5  1.242056
204.0  1.210144
204.5  0.926872
205.0  0.902512
205.5  1.62876
206.0  1.580784
206.5  1.142384
207.0  1.094192
207.5  1.074992
208.0  1.049344
208.5  1.085856
209.0  1.066032
209.5  1.279048
210.0  1.288976
210.5  1.060616
211.0  1.004688
211.5  1.259968
212.0  1.242288
212.5  1.094912
213.0  1.092184
213.5  1.27352
214.0  1.193792
214.5  1.12932
215.0  1.077216
215.5  1.110256
216.0  1.079664
216.5  1.755896
217.0  1.645144
217.5  0.719936
218.0  0.723824
218.5  0.89152
219.0  0.857688
219.5  1.103688
220.0  1.104608
220.5  1.335232
221.0  1.288672
221.5  0.79236
222.0  0.991808
222.5  0.840808
223.0  1.22856
223.5  0.88068
224.0  1.32832
224.5  1.440632
225.0  0.824384
225.5  1.098064
226.0  1.082464
226.5  0.92244
227.0  0.961776
227.5  0.751904
228.0  0.967952
228.5  0.857168
229.0  1.467408
229.5  0.881216
230.0  1.096384
230.5  1.091296
231.0  0.874696
231.5  1.322688
232.0  1.299456
232.5  1.217136
233.0  1.200432
233.5  0.982856
234.0  0.935088
234.5  1.193104
235.0  1.15496
235.5  1.055824
236.0  1.03016
236.5  1.044256
237.0  1.009088
237.5  1.1732
238.0  1.162512
238.5  1.252528
239.0  1.230432
239.5  0.978992
240.0  0.958128
240.5  0.918976
241.0  1.029488
241.5  0.839616
242.0  1.338
242.5  0.924312
243.0  1.061856
243.5  0.96296
244.0  1.087904
244.5  1.186608
245.0  1.045744
245.5  1.335064
246.0  1.258984
246.5  1.263592
247.0  1.203008
247.5  0.989568
248.0  0.97808
248.5  0.875184
249.0  1.055344
249.5  1.088376
250.0  1.05544
250.5  0.631696
251.0  1.182176
251.5  0.737528
252.0  1.09844
252.5  1.18224
253.0  1.089456
253.5  1.222112
254.0  1.110688
254.5  1.230056
255.0  1.197184
255.5  1.043496
256.0  1.014448
256.5  1.096616
257.0  1.074848
257.5  1.054096
258.0  1.027152
258.5  1.097704
259.0  1.07496
259.5  1.183144
260.0  1.162864
260.5  1.315776
261.0  1.259328
261.5  1.015072
262.0  0.992704
262.5  1.21644
263.0  1.203616
263.5  1.190592
264.0  1.172024
264.5  1.056224
265.0  1.04424
265.5  1.250016
266.0  1.230576
266.5  1.373544
267.0  1.347552
267.5  0.917648
268.0  0.918512
268.5  1.043936
269.0  1.018432
269.5  1.006408
270.0  0.991744
270.5  1.019184
271.0  0.99648
271.5  1.244208
272.0  1.223728
272.5  1.110896
273.0  1.102656
273.5  1.248352
274.0  1.169664
274.5  1.055656
275.0  1.044144
275.5  1.140936
276.0  1.084944
276.5  1.123296
277.0  1.101072
277.5  1.15896
278.0  1.09336
278.5  1.106728
279.0  1.081672
279.5  1.066616
280.0  1.021168
280.5  1.129848
281.0  1.112528
281.5  1.187384
282.0  1.162816
282.5  1.3414
283.0  1.316288
283.5  1.123376
284.0  1.109632
284.5  1.054128
285.0  1.077304
285.5  1.032464
286.0  0.983408
286.5  1.301112
287.0  1.278496
287.5  1.19432
288.0  1.177232
288.5  1.068496
289.0  1.060784
289.5  1.281376
290.0  1.263664
290.5  1.047384
291.0  1.0272
291.5  0.98104
292.0  0.967136
292.5  1.237632
293.0  1.220976
293.5  1.162136
294.0  1.088496
294.5  1.235568
295.0  1.214672
295.5  1.306896
296.0  1.278944
296.5  0.967424
297.0  0.959784
297.5  0.955056
298.0  0.961024
298.5  1.250784
299.0  1.215056
299.5  1.001344
300.0  0.987728
300.5  1.194312
301.0  1.177856
301.5  1.121296
302.0  1.104368
302.5  1.414624
303.0  1.431744
303.5  1.112784
304.0  1.099936
304.5  1.205584
305.0  1.191504
305.5  1.111784
306.0  1.026304
306.5  1.21836
307.0  1.155072
307.5  1.134448
308.0  1.114208
308.5  1.266544
309.0  1.246384
309.5  0.890928
310.0  0.880768
310.5  1.118736
311.0  1.101152
311.5  1.00736
312.0  0.99284
312.5  1.151808
313.0  1.139472
313.5  1.469728
314.0  1.388928
314.5  1.14344
315.0  1.123104
315.5  1.054336
316.0  1.045104
316.5  1.323864
317.0  1.29712
317.5  1.113056
318.0  1.098296
318.5  1.23448
319.0  1.215504
319.5  1.060784
320.0  1.037808
320.5  1.252416
321.0  1.231792
321.5  1.013128
322.0  0.9904
322.5  1.263728
323.0  1.213232
323.5  1.204032
324.0  1.185136
324.5  1.231096
325.0  1.214704
325.5  0.942616
326.0  0.921568
326.5  1.091888
327.0  1.078416
327.5  0.894608
328.0  0.886528
328.5  1.283088
329.0  1.252944
329.5  0.831056
330.0  0.82316
330.5  1.420304
331.0  1.39496
331.5  1.07208
332.0  1.055808
332.5  1.22408
333.0  1.206096
333.5  1.01528
334.0  0.946176
334.5  1.10128
335.0  1.081552
335.5  1.267328
336.0  1.240048
336.5  1.17932
337.0  1.04736
337.5  0.969776
338.0  0.970656
338.5  1.36872
339.0  1.300128
339.5  1.095712
340.0  1.067232
340.5  1.141888
341.0  1.12376
341.5  1.089224
342.0  1.076192
342.5  1.076096
343.0  1.075696
343.5  1.126648
344.0  1.080496
344.5  1.151456
345.0  1.13028
345.5  1.194576
346.0  1.169712
346.5  1.11436
347.0  1.085968
347.5  1.157648
348.0  1.144096
348.5  1.1392
349.0  1.125424
349.5  1.165216
350.0  1.144304
350.5  1.05008
351.0  1.049368
351.5  1.121104
352.0  1.0948
352.5  1.009072
353.0  0.996272
353.5  1.293896
354.0  1.21464
354.5  1.316208
355.0  1.29784
355.5  1.13904
356.0  1.12056
356.5  0.985984
357.0  0.974416
357.5  1.176672
358.0  1.161184
358.5  1.12096
359.0  1.099456
359.5  1.122
360.0  1.107728
360.5  1.060288
361.0  1.04576
361.5  1.117824
362.0  1.102112
362.5  1.036952
363.0  1.029048
363.5  1.214816
364.0  1.188992
364.5  1.078608
365.0  1.066528
365.5  1.120024
366.0  1.093552
366.5  1.163784
367.0  1.088288
367.5  1.137168
368.0  1.126
368.5  1.154064
369.0  1.138128
369.5  1.090096
370.0  1.070896
370.5  1.046736
371.0  1.031072
371.5  1.471504
372.0  1.451616
372.5  0.961664
373.0  0.948576
373.5  1.049568
374.0  0.994896
374.5  1.101104
375.0  1.072
375.5  1.268736
376.0  1.248512
376.5  1.14928
377.0  1.118464
377.5  1.019872
378.0  1.044232
378.5  1.31096
379.0  1.280256
379.5  1.73116
380.0  1.63448
380.5  0.8058
381.0  0.7872
381.5  0.986968
382.0  0.966176
382.5  0.960912
383.0  0.96136
383.5  1.162376
384.0  1.13404
384.5  1.157416
385.0  1.122256
385.5  1.401664
386.0  1.427424
386.5  0.985888
387.0  0.893824
387.5  0.988248
388.0  0.97784
388.5  1.136392
389.0  1.111104
389.5  1.075888
390.0  1.086672
390.5  1.050064
391.0  1.010512
391.5  1.105536
392.0  1.209472
392.5  1.229792
393.0  1.078224
393.5  1.143312
394.0  1.08536
394.5  1.061472
395.0  1.053808
395.5  1.296888
396.0  1.252744
396.5  1.282128
397.0  1.180448
397.5  1.175776
398.0  1.15976
398.5  1.012184
399.0  0.995472
399.5  1.311608
400.0  1.287744
400.5  1.193304
401.0  1.170064
401.5  1.112
402.0  1.088192
402.5  1.052136
403.0  1.040176
403.5  1.054496
404.0  1.0532
404.5  1.243144
405.0  1.225408
405.5  0.999392
406.0  0.983088
406.5  1.12412
407.0  1.095376
407.5  1.239912
408.0  1.19288
408.5  1.186144
409.0  1.171488
409.5  1.223008
410.0  1.193328
410.5  0.997296
411.0  0.982136
411.5  1.004
412.0  1.027952
412.5  1.197232
413.0  1.139968
413.5  1.131128
414.0  1.06272
414.5  1.299008
415.0  1.273888
415.5  1.107328
416.0  1.097344
416.5  1.182928
417.0  1.172664
417.5  1.013808
418.0  1.010944
418.5  1.101792
419.0  1.067136
419.5  1.1128
420.0  1.10264
420.5  1.119968
421.0  1.103056
421.5  1.070224
422.0  1.140624
422.5  1.227808
423.0  1.135312
423.5  1.579936
424.0  1.526736
424.5  0.888144
425.0  0.880368
425.5  1.21572
426.0  1.150704
426.5  1.311768
427.0  1.254592
427.5  1.104288
428.0  1.093472
428.5  1.169424
429.0  1.157992
429.5  1.106992
430.0  1.08568
430.5  1.231008
431.0  1.20608
431.5  1.116504
432.0  1.090032
432.5  1.15092
433.0  1.124976
433.5  1.899456
434.0  1.799552
434.5  0.703392
435.0  0.688256
435.5  0.86004
436.0  0.847456
436.5  1.037952
437.0  1.014128
437.5  1.032648
438.0  1.012432
438.5  1.038168
439.0  1.020768
439.5  0.962368
440.0  0.9536
440.5  1.31844
441.0  1.358912
441.5  1.22772
442.0  1.152016
442.5  1.101232
443.0  1.088896
443.5  1.102128
444.0  1.083128
444.5  0.947512
445.0  0.922016
445.5  1.640224
446.0  1.59976
446.5  0.963512
447.0  0.937184
447.5  0.947976
448.0  0.929888
448.5  1.813992
449.0  1.765312
449.5  0.861464
450.0  0.879288
450.5  1.036776
451.0  0.981712
451.5  0.936008
452.0  0.952208
452.5  1.469312
453.0  1.450208
453.5  0.896136
454.0  0.796112
454.5  1.014624
455.0  1.006048
455.5  1.295808
456.0  1.236896
456.5  1.024672
457.0  0.981168
457.5  1.09804
458.0  1.086
458.5  1.256168
459.0  1.233616
459.5  0.970216
460.0  0.963184
460.5  0.962528
461.0  0.940736
461.5  1.227512
462.0  1.208584
462.5  1.17592
463.0  1.159344
463.5  1.158712
464.0  1.1268
464.5  1.08496
465.0  1.066976
465.5  1.14296
466.0  1.11672
466.5  1.093088
467.0  1.184224
467.5  1.344968
468.0  1.220656
468.5  1.234576
469.0  1.208512
469.5  1.023408
470.0  1.036672
470.5  0.93608
471.0  0.886224
471.5  1.113664
472.0  1.13288
472.5  1.225824
473.0  1.15912
473.5  1.184568
474.0  1.11456
474.5  1.086728
475.0  1.0716
475.5  1.171488
476.0  1.163952
476.5  1.159776
477.0  1.139512
477.5  1.14064
478.0  1.124288
478.5  1.243472
479.0  1.497232
479.5  1.65736
480.0  1.344976
480.5  0.71752
481.0  0.707984
481.5  1.334912
482.0  1.31456
482.5  0.900856
483.0  0.896488
483.5  1.149104
484.0  1.123168
484.5  1.096336
485.0  1.088832
485.5  1.13812
486.0  1.085136
486.5  1.050632
487.0  0.993392
487.5  1.282592
488.0  1.268816
488.5  1.276384
489.0  1.231856
489.5  1.24416
490.0  1.224816
490.5  0.97968
491.0  0.964512
491.5  1.218048
492.0  1.25392
492.5  1.110592
493.0  1.047008
493.5  1.10788
494.0  1.036128
494.5  1.091144
495.0  1.073032
495.5  1.142944
496.0  1.102288
496.5  1.014896
497.0  1.007824
497.5  1.071552
498.0  1.036592
498.5  0.71056
499.0  0.877872
499.5  1.0014
500.0  1.068448
500.5  0.540104
501.0  1.255776
501.5  0.529592
502.0  1.367776
502.5  0.710952
503.0  1.035632
503.5  1.168344
504.0  1.12576
504.5  1.196552
505.0  1.173936
505.5  1.17504
506.0  1.151152
506.5  1.070864
507.0  1.044016
507.5  1.0708
508.0  1.054992
508.5  1.041216
509.0  1.032832
509.5  1.119072
510.0  1.095496
510.5  1.162664
511.0  1.143808
511.5  1.029264
512.0  1.034592
512.5  1.175752
513.0  1.119312
513.5  1.335488
514.0  1.24712
514.5  1.149184
515.0  1.131184
515.5  1.196528
516.0  1.16284
516.5  1.255064
517.0  1.172272
517.5  1.192656
518.0  1.170032
518.5  1.092192
519.0  1.070528
519.5  1.042592
520.0  1.010816
520.5  0.117896
521.0  0.498
521.5  0.12972
522.0  1.033968
522.5  0.163928
523.0  1.08416
523.5  0.223192
524.0  1.06448
524.5  0.245688
525.0  1.113856
525.5  0.31612
526.0  1.105584
526.5  0.238744
527.0  1.097008
527.5  0.240856
528.0  1.095152
528.5  0.243336
529.0  1.107104
529.5  0.28084
530.0  1.095512
530.5  0.264216
531.0  1.100544
531.5  0.248664
532.0  1.0708
532.5  0.174696
533.0  1.003232
533.5  0.13252
534.0  0.801088
534.5  0.173984
535.0  0.879424
535.5  0.192848
536.0  0.947856
536.5  0.143664
537.0  0.97184
537.5  0.181224
538.0  0.955248
538.5  0.134904
539.0  0.967184
539.5  0.237176
540.0  1.09072
540.5  0.191248
541.0  0.975008
541.5  0.230672
542.0  1.100144
542.5  0.153456
543.0  1.005952
543.5  0.217768
544.0  1.096304
544.5  0.133032
545.0  0.972832
545.5  0.295944
546.0  1.10752
546.5  0.15708
547.0  1.037648
547.5  0.232016
548.0  1.09432
548.5  0.287984
549.0  1.109696
549.5  0.230824
550.0  1.0976
550.5  0.20736
551.0  1.101104
551.5  0.228528
552.0  1.092528
552.5  0.309
553.0  1.07856
553.5  0.256424
554.0  1.10472
554.5  0.288416
555.0  1.117536
555.5  0.251464
556.0  1.098016
556.5  0.268928
557.0  1.102712
557.5  0.237904
558.0  1.08836
558.5  0.127088
559.0  0.771472
559.5  0.182328
560.0  0.88064
560.5  0.149064
561.0  0.817408
561.5  0.171432
562.0  1.032928
562.5  0.11996
563.0  0.789952
563.5  0.15604
564.0  1.061904
564.5  0.147312
565.0  0.964976
565.5  0.248096
566.0  1.09584
566.5  0.13992
567.0  0.832496
567.5  0.172408
568.0  1.138704
568.5  0.150104
569.0  0.948832
569.5  0.17004
570.0  1.098816
570.5  0.134584
571.0  1.050528
571.5  0.177936
572.0  1.238688
572.5  0.129688
573.0  0.984496
573.5  0.181376
574.0  1.223984
574.5  0.125816
575.0  1.149088
575.5  0.183816
576.0  1.269696
576.5  0.134624
577.0  1.060128
577.5  0.17808
578.0  1.314896
578.5  0.21912
579.0  1.168096
579.5  0.206768
580.0  1.307248
580.5  0.15956
581.0  1.103744
581.5  0.176672
582.0  1.340432
582.5  0.12992
583.0  1.011552
583.5  0.172152
584.0  1.2992
584.5  0.136744
585.0  1.051104
585.5  0.230648
586.0  1.300608
586.5  0.128976
587.0  1.10712
587.5  0.175248
588.0  1.31792
588.5  0.144856
589.0  1.07888
589.5  0.172168
590.0  1.307264
590.5  0.145624
591.0  1.106952
591.5  0.174808
592.0  1.294432
592.5  0.129032
593.0  1.07104
593.5  0.1672
594.0  1.240432
594.5  0.135936
595.0  1.176128
595.5  0.194184
596.0  1.276
596.5  0.136704
597.0  1.087344
597.5  0.169352
598.0  1.309728
598.5  0.137712
599.0  1.113376
599.5  0.173864
600.0  1.285776
600.5  0.155056
601.0  1.087888
601.5  0.154632
602.0  1.198352
602.5  0.161664
603.0  1.166176
603.5  0.150984
604.0  1.253488
604.5  0.160168
605.0  1.207536
605.5  0.20556
606.0  1.159808
606.5  0.164424
607.0  1.204464
607.5  0.14164
608.0  1.170352
608.5  0.261056
609.0  1.250992
609.5  0.137464
610.0  1.16864
610.5  0.273104
611.0  1.28976
611.5  0.264424
612.0  1.153952
612.5  0.177016
613.0  1.379792
613.5  0.135568
614.0  1.091488
614.5  0.171
615.0  1.181248
615.5  0.266024
616.0  1.14556
616.5  3.346264
617.0  1.344112
617.5  1.244008
618.0  1.162992
618.5  1.361192
619.0  1.35376
619.5  1.1322
620.0  1.110544
620.5  1.488144
621.0  1.398192
621.5  1.218568
622.0  1.216528
622.5  0.968232
623.0  1.017136
623.5  1.225464
624.0  1.16436
624.5  1.22408
625.0  1.232496
625.5  1.230072
626.0  1.14016
626.5  1.158504
627.0  1.152368
627.5  1.304216
628.0  1.30392
628.5  1.099176
629.0  1.061072
629.5  1.335592
630.0  1.334272
630.5  1.178432
631.0  1.1758
631.5  1.198184
632.0  1.181872
632.5  1.10016
633.0  1.088496
633.5  1.248944
634.0  1.246208
634.5  1.28688
635.0  1.280128
635.5  1.184944
636.0  1.180272
636.5  1.262008
637.0  1.263712
637.5  1.327992
638.0  1.324224
638.5  1.2878
639.0  1.197216
639.5  1.251112
640.0  1.222432
640.5  1.268768
641.0  1.237616
641.5  1.323056
642.0  1.287416
642.5  1.200088
643.0  1.214096
643.5  1.096216
644.0  1.065744
644.5  1.281928
645.0  1.248384
645.5  1.243896
646.0  1.171704
646.5  1.295336
647.0  1.291952
647.5  1.254136
648.0  1.254928
648.5  1.167864
649.0  1.283152
649.5  1.239048
650.0  1.17376
650.5  1.258256
651.0  1.255
651.5  0.56044
652.0  0.545776
652.5  1.536712
653.0  1.551296
653.5  1.51108
654.0  1.57136
654.5  1.137288
655.0  1.379456
655.5  0.829352
656.0  1.288592
656.5  0.94768
657.0  1.215896
657.5  0.773176
658.0  1.467488
658.5  1.225896
659.0  1.266752
659.5  1.36272
660.0  1.156016
660.5  1.07284
661.0  1.191456
661.5  1.5174
662.0  1.083704
662.5  0.930784
663.0  1.103864
663.5  0.77096
664.0  1.595232
664.5  1.546792
665.0  1.111552
665.5  1.075016
666.0  1.17488
666.5  0.94828
667.0  1.063104
667.5  1.471528
668.0  1.2264
668.5  1.26928
669.0  1.199656
669.5  1.285952
670.0  1.196816
670.5  1.321472
671.0  1.246016
671.5  1.390272
672.0  1.257056
672.5  1.05832
673.0  1.100208
673.5  1.400352
674.0  1.357568
674.5  1.167744
675.0  1.104704
675.5  0.709096
676.0  1.364896
676.5  0.580656
677.0  1.202936
677.5  1.338056
678.0  1.440048
678.5  1.228216
679.0  1.316304
679.5  0.819512
680.0  1.146144
680.5  0.874176
681.0  1.14272
681.5  1.357792
682.0  1.307104
682.5  1.139432
683.0  1.16616
683.5  0.69244
684.0  1.249984
684.5  0.650968
685.0  1.166416
685.5  1.458784
686.0  1.383712
686.5  1.132896
687.0  1.15208
687.5  0.995632
688.0  1.369088
688.5  0.88052
689.0  0.946816
689.5  0.685176
690.0  1.319
690.5  0.73
691.0  1.278
691.5  0.925176
692.0  1.052336
692.5  0.787376
693.0  1.261632
693.5  0.729648
694.0  1.201328
694.5  0.701736
695.0  1.155792
695.5  0.615944
696.0  1.37728
696.5  0.851072
697.0  1.243568
697.5  0.811312
698.0  1.254688
698.5  0.73804
699.0  1.132432
699.5  0.978224
700.0  1.23704
700.5  0.906944
701.0  1.003792
701.5  0.70684
702.0  1.408832
702.5  0.701448
703.0  1.284968
703.5  1.034576
704.0  1.278336
704.5  0.904968
705.0  1.188784
705.5  1.086592
706.0  1.165744
706.5  0.754656
707.0  1.191696
707.5  1.178864
708.0  1.252944
708.5  0.952264
709.0  1.142896
709.5  1.077304
710.0  1.327376
710.5  1.449872
711.0  1.291568
711.5  1.152448
712.0  1.16696
712.5  0.710432
713.0  1.088304
713.5  1.444192
714.0  1.348144
714.5  1.796464
715.0  1.311664
715.5  1.173192
716.0  1.128672
716.5  1.089488
717.0  1.091736
717.5  1.328528
718.0  1.309664
718.5  1.169768
719.0  1.198752
719.5  1.211304
720.0  1.14376
720.5  1.114184
721.0  1.044224
721.5  1.059848
722.0  1.330832
722.5  1.8112
723.0  1.43132
723.5  0.983256
724.0  1.278608
724.5  1.927136
725.0  1.505136
725.5  1.082432
726.0  0.990512
726.5  1.026168
727.0  1.043488
727.5  1.311456
728.0  1.28896
728.5  1.283512
729.0  1.141568
729.5  1.219432
730.0  1.235552
730.5  1.127864
731.0  1.112352
731.5  1.308856
732.0  1.273232
732.5  1.232088
733.0  1.233376
733.5  1.231128
734.0  1.1928
734.5  1.15264
735.0  1.167728
735.5  1.266864
736.0  1.237328
736.5  1.237112
737.0  1.237264
737.5  1.165448
738.0  1.108096
738.5  1.25796
739.0  1.248224
739.5  1.344864
740.0  1.323712
740.5  1.798864
741.0  1.600968
741.5  1.085208
742.0  1.125168
742.5  1.172864
743.0  1.14736
743.5  1.110696
744.0  1.041664
744.5  1.281304
745.0  1.311696
745.5  1.140744
746.0  1.021088
746.5  1.639768
747.0  1.572736
747.5  1.162424
748.0  1.154464
748.5  1.267912
749.0  1.28256
749.5  0.991272
750.0  0.965936
750.5  1.402648
751.0  1.413168
751.5  1.219568
752.0  1.13904
752.5  1.216512
753.0  1.167664
753.5  1.335888
754.0  1.332784
754.5  1.415936
755.0  1.324896
755.5  1.180424
756.0  1.168648
756.5  1.062568
757.0  1.057568
757.5  1.382424
758.0  1.364688
758.5  1.14596
759.0  1.082912
759.5  1.311376
760.0  1.285776
760.5  1.385312
761.0  1.296792
761.5  1.095456
762.0  1.07672
762.5  1.147688
763.0  1.18432
763.5  1.202856
764.0  1.156176
764.5  1.401144
765.0  1.402592
765.5  1.1302
766.0  1.048384
766.5  1.431992
767.0  1.445728
767.5  1.172728
768.0  1.149296
768.5  1.322136
769.0  1.3244
769.5  1.279544
770.0  1.220656
770.5  1.267416
771.0  1.221104
771.5  1.219472
772.0  1.205104
772.5  1.262664
773.0  1.24992
773.5  1.184744
774.0  1.186384
774.5  1.432392
775.0  1.378464
775.5  1.240632
776.0  1.19856
776.5  1.221944
777.0  1.239264
777.5  1.175192
778.0  1.13816
778.5  0.782328
779.0  1.257728
779.5  2.061048
780.0  1.44184
780.5  0.8064
781.0  1.229488
781.5  2.023752
782.0  1.388496
782.5  1.040928
783.0  1.19728
783.5  1.321584
784.0  1.094672
784.5  1.168296
785.0  1.296384
785.5  1.402744
786.0  1.189824
786.5  1.184912
787.0  1.162352
787.5  1.07472
788.0  1.132056
788.5  1.313928
789.0  1.151032
789.5  1.12236
790.0  1.203472
790.5  1.348432
791.0  1.3978
791.5  1.553872
792.0  1.219208
792.5  1.003312
793.0  1.210856
793.5  1.510976
794.0  1.259176
794.5  1.053432
795.0  1.231184
795.5  1.49524
796.0  1.26252
796.5  1.080712
797.0  1.167968
797.5  1.494088
798.0  1.357168
798.5  1.126696
799.0  1.184936
799.5  1.58484
800.0  1.383008
800.5  1.125544
801.0  1.1356
801.5  1.40452
802.0  1.271496
802.5  1.112584
803.0  1.129136
803.5  1.306192
804.0  1.243504
804.5  1.40772
805.0  1.372224
805.5  1.283
806.0  1.169264
806.5  1.022256
807.0  1.057952
807.5  1.329816
808.0  1.22112
808.5  0.949608
809.0  1.01136
809.5  1.346072
810.0  1.244992
810.5  1.157704
811.0  1.195824
811.5  1.54892
812.0  1.444624
812.5  0.930544
813.0  0.946352
813.5  1.320504
814.0  1.44248
814.5  1.503096
815.0  1.240128
815.5  1.108864
816.0  1.085936
816.5  1.58308
817.0  1.498256
817.5  1.075144
818.0  1.086528
818.5  1.205912
819.0  1.058224
819.5  0.829656
820.0  1.429568
820.5  2.103176
821.0  1.350016
821.5  1.141128
822.0  1.134136
822.5  1.072072
823.0  1.080048
823.5  1.120656
824.0  1.084896
824.5  1.270736
825.0  1.24104
825.5  1.2522
826.0  1.150304
826.5  1.235856
827.0  1.22872
827.5  1.115016
828.0  1.13168
828.5  1.346424
829.0  1.289776
829.5  1.241608
830.0  1.238912
830.5  1.39936
831.0  1.341936
831.5  1.170568
832.0  1.164592
832.5  1.2104
833.0  1.215104
833.5  1.24956
834.0  1.218032
834.5  1.23444
835.0  1.530592
835.5  1.999472
836.0  1.47208
836.5  1.07544
837.0  1.07352
837.5  1.339032
838.0  1.297536
838.5  1.25364
839.0  1.231184
839.5  1.259024
840.0  1.189824
840.5  1.126856
841.0  1.069904
841.5  0.846232
842.0  1.256704
842.5  1.66768
843.0  1.2278
843.5  1.298392
844.0  1.25272
844.5  1.133032
845.0  1.115536
845.5  1.301248
846.0  1.213616
846.5  1.086072
847.0  1.104144
847.5  0.994784
848.0  1.226032
848.5  1.573336
849.0  1.232448
849.5  1.117856
850.0  1.312
850.5  1.506856
851.0  1.23896
851.5  1.043288
852.0  1.21144
852.5  1.415832
853.0  1.21224
853.5  1.143528
854.0  1.262992
854.5  1.521576
855.0  1.325976
855.5  1.091888
856.0  1.159584
856.5  1.35412
857.0  1.222336
857.5  1.056616
858.0  1.104064
858.5  1.407464
859.0  1.351888
859.5  1.036776
860.0  1.040464
860.5  1.35132
861.0  1.258928
861.5  1.201696
862.0  1.17976
862.5  1.414736
863.0  1.391152
863.5  1.212808
864.0  1.1552
864.5  1.336392
865.0  1.33792
865.5  1.29524
866.0  1.188816
866.5  1.337784
867.0  1.292016
867.5  1.114136
868.0  1.10608
868.5  1.409736
869.0  1.360656
869.5  1.169816
870.0  1.150624
870.5  1.40044
871.0  1.3868
871.5  1.205344
872.0  1.167408
872.5  1.4186
873.0  1.332512
873.5  1.028904
874.0  1.032928
874.5  1.225848
875.0  1.203872
875.5  1.129352
876.0  1.10832
876.5  1.389712
877.0  1.34416
877.5  1.070568
878.0  1.053136
878.5  1.250952
879.0  1.146928
879.5  1.34532
880.0  1.427952
880.5  1.526248
881.0  1.44464
881.5  1.336984
882.0  1.119552
882.5  1.484144
883.0  1.414832
883.5  1.04988
884.0  1.03352
884.5  1.291064
885.0  1.259984
885.5  1.237328
886.0  1.18288
886.5  1.358984
887.0  1.320624
887.5  1.209592
888.0  1.202456
888.5  1.176992
889.0  1.212352
889.5  1.320712
890.0  1.1876
890.5  1.046928
891.0  1.32416
891.5  1.631784
892.0  1.242528
892.5  1.036008
893.0  1.209248
893.5  1.409704
894.0  1.175456
894.5  1.187104
895.0  1.229312
895.5  1.14312
896.0  1.078576
896.5  1.453744
897.0  1.365096
897.5  1.408752
898.0  1.337296
898.5  1.04664
899.0  1.063544
899.5  1.335704
900.0  1.214208
900.5  1.071872
901.0  1.03564
901.5  1.256632
902.0  1.252896
902.5  0.884608
903.0  1.161408
903.5  1.536776
904.0  1.292296
904.5  0.991048
905.0  1.128368
905.5  1.674856
906.0  1.303712
906.5  1.171256
907.0  1.323864
907.5  1.434472
908.0  1.211648
908.5  1.099872
909.0  1.207264
909.5  1.7084
910.0  1.408016
910.5  1.005128
911.0  1.162896
911.5  1.514016
912.0  1.280944
912.5  1.017952
913.0  1.1336
913.5  1.374776
914.0  1.175936
914.5  1.323256
915.0  1.364352
915.5  1.216952
916.0  1.120912
916.5  1.123504
917.0  1.103936
917.5  1.29364
918.0  1.2796
918.5  1.198728
919.0  1.178928
919.5  1.379776
920.0  1.332352
920.5  1.236328
921.0  1.177552
921.5  1.214776
922.0  1.22584
922.5  1.19348
923.0  1.15784
923.5  1.1958
924.0  1.19092
924.5  1.009152
925.0  1.376528
925.5  1.8846
926.0  1.32112
926.5  1.054648
927.0  1.058176
927.5  1.265608
928.0  1.286144
928.5  1.255448
929.0  1.178144
929.5  1.193368
930.0  1.206384
930.5  1.205376
931.0  1.206272
931.5  1.02936
932.0  1.021248
932.5  1.280008
933.0  1.268688
933.5  1.495248
934.0  1.439312
934.5  1.225472
935.0  1.20488
935.5  1.513576
936.0  1.462176
936.5  1.159488
937.0  1.159104
937.5  1.293592
938.0  1.262688
938.5  1.206304
939.0  1.106944
939.5  1.412768
940.0  1.307088
940.5  1.177848
941.0  1.075392
941.5  1.172296
942.0  1.170096
942.5  1.173168
943.0  1.170272
943.5  1.719248
944.0  1.58432
944.5  1.006608
945.0  0.984496
945.5  1.661688
946.0  1.495808
946.5  0.998664
947.0  0.945488
947.5  1.448712
948.0  1.40576
948.5  1.298472
949.0  1.221808
949.5  0.725648
950.0  1.2844
950.5  1.557112
951.0  1.179616
951.5  1.446184
952.0  1.113952
952.5  0.94636
953.0  0.937296
953.5  1.466608
954.0  1.388392
954.5  1.051424
955.0  1.077248
955.5  1.006256
956.0  1.419616
956.5  1.891768
957.0  1.344768
957.5  1.335296
958.0  1.256704
958.5  1.182536
959.0  1.166656
959.5  1.168856
960.0  1.1684
960.5  1.018488
961.0  0.99512
961.5  1.126536
962.0  1.376832
962.5  1.521632
963.0  1.208224
963.5  1.385592
964.0  1.344208
964.5  1.213064
965.0  1.167024
965.5  1.28512
966.0  1.183248
966.5  1.16032
967.0  1.147728
967.5  1.372656
968.0  1.344032
968.5  1.053472
969.0  1.25912
969.5  1.590152
970.0  1.299184
970.5  1.313784
971.0  1.215744
971.5  1.385584
972.0  1.328112
972.5  1.200784
973.0  1.18664
973.5  1.30872
974.0  1.293568
974.5  1.182256
975.0  1.16056
975.5  0.931536
976.0  1.251568
976.5  1.664016
977.0  1.270432
977.5  0.680216
978.0  1.00528
978.5  1.653976
979.0  1.259696
979.5  0.988184
980.0  1.260624
980.5  1.871352
981.0  1.448704
981.5  1.087664
982.0  1.29784
982.5  0.727072
983.0  1.148688
983.5  0.6264
984.0  0.95216
984.5  1.660688
985.0  1.382608
985.5  1.024272
986.0  1.139472
986.5  1.610448
987.0  1.36516
987.5  1.211416
988.0  1.344944
988.5  1.282552
989.0  1.268992
989.5  1.451872
990.0  0.98768
990.5  0.985256
991.0  0.963712
991.5  0.793728
992.0  0.960128
992.5  1.129664
993.0  1.346928
993.5  0.569208
994.0  1.290688
994.5  0.340432
995.0  1.601536
995.5  2.80468
996.0  1.317296
996.5  1.130032
997.0  1.227872
997.5  0.853968
998.0  1.083856
998.5  1.034912
999.0  1.058112
999.5  1.097176
1000.0  1.164744
1000.5  0.647512
1001.0  1.466512
1001.5  0.980248
1002.0  1.564
1002.5  0.833248
1003.0  1.07276
1003.5  0.731816
1004.0  1.08608
1004.5  0.485608
1005.0  1.494792
1005.5  1.283936
1006.0  1.195384
1006.5  0.817352
1007.0  1.502928
1007.5  0.920632
1008.0  1.235296
1008.5  0.788504
1009.0  0.886064
1009.5  0.5642
1010.0  1.172432
1010.5  1.29836
1011.0  1.29992
1011.5  0.903976
1012.0  0.979456
1012.5  0.94748
1013.0  1.144848
1013.5  0.731256
1014.0  0.977056
1014.5  1.005472
1015.0  1.545584
1015.5  0.759744
1016.0  1.074128
1016.5  0.84508
1017.0  1.292352
1017.5  0.593088
1018.0  1.175904
1018.5  0.87288
1019.0  1.315232
1019.5  0.644544
1020.0  1.056872
1020.5  1.184448
1021.0  1.327168
1021.5  0.967096
1022.0  1.169944
1022.5  1.491904
1023.0  1.373424
1023.5  1.73008
1024.0  1.441104
1024.5  1.299512
1025.0  1.230744
1025.5  1.090016
1026.0  1.008296
1026.5  1.515928
1027.0  1.458896
1027.5  0.977776
1028.0  0.974224
1028.5  1.207344
1029.0  1.085544
1029.5  1.1118
1030.0  1.15752
1030.5  1.009752
1031.0  1.108176
1031.5  1.484776
1032.0  1.28784
1032.5  1.226184
1033.0  1.241248
1033.5  1.120232
1034.0  1.084624
1034.5  1.260792
1035.0  1.24056
1035.5  1.033856
1036.0  1.099408
1036.5  1.477792
1037.0  1.41112
1037.5  1.259504
1038.0  1.211088
1038.5  1.278328
1039.0  1.314464
1039.5  1.38204
1040.0  1.253408
1040.5  1.042328
1041.0  1.253504
1041.5  1.795008
1042.0  1.49888
1042.5  0.805096
1043.0  1.558592
1043.5  2.017608
1044.0  1.044672
1044.5  0.865896
1045.0  1.14128
1045.5  1.721936
1046.0  1.267776
1046.5  0.838168
1047.0  1.002608
1047.5  1.334048
1048.0  1.12064
1048.5  1.19384
1049.0  1.383472
1049.5  1.404096
1050.0  1.15712
1050.5  1.01976
1051.0  1.15904
1051.5  1.468992
1052.0  1.278096
1052.5  0.980136
1053.0  1.089976
1053.5  1.807744
1054.0  1.591824
1054.5  1.030536
1055.0  1.098176
1055.5  1.090944
1056.0  1.001456
1056.5  1.346872
1057.0  1.398624
1057.5  1.410296
1058.0  1.28656
1058.5  1.112
1059.0  1.021312
1059.5  1.311072
1060.0  1.252912
1060.5  1.135664
1061.0  1.140624
1061.5  1.44068
1062.0  1.371904
1062.5  1.256192
1063.0  1.260256
1063.5  1.25984
1064.0  1.241368
1064.5  0.97992
1065.0  0.974856
1065.5  1.483848
1066.0  1.352664
1066.5  1.184776
1067.0  1.109024
1067.5  1.047536
1068.0  1.11264
1068.5  0.994016
1069.0  1.471752
1069.5  1.998064
1070.0  1.312016
1070.5  0.923016
1071.0  0.936816
1071.5  1.472272
1072.0  1.40872
1072.5  1.195648
1073.0  1.158928
1073.5  1.166792
1074.0  1.16968
1074.5  1.159472
1075.0  1.169248
1075.5  1.38196
1076.0  1.332112
1076.5  1.15388
1077.0  1.154352
1077.5  1.527952
1078.0  1.425904
1078.5  1.08444
1079.0  1.103328
1079.5  1.267544
1080.0  1.494944
1080.5  1.42808
1081.0  1.064136
1081.5  1.18164
1082.0  1.347992
1082.5  1.40992
1083.0  1.144288
1083.5  1.426456
1084.0  1.372128
1084.5  1.017752
1085.0  0.998288
1085.5  1.358896
1086.0  1.2518
1086.5  1.276224
1087.0  1.252656
1087.5  1.457336
1088.0  1.3892
1088.5  0.836752
1089.0  1.215424
1089.5  2.0584
1090.0  1.603072
1090.5  1.25756
1091.0  1.028192
1091.5  1.124864
1092.0  1.103536
1092.5  1.101624
1093.0  1.090896
1093.5  0.962672
1094.0  0.942496
1094.5  1.14288
1095.0  1.149936
1095.5  1.387064
1096.0  1.36104
1096.5  1.164352
1097.0  1.161344
1097.5  1.475016
1098.0  1.402928
1098.5  1.089944
1099.0  1.063376
1099.5  0.87396
1100.0  1.430992
1100.5  1.909384
1101.0  1.290288
1101.5  1.075336
1102.0  1.258928
1102.5  1.507144
1103.0  1.23288
1103.5  0.81236
1104.0  1.264864
1104.5  2.253432
1105.0  1.59848
1105.5  1.246912
1106.0  1.111376
1106.5  0.854672
1107.0  1.234896
1107.5  1.451528
1108.0  1.007824
1108.5  0.94316
1109.0  0.95112
1109.5  1.328456
1110.0  1.316144
1110.5  0.977912
1111.0  0.961552
1111.5  1.001232
1112.0  1.299648
1112.5  1.651584
1113.0  1.286848
1113.5  1.231456
1114.0  1.201136
1114.5  1.0844
1115.0  1.205536
1115.5  1.220904
1116.0  1.243296
1116.5  1.851168
1117.0  1.52768
1117.5  1.066184
1118.0  1.249888
1118.5  1.480968
1119.0  1.159848
1119.5  1.15732
1120.0  1.196864
1120.5  1.26684
1121.0  1.2056
1121.5  1.261976
1122.0  1.225472
1122.5  1.004376
1123.0  0.995904
1123.5  1.166808
1124.0  1.178416
1124.5  1.336824
1125.0  1.238064
1125.5  1.259912
1126.0  1.17728
1126.5  1.346296
1127.0  1.294416
1127.5  1.392296
1128.0  1.36936
1128.5  1.005976
1129.0  0.997168
1129.5  1.212696
1130.0  1.206336
1130.5  1.46804
1131.0  1.412616
1131.5  1.190088
1132.0  1.209792
1132.5  1.329896
1133.0  1.269696
1133.5  1.423104
1134.0  1.356064
1134.5  1.12312
1135.0  1.130368
1135.5  1.14336
1136.0  1.120392
1136.5  1.326072
1137.0  1.287344
1137.5  1.278928
1138.0  1.262096
1138.5  1.175768
1139.0  1.170752
1139.5  1.124544
1140.0  1.13932
1140.5  1.22424
1141.0  1.202512
1141.5  1.16112
1142.0  1.151088
1142.5  1.1884
1143.0  1.211104
1143.5  1.194992
1144.0  1.18144
1144.5  1.408536
1145.0  1.343088
1145.5  1.208256
1146.0  1.105232
1146.5  1.505176
1147.0  1.453104
1147.5  0.768936
1148.0  1.263536
1148.5  2.193488
1149.0  1.454512
1149.5  1.212504
1150.0  1.311584
1150.5  1.405232
1151.0  1.235216
1151.5  0.793424
1152.0  0.76788
1152.5  1.397376
1153.0  1.3756
1153.5  1.384904
1154.0  1.329232
1154.5  1.062912
1155.0  1.24984
1155.5  1.593664
1156.0  1.312912
1156.5  1.19056
1157.0  1.163664
1157.5  1.134632
1158.0  1.109616
1158.5  1.316552
1159.0  1.309632
1159.5  0.958968
1160.0  0.864624
1160.5  1.392784
1161.0  1.36064
1161.5  1.181704
1162.0  1.164496
1162.5  0.813352
1163.0  1.281632
1163.5  2.226848
1164.0  1.548192
1164.5  0.83992
1165.0  1.251776
1165.5  1.3212
1166.0  1.191072
1166.5  0.67692
1167.0  1.17696
1167.5  1.599568
1168.0  1.09904
1168.5  0.966872
1169.0  1.300016
1169.5  1.762408
1170.0  1.442976
1170.5  0.773752
1171.0  1.150432
1171.5  0.82116
1172.0  1.083312
1172.5  0.595592
1173.0  1.107872
1173.5  1.507664
1174.0  1.281632
1174.5  0.82236
1175.0  1.187792
1175.5  1.46
1176.0  1.501904
1176.5  1.158352
1177.0  1.065872
1177.5  0.60236
1178.0  0.975392
1178.5  0.568392
1179.0  1.339024
1179.5  0.640192
1180.0  1.22976
1180.5  0.667704
1181.0  1.370672
1181.5  0.95508
1182.0  1.213344
1182.5  0.63536
1183.0  0.995072
1183.5  1.705008
1184.0  1.392816
1184.5  1.162256
1185.0  1.103944
1185.5  0.765704
1186.0  1.007504
1186.5  0.990832
1187.0  1.220752
1187.5  0.965104
1188.0  1.19384
1188.5  0.799312
1189.0  1.183648
1189.5  1.535392
1190.0  1.33928
1190.5  0.762896
1191.0  1.161664
1191.5  1.435136
1192.0  1.351392
1192.5  0.731056
1193.0  1.163968
1193.5  0.71176
1194.0  1.289264
1194.5  0.67772
1195.0  1.177856
1195.5  1.57464
1196.0  1.477344
1196.5  1.02052
1197.0  0.98584
1197.5  1.029272
1198.0  1.197472
1198.5  1.163928
1199.0  1.111568
1199.5  1.516344
1200.0  1.297488
1200.5  0.934296
1201.0  1.128256
1201.5  1.1876
1202.0  1.412272
1202.5  0.931576
1203.0  1.17776
1203.5  1.2336
1204.0  1.3516
1204.5  1.117752
1205.0  1.113856
1205.5  1.549128
1206.0  1.342864
1206.5  0.734648
1207.0  1.234672
1207.5  0.657752
1208.0  1.27032
1208.5  0.692472
1209.0  1.14888
1209.5  1.234728
1210.0  1.193376
1210.5  0.619144
1211.0  1.14056
1211.5  1.143648
1212.0  1.437392
1212.5  1.195328
1213.0  1.035936
1213.5  0.94136
1214.0  1.122352
1214.5  0.617792
1215.0  1.197056
1215.5  1.21308
1216.0  1.421216
1216.5  1.44432
1217.0  1.358192
1217.5  0.757688
1218.0  1.03204
1218.5  0.73132
1219.0  1.35824
1219.5  0.438184
1220.0  1.321696
1220.5  0.626632
1221.0  1.189152
1221.5  0.444856
1222.0  1.329376
1222.5  0.867336
1223.0  1.323728
1223.5  0.575752
1224.0  1.01864
1224.5  0.7916
1225.0  1.148528
1225.5  1.055136
1226.0  1.315904
1226.5  0.73912
1227.0  0.922432
1227.5  0.492096
1228.0  1.228144
1228.5  0.692568
1229.0  1.235648
1229.5  0.495928
1230.0  1.237328
1230.5  0.746352
1231.0  1.222016
1231.5  0.468384
1232.0  1.268368
1232.5  0.686416
1233.0  1.121856
1233.5  0.39232
1234.0  1.379984
1234.5  0.886304
1235.0  1.5536
1235.5  1.556248
1236.0  1.290224
1236.5  0.48772
1237.0  1.012208
1237.5  0.507944
1238.0  1.182528
1238.5  1.379656
1239.0  1.252752
1239.5  1.362
1240.0  1.250816
1240.5  0.836632
1241.0  1.10104
1241.5  0.621256
1242.0  1.091744
1242.5  1.759528
1243.0  1.3864
1243.5  0.715064
1244.0  0.986048
1244.5  1.011416
1245.0  1.34456
1245.5  1.140776
1246.0  1.554704
1246.5  0.982424
1247.0  0.939408
1247.5  0.866696
1248.0  1.359856
1248.5  1.50116
1249.0  1.21968
1249.5  0.653256
1250.0  1.038736
1250.5  0.795464
1251.0  1.308456
1251.5  0.7228
1252.0  1.056656
1252.5  0.53032
1253.0  1.347136
1253.5  2.378616
1254.0  1.09592
1254.5  1.526176
1255.0  1.3706
1255.5  0.566096
1256.0  1.341232
1256.5  1.431592
1257.0  1.3704
1257.5  0.6774
1258.0  1.076336
1258.5  1.468616
1259.0  1.298368
1259.5  1.053568
1260.0  1.172448
1260.5  1.466952
1261.0  1.305328
1261.5  1.061208
1262.0  1.038448
1262.5  1.048776
1263.0  1.111776
1263.5  1.68632
1264.0  1.55308
1264.5  1.390624
1265.0  1.274904
1265.5  0.793832
1266.0  0.975848
1266.5  1.023208
1267.0  1.491912
1267.5  1.146464
1268.0  1.06688
1268.5  1.024048
1269.0  1.009536
1269.5  0.723712
1270.0  1.303288
1270.5  1.052032
1271.0  1.299488
1271.5  1.007704
1272.0  1.172736
1272.5  1.32384
1273.0  1.193264
1273.5  1.168584
1274.0  1.241248
1274.5  1.434216
1275.0  1.305952
1275.5  1.176864
1276.0  1.120832
1276.5  1.103632
1277.0  1.409504
1277.5  1.909696
1278.0  1.435872
1278.5  1.332184
1279.0  1.275072
1279.5  1.005448
1280.0  1.119168
1280.5  1.3636
1281.0  1.244544
1281.5  1.294392
1282.0  1.23952
1282.5  0.654472
1283.0  1.365024
1283.5  1.96748
1284.0  1.221184
1284.5  1.4478
1285.0  1.287696
1285.5  1.155912
1286.0  1.051712
1286.5  1.39284
1287.0  1.319552
1287.5  1.13788
1288.0  1.103104
1288.5  1.209216
1289.0  1.162496
1289.5  1.141608
1290.0  1.14552
1290.5  0.8486
1291.0  1.337816
1291.5  1.864848
1292.0  1.279104
1292.5  0.847336
1293.0  1.317088
1293.5  1.906592
1294.0  1.59544
1294.5  1.126968
1295.0  1.155056
1295.5  1.670888
1296.0  1.072672
1296.5  0.884744
1297.0  1.175256
1297.5  1.521528
1298.0  1.308352
1298.5  1.500904
1299.0  1.0704
1299.5  1.198056
1300.0  1.245856
1300.5  0.649464
1301.0  1.23456
1301.5  0.977016
1302.0  1.46976
1302.5  0.92976
1303.0  1.007648
1303.5  0.626576
1304.0  0.455776
1304.5  0.515888
1305.0  0.939736
1305.5  0.729816
1306.0  0.546928
1306.5  0.587432
1307.0  0.622608
1307.5  0.378304
1308.0  0.889072
1308.5  0.543728
1309.0  1.539056
1309.5  0.26296
1310.0  1.046112
1310.5  0.327872
1311.0  1.551072
1311.5  0.298584
1312.0  1.593344
1312.5  0.24208
1313.0  1.158864
1313.5  0.261952
1314.0  1.03116
1314.5  0.143288
1315.0  0.769072
1315.5  0.148872
1316.0  1.069936
1316.5  0.181784
1317.0  1.079072
1317.5  0.13716
1318.0  0.790848
1318.5  0.18196
1319.0  1.230736
1319.5  0.413928
1320.0  1.11876
1320.5  0.1462
1321.0  0.843984
1321.5  0.21784
1322.0  1.397712
1322.5  0.501
1323.0  1.095488
1323.5  0.245376
1324.0  1.402336
1324.5  3.222168
1325.0  1.316848
1325.5  2.730376
1326.0  1.474696
1326.5  1.62756
1327.0  1.201408
1327.5  1.255888
1328.0  1.226928
1328.5  1.277688
1329.0  1.198408
1329.5  0.70908
1330.0  1.207632
1330.5  1.040776
1331.0  1.112192
1331.5  1.360672
1332.0  1.475808
1332.5  0.158152
1333.0  1.025024
1333.5  1.213952
1334.0  1.436144
1334.5  0.190976
1335.0  1.248944
1335.5  0.720984
1336.0  1.20144
1336.5  0.230784
1337.0  1.096496
1337.5  0.301624
1338.0  1.597688
1338.5  0.15836
1339.0  0.959904
1339.5  1.705944
1340.0  1.439632
1340.5  4.730408
1341.0  1.275856
1341.5  4.240728
1342.0  1.176352
1342.5  3.28996
1343.0  1.254624
1343.5  0.808832
1344.0  1.249952
1344.5  1.656024
1345.0  1.649536
1345.5  1.733936
1346.0  1.237264
1346.5  0.98096
1347.0  1.110336
1347.5  0.8514
1348.0  1.016688
1348.5  2.018152
1349.0  1.301472
1349.5  0.15764
1350.0  1.268496
1350.5  0.177368
1351.0  1.329936
1351.5  0.144752
1352.0  1.188592
1352.5  0.183696
1353.0  1.290904
1353.5  0.144176
1354.0  1.19304
1354.5  1.31868
1355.0  1.235296
1355.5  1.040528
1356.0  1.192192
1356.5  1.191616
1357.0  1.526064
1357.5  2.048104
1358.0  1.183344
1358.5  1.97908
1359.0  1.360744
1359.5  0.90868
1360.0  1.275648
1360.5  0.184184
1361.0  1.148672
1361.5  1.688088
1362.0  1.181192
1362.5  0.674416
1363.0  1.27704
1363.5  0.134952
1364.0  1.0356
1364.5  2.502736
1365.0  1.545328
1365.5  0.225448
1366.0  1.065744
1366.5  2.657752
1367.0  1.485808
1367.5  2.094472
1368.0  1.073424
1368.5  2.339512
1369.0  1.392944
1369.5  0.837928
1370.0  1.128288
1370.5  1.588168
1371.0  1.462392
1371.5  3.3902
1372.0  1.142608
1372.5  1.12668
1373.0  1.119616
1373.5  1.760376
1374.0  1.169296
1374.5  1.228256
1375.0  1.304704
1375.5  1.2974
1376.0  1.218864
1376.5  1.378
1377.0  1.304384
1377.5  0.92112
1378.0  0.923808
1378.5  1.197608
1379.0  1.576064
1379.5  1.264504
1380.0  1.119232
1380.5  2.201048
1381.0  1.298432
1381.5  0.73324
1382.0  1.237024
1382.5  1.906752
1383.0  1.273248
1383.5  1.558088
1384.0  1.165664
1384.5  0.82976
1385.0  1.59672
1385.5  2.52216
1386.0  1.204376
1386.5  1.072704
1387.0  1.067104
1387.5  0.384528
1388.0  1.276288
1388.5  3.126192
1389.0  1.605104
1389.5  0.509856
1390.0  1.191808
1390.5  2.844784
1391.0  1.324752
1391.5  1.023808
1392.0  1.055896
1392.5  0.645888
1393.0  1.329216
1393.5  2.100856
1394.0  1.381312
1394.5  1.208832
1395.0  1.041952
1395.5  1.12256
1396.0  1.111328
1396.5  0.782456
1397.0  1.24336
1397.5  1.797936
1398.0  1.26696
1398.5  1.179
1399.0  1.173216
1399.5  1.088824
1400.0  1.106624
1400.5  1.152264
1401.0  1.149936
1401.5  1.453224
1402.0  1.378592
1402.5  0.737344
1403.0  1.076016
1403.5  1.415864
1404.0  1.191128
1404.5  1.943128
1405.0  1.646288
1405.5  1.392976
1406.0  1.265392
1406.5  0.868736
1407.0  1.036208
1407.5  1.326744
1408.0  1.256576
1408.5  1.847848
1409.0  1.542816
1409.5  0.833208
1410.0  0.853408
1410.5  0.756952
1411.0  1.321936
1411.5  2.132344
1412.0  1.376832
1412.5  0.981384
1413.0  0.989024
1413.5  1.131224
1414.0  1.147392
1414.5  1.117408
1415.0  1.162528
1415.5  1.09092
1416.0  1.079328
1416.5  1.237296
1417.0  1.060208
1417.5  1.327096
1418.0  1.3268
1418.5  1.408008
1419.0  1.331464
1419.5  1.082312
1420.0  1.312576
1420.5  0.867544
1421.0  1.212832
1421.5  1.758104
1422.0  1.54824
1422.5  0.89552
1423.0  1.071536
1423.5  1.221528
1424.0  1.278576
1424.5  1.19316
1425.0  1.260264
1425.5  0.298512
1426.0  1.26112
1426.5  0.7412
1427.0  1.058832
1427.5  0.198688
1428.0  1.31504
1428.5  0.173456
1429.0  1.199904
1429.5  0.1534
1430.0  1.040528
1430.5  0.18176
1431.0  1.24936
1431.5  0.807352
1432.0  1.212616
1432.5  0.624528
1433.0  1.146368
1433.5  0.668456
1434.0  1.236904
1434.5  0.152664
1435.0  0.564728
1435.5  0.31904
1436.0  1.190512
1436.5  0.322824
1437.0  1.600312
1437.5  0.299096
1438.0  1.57664
1438.5  0.3038
1439.0  1.595248
1439.5  0.290312
