0.0  1.071056
0.5  0.135456
1.0  0.984944
1.5  0.137168
2.0  1.263888
2.5  0.215296
3.0  1.5014
3.5  0.165728
4.0  1.241344
4.5  0.169608
5.0  1.24432
5.5  0.217208
6.0  1.0376
6.5  0.130408
7.0  1.167536
7.5  0.125384
8.0  1.174944
8.5  0.228904
9.0  1.1208
9.5  0.121816
10.0  1.122176
10.5  0.15908
11.0  1.365256
11.5  0.14392
12.0  1.145664
12.5  0.13964
13.0  1.187872
13.5  0.130992
14.0  1.291504
14.5  0.130304
15.0  1.10128
15.5  0.131248
16.0  1.149904
16.5  0.132312
17.0  1.159312
17.5  0.13596
18.0  1.21828
18.5  0.137464
19.0  1.215104
19.5  0.128936
20.0  1.05608
20.5  0.157448
21.0  1.419344
21.5  0.230936
22.0  1.57664
22.5  0.130168
23.0  1.0076
23.5  0.122368
24.0  0.832184
24.5  0.17536
25.0  1.27184
25.5  0.279968
26.0  1.3516
26.5  0.167416
27.0  1.265248
27.5  0.129056
28.0  1.191568
28.5  0.13652
29.0  1.03944
29.5  0.141192
30.0  1.193952
30.5  0.14396
31.0  1.204784
31.5  0.155888
32.0  1.239664
32.5  0.14588
33.0  1.248
33.5  0.132272
34.0  1.0572
34.5  0.191568
35.0  1.504864
35.5  0.123904
36.0  1.040984
36.5  0.147664
37.0  1.174848
37.5  0.145424
38.0  1.3392
38.5  0.221064
39.0  1.031632
39.5  0.147376
40.0  1.248992
40.5  0.128392
41.0  0.976784
41.5  0.15868
42.0  1.245456
42.5  0.127216
43.0  1.195936
43.5  0.13396
44.0  1.169984
44.5  0.275536
45.0  1.3286
45.5  0.333024
46.0  1.141416
46.5  0.135256
47.0  1.163032
47.5  0.145984
48.0  1.20824
48.5  0.19396
49.0  1.190904
49.5  0.14924
50.0  1.338592
50.5  0.138688
51.0  1.209288
51.5  0.23024
52.0  1.455424
52.5  0.135384
53.0  1.024
53.5  0.161264
54.0  1.13704
54.5  0.13996
55.0  1.177232
55.5  0.261952
56.0  1.489264
56.5  0.217688
57.0  1.155656
57.5  0.131192
58.0  1.0264
58.5  0.132392
59.0  0.99792
59.5  0.15024
60.0  1.476544
60.5  0.13404
61.0  1.00008
61.5  0.219664
62.0  1.221872
62.5  0.161952
63.0  1.184544
63.5  0.21388
64.0  1.306768
64.5  0.191056
65.0  1.082608
65.5  0.280096
66.0  1.420232
66.5  0.2162
67.0  1.42728
67.5  0.28528
68.0  1.451936
68.5  0.217928
69.0  0.977064
69.5  0.123496
70.0  0.818752
70.5  0.12408
71.0  1.152256
71.5  0.208872
72.0  1.254016
72.5  0.255696
73.0  1.326256
73.5  0.16696
74.0  1.146624
74.5  0.21108
75.0  1.405296
75.5  0.192216
76.0  1.193648
76.5  0.140784
77.0  1.190592
77.5  0.213664
78.0  1.323584
78.5  0.128816
79.0  1.029376
79.5  0.1608
80.0  1.147248
80.5  0.125416
81.0  0.964416
81.5  0.13
82.0  1.311056
82.5  0.13468
83.0  1.061104
83.5  0.167384
84.0  1.240472
84.5  0.231712
85.0  1.307232
85.5  0.313144
86.0  1.217696
86.5  0.208152
87.0  1.124864
87.5  0.19156
88.0  1.290704
88.5  0.139776
89.0  1.102448
89.5  0.188832
90.0  1.2734
90.5  0.131376
91.0  1.06504
91.5  0.1896
92.0  1.36744
92.5  0.258552
93.0  1.453216
93.5  0.140704
94.0  1.157072
94.5  0.142312
95.0  0.995408
95.5  0.135888
96.0  1.126832
96.5  0.134192
97.0  0.96904
97.5  0.17488
98.0  1.321056
98.5  0.218096
99.0  1.088064
99.5  0.13644
100.0  1.299056
100.5  0.128248
101.0  1.10296
101.5  0.136984
102.0  1.115528
102.5  0.251456
103.0  1.520192
103.5  0.130872
104.0  1.01472
104.5  0.156176
105.0  1.199664
105.5  0.225192
106.0  1.083264
106.5  0.178184
107.0  1.50024
107.5  0.13148
108.0  0.938288
108.5  0.184936
109.0  1.251312
109.5  0.155792
110.0  1.287632
110.5  0.152032
111.0  1.233984
111.5  0.126376
112.0  1.104096
112.5  0.260152
113.0  1.57896
113.5  0.165648
114.0  0.996624
114.5  0.15396
115.0  1.164816
115.5  0.134608
116.0  1.180016
116.5  0.178632
117.0  1.186472
117.5  0.134752
118.0  1.001168
118.5  0.213224
119.0  1.328112
119.5  0.166824
120.0  0.997744
120.5  0.162672
121.0  1.239376
121.5  0.165392
122.0  1.26624
122.5  0.135424
123.0  1.218744
123.5  0.139408
124.0  1.12784
124.5  0.166296
125.0  1.03224
125.5  0.221912
126.0  1.160288
126.5  0.205472
127.0  1.349184
127.5  0.131768
128.0  1.249648
128.5  0.32124
129.0  1.5096
129.5  0.226824
130.0  1.247712
130.5  0.142976
131.0  1.097584
131.5  0.136224
132.0  1.039744
132.5  0.139128
133.0  1.159296
133.5  0.132
134.0  1.250576
134.5  0.129488
135.0  1.123448
135.5  0.126856
136.0  1.02528
136.5  0.182264
137.0  1.360736
137.5  0.124976
138.0  1.178112
138.5  0.140048
139.0  1.181872
139.5  0.125968
140.0  1.030416
140.5  0.141688
141.0  1.263216
141.5  0.130464
142.0  1.080944
142.5  0.133304
143.0  1.252704
143.5  0.143448
144.0  1.208616
144.5  0.206944
145.0  1.440704
145.5  0.227888
146.0  1.268032
146.5  0.166488
147.0  1.26648
147.5  0.12684
148.0  0.90232
148.5  0.15792
149.0  1.304016
149.5  0.162384
150.0  1.278056
150.5  0.177896
151.0  1.274144
151.5  0.128104
152.0  1.104944
152.5  0.173384
153.0  1.306528
153.5  0.142048
154.0  1.145776
154.5  0.145784
155.0  1.06584
155.5  0.158224
156.0  1.218088
156.5  0.132552
157.0  1.253328
157.5  0.131256
158.0  1.198864
158.5  0.16888
159.0  1.02736
159.5  0.257064
160.0  1.4672
160.5  0.187928
161.0  1.245376
161.5  0.143064
162.0  1.143056
162.5  0.175752
163.0  1.298112
163.5  0.156352
164.0  0.964464
164.5  0.209936
165.0  1.298752
165.5  0.215056
166.0  0.86096
166.5  0.136552
167.0  1.187728
167.5  0.210544
168.0  1.477752
168.5  0.137424
169.0  1.024688
169.5  0.163712
170.0  1.314912
170.5  0.133936
171.0  1.050128
171.5  0.16588
172.0  1.288368
172.5  0.141096
173.0  1.053344
173.5  0.13864
174.0  1.182
174.5  0.131792
175.0  1.254304
175.5  0.131656
176.0  0.99416
176.5  0.135896
177.0  1.216208
177.5  0.21444
178.0  1.551504
178.5  0.13316
179.0  1.050592
179.5  0.223544
180.0  1.452512
180.5  0.118016
181.0  0.922464
181.5  0.21808
182.0  1.467056
182.5  0.133472
183.0  1.124088
183.5  0.219944
184.0  1.528128
184.5  0.159968
185.0  0.949792
185.5  0.220752
186.0  1.112832
186.5  0.122608
187.0  1.069936
187.5  0.121608
188.0  1.130096
188.5  0.178936
189.0  1.086184
189.5  0.183032
190.0  1.22096
190.5  0.166264
191.0  1.272896
191.5  0.133776
192.0  1.2024
192.5  0.12652
193.0  1.082912
193.5  0.154936
194.0  1.363856
194.5  0.132
195.0  1.183392
195.5  0.13992
196.0  1.165136
196.5  0.130056
197.0  1.112992
197.5  0.175464
198.0  1.417136
198.5  0.129376
199.0  1.173104
199.5  0.134544
200.0  1.11824
200.5  0.126776
201.0  1.11116
201.5  0.127176
202.0  1.236736
202.5  0.130168
203.0  1.229504
203.5  0.154488
204.0  1.177152
204.5  0.15844
205.0  1.3396
205.5  0.247056
206.0  1.372128
206.5  0.131096
207.0  1.141584
207.5  0.146424
208.0  1.332592
208.5  0.131336
209.0  1.06784
209.5  0.168288
210.0  1.336048
210.5  0.125448
211.0  1.116864
211.5  0.175544
212.0  1.392496
212.5  0.168984
213.0  1.050112
213.5  0.125296
214.0  1.011936
214.5  0.150784
215.0  1.25048
215.5  0.153504
216.0  1.13156
216.5  0.1218
217.0  1.088384
217.5  0.12244
218.0  1.159008
218.5  0.174128
219.0  1.199312
219.5  0.189536
220.0  1.33648
220.5  0.12684
221.0  1.09336
221.5  0.1306
222.0  1.195736
222.5  0.128936
223.0  1.109104
223.5  0.127112
224.0  1.333984
224.5  0.15172
225.0  1.13648
225.5  0.232024
226.0  1.128224
226.5  0.152824
227.0  1.325728
227.5  0.149128
228.0  1.298592
228.5  0.124376
229.0  0.956768
229.5  0.1482
230.0  1.25528
230.5  0.127472
231.0  1.086368
231.5  0.149256
232.0  1.366896
232.5  0.120712
233.0  1.116608
233.5  0.142856
234.0  1.221048
234.5  0.141168
235.0  1.179392
235.5  0.15056
236.0  1.329072
236.5  0.181216
237.0  1.150048
237.5  0.134176
238.0  1.095184
238.5  0.180024
239.0  1.327552
239.5  0.134808
240.0  1.098384
240.5  0.220936
241.0  1.497552
241.5  0.137472
242.0  1.078224
242.5  0.155032
243.0  1.241552
243.5  0.155208
244.0  1.130864
244.5  0.165864
245.0  1.12344
245.5  0.23992
246.0  1.032512
246.5  0.181
247.0  1.41624
247.5  0.1246
248.0  1.058816
248.5  0.193536
249.0  1.12292
249.5  0.200328
250.0  1.232704
250.5  0.163408
251.0  1.236968
251.5  0.147568
252.0  1.209792
252.5  0.158112
253.0  1.206528
253.5  0.1246
254.0  0.989952
254.5  0.134864
255.0  1.249544
255.5  0.131176
256.0  1.196928
256.5  0.136456
257.0  1.196672
257.5  0.129264
258.0  1.146928
258.5  0.20292
259.0  1.440704
259.5  0.19292
260.0  1.340896
260.5  0.138248
261.0  1.099328
261.5  0.122232
262.0  0.942384
262.5  0.221376
263.0  1.273008
263.5  0.161456
264.0  1.28416
264.5  0.207024
265.0  1.197728
265.5  0.2162
266.0  1.077936
266.5  0.136144
267.0  1.097368
267.5  0.151344
268.0  1.250624
268.5  0.20776
269.0  1.370608
269.5  0.17648
270.0  1.117328
270.5  0.298608
271.0  1.552736
271.5  0.190056
272.0  1.180144
272.5  0.15904
273.0  1.210016
273.5  0.136856
274.0  1.070912
274.5  0.190904
275.0  1.199664
275.5  0.175544
276.0  1.18912
276.5  0.173632
277.0  1.293552
277.5  0.145512
278.0  1.186896
278.5  0.199872
279.0  1.208784
279.5  0.184912
280.0  1.042272
280.5  0.149688
281.0  1.226448
281.5  0.156984
282.0  1.235784
282.5  0.147456
283.0  1.103408
283.5  0.1754
284.0  1.287824
284.5  0.176896
285.0  1.222896
285.5  0.243528
286.0  1.204608
286.5  0.14088
287.0  1.171024
287.5  0.167544
288.0  1.145016
288.5  0.182768
289.0  1.384336
289.5  0.127912
290.0  1.0772
290.5  0.137496
291.0  1.065552
291.5  0.127736
292.0  1.050592
292.5  0.130616
293.0  1.132128
293.5  0.144168
294.0  1.22792
294.5  0.133776
295.0  1.227232
295.5  0.147752
296.0  1.31736
296.5  0.128776
297.0  1.102192
297.5  0.137792
298.0  1.286576
298.5  0.154464
299.0  1.152096
299.5  0.191504
300.0  1.269736
300.5  0.128568
301.0  1.150032
301.5  0.127112
302.0  1.077312
302.5  0.125264
303.0  1.201584
303.5  0.121824
304.0  1.041472
304.5  0.166376
305.0  1.206864
305.5  0.281872
306.0  1.475056
306.5  0.128168
307.0  1.170976
307.5  0.156896
308.0  1.332624
308.5  0.191424
309.0  1.140288
309.5  0.212008
310.0  1.28544
310.5  0.16996
311.0  1.238288
311.5  0.172736
312.0  1.217728
312.5  0.127304
313.0  1.06056
313.5  0.196264
314.0  1.48152
314.5  0.126944
315.0  0.995784
315.5  0.152616
316.0  1.230448
316.5  0.128464
317.0  1.0228
317.5  0.145432
318.0  1.212304
318.5  0.125904
319.0  1.214224
319.5  0.125968
320.0  1.160256
320.5  0.128848
321.0  1.120376
321.5  0.123352
322.0  1.260384
322.5  0.16956
323.0  1.289296
323.5  0.124896
324.0  1.08088
324.5  0.298048
325.0  1.647872
325.5  0.211176
326.0  1.045408
326.5  0.127688
327.0  1.060256
327.5  0.125336
328.0  1.075952
328.5  0.128576
329.0  1.10912
329.5  0.127264
330.0  1.119696
330.5  0.123216
331.0  1.108752
331.5  0.131424
332.0  1.271968
332.5  0.128488
333.0  1.271704
333.5  0.131536
334.0  1.195168
334.5  0.135032
335.0  1.008096
335.5  0.128112
336.0  1.296624
336.5  0.125552
337.0  1.19152
337.5  0.149792
338.0  1.241536
338.5  0.21624
339.0  1.13016
339.5  0.150984
340.0  1.311248
340.5  0.140616
341.0  1.208304
341.5  0.163504
342.0  1.24416
342.5  0.133312
343.0  1.237984
343.5  0.125992
344.0  1.195904
344.5  0.1514
345.0  1.053808
345.5  0.222104
346.0  1.105744
346.5  0.171104
347.0  1.332496
347.5  0.13292
348.0  1.177928
348.5  0.16116
349.0  1.292912
349.5  0.123336
350.0  1.034016
350.5  0.164976
351.0  1.344048
351.5  0.125352
352.0  1.164144
352.5  0.120312
353.0  0.939952
353.5  0.1334
354.0  1.331768
354.5  0.287712
355.0  1.640104
355.5  0.14184
356.0  1.02968
356.5  0.17432
357.0  1.348288
357.5  0.125248
358.0  1.062752
358.5  0.214752
359.0  1.356656
359.5  0.141904
360.0  1.125336
360.5  0.1962
361.0  1.38792
361.5  0.12616
362.0  1.005232
362.5  0.19828
363.0  1.3868
363.5  0.134456
364.0  1.137248
364.5  0.222808
365.0  1.31512
365.5  0.26048
366.0  1.05524
366.5  0.21872
367.0  1.447152
367.5  0.126104
368.0  0.88432
368.5  0.219928
369.0  1.07888
369.5  0.12556
370.0  1.108352
370.5  0.123816
371.0  1.0416
371.5  0.175864
372.0  1.215616
372.5  0.20004
373.0  1.522352
373.5  0.275832
374.0  1.447616
374.5  0.14836
375.0  1.041088
375.5  0.130208
376.0  1.048864
376.5  0.157632
377.0  1.164288
377.5  0.123672
378.0  1.14056
378.5  0.151464
379.0  1.262752
379.5  0.12976
380.0  1.145728
380.5  0.21324
381.0  1.508952
381.5  0.127736
382.0  1.045456
382.5  0.172624
383.0  1.351936
383.5  0.132024
384.0  0.989792
384.5  0.218376
385.0  1.36656
385.5  0.220664
386.0  1.06448
386.5  0.17996
387.0  1.218024
387.5  0.133632
388.0  1.135328
388.5  0.195296
389.0  1.345984
389.5  0.25544
390.0  1.210976
390.5  0.197488
391.0  1.251056
391.5  0.148992
392.0  1.071824
392.5  0.176072
393.0  1.248288
393.5  0.202712
394.0  1.311232
394.5  0.160488
395.0  1.223024
395.5  0.144224
396.0  0.976688
396.5  0.163144
397.0  1.283488
397.5  0.186968
398.0  1.308416
398.5  0.241256
399.0  1.055144
399.5  0.138792
400.0  1.040352
400.5  0.151632
401.0  1.276896
401.5  0.18784
402.0  1.3536
402.5  0.157504
403.0  1.123696
403.5  0.140896
404.0  1.130064
404.5  0.172896
405.0  1.146672
405.5  0.244224
406.0  1.143488
406.5  0.130648
407.0  1.096624
407.5  0.193064
408.0  1.315328
408.5  0.129784
409.0  1.15832
409.5  0.192344
410.0  1.293616
410.5  0.209616
411.0  1.385664
411.5  0.156336
412.0  1.041536
412.5  0.134728
413.0  1.025648
413.5  0.19352
414.0  1.318152
414.5  0.19476
415.0  1.38304
415.5  0.167608
416.0  1.250288
416.5  0.12924
417.0  0.902272
417.5  0.192184
418.0  1.347984
418.5  0.173704
419.0  1.20824
419.5  0.159672
420.0  1.162504
420.5  0.134168
421.0  1.050832
421.5  0.177672
422.0  1.283968
422.5  0.135944
423.0  1.093344
423.5  0.16928
424.0  1.300576
424.5  0.222008
425.0  1.285024
425.5  0.273936
426.0  1.150576
426.5  0.134216
427.0  1.033536
427.5  0.154208
428.0  1.21808
428.5  0.253248
429.0  1.228832
429.5  0.159176
430.0  1.235104
430.5  0.135824
431.0  1.071648
431.5  0.146024
432.0  1.205304
432.5  0.136096
433.0  1.08456
433.5  0.15568
434.0  1.19328
434.5  0.129104
435.0  1.192144
435.5  0.156832
436.0  1.325888
436.5  0.129088
437.0  1.117504
437.5  0.203184
438.0  1.432688
438.5  0.142192
439.0  1.09232
439.5  0.186504
440.0  1.293264
440.5  0.13604
441.0  1.031232
441.5  0.202976
442.0  1.3532
442.5  0.186184
443.0  1.149312
443.5  0.159072
444.0  1.211344
444.5  0.17612
445.0  1.1324
445.5  0.235616
446.0  1.330144
446.5  0.153904
447.0  1.17196
447.5  0.169224
448.0  1.207312
448.5  0.128488
449.0  1.039648
449.5  0.16832
450.0  1.385088
450.5  0.127512
451.0  1.120352
451.5  0.173456
452.0  1.278944
452.5  0.13588
453.0  1.073688
453.5  0.156104
454.0  1.336368
454.5  0.136184
455.0  1.086528
455.5  0.163744
456.0  1.289936
456.5  0.1348
457.0  1.10728
457.5  0.159168
458.0  1.201072
458.5  0.240664
459.0  1.122624
459.5  0.151784
460.0  1.261616
460.5  0.156496
461.0  1.24024
461.5  0.14788
462.0  1.229072
462.5  0.19916
463.0  1.18576
463.5  0.163016
464.0  1.130064
464.5  0.194432
465.0  1.137336
465.5  0.23128
466.0  1.153696
466.5  0.230592
467.0  1.31136
467.5  0.16412
468.0  1.124368
468.5  0.151784
469.0  1.189552
469.5  0.13328
470.0  1.155712
470.5  0.187648
471.0  1.305472
471.5  0.126872
472.0  1.084688
472.5  0.181728
473.0  1.315824
473.5  0.127608
474.0  1.08256
474.5  0.15968
475.0  1.260832
475.5  0.128512
476.0  1.124464
476.5  0.194776
477.0  1.32888
477.5  0.12816
478.0  1.104816
478.5  0.172896
479.0  1.278048
479.5  0.132424
480.0  1.085064
480.5  0.159072
481.0  1.24064
481.5  0.13636
482.0  1.111904
482.5  0.190512
483.0  1.367536
483.5  0.129712
484.0  1.083584
484.5  0.18412
485.0  1.25704
485.5  0.233384
486.0  1.138184
486.5  0.171608
487.0  1.320592
487.5  0.130152
488.0  1.084336
488.5  0.274392
489.0  1.342944
489.5  0.136232
490.0  1.09216
490.5  0.15216
491.0  1.11488
491.5  0.138096
492.0  1.13112
492.5  0.167512
493.0  1.334064
493.5  0.135568
494.0  1.145408
494.5  0.160784
495.0  1.299968
495.5  0.142568
496.0  1.104224
496.5  0.18888
497.0  1.381248
497.5  0.173576
498.0  1.095352
498.5  0.13764
499.0  1.188912
499.5  0.12492
500.0  1.024848
500.5  0.20384
501.0  1.358528
501.5  0.154344
502.0  1.111584
502.5  0.166368
503.0  1.253008
503.5  0.144128
504.0  1.092704
504.5  0.179488
505.0  1.284176
505.5  0.211352
506.0  1.00312
506.5  0.202816
507.0  1.5364
507.5  0.123584
508.0  0.92712
508.5  0.1358
509.0  1.107296
509.5  0.132592
510.0  1.091184
510.5  0.12596
511.0  1.21856
511.5  0.122328
512.0  1.104736
512.5  0.140832
513.0  1.243128
513.5  0.136008
514.0  1.266064
514.5  0.126568
515.0  1.143248
515.5  0.136576
516.0  1.150224
516.5  0.134208
517.0  1.240088
517.5  0.133864
518.0  1.062576
518.5  0.22084
519.0  1.299496
519.5  0.12308
520.0  1.052704
520.5  0.126576
521.0  1.268064
521.5  0.277328
522.0  1.600824
522.5  0.140624
523.0  1.220752
523.5  0.13172
524.0  0.971488
524.5  0.20096
525.0  1.382144
525.5  0.224704
526.0  1.015552
526.5  0.133392
527.0  1.126192
527.5  0.138888
528.0  1.334544
528.5  0.130464
529.0  1.185824
529.5  0.128632
530.0  1.073248
530.5  0.136592
531.0  1.134504
531.5  0.135656
532.0  1.306544
532.5  0.131824
533.0  1.119296
533.5  0.138144
534.0  1.11344
534.5  0.189248
535.0  1.563488
535.5  0.121816
536.0  1.000048
536.5  0.134312
537.0  1.25224
537.5  0.136608
538.0  1.22984
538.5  0.13196
539.0  1.104832
539.5  0.14676
540.0  1.281808
540.5  0.123976
541.0  1.035072
541.5  0.13756
542.0  1.231824
542.5  0.13976
543.0  1.212288
543.5  0.232664
544.0  1.595712
544.5  0.172112
545.0  0.96328
545.5  0.301104
546.0  1.176648
546.5  0.194624
547.0  1.309024
547.5  0.168456
548.0  1.268832
548.5  0.225224
549.0  1.004688
549.5  0.17812
550.0  1.284352
550.5  0.137656
551.0  1.10752
551.5  0.167904
552.0  1.407448
552.5  0.153968
553.0  1.352576
553.5  0.138016
554.0  1.085376
554.5  0.141344
555.0  1.116176
555.5  0.176024
556.0  1.29744
556.5  0.12368
557.0  1.040112
557.5  0.178992
558.0  1.442432
558.5  0.191568
559.0  1.34736
559.5  0.165688
560.0  1.153568
560.5  0.123256
561.0  0.994336
561.5  0.153816
562.0  1.196784
562.5  0.18164
563.0  1.108288
563.5  0.161008
564.0  1.266328
564.5  0.235664
565.0  1.35912
565.5  0.261752
566.0  1.338768
566.5  0.165688
567.0  1.163264
567.5  0.163544
568.0  1.169632
568.5  0.235376
569.0  1.503456
569.5  0.142912
570.0  0.959872
570.5  0.157224
571.0  0.998624
571.5  0.130144
572.0  1.111008
572.5  0.187048
573.0  1.322528
573.5  0.13036
574.0  0.909536
574.5  0.149208
575.0  1.053296
575.5  0.181728
576.0  1.251632
576.5  0.223104
577.0  1.325328
577.5  0.126984
578.0  1.100832
578.5  0.320296
579.0  1.443
579.5  0.130856
580.0  1.186064
580.5  0.283976
581.0  1.596224
581.5  0.157544
582.0  0.984976
582.5  0.146776
583.0  1.146464
583.5  0.14584
584.0  0.92272
584.5  0.264656
585.0  1.439288
585.5  0.222504
586.0  1.02096
586.5  0.149048
587.0  1.170656
587.5  0.1338
588.0  1.161536
588.5  0.156576
589.0  1.226
589.5  0.174096
590.0  1.279312
590.5  0.182848
591.0  1.2476
591.5  0.130368
592.0  1.069296
592.5  0.191528
593.0  1.337408
593.5  0.124568
594.0  1.063792
594.5  0.26784
595.0  1.613584
595.5  0.13668
596.0  0.85112
596.5  0.161168
597.0  1.203032
597.5  0.13204
598.0  1.064304
598.5  0.167368
599.0  1.288592
599.5  0.178184
600.0  1.300192
600.5  0.140856
601.0  1.056784
601.5  0.14712
602.0  1.066512
602.5  0.19672
603.0  1.315344
603.5  0.143424
604.0  1.137312
604.5  0.229632
605.0  1.409216
605.5  0.222152
606.0  1.125616
606.5  0.196776
607.0  1.417728
607.5  0.14656
608.0  1.04468
608.5  0.284272
609.0  1.352384
609.5  0.122216
610.0  1.018768
610.5  0.184256
611.0  1.2768
611.5  0.143512
612.0  1.136744
612.5  0.199984
613.0  1.335368
613.5  0.137816
614.0  1.055328
614.5  0.192192
615.0  1.30424
615.5  0.163808
616.0  1.153216
616.5  0.174328
617.0  1.234448
617.5  0.15188
618.0  1.122152
618.5  0.172664
619.0  1.263408
619.5  0.147592
620.0  1.10008
620.5  0.1678
621.0  1.304992
621.5  0.146296
622.0  1.135504
622.5  0.156056
623.0  1.192064
623.5  0.203656
624.0  1.186464
624.5  0.182936
625.0  1.226144
625.5  0.257024
626.0  1.214256
626.5  0.145512
627.0  1.169312
627.5  0.201456
628.0  1.3308
628.5  0.141192
629.0  1.112848
629.5  0.176376
630.0  1.226872
630.5  0.134872
631.0  1.05768
631.5  0.180392
632.0  1.230976
632.5  0.132264
633.0  1.161536
633.5  0.182424
634.0  1.25744
634.5  0.130264
635.0  1.09864
635.5  0.187544
636.0  1.257904
636.5  0.123944
637.0  1.090144
637.5  0.214424
638.0  1.368096
638.5  0.229176
639.0  1.0624
639.5  0.202856
640.0  1.3656
640.5  0.131848
641.0  1.031264
641.5  0.2258
642.0  1.35216
642.5  0.131808
643.0  1.026528
643.5  0.253424
644.0  1.596992
644.5  0.15776
645.0  0.873896
645.5  0.264016
646.0  1.18888
646.5  0.138264
647.0  1.177712
647.5  0.139016
648.0  1.080304
648.5  0.130792
649.0  1.104608
649.5  0.151496
650.0  1.166688
650.5  0.220504
651.0  1.475352
651.5  0.130368
652.0  1.022352
652.5  0.124912
653.0  1.054544
653.5  0.190536
654.0  1.329096
654.5  0.142856
655.0  1.126592
655.5  0.135896
656.0  1.223376
656.5  0.149416
657.0  1.099824
657.5  0.228824
658.0  1.485232
658.5  0.131144
659.0  0.926984
659.5  0.239464
660.0  1.38296
660.5  0.163816
661.0  1.301568
661.5  0.20516
662.0  1.250448
662.5  0.2168
663.0  1.307608
663.5  0.156416
664.0  1.18568
664.5  0.161576
665.0  1.044432
665.5  0.301896
666.0  1.340192
666.5  0.120928
667.0  0.882752
667.5  0.152272
668.0  1.31584
668.5  0.249344
669.0  1.091504
669.5  0.146688
670.0  1.204864
670.5  0.126568
671.0  0.85856
671.5  0.205864
672.0  1.45096
672.5  0.141672
673.0  1.215376
673.5  0.197744
674.0  1.382992
674.5  0.172112
675.0  1.174304
675.5  0.194504
676.0  1.340992
676.5  0.13616
677.0  1.09744
677.5  0.19356
678.0  1.313752
678.5  0.1534
679.0  1.120608
679.5  0.182248
680.0  1.3368
680.5  0.178784
681.0  1.146928
681.5  0.17396
682.0  1.17312
682.5  0.15068
683.0  1.13096
683.5  0.166776
684.0  1.247736
684.5  0.207928
685.0  1.264976
685.5  0.338936
686.0  1.5292
686.5  0.194872
687.0  1.052304
687.5  0.159416
688.0  1.123888
688.5  0.17388
689.0  1.13696
689.5  0.160784
690.0  1.171728
690.5  0.246216
691.0  1.551728
691.5  0.153784
692.0  0.976928
692.5  0.131944
693.0  0.8956
693.5  0.178584
694.0  1.241264
694.5  0.161816
695.0  1.221968
695.5  0.154712
696.0  1.236392
696.5  0.124368
697.0  0.84256
697.5  0.134992
698.0  1.155136
698.5  0.323656
699.0  1.443312
699.5  0.13476
700.0  1.042304
700.5  0.232504
701.0  1.399152
701.5  0.131056
702.0  1.107936
702.5  0.2184
703.0  1.331744
703.5  0.131584
704.0  1.053696
704.5  0.248608
705.0  1.365616
705.5  0.22092
706.0  1.02936
706.5  0.203392
707.0  1.366384
707.5  0.128128
708.0  1.030912
708.5  0.196216
709.0  1.348912
709.5  0.123576
710.0  1.0
710.5  0.227712
711.0  1.393048
711.5  0.130648
712.0  1.019024
712.5  0.214784
713.0  1.428416
713.5  0.136312
714.0  0.965488
714.5  0.191784
715.0  1.339808
715.5  0.13556
716.0  1.00832
716.5  0.134864
717.0  1.080856
717.5  0.128864
718.0  1.07504
718.5  0.147072
719.0  1.217264
719.5  0.135152
720.0  1.223072
720.5  0.158344
721.0  1.194288
721.5  0.13268
722.0  1.177808
722.5  0.239248
723.0  1.461728
723.5  0.143872
724.0  1.108512
724.5  0.251336
725.0  1.435904
725.5  0.24044
726.0  1.063168
726.5  0.228016
727.0  1.447008
727.5  0.306736
728.0  1.561488
728.5  0.239064
729.0  0.978152
729.5  0.124312
730.0  0.98112
730.5  0.179392
731.0  1.266416
731.5  0.1252
732.0  0.911344
732.5  0.126272
733.0  1.064432
733.5  0.129432
734.0  0.963152
734.5  0.179152
735.0  1.298976
735.5  0.146032
736.0  1.25016
736.5  0.130712
737.0  1.16712
737.5  0.127912
738.0  1.092544
738.5  0.148008
739.0  1.262608
739.5  0.137128
740.0  1.133856
740.5  0.200152
741.0  1.315472
741.5  0.133056
742.0  1.182464
742.5  0.163856
743.0  1.269824
743.5  0.126616
744.0  1.088552
744.5  0.21048
745.0  1.345344
745.5  0.231128
746.0  1.019008
746.5  0.160992
747.0  1.3204
747.5  0.145384
748.0  1.212896
748.5  0.163032
749.0  1.245968
749.5  0.201192
750.0  1.223288
750.5  0.182208
751.0  1.35544
751.5  0.124664
752.0  1.056896
752.5  0.15052
753.0  1.232656
753.5  0.148744
754.0  1.155104
754.5  0.142328
755.0  1.182016
755.5  0.181368
756.0  1.205552
756.5  0.14876
757.0  1.227536
757.5  0.18908
758.0  1.267472
758.5  0.219064
759.0  1.135952
759.5  0.186256
760.0  1.226432
760.5  0.13916
761.0  1.122752
761.5  0.271768
762.0  1.574888
762.5  0.131208
763.0  0.854432
763.5  0.138424
764.0  1.047712
764.5  0.17928
765.0  1.2068
765.5  0.275736
766.0  1.24768
766.5  0.130088
767.0  1.01512
767.5  0.173656
768.0  1.31752
768.5  0.127648
769.0  1.14408
769.5  0.276728
770.0  1.548128
770.5  0.1372
771.0  1.014944
771.5  0.179656
772.0  1.241456
772.5  0.125632
773.0  1.04656
773.5  0.239216
774.0  1.439664
774.5  0.19844
775.0  1.240944
775.5  0.183544
776.0  1.23656
776.5  0.126472
777.0  1.005592
777.5  0.2278
778.0  1.489456
778.5  0.1278
779.0  0.825344
779.5  0.155008
780.0  1.170608
780.5  0.134576
781.0  1.072064
781.5  0.21476
782.0  1.379504
782.5  0.136
783.0  1.080056
783.5  0.225704
784.0  1.477728
784.5  0.151248
785.0  0.938016
785.5  0.247456
786.0  1.10144
786.5  0.127072
787.0  1.193056
787.5  0.25976
788.0  1.538224
788.5  0.301488
789.0  1.236128
789.5  0.141064
790.0  1.087392
790.5  0.127864
791.0  1.022304
791.5  0.184392
792.0  1.32432
792.5  0.131456
793.0  1.092304
793.5  0.141024
794.0  1.1592
794.5  0.128888
795.0  0.889528
795.5  0.19612
796.0  1.448032
796.5  0.312352
797.0  1.601488
797.5  0.173224
798.0  1.269184
798.5  0.121416
799.0  0.939264
799.5  0.207296
800.0  1.445824
800.5  0.124608
801.0  0.962512
801.5  0.152136
802.0  1.21472
802.5  0.147592
803.0  1.081072
803.5  0.141688
804.0  1.127408
804.5  0.168456
805.0  1.338608
805.5  0.272248
806.0  1.212784
806.5  0.171744
807.0  1.284864
807.5  0.14948
808.0  1.081792
808.5  0.130376
809.0  0.90856
809.5  0.145832
810.0  1.18956
810.5  0.153264
811.0  1.237616
811.5  0.131368
812.0  1.205856
812.5  0.146296
813.0  1.229504
813.5  0.124264
814.0  1.112768
814.5  0.183496
815.0  1.326384
815.5  0.134464
816.0  1.130216
816.5  0.19076
817.0  1.286048
817.5  0.12436
818.0  1.1356
818.5  0.243648
819.0  1.193712
819.5  0.124856
820.0  1.132912
820.5  0.173608
821.0  1.32456
821.5  0.13416
822.0  1.084928
822.5  0.157112
823.0  1.287904
823.5  0.126456
824.0  1.122336
824.5  0.200976
825.0  1.263952
825.5  0.223096
826.0  1.106752
826.5  0.1674
827.0  1.339696
827.5  0.146472
828.0  1.11408
828.5  0.139672
829.0  1.206992
829.5  0.122216
830.0  1.116112
830.5  0.138416
831.0  1.195712
831.5  0.129768
832.0  0.96392
832.5  0.234448
833.0  1.468232
833.5  0.125144
834.0  1.12976
834.5  0.193888
835.0  1.48592
835.5  0.1276
836.0  1.073312
836.5  0.203184
837.0  1.39168
837.5  0.140096
838.0  1.04484
838.5  0.186248
839.0  1.33696
839.5  0.130024
840.0  1.025592
840.5  0.181848
841.0  1.35224
841.5  0.12508
842.0  1.092608
842.5  0.191304
843.0  1.388408
843.5  0.133336
844.0  1.032672
844.5  0.196488
845.0  1.397976
845.5  0.254784
846.0  1.05856
846.5  0.196112
847.0  1.336048
847.5  0.125584
848.0  1.058592
848.5  0.305752
849.0  1.361096
849.5  0.125704
850.0  1.012512
850.5  0.191808
851.0  1.307168
851.5  0.133624
852.0  1.107888
852.5  0.187368
853.0  1.353072
853.5  0.139568
854.0  1.076192
854.5  0.18664
855.0  1.316
855.5  0.203072
856.0  1.193968
856.5  0.17012
857.0  1.232736
857.5  0.127536
858.0  1.040816
858.5  0.176296
859.0  1.298688
859.5  0.14788
860.0  1.156096
860.5  0.162648
861.0  1.245056
861.5  0.185976
862.0  1.235248
862.5  0.148744
863.0  1.166544
863.5  0.183912
864.0  1.174224
864.5  0.161728
865.0  1.20368
865.5  0.313
866.0  1.209392
866.5  0.149472
867.0  1.062976
867.5  0.20488
868.0  1.265264
868.5  0.153096
869.0  1.107328
869.5  0.205448
870.0  1.27936
870.5  0.17912
871.0  1.08856
871.5  0.196784
872.0  1.280192
872.5  0.140888
873.0  1.253344
873.5  0.13132
874.0  0.888144
874.5  0.129128
875.0  1.12576
875.5  0.32072
876.0  1.589352
876.5  0.134224
877.0  1.116624
877.5  0.22132
878.0  1.304608
878.5  0.216168
879.0  1.126304
879.5  0.240504
880.0  1.451776
880.5  0.11956
881.0  0.920608
881.5  0.155544
882.0  1.17348
882.5  0.147696
883.0  1.12208
883.5  0.250112
884.0  1.297984
884.5  0.126096
885.0  0.910896
885.5  0.297568
886.0  1.304848
886.5  0.129216
887.0  1.117312
887.5  0.196488
888.0  1.394336
888.5  0.126048
889.0  1.081616
889.5  0.18524
890.0  1.31352
890.5  0.131728
891.0  1.085984
891.5  0.174928
892.0  1.301616
892.5  0.13492
893.0  1.050752
893.5  0.196064
894.0  1.376264
894.5  0.131528
895.0  1.109216
895.5  0.185632
896.0  1.324256
896.5  0.133
897.0  1.044736
897.5  0.194904
898.0  1.412112
898.5  0.137248
899.0  0.994096
899.5  0.178312
900.0  1.33856
900.5  0.124264
901.0  1.075824
901.5  0.188368
902.0  1.32984
902.5  0.13172
903.0  1.03264
903.5  0.192616
904.0  1.357728
904.5  0.129336
905.0  1.099744
905.5  0.31076
906.0  1.384864
906.5  0.12752
907.0  1.00552
907.5  0.178056
908.0  1.304336
908.5  0.228856
909.0  1.075912
909.5  0.176184
910.0  1.279152
910.5  0.128248
911.0  0.961904
911.5  0.167072
912.0  1.272656
912.5  0.167904
913.0  1.223504
913.5  0.219296
914.0  1.372944
914.5  0.124768
915.0  0.924312
915.5  0.158712
916.0  1.29896
916.5  0.12216
917.0  1.037248
917.5  0.170904
918.0  1.234624
918.5  0.157072
919.0  1.234976
919.5  0.175944
920.0  1.331776
920.5  0.134448
921.0  1.164208
921.5  0.160624
922.0  1.273456
922.5  0.151016
923.0  1.0888
923.5  0.14988
924.0  1.2148
924.5  0.230696
925.0  1.509328
925.5  0.303896
926.0  1.15872
926.5  0.128232
927.0  0.939624
927.5  0.157104
928.0  1.254256
928.5  0.172984
929.0  1.206656
929.5  0.141224
930.0  1.222208
930.5  0.249432
931.0  1.3952
931.5  0.121336
932.0  0.911664
932.5  0.127016
933.0  1.067328
933.5  0.163088
934.0  1.277968
934.5  0.13124
935.0  0.99328
935.5  0.141176
936.0  1.132096
936.5  0.141272
937.0  1.146896
937.5  0.126168
938.0  1.228992
938.5  0.215128
939.0  1.09976
939.5  0.12576
940.0  1.21544
940.5  0.124328
941.0  1.217776
941.5  0.127048
942.0  1.085032
942.5  0.13796
943.0  1.241744
943.5  0.12484
944.0  1.19968
944.5  0.128088
945.0  1.241392
945.5  0.249656
946.0  1.177232
946.5  0.18692
947.0  1.448672
947.5  0.151616
948.0  1.18652
948.5  0.174104
949.0  1.303024
949.5  0.148464
950.0  1.221744
950.5  0.171872
951.0  1.339296
951.5  0.132672
952.0  1.111152
952.5  0.189976
953.0  1.371856
953.5  0.13676
954.0  0.993392
954.5  0.166688
955.0  1.319536
955.5  0.130832
956.0  1.069168
956.5  0.200568
957.0  1.398176
957.5  0.127248
958.0  1.015648
958.5  0.2002
959.0  1.348992
959.5  0.131376
960.0  1.050136
960.5  0.198088
961.0  1.394176
961.5  0.12676
962.0  1.00688
962.5  0.190944
963.0  1.363472
963.5  0.127
964.0  1.016032
964.5  0.143368
965.0  1.199824
965.5  0.242184
966.0  1.032832
966.5  0.155072
967.0  1.279072
967.5  0.142696
968.0  1.197312
968.5  0.274936
969.0  1.299008
969.5  0.122216
970.0  1.128832
970.5  0.17656
971.0  1.334096
971.5  0.158168
972.0  1.060704
972.5  0.16976
973.0  1.305152
973.5  0.130776
974.0  1.134576
974.5  0.18776
975.0  1.324984
975.5  0.186152
976.0  1.17392
976.5  0.154176
977.0  1.107184
977.5  0.135592
978.0  1.098
978.5  0.150648
979.0  1.240464
979.5  0.175464
980.0  1.368704
980.5  0.150344
981.0  1.052536
981.5  0.122984
982.0  1.036256
982.5  0.129608
983.0  1.214336
983.5  0.17156
984.0  1.271088
984.5  0.13616
985.0  1.173584
985.5  0.287592
986.0  1.322752
986.5  0.135424
987.0  1.107472
987.5  0.181176
988.0  1.2964
988.5  0.127736
989.0  1.110144
989.5  0.202456
990.0  1.365216
990.5  0.12732
991.0  1.075024
991.5  0.183768
992.0  1.365184
992.5  0.12712
993.0  1.03164
993.5  0.18828
994.0  1.36696
994.5  0.258872
995.0  1.411344
995.5  0.130584
996.0  1.004128
996.5  0.13104
997.0  1.04872
997.5  0.156928
998.0  1.261184
998.5  0.251928
999.0  1.185808
999.5  0.152792
1000.0  1.128336
1000.5  0.125384
1001.0  1.073744
1001.5  0.227608
1002.0  1.478688
1002.5  0.138608
1003.0  0.997984
1003.5  0.141152
1004.0  1.15664
1004.5  0.128752
1005.0  0.938912
1005.5  0.24576
1006.0  1.106688
1006.5  0.13276
1007.0  1.214896
1007.5  0.24188
1008.0  1.508104
1008.5  0.195112
1009.0  1.166592
1009.5  0.18924
1010.0  1.407808
1010.5  0.129504
1011.0  0.94312
1011.5  0.18048
1012.0  1.344672
1012.5  0.17896
1013.0  1.05996
1013.5  0.192736
1014.0  0.871904
1014.5  0.337192
1015.0  1.6206
1015.5  0.172712
1016.0  1.350528
1016.5  0.124232
1017.0  1.041712
1017.5  0.168408
1018.0  1.304992
1018.5  0.119528
1019.0  1.03696
1019.5  0.18452
1020.0  1.371552
1020.5  0.130824
1021.0  1.097392
1021.5  0.175088
1022.0  1.323584
1022.5  0.130616
1023.0  1.09352
1023.5  0.174608
1024.0  1.265488
1024.5  0.152232
1025.0  1.15184
1025.5  0.284152
1026.0  1.33404
1026.5  0.138464
1027.0  1.039568
1027.5  0.169344
1028.0  1.267888
1028.5  0.223352
1029.0  1.102672
1029.5  0.156304
1030.0  1.223712
1030.5  0.171544
1031.0  1.188592
1031.5  0.170128
1032.0  1.273824
1032.5  0.170624
1033.0  1.1816
1033.5  0.154896
1034.0  1.242992
1034.5  0.169712
1035.0  1.15424
1035.5  0.141248
1036.0  1.19208
1036.5  0.249048
1037.0  1.378144
1037.5  0.132104
1038.0  1.058416
1038.5  0.14648
1039.0  1.0032
1039.5  0.148592
1040.0  0.974976
1040.5  0.29348
1041.0  1.600888
1041.5  0.174376
1042.0  1.10216
1042.5  0.132064
1043.0  1.02144
1043.5  0.138072
1044.0  0.9856
1044.5  0.174408
1045.0  1.368288
1045.5  0.2418
1046.0  1.073152
1046.5  0.197968
1047.0  1.24624
1047.5  0.264656
1048.0  1.152216
1048.5  0.181784
1049.0  1.386848
1049.5  0.147672
1050.0  1.038368
1050.5  0.190112
1051.0  1.401616
1051.5  0.131368
1052.0  1.115888
1052.5  0.169184
1053.0  1.288904
1053.5  0.135992
1054.0  1.046752
1054.5  0.210248
1055.0  1.442496
1055.5  0.129784
1056.0  1.083376
1056.5  0.207648
1057.0  1.408128
1057.5  0.12912
1058.0  1.079616
1058.5  0.247912
1059.0  1.272072
1059.5  0.127256
1060.0  1.103136
1060.5  0.16852
1061.0  1.30008
1061.5  0.130328
1062.0  1.052272
1062.5  0.170728
1063.0  1.30728
1063.5  0.131768
1064.0  1.155184
1064.5  0.229304
1065.0  1.44208
1065.5  0.260536
1066.0  0.866512
1066.5  0.214248
1067.0  1.418592
1067.5  0.130976
1068.0  1.101072
1068.5  0.183344
1069.0  1.331664
1069.5  0.159944
1070.0  1.265136
1070.5  0.26324
1071.0  1.450816
1071.5  0.125464
1072.0  0.889088
1072.5  0.20668
1073.0  1.242848
1073.5  0.127624
1074.0  0.9882
1074.5  0.14712
1075.0  1.248944
1075.5  0.129072
1076.0  0.852976
1076.5  0.195656
1077.0  1.306592
1077.5  0.221104
1078.0  1.420064
1078.5  0.13892
1079.0  1.01608
1079.5  0.254872
1080.0  1.480696
1080.5  0.179048
1081.0  1.286624
1081.5  0.12748
1082.0  1.002464
1082.5  0.148008
1083.0  1.181312
1083.5  0.122696
1084.0  1.0016
1084.5  0.108072
1085.0  0.308224
1085.5  0.282776
1086.0  0.88112
1086.5  0.30032
1087.0  1.558672
1087.5  0.308944
1088.0  1.599568
1088.5  0.385144
1089.0  1.607472
1089.5  0.307128
1090.0  1.592608
1090.5  0.138336
1091.0  1.132304
1091.5  0.12944
1092.0  0.96436
1092.5  0.143392
1093.0  1.186656
1093.5  0.149608
1094.0  1.2248
1094.5  0.18176
1095.0  1.383968
1095.5  0.130688
1096.0  0.950416
1096.5  0.136984
1097.0  1.201984
1097.5  0.150552
1098.0  1.308272
1098.5  0.134408
1099.0  1.207056
1099.5  0.209672
1100.0  1.529024
1100.5  0.14396
1101.0  1.18136
1101.5  0.153464
1102.0  1.178384
1102.5  0.123352
1103.0  1.127952
1103.5  0.174768
1104.0  1.258528
1104.5  0.139056
1105.0  1.144752
1105.5  0.292016
1106.0  1.228688
1106.5  0.136832
1107.0  1.089336
1107.5  0.190952
1108.0  1.318592
1108.5  0.131912
1109.0  1.086672
1109.5  0.184648
1110.0  1.332928
1110.5  0.13792
1111.0  1.070944
1111.5  0.198928
1112.0  1.39096
1112.5  0.135584
1113.0  1.087248
1113.5  0.16524
1114.0  1.246512
1114.5  0.130936
1115.0  1.121424
1115.5  0.16304
1116.0  1.266784
1116.5  0.136672
1117.0  1.08896
1117.5  0.202392
1118.0  1.345616
1118.5  0.232368
1119.0  1.188576
1119.5  0.169752
1120.0  0.9812
1120.5  0.128696
1121.0  1.068048
1121.5  0.159088
1122.0  1.222416
1122.5  0.221664
1123.0  1.518224
1123.5  0.16388
1124.0  1.04
1124.5  0.132368
1125.0  1.07136
1125.5  0.291128
1126.0  1.3132
1126.5  0.133904
1127.0  1.178672
1127.5  0.216472
1128.0  1.401008
1128.5  0.131784
1129.0  1.061856
1129.5  0.208272
1130.0  1.326928
1130.5  0.147112
1131.0  1.021648
1131.5  0.160832
1132.0  1.27936
1132.5  0.148808
1133.0  1.212832
1133.5  0.254592
1134.0  1.479872
1134.5  0.127856
1135.0  0.92368
1135.5  0.17956
1136.0  1.291144
1136.5  0.139176
1137.0  0.962288
1137.5  0.141128
1138.0  1.227872
1138.5  0.126472
1139.0  1.135392
1139.5  0.1314
1140.0  1.102832
1140.5  0.136544
1141.0  1.05156
1141.5  0.199704
1142.0  1.268216
1142.5  0.209904
1143.0  1.224888
1143.5  0.157224
1144.0  1.131872
1144.5  0.13524
1145.0  1.213168
1145.5  0.267872
1146.0  1.302352
1146.5  0.161992
1147.0  1.282208
1147.5  0.14616
1148.0  1.080272
1148.5  0.226616
1149.0  1.196552
1149.5  0.142384
1150.0  1.167728
1150.5  0.18308
1151.0  1.361568
1151.5  0.234016
1152.0  1.499952
1152.5  0.149584
1153.0  1.046672
1153.5  0.145168
1154.0  1.142576
1154.5  0.128736
1155.0  0.995456
1155.5  0.152136
1156.0  1.3528
1156.5  0.129424
1157.0  0.984016
1157.5  0.125032
1158.0  1.305792
1158.5  0.199688
1159.0  1.28496
1159.5  0.132312
1160.0  1.205664
1160.5  0.203344
1161.0  1.357136
1161.5  0.124888
1162.0  1.02544
1162.5  0.192472
1163.0  1.346368
1163.5  0.129576
1164.0  1.025168
1164.5  0.204504
1165.0  1.441296
1165.5  0.243992
1166.0  1.007264
1166.5  0.200064
1167.0  1.377424
1167.5  0.124168
1168.0  0.993408
1168.5  0.193352
1169.0  1.391376
1169.5  0.12868
1170.0  0.981168
1170.5  0.185544
1171.0  1.419248
1171.5  0.133392
1172.0  1.08768
1172.5  0.19092
1173.0  1.346832
1173.5  0.157496
1174.0  0.957952
1174.5  0.20388
1175.0  1.374544
1175.5  0.132616
1176.0  1.090352
1176.5  0.130432
1177.0  0.898144
1177.5  0.128544
1178.0  1.012208
1178.5  0.299864
1179.0  1.543088
1179.5  0.146048
1180.0  1.073056
1180.5  0.216744
1181.0  1.546112
1181.5  0.129864
1182.0  1.103576
1182.5  0.178352
1183.0  1.3132
1183.5  0.159208
1184.0  1.140416
1184.5  0.162424
1185.0  1.202624
1185.5  0.244816
1186.0  0.95576
1186.5  0.148824
1187.0  1.262944
1187.5  0.13252
1188.0  1.06432
1188.5  0.173944
1189.0  1.393376
1189.5  0.125752
1190.0  1.092896
1190.5  0.17324
1191.0  1.373312
1191.5  0.131632
1192.0  1.07088
1192.5  0.190168
1193.0  1.342976
1193.5  0.129464
1194.0  1.067904
1194.5  0.18288
1195.0  1.346704
1195.5  0.137104
1196.0  1.142032
1196.5  0.180992
1197.0  1.264144
1197.5  0.233248
1198.0  1.507712
1198.5  0.141608
1199.0  1.093344
1199.5  0.153592
1200.0  0.902672
1200.5  0.161216
1201.0  1.228288
1201.5  0.158008
1202.0  1.260352
1202.5  0.15848
1203.0  1.016016
1203.5  0.128824
1204.0  1.108416
1204.5  0.167272
1205.0  1.33232
1205.5  0.312752
1206.0  1.30888
1206.5  0.15848
1207.0  1.25784
1207.5  0.192288
1208.0  1.288576
1208.5  0.270176
1209.0  1.308704
1209.5  0.128648
1210.0  1.000272
1210.5  0.144608
1211.0  1.152416
1211.5  0.1846
1212.0  1.267344
1212.5  0.151872
1213.0  1.138096
1213.5  0.219896
1214.0  1.2868
1214.5  0.144936
1215.0  1.08908
1215.5  0.157632
1216.0  1.151776
1216.5  0.273928
1217.0  1.512768
1217.5  0.176576
1218.0  1.148096
1218.5  0.120376
1219.0  0.93416
1219.5  0.164568
1220.0  1.162784
1220.5  0.128056
1221.0  1.074656
1221.5  0.170008
1222.0  1.232432
1222.5  0.127992
1223.0  1.089328
1223.5  0.156448
1224.0  1.214224
1224.5  0.121816
1225.0  1.103008
1225.5  0.296712
1226.0  1.397712
1226.5  0.188632
1227.0  1.165776
1227.5  0.192224
1228.0  1.325616
1228.5  0.127936
1229.0  1.131568
1229.5  0.159152
1230.0  1.130112
1230.5  0.166232
1231.0  1.317312
1231.5  0.153688
1232.0  1.183776
1232.5  0.128368
1233.0  0.982816
1233.5  0.158816
1234.0  1.282352
1234.5  0.123248
1235.0  1.03136
1235.5  0.155056
1236.0  1.280224
1236.5  0.131072
1237.0  1.114384
1237.5  0.205888
1238.0  1.360096
1238.5  0.216856
1239.0  1.053248
1239.5  0.174256
1240.0  1.347312
1240.5  0.132656
1241.0  1.136992
1241.5  0.29944
1242.0  1.517936
1242.5  0.170376
1243.0  1.094416
1243.5  0.187872
1244.0  1.28312
1244.5  0.1894
1245.0  1.093848
1245.5  0.274152
1246.0  1.13416
1246.5  0.129624
1247.0  1.14672
1247.5  0.201104
1248.0  1.378344
1248.5  0.136568
1249.0  1.085616
1249.5  0.191848
1250.0  1.35424
1250.5  0.129168
1251.0  1.066688
1251.5  0.186264
1252.0  1.319328
1252.5  0.133336
1253.0  1.073584
1253.5  0.217952
1254.0  1.229392
1254.5  0.150048
1255.0  1.214432
1255.5  0.17964
1256.0  1.327504
1256.5  0.152816
1257.0  1.137568
1257.5  0.181136
1258.0  1.322432
1258.5  0.12676
1259.0  0.950976
1259.5  0.166616
1260.0  1.222736
1260.5  0.143656
1261.0  1.154192
1261.5  0.160856
1262.0  1.22424
1262.5  0.16036
1263.0  1.162496
1263.5  0.163608
1264.0  1.263088
1264.5  0.165672
1265.0  1.21768
1265.5  0.278848
1266.0  1.236352
1266.5  0.19184
1267.0  1.260752
1267.5  0.184992
1268.0  1.325328
1268.5  0.213448
1269.0  0.923024
1269.5  0.143376
1270.0  1.139312
1270.5  0.134712
1271.0  1.113344
1271.5  0.133904
1272.0  1.140816
1272.5  0.143888
1273.0  1.212208
1273.5  0.131024
1274.0  1.193248
1274.5  0.21432
1275.0  1.377504
1275.5  0.124048
1276.0  0.933664
1276.5  0.15712
1277.0  1.30752
1277.5  0.128824
1278.0  1.140592
1278.5  0.208376
1279.0  1.474864
1279.5  0.124696
1280.0  0.990656
1280.5  0.175688
1281.0  1.303944
1281.5  0.121104
1282.0  1.062112
1282.5  0.22096
1283.0  1.193472
1283.5  0.182088
1284.0  1.238256
1284.5  0.126792
1285.0  1.116864
1285.5  0.24912
1286.0  1.068224
1286.5  0.150536
1287.0  1.265712
1287.5  0.13444
1288.0  1.085728
1288.5  0.1386
1289.0  1.056528
1289.5  0.14108
1290.0  1.270992
1290.5  0.247784
1291.0  1.596672
1291.5  0.143936
1292.0  1.012144
1292.5  0.171984
1293.0  1.281952
1293.5  0.183944
1294.0  1.241728
1294.5  0.174272
1295.0  1.295856
1295.5  0.119928
1296.0  1.0908
1296.5  0.250384
1297.0  1.466
1297.5  0.13068
1298.0  0.802208
1298.5  0.335208
1299.0  1.293248
1299.5  0.141528
1300.0  1.230032
1300.5  0.180344
1301.0  1.344192
1301.5  0.126832
1302.0  1.08336
1302.5  0.172168
1303.0  1.340928
1303.5  0.193784
1304.0  1.245536
1304.5  0.150592
1305.0  1.127184
1305.5  0.243448
1306.0  1.024736
1306.5  0.175976
1307.0  1.345744
1307.5  0.133416
1308.0  1.080576
1308.5  0.202056
1309.0  1.296272
1309.5  0.1226
1310.0  1.065792
1310.5  0.171792
1311.0  1.281664
1311.5  0.14788
1312.0  1.167616
1312.5  0.150936
1313.0  0.521584
1313.5  0.299528
1314.0  1.536064
1314.5  0.259312
1315.0  1.577632
1315.5  0.162896
1316.0  1.085312
1316.5  0.140952
1317.0  0.528224
1317.5  0.154832
1318.0  0.939072
1318.5  0.33936
1319.0  1.598464
1319.5  0.333528
1320.0  1.435968
1320.5  0.250448
1321.0  1.236608
1321.5  0.248896
1322.0  1.28088
1322.5  0.138888
1323.0  1.155456
1323.5  0.214664
1324.0  1.337744
1324.5  0.122648
1325.0  1.017344
1325.5  0.306832
1326.0  0.993696
1326.5  0.150536
1327.0  0.689152
1327.5  0.332184
1328.0  1.508384
1328.5  0.47008
1329.0  1.569984
1329.5  0.304088
1330.0  1.59824
1330.5  0.140408
1331.0  1.248192
1331.5  0.141464
1332.0  0.95048
1332.5  0.146832
1333.0  1.180504
1333.5  0.2238
1334.0  1.440736
1334.5  0.13832
1335.0  1.046656
1335.5  0.206616
1336.0  1.39768
1336.5  0.132792
1337.0  1.059232
1337.5  0.205024
1338.0  1.365416
1338.5  0.139512
1339.0  1.097872
1339.5  0.2998
1340.0  1.596016
1340.5  0.131672
1341.0  0.773952
1341.5  0.193216
1342.0  1.4184
1342.5  0.153112
1343.0  0.991264
1343.5  0.157048
1344.0  1.186512
1344.5  0.133064
1345.0  1.059984
1345.5  0.267944
1346.0  1.190704
1346.5  0.19308
1347.0  1.338104
1347.5  0.202056
1348.0  1.400472
1348.5  0.13112
1349.0  1.006928
1349.5  0.222008
1350.0  1.353232
1350.5  0.129016
1351.0  0.940888
1351.5  0.14416
1352.0  1.0268
1352.5  0.134312
1353.0  1.183136
1353.5  0.217272
1354.0  1.498832
1354.5  0.135872
1355.0  1.081272
1355.5  0.213128
1356.0  1.41528
1356.5  0.133888
1357.0  1.032992
1357.5  0.203024
1358.0  1.391776
1358.5  0.231504
1359.0  1.181056
1359.5  0.207352
1360.0  1.369104
1360.5  0.127592
1361.0  0.991512
1361.5  0.195384
1362.0  1.370672
1362.5  0.145736
1363.0  1.109104
1363.5  0.193344
1364.0  1.14976
1364.5  0.140816
1365.0  0.912032
1365.5  0.270928
1366.0  1.179008
1366.5  0.143584
1367.0  1.115952
1367.5  0.173448
1368.0  1.31944
1368.5  0.127336
1369.0  1.037632
1369.5  0.179488
1370.0  1.321632
1370.5  0.147288
1371.0  1.140672
1371.5  0.156248
1372.0  1.37976
1372.5  0.12856
1373.0  1.017616
1373.5  0.16264
1374.0  1.165424
1374.5  0.213032
1375.0  1.218448
1375.5  0.186856
1376.0  1.228688
1376.5  0.143472
1377.0  1.043056
1377.5  0.148064
1378.0  1.312256
1378.5  0.188472
1379.0  1.416112
1379.5  0.206248
1380.0  1.170272
1380.5  0.170416
1381.0  1.186104
1381.5  0.148056
1382.0  1.217408
1382.5  0.19944
1383.0  1.238112
1383.5  0.144136
1384.0  1.120648
1384.5  0.213432
1385.0  1.4348
1385.5  0.260856
1386.0  1.018656
1386.5  0.178088
1387.0  1.245344
1387.5  0.129112
1388.0  1.119536
1388.5  0.281024
1389.0  1.158152
1389.5  0.203712
1390.0  1.290928
1390.5  0.692968
1391.0  1.264016
1391.5  0.188792
1392.0  1.311336
1392.5  0.175096
1393.0  1.067504
1393.5  0.12888
1394.0  0.947936
1394.5  0.213664
1395.0  1.312352
1395.5  0.123032
1396.0  0.903552
1396.5  0.142648
1397.0  1.264392
1397.5  0.195816
1398.0  1.440912
1398.5  0.15132
1399.0  1.077248
1399.5  0.131576
1400.0  1.14616
1400.5  0.25524
1401.0  1.540464
1401.5  0.136808
1402.0  1.030064
1402.5  0.13572
1403.0  1.082416
1403.5  0.134072
1404.0  1.109232
1404.5  0.176216
1405.0  1.436816
1405.5  0.242872
1406.0  1.064656
1406.5  0.141032
1407.0  1.084336
1407.5  0.1266
1408.0  1.052016
1408.5  0.23112
1409.0  1.458168
1409.5  0.131912
1410.0  1.116528
1410.5  0.180808
1411.0  1.385648
1411.5  0.123432
1412.0  1.033376
1412.5  0.161616
1413.0  1.27388
1413.5  0.131176
1414.0  1.195344
1414.5  0.197448
1415.0  1.492584
1415.5  0.148056
1416.0  1.000192
1416.5  0.146768
1417.0  1.217456
1417.5  0.125032
1418.0  1.121856
1418.5  0.25184
1419.0  1.303712
1419.5  0.12652
1420.0  1.143712
1420.5  0.16288
1421.0  1.304392
1421.5  0.131584
1422.0  1.063968
1422.5  0.143944
1423.0  1.209872
1423.5  0.125976
1424.0  1.07608
1424.5  0.176792
1425.0  1.377168
1425.5  0.2858
1426.0  1.077968
1426.5  0.14804
1427.0  1.2484
1427.5  0.130632
1428.0  1.143664
1428.5  0.157608
1429.0  1.333456
1429.5  0.130264
1430.0  1.055696
1430.5  0.15184
1431.0  1.283456
1431.5  0.124856
1432.0  1.122448
1432.5  0.167312
1433.0  1.344672
1433.5  0.135752
1434.0  1.086912
1434.5  0.174448
1435.0  1.342272
1435.5  0.130608
1436.0  1.065232
1436.5  0.163728
1437.0  1.285984
1437.5  0.141192
1438.0  1.077312
1438.5  0.176408
1439.0  1.351296
1439.5  0.16984
