0.0  0.509736
0.5  0.499408
1.0  0.53452
1.5  0.542336
2.0  0.612704
2.5  0.577184
3.0  0.466528
3.5  0.506688
4.0  0.678464
4.5  0.667296
5.0  0.513056
5.5  0.573424
6.0  0.669392
6.5  0.651744
7.0  0.538536
7.5  0.595728
8.0  0.790912
8.5  0.753568
9.0  0.62952
9.5  0.658688
10.0  0.808536
10.5  0.715568
11.0  0.790152
11.5  0.742896
12.0  0.826176
12.5  0.86464
13.0  0.697424
13.5  0.687504
14.0  0.91608
14.5  0.91704
15.0  0.712736
15.5  0.776624
16.0  0.8922
16.5  0.86696
17.0  0.825952
17.5  0.832384
18.0  1.089504
18.5  0.986528
19.0  0.816736
19.5  0.881664
20.0  1.035728
20.5  1.011168
21.0  0.808672
21.5  0.834512
22.0  1.169616
22.5  1.13616
23.0  0.863616
23.5  0.876224
24.0  1.073904
24.5  1.14352
25.0  0.968096
25.5  0.95552
26.0  0.980032
26.5  1.060112
27.0  1.195448
27.5  1.143008
28.0  1.239048
28.5  1.219504
29.0  1.074328
29.5  1.04472
30.0  1.116736
30.5  1.275024
31.0  1.260248
31.5  1.10244
32.0  1.086032
32.5  1.086768
33.0  1.246032
33.5  1.257792
34.0  0.68436
34.5  1.386352
35.0  0.748688
35.5  1.121968
36.0  0.5748
36.5  1.07136
37.0  1.432664
37.5  1.366192
38.0  1.172208
38.5  1.34712
39.0  0.719704
39.5  1.091088
40.0  0.727872
40.5  1.34448
41.0  1.27112
41.5  1.167024
42.0  0.861704
42.5  1.095136
43.0  0.726696
43.5  1.258496
44.0  0.720288
44.5  1.171776
45.0  1.21572
45.5  1.225792
46.0  1.088776
46.5  1.179328
47.0  1.412856
47.5  1.294544
48.0  1.147928
48.5  1.160976
49.0  1.34432
49.5  1.293744
50.0  1.187568
50.5  1.27536
51.0  1.3394
51.5  1.28752
52.0  1.108664
52.5  1.132768
53.0  1.305872
53.5  1.24832
54.0  1.162352
54.5  1.228
55.0  1.33588
55.5  1.258768
56.0  1.136688
56.5  1.122768
57.0  1.29388
57.5  1.23424
58.0  1.118536
58.5  1.146512
59.0  1.340112
59.5  1.339072
60.0  1.144496
60.5  1.145184
61.0  1.302976
61.5  1.334832
62.0  1.170072
62.5  1.098528
63.0  1.312368
63.5  1.31824
64.0  1.13684
64.5  1.132216
65.0  1.3312
65.5  1.355072
66.0  1.10352
66.5  1.102592
67.0  1.309768
67.5  1.269696
68.0  1.061776
68.5  1.132352
69.0  1.335024
69.5  1.246448
70.0  1.12364
70.5  1.24832
71.0  0.93132
71.5  1.324144
72.0  0.698304
72.5  1.123424
73.0  1.078704
73.5  1.214976
74.0  1.26664
74.5  1.225728
75.0  1.342304
75.5  1.31608
76.0  1.15132
76.5  1.200768
77.0  1.249832
77.5  1.210896
78.0  1.1888
78.5  1.179952
79.0  1.368584
79.5  1.333696
80.0  1.159896
80.5  1.16272
81.0  1.320504
81.5  1.355296
82.0  1.191592
82.5  1.12864
83.0  1.297416
83.5  1.264464
84.0  1.130824
84.5  1.186736
85.0  1.299888
85.5  1.217056
86.0  1.136184
86.5  1.178928
87.0  1.249584
87.5  1.251648
88.0  1.167776
88.5  1.16528
89.0  1.350432
89.5  1.285584
90.0  1.105424
90.5  1.125904
91.0  1.411456
91.5  1.461072
92.0  1.143072
92.5  1.12496
93.0  1.257632
93.5  1.23136
94.0  1.187488
94.5  1.179648
95.0  1.23304
95.5  1.254464
96.0  1.172832
96.5  1.164864
97.0  1.327008
97.5  1.293736
98.0  1.218448
98.5  1.22768
99.0  1.290048
99.5  1.275504
100.0  1.19264
100.5  1.114256
101.0  1.303112
101.5  1.286176
102.0  1.127728
102.5  1.13608
103.0  1.383728
103.5  1.385728
104.0  1.111288
104.5  1.120496
105.0  1.336744
105.5  1.34216
106.0  1.182864
106.5  1.190224
107.0  1.274112
107.5  1.239984
108.0  1.138064
108.5  1.096192
109.0  1.223496
109.5  1.329616
110.0  1.196
110.5  1.161808
111.0  1.37328
111.5  1.296528
112.0  1.1714
112.5  1.144928
113.0  1.250304
113.5  1.277072
114.0  1.137704
114.5  1.195168
115.0  1.275736
115.5  1.182144
116.0  1.14188
116.5  1.097648
117.0  1.281272
117.5  1.349504
118.0  1.265448
118.5  1.23736
119.0  1.318696
119.5  1.2844
120.0  1.156448
120.5  1.21664
121.0  1.31988
121.5  1.296768
122.0  1.106368
122.5  1.090416
123.0  1.3302
123.5  1.312896
124.0  1.118512
124.5  1.079232
125.0  1.300224
125.5  1.365328
126.0  1.180408
126.5  1.138368
127.0  1.386688
127.5  1.396384
128.0  1.101872
128.5  1.101584
129.0  1.38476
129.5  1.333936
130.0  1.135928
130.5  1.13164
131.0  1.350984
131.5  1.319888
132.0  1.129664
132.5  1.146656
133.0  1.348288
133.5  1.292736
134.0  1.145056
134.5  1.230112
135.0  1.239168
135.5  1.180272
136.0  1.116656
136.5  1.120448
137.0  1.313504
137.5  1.319856
138.0  1.209904
138.5  1.104496
139.0  1.114096
139.5  1.388272
140.0  1.337536
140.5  1.095424
141.0  1.24824
141.5  1.359984
142.0  1.267584
142.5  1.163072
143.0  1.132192
143.5  1.3004
144.0  1.353136
144.5  1.168224
145.0  1.121392
145.5  1.12256
146.0  1.355184
146.5  1.333536
147.0  1.1642
147.5  1.201072
148.0  1.217672
148.5  1.140368
149.0  1.105496
149.5  1.173984
150.0  1.332688
150.5  1.323488
151.0  1.107264
151.5  1.15856
152.0  0.670352
152.5  1.310736
153.0  0.735472
153.5  1.073776
154.0  1.15848
154.5  1.298736
155.0  1.206016
155.5  1.238512
156.0  1.354832
156.5  1.323152
157.0  1.169984
157.5  1.118992
158.0  1.386384
158.5  1.28672
159.0  1.116864
159.5  1.216432
160.0  1.336328
160.5  1.287904
161.0  1.212088
161.5  1.144192
162.0  1.353176
162.5  1.335008
163.0  1.068896
163.5  1.123384
164.0  1.306
164.5  1.272384
165.0  1.146456
165.5  1.129424
166.0  1.320696
166.5  1.307008
167.0  1.140616
167.5  1.156832
168.0  1.304392
168.5  1.248
169.0  1.15792
169.5  1.195152
170.0  1.314688
170.5  1.329792
171.0  1.169456
171.5  1.063664
172.0  1.390672
172.5  1.434544
173.0  1.0888
173.5  1.159216
174.0  1.37592
174.5  1.347824
175.0  1.131872
175.5  1.149968
176.0  1.30332
176.5  1.289248
177.0  1.167168
177.5  1.102688
178.0  1.36032
178.5  1.329088
179.0  1.101104
179.5  1.13344
180.0  1.296272
180.5  1.215536
181.0  1.154232
181.5  1.182144
182.0  1.248672
182.5  1.30352
183.0  1.17096
183.5  1.163872
184.0  1.319616
184.5  1.340944
185.0  1.192488
185.5  1.126336
186.0  1.274992
186.5  1.296624
187.0  1.132264
187.5  1.097568
188.0  1.271648
188.5  1.292432
189.0  1.105552
189.5  1.121536
190.0  1.398328
190.5  1.284832
191.0  1.19836
191.5  1.185584
192.0  1.345488
192.5  1.403488
193.0  1.129648
193.5  1.055712
194.0  1.310176
194.5  1.34336
195.0  1.137712
195.5  1.115264
196.0  1.323952
196.5  1.277736
197.0  1.108304
197.5  1.151856
198.0  1.47716
198.5  1.409008
199.0  1.090552
199.5  1.10464
200.0  1.306232
200.5  1.293456
201.0  1.133304
201.5  1.148992
202.0  1.282616
202.5  1.295792
203.0  1.106648
203.5  1.068128
204.0  1.282208
204.5  1.28848
205.0  1.10584
205.5  1.054496
206.0  1.351784
206.5  1.382672
207.0  1.113392
207.5  1.187616
208.0  1.354176
208.5  1.286512
209.0  1.12384
209.5  1.16232
210.0  1.351392
210.5  1.32848
211.0  1.090608
211.5  1.150352
212.0  1.323728
212.5  1.231776
213.0  1.051632
213.5  1.083872
214.0  1.393504
214.5  1.351184
215.0  1.157064
215.5  1.20168
216.0  1.319536
216.5  1.36168
217.0  1.173008
217.5  1.133728
218.0  1.438496
218.5  1.369728
219.0  1.071792
219.5  1.078352
220.0  1.411048
220.5  1.347824
221.0  1.185256
221.5  1.147936
222.0  1.107688
222.5  1.320928
223.0  1.297768
223.5  1.142272
224.0  1.210376
224.5  1.352368
225.0  1.30112
225.5  1.13728
226.0  1.089512
226.5  1.28576
227.0  1.305408
227.5  1.075088
228.0  1.161
228.5  1.308208
229.0  1.27776
229.5  1.208888
230.0  0.806896
230.5  1.174368
231.0  0.701256
231.5  1.283968
232.0  0.716592
232.5  1.096528
233.0  1.218512
233.5  1.311056
234.0  1.132392
234.5  1.148352
235.0  1.339312
235.5  1.324224
236.0  1.134264
236.5  1.193216
237.0  1.335672
237.5  1.25136
238.0  1.158968
238.5  1.187088
239.0  1.3534
239.5  1.287792
240.0  1.111952
240.5  1.129776
241.0  1.306008
241.5  1.28216
242.0  1.143872
242.5  1.116896
243.0  1.269216
243.5  1.296592
244.0  1.20632
244.5  1.174736
245.0  0.920576
245.5  0.919744
246.0  0.800424
246.5  1.351984
247.0  0.73536
247.5  1.135328
248.0  0.688768
248.5  1.271312
249.0  0.814896
249.5  1.131232
250.0  1.151616
250.5  1.271616
251.0  1.056624
251.5  1.182752
252.0  0.794064
252.5  1.332992
253.0  0.689872
253.5  1.07176
254.0  1.263184
254.5  1.394848
255.0  1.086864
255.5  1.176944
256.0  1.377624
256.5  1.2672
257.0  1.160176
257.5  1.039776
258.0  1.38128
258.5  1.368752
259.0  1.1464
259.5  1.177536
260.0  1.265408
260.5  1.292064
261.0  1.212896
261.5  1.16652
262.0  1.360688
262.5  1.309248
263.0  1.161456
263.5  1.115792
264.0  1.33368
264.5  1.321888
265.0  1.170112
265.5  1.165344
266.0  1.30748
266.5  1.288048
267.0  1.213848
267.5  1.172992
268.0  1.354104
268.5  1.264768
269.0  1.170016
269.5  1.206608
270.0  1.30168
270.5  1.242656
271.0  1.123792
271.5  1.140016
272.0  1.297528
272.5  1.22824
273.0  1.200544
273.5  1.253232
274.0  1.326016
274.5  1.30272
275.0  1.177552
275.5  1.117584
276.0  1.379912
276.5  1.382784
277.0  1.186576
277.5  1.129232
278.0  1.339128
278.5  1.251344
279.0  1.247616
279.5  1.145072
280.0  1.329504
280.5  1.347232
281.0  1.180056
281.5  1.121584
282.0  1.32136
282.5  1.302544
283.0  1.112784
283.5  1.10528
284.0  1.362336
284.5  1.401808
285.0  1.19132
285.5  1.161936
286.0  1.33684
286.5  1.27624
287.0  1.080816
287.5  1.079712
288.0  1.339232
288.5  1.326352
289.0  1.152208
289.5  1.112064
290.0  1.355624
290.5  1.305728
291.0  1.127472
291.5  1.239168
292.0  1.327272
292.5  1.261968
293.0  0.71
293.5  1.121152
294.0  0.762816
294.5  1.328104
295.0  0.761008
295.5  1.171728
296.0  0.954056
296.5  1.321696
297.0  1.22112
297.5  1.100112
298.0  1.488512
298.5  1.37648
299.0  1.068032
299.5  1.11696
300.0  1.374024
300.5  1.26648
301.0  1.137792
301.5  1.157232
302.0  1.338544
302.5  1.33044
303.0  1.189904
303.5  1.091952
304.0  1.311632
304.5  1.33632
305.0  1.154784
305.5  1.149968
306.0  1.128328
306.5  1.302528
307.0  1.350304
307.5  1.147072
308.0  1.223744
308.5  1.163872
309.0  1.20744
309.5  1.175808
310.0  1.394784
310.5  1.304112
311.0  1.125264
311.5  1.129712
312.0  1.375328
312.5  1.359936
313.0  1.1896
313.5  1.10288
314.0  1.173888
314.5  1.393328
315.0  1.28176
315.5  1.146096
316.0  1.217896
316.5  1.270288
317.0  1.415688
317.5  1.184208
318.0  1.2206
318.5  1.296832
319.0  1.219384
319.5  1.118224
320.0  1.163528
320.5  1.361424
321.0  1.391464
321.5  1.095072
322.0  1.199816
322.5  1.379792
323.0  1.262952
323.5  1.071472
324.0  1.131232
324.5  1.098704
325.0  1.296296
325.5  1.350096
326.0  1.242352
326.5  1.18888
327.0  1.34272
327.5  1.28444
328.0  1.11936
328.5  1.134064
329.0  1.353728
329.5  1.330944
330.0  1.209952
330.5  1.191536
331.0  1.319392
331.5  1.29192
332.0  1.190112
332.5  1.134688
333.0  1.30012
333.5  1.3568
334.0  1.163952
334.5  1.065664
335.0  1.335416
335.5  1.31632
336.0  1.2474
336.5  1.167888
337.0  1.334288
337.5  1.331152
338.0  1.147536
338.5  1.13288
339.0  1.37188
339.5  1.29072
340.0  1.199008
340.5  1.123392
341.0  1.318672
341.5  1.369808
342.0  1.220624
342.5  1.117872
343.0  1.254208
343.5  1.317536
344.0  1.17868
344.5  1.134672
345.0  1.326096
345.5  1.358656
346.0  1.153472
346.5  1.153888
347.0  1.437424
347.5  1.261168
348.0  1.145952
348.5  1.136
349.0  1.299744
349.5  1.319216
350.0  1.220728
350.5  1.156752
351.0  1.282128
351.5  1.254368
352.0  1.184056
352.5  1.191024
353.0  1.284112
353.5  1.228816
354.0  1.12736
354.5  1.094704
355.0  1.364952
355.5  1.428736
356.0  1.17784
356.5  1.102048
357.0  1.377744
357.5  1.285328
358.0  1.159296
358.5  1.162528
359.0  1.417752
359.5  1.357504
360.0  1.176552
360.5  1.098024
361.0  1.300624
361.5  1.363696
362.0  1.144736
362.5  1.174496
363.0  1.360384
363.5  1.254928
364.0  1.185984
364.5  1.096832
365.0  1.302752
365.5  1.269056
366.0  1.130664
366.5  1.211888
367.0  1.285896
367.5  1.286848
368.0  1.18912
368.5  1.111488
369.0  1.371944
369.5  1.313552
370.0  1.191208
370.5  1.125344
371.0  1.369552
371.5  1.383312
372.0  1.150488
372.5  1.107024
373.0  1.30652
373.5  1.315968
374.0  1.18348
374.5  1.186832
375.0  1.314768
375.5  1.20776
376.0  1.144624
376.5  1.183856
377.0  1.449448
377.5  1.360208
378.0  1.168832
378.5  1.047536
379.0  1.354528
379.5  1.333904
380.0  1.176904
380.5  1.244192
381.0  1.361168
381.5  1.266944
382.0  1.123952
382.5  1.160896
383.0  1.338344
383.5  1.332752
384.0  1.14992
384.5  1.140336
385.0  1.344688
385.5  1.256752
386.0  1.15256
386.5  1.1712
387.0  1.331616
387.5  1.292192
388.0  1.068448
388.5  1.041824
389.0  1.333832
389.5  1.34336
390.0  1.195632
390.5  1.114624
391.0  1.385536
391.5  1.4412
392.0  1.233648
392.5  1.148736
393.0  1.298288
393.5  1.307736
394.0  1.123456
394.5  1.111968
395.0  1.410096
395.5  1.33464
396.0  1.124608
396.5  1.102016
397.0  1.405936
397.5  1.31152
398.0  1.084352
398.5  1.1388
399.0  1.427448
399.5  1.29032
400.0  1.180664
400.5  1.22856
401.0  1.337984
401.5  1.276384
402.0  1.172544
402.5  1.138328
403.0  1.332064
403.5  1.310368
404.0  0.765272
404.5  1.146944
405.0  0.693384
405.5  1.260496
406.0  0.710096
406.5  1.136752
407.0  0.69004
407.5  1.193968
408.0  1.412512
408.5  1.253488
409.0  1.003776
409.5  1.249824
410.0  0.726096
410.5  1.147616
411.0  0.72424
411.5  1.335232
412.0  1.427216
412.5  1.123392
413.0  1.435344
413.5  1.363184
414.0  1.059088
414.5  1.03292
415.0  1.263984
415.5  1.321984
416.0  1.19744
416.5  1.105696
417.0  1.459592
417.5  1.369808
418.0  1.16676
418.5  1.182352
419.0  1.449464
419.5  1.335824
420.0  1.1392
420.5  1.174912
421.0  1.38812
421.5  1.337664
422.0  1.170456
422.5  1.142864
423.0  1.38052
423.5  1.277872
424.0  1.134656
424.5  1.165008
425.0  1.180088
425.5  1.313232
426.0  1.285536
426.5  1.0884
427.0  1.024448
427.5  1.413808
428.0  0.72396
428.5  1.054368
429.0  0.763848
429.5  1.241768
430.0  1.322352
430.5  1.18408
431.0  1.28464
431.5  1.223232
432.0  1.335024
432.5  1.260912
433.0  1.18528
433.5  1.314384
434.0  1.450016
434.5  1.285344
435.0  1.113496
435.5  1.087432
436.0  1.12112
436.5  1.151296
437.0  1.335856
437.5  1.228848
438.0  1.241016
438.5  1.16632
439.0  1.140616
439.5  1.187456
440.0  1.089592
440.5  0.899888
441.0  0.714696
441.5  0.887744
442.0  1.508368
442.5  1.416736
443.0  1.333424
443.5  1.356944
444.0  1.48144
444.5  1.414944
445.0  1.214336
445.5  1.177792
446.0  1.297616
446.5  1.260576
447.0  1.234864
447.5  1.29212
448.0  1.307216
448.5  1.237088
449.0  1.140048
449.5  1.147936
450.0  1.424464
450.5  1.365952
451.0  1.159472
451.5  1.133712
452.0  1.299072
452.5  1.3272
453.0  1.150304
453.5  1.11616
454.0  1.175064
454.5  1.099664
455.0  1.265968
455.5  1.249888
456.0  1.389072
456.5  1.359728
457.0  0.860784
457.5  0.772568
458.0  0.106536
458.5  0.1
459.0  0.146744
459.5  0.1
460.0  0.147928
460.5  0.1
461.0  0.106608
461.5  0.1
462.0  0.10764
462.5  0.101688
463.0  0.107808
463.5  0.1
464.0  0.104744
464.5  0.1
465.0  0.106184
465.5  0.1
466.0  0.106152
466.5  0.1
467.0  0.103544
467.5  0.1
468.0  0.10568
468.5  0.101688
469.0  0.101856
469.5  0.1
470.0  0.102368
470.5  0.1
471.0  0.100928
471.5  0.1
472.0  0.100928
472.5  0.1
473.0  0.107936
473.5  0.1
474.0  0.106464
474.5  0.10176
475.0  0.101976
475.5  0.1
476.0  0.10348
476.5  0.1
477.0  0.160096
477.5  0.1
478.0  0.106912
478.5  0.10888
479.0  0.128368
479.5  0.123648
480.0  0.10488
480.5  0.10268
481.0  0.330112
481.5  0.503264
482.0  1.03752
482.5  1.052752
483.0  1.241584
483.5  1.228
484.0  1.08472
484.5  1.055664
485.0  1.24532
485.5  1.18576
486.0  0.985872
486.5  1.013136
487.0  1.331728
487.5  1.241264
488.0  1.063224
488.5  1.100928
489.0  1.232024
489.5  1.119712
490.0  1.028856
490.5  0.935728
491.0  1.232352
491.5  1.154064
492.0  1.024056
492.5  1.091056
493.0  1.26688
493.5  1.283984
494.0  0.993264
494.5  0.922272
495.0  1.142752
495.5  1.295624
496.0  1.222304
496.5  1.05448
497.0  1.2308
497.5  1.219216
498.0  1.147872
498.5  1.03056
499.0  1.034768
499.5  1.078704
500.0  1.012448
500.5  0.98168
501.0  1.221456
501.5  1.207528
502.0  1.092656
502.5  1.07056
503.0  1.126016
503.5  1.114864
504.0  1.12248
504.5  1.0312
505.0  1.179016
505.5  1.320208
506.0  1.263032
506.5  1.106208
507.0  1.117336
507.5  1.07952
508.0  1.022968
508.5  1.008048
509.0  1.105856
509.5  1.170592
510.0  1.215616
510.5  1.138336
511.0  1.184928
511.5  1.20416
512.0  1.229344
512.5  1.119344
513.0  1.163136
513.5  1.086216
514.0  1.012496
514.5  1.0764
515.0  1.143088
515.5  1.06008
516.0  1.00368
516.5  1.024352
517.0  1.134664
517.5  1.145696
518.0  1.238128
518.5  1.129648
519.0  1.1438
519.5  0.9276
520.0  1.356072
520.5  1.517376
521.0  1.054528
521.5  0.953728
522.0  1.09636
522.5  1.00592
523.0  1.046592
523.5  1.11744
524.0  1.145216
524.5  1.123424
525.0  1.055768
525.5  1.098128
526.0  1.285088
526.5  1.25336
527.0  1.136952
527.5  1.130672
528.0  1.062336
528.5  1.013224
529.0  1.080624
529.5  1.084992
530.0  1.14616
530.5  1.09344
531.0  0.996368
531.5  0.977392
532.0  1.208048
532.5  1.18024
533.0  1.082896
533.5  1.08128
534.0  1.145728
534.5  1.127192
535.0  1.17504
535.5  1.141952
536.0  1.23808
536.5  1.268496
537.0  1.169728
537.5  1.06696
538.0  1.092224
538.5  1.106448
539.0  1.103824
539.5  1.031472
540.0  1.300784
540.5  1.273968
541.0  1.065376
541.5  1.036912
542.0  1.186656
542.5  1.184944
543.0  1.011872
543.5  1.067888
544.0  1.193152
544.5  1.070912
545.0  1.149968
545.5  1.108112
546.0  1.126152
546.5  1.204984
547.0  1.170112
547.5  1.078512
548.0  1.097776
548.5  1.133344
549.0  1.261664
549.5  1.10448
550.0  1.091608
550.5  0.88392
551.0  1.061408
551.5  1.130304
552.0  1.429008
552.5  1.199856
553.0  0.426928
553.5  0.286912
554.0  0.416768
554.5  0.277616
555.0  0.393304
555.5  0.132736
556.0  0.117656
556.5  0.116208
557.0  0.378048
557.5  0.13312
558.0  0.118368
558.5  0.100784
559.0  0.222776
559.5  0.100784
560.0  0.105704
560.5  0.1
561.0  0.289888
561.5  0.28692
562.0  0.322856
562.5  0.29248
563.0  0.226192
563.5  0.72624
564.0  0.376392
564.5  0.417056
565.0  0.111152
565.5  0.12152
566.0  0.177904
566.5  0.173824
567.0  0.11516
567.5  0.123208
568.0  0.220544
568.5  0.224768
569.0  0.113392
569.5  0.12152
570.0  0.292264
570.5  0.285712
571.0  0.118608
571.5  0.12152
572.0  0.2096
572.5  0.21064
573.0  0.119504
573.5  0.12328
574.0  0.211856
574.5  0.213824
575.0  0.112128
575.5  0.12024
576.0  0.20896
576.5  0.213808
577.0  0.170176
577.5  0.12648
578.0  0.244312
578.5  0.239248
579.0  0.168216
579.5  0.123224
580.0  0.329944
580.5  0.28504
581.0  0.121008
581.5  0.12152
582.0  0.186808
582.5  0.24712
583.0  0.135448
583.5  0.12152
584.0  0.117416
584.5  0.168368
585.0  0.143304
585.5  0.13604
586.0  0.120408
586.5  0.4008
587.0  0.11468
587.5  0.12152
588.0  0.123424
588.5  0.281808
589.0  0.111152
589.5  0.12152
590.0  0.119976
590.5  0.210608
591.0  0.111904
591.5  0.12152
592.0  0.110656
592.5  0.388032
593.0  0.112168
593.5  0.11224
594.0  0.106408
594.5  0.101688
595.0  0.1
595.5  0.1
596.0  0.10204
596.5  0.1
597.0  0.160416
597.5  0.1
598.0  0.104224
598.5  0.1
599.0  0.104456
599.5  0.1
600.0  0.107088
600.5  0.101688
601.0  0.105728
601.5  0.1
602.0  1.14496
602.5  0.147328
603.0  0.125856
603.5  0.143632
604.0  0.104344
604.5  0.110672
605.0  0.106864
605.5  0.281168
606.0  1.014648
606.5  1.036656
607.0  1.071984
607.5  1.05144
608.0  1.093424
608.5  1.10632
609.0  1.157432
609.5  1.102192
610.0  1.29708
610.5  1.125344
611.0  1.063168
611.5  1.130192
612.0  1.33584
612.5  1.24932
613.0  1.01752
613.5  0.997936
614.0  1.127376
614.5  1.077792
615.0  1.198816
615.5  1.183968
616.0  1.179264
616.5  1.176736
617.0  1.125336
617.5  1.091248
618.0  0.743696
618.5  1.057056
619.0  0.717312
619.5  1.21896
620.0  0.891504
620.5  1.057168
621.0  0.831104
621.5  1.144208
622.0  0.944096
622.5  1.03536
623.0  1.091888
623.5  1.047568
624.0  1.041488
624.5  1.003216
625.0  1.201152
625.5  1.28672
626.0  1.167032
626.5  1.161072
627.0  1.227896
627.5  1.115528
628.0  0.95688
628.5  1.007104
629.0  1.146752
629.5  1.051328
630.0  1.147264
630.5  1.159456
631.0  1.285664
631.5  1.117808
632.0  1.28916
632.5  1.289824
633.0  1.080784
633.5  1.166376
634.0  1.100296
634.5  1.08344
635.0  1.014448
635.5  0.97488
636.0  1.38856
636.5  1.477488
637.0  1.292152
637.5  1.150224
638.0  0.966656
638.5  0.926384
639.0  1.023448
639.5  0.97944
640.0  1.194512
640.5  1.14848
641.0  0.989728
641.5  0.986336
642.0  1.465536
642.5  1.475984
643.0  1.137104
643.5  1.15248
644.0  1.295392
644.5  1.303408
645.0  1.025144
645.5  0.973384
646.0  1.261024
646.5  1.186368
647.0  0.993312
647.5  1.015184
648.0  1.27352
648.5  1.214912
649.0  0.951808
649.5  0.76372
650.0  0.56104
650.5  0.68656
651.0  2.198312
651.5  1.908904
652.0  0.952576
652.5  1.129632
653.0  0.966008
653.5  0.99052
654.0  1.181904
654.5  1.157536
655.0  1.135808
655.5  1.1948
656.0  1.116248
656.5  0.978448
657.0  1.213024
657.5  1.196624
658.0  1.074496
658.5  1.110784
659.0  1.024464
659.5  1.016672
660.0  1.147208
660.5  1.099848
661.0  1.222432
661.5  1.113984
662.0  1.396544
662.5  1.370832
663.0  1.103952
663.5  1.179568
664.0  1.467728
664.5  1.359328
665.0  0.950768
665.5  0.93744
666.0  1.294768
666.5  1.302296
667.0  0.931952
667.5  0.943488
668.0  1.27528
668.5  1.183248
669.0  0.995928
669.5  1.080864
670.0  1.34196
670.5  1.216464
671.0  1.023776
671.5  0.996608
672.0  1.240856
672.5  1.192352
673.0  0.981008
673.5  0.988256
674.0  1.276376
674.5  1.358944
675.0  0.954616
675.5  0.850288
676.0  1.169664
676.5  1.01904
677.0  0.940096
677.5  0.949088
678.0  0.773792
678.5  1.009976
679.0  1.113688
679.5  1.121472
680.0  1.159272
680.5  1.117952
681.0  1.190048
681.5  1.23424
682.0  1.182816
682.5  1.15496
683.0  1.221848
683.5  1.165984
684.0  1.023608
684.5  0.978432
685.0  1.031632
685.5  0.983504
686.0  1.113008
686.5  1.18984
687.0  1.362808
687.5  1.240736
688.0  1.037968
688.5  1.155984
689.0  1.207576
689.5  1.127408
690.0  1.086008
690.5  1.05568
691.0  1.141648
691.5  1.046208
692.0  1.077536
692.5  1.1656
693.0  1.096624
693.5  1.004952
694.0  1.122008
694.5  1.114896
695.0  1.117904
695.5  1.079312
696.0  1.178664
696.5  1.250208
697.0  1.201216
697.5  1.066784
698.0  2.698352
698.5  1.317384
699.0  1.283672
699.5  1.182136
700.0  1.145592
700.5  1.115968
701.0  1.214056
701.5  1.10384
702.0  1.069904
702.5  1.162336
703.0  3.70788
703.5  1.160608
704.0  1.141848
704.5  1.221008
705.0  1.1628
705.5  1.086416
706.0  1.186168
706.5  0.921904
707.0  0.665312
707.5  0.891184
708.0  1.207344
708.5  1.271088
709.0  1.286912
709.5  1.167392
710.0  1.048632
710.5  1.058032
711.0  1.302888
711.5  1.285688
712.0  1.127816
712.5  1.14584
713.0  1.129272
713.5  1.041456
714.0  1.047872
714.5  1.094048
715.0  1.137584
715.5  1.07536
716.0  1.27516
716.5  1.22464
717.0  1.21088
717.5  1.186448
718.0  1.112304
718.5  1.076208
719.0  1.018368
719.5  0.981168
720.0  1.050672
720.5  1.160016
721.0  1.111824
721.5  1.074384
722.0  1.16296
722.5  1.093392
723.0  1.203856
723.5  1.153136
724.0  1.177456
724.5  1.159664
725.0  1.082832
725.5  1.117456
726.0  1.188688
726.5  1.21476
727.0  1.17568
727.5  1.084592
728.0  1.138448
728.5  1.222144
729.0  1.214944
729.5  1.1636
730.0  1.115736
730.5  0.99504
731.0  1.024576
731.5  1.035408
732.0  1.117072
732.5  1.07756
733.0  1.167664
733.5  1.072512
734.0  1.04424
734.5  1.103808
735.0  1.082776
735.5  1.154096
736.0  1.2176
736.5  1.024896
737.0  1.108112
737.5  1.160768
738.0  1.19584
738.5  1.078112
739.0  1.112992
739.5  1.187488
740.0  1.25144
740.5  1.248208
741.0  1.15588
741.5  1.177296
742.0  1.113248
742.5  1.063856
743.0  1.06744
743.5  0.989744
744.0  1.066032
744.5  1.138312
745.0  1.065752
745.5  1.055888
746.0  1.24356
746.5  1.191232
747.0  1.081152
747.5  0.975024
748.0  1.179768
748.5  1.112816
749.0  0.25872
749.5  0.15928
750.0  0.336072
750.5  0.240272
751.0  0.118936
751.5  0.194384
752.0  0.821
752.5  1.319968
753.0  2.948136
753.5  2.885888
754.0  2.792456
754.5  2.645552
755.0  1.058672
755.5  1.019568
756.0  0.304336
756.5  1.19792
757.0  0.274368
757.5  1.157104
758.0  0.76836
758.5  1.159712
759.0  1.161592
759.5  1.123736
760.0  1.196368
760.5  1.179632
761.0  1.530008
761.5  1.34
762.0  1.111376
762.5  1.047552
763.0  1.190096
763.5  1.140416
764.0  1.145096
764.5  1.104064
765.0  1.151192
765.5  1.124696
766.0  1.522776
766.5  1.4872
767.0  1.152616
767.5  1.112752
768.0  1.200216
768.5  1.137808
769.0  1.066272
769.5  1.035152
770.0  1.007792
770.5  0.982736
771.0  0.320176
771.5  1.018656
772.0  0.145152
772.5  1.190192
773.0  0.140032
773.5  1.024368
774.0  0.179824
774.5  1.01128
775.0  5.12028
775.5  1.29008
776.0  0.635352
776.5  1.121456
777.0  0.561288
777.5  1.072392
778.0  0.462192
778.5  1.268912
779.0  0.448064
779.5  1.094928
780.0  0.559032
780.5  1.218656
781.0  0.593552
781.5  1.092832
782.0  0.553376
782.5  1.192528
783.0  0.525664
783.5  0.989088
784.0  0.521648
784.5  1.19112
785.0  0.450192
785.5  1.038144
786.0  0.54484
786.5  1.324016
787.0  0.67272
787.5  1.126992
788.0  0.62848
788.5  1.082624
789.0  0.69488
789.5  1.01568
790.0  0.737512
790.5  1.27176
791.0  0.594896
791.5  0.977392
792.0  0.708208
792.5  1.112072
793.0  0.635168
793.5  1.0192
794.0  0.75904
794.5  1.310064
795.0  1.244048
795.5  0.948448
796.0  1.250856
796.5  1.239744
797.0  1.131896
797.5  1.046896
798.0  1.327392
798.5  1.294792
799.0  0.941592
799.5  0.929632
800.0  0.951288
800.5  0.947616
801.0  1.692088
801.5  1.750096
802.0  1.281352
802.5  1.161248
803.0  1.133992
803.5  1.110928
804.0  0.66592
804.5  0.655968
805.0  1.768912
805.5  1.740224
806.0  0.68488
806.5  0.684416
807.0  1.2696
807.5  1.26352
808.0  0.87556
808.5  0.847392
809.0  1.250128
809.5  1.264656
810.0  0.99688
810.5  0.958456
811.0  1.501232
811.5  1.450064
812.0  0.854352
812.5  0.84816
813.0  0.961032
813.5  0.938544
814.0  0.992064
814.5  0.9856
815.0  1.125736
815.5  1.115648
816.0  1.101136
816.5  1.039888
817.0  1.290664
817.5  1.222016
818.0  1.156856
818.5  1.147544
819.0  1.07644
819.5  1.017008
820.0  1.16644
820.5  1.132608
821.0  1.20728
821.5  1.178768
822.0  1.222168
822.5  1.203616
823.0  1.122024
823.5  1.103824
824.0  1.088216
824.5  1.06808
825.0  1.205624
825.5  1.187896
826.0  1.11636
826.5  1.09536
827.0  1.137616
827.5  1.123072
828.0  0.829144
828.5  0.856144
829.0  1.327504
829.5  1.268624
830.0  1.106552
830.5  1.088928
831.0  1.10272
831.5  1.133912
832.0  1.160416
832.5  1.108864
833.0  1.206576
833.5  1.198192
834.0  1.017904
834.5  1.047888
835.0  1.180528
835.5  1.129552
836.0  1.047272
836.5  1.037936
837.0  1.232768
837.5  1.192384
838.0  1.199744
838.5  1.165088
839.0  1.192928
839.5  1.184688
840.0  1.089
840.5  1.069872
841.0  1.030512
841.5  0.993088
842.0  1.247928
842.5  1.234912
843.0  1.03136
843.5  1.082136
844.0  1.041088
844.5  0.96024
845.0  1.13872
845.5  1.135056
846.0  1.100224
846.5  1.119728
847.0  1.463664
847.5  1.403376
848.0  1.136128
848.5  1.11544
849.0  1.001176
849.5  0.948928
850.0  0.99172
850.5  0.932352
851.0  1.182512
851.5  1.167296
852.0  1.184096
852.5  1.163568
853.0  1.064656
853.5  1.131248
854.0  1.229312
854.5  1.1436
855.0  1.082536
855.5  1.06664
856.0  0.996352
856.5  0.9992
857.0  1.306368
857.5  1.233664
858.0  1.069928
858.5  1.119512
859.0  1.222816
859.5  1.165024
860.0  1.120464
860.5  1.08528
861.0  1.137808
861.5  1.1248
862.0  1.066032
862.5  1.058336
863.0  1.25396
863.5  1.22048
864.0  1.090544
864.5  1.071704
865.0  1.201832
865.5  1.187344
866.0  1.106136
866.5  1.098
867.0  1.13956
867.5  1.11928
868.0  1.089752
868.5  1.076848
869.0  1.083792
869.5  1.089712
870.0  1.295792
870.5  1.251968
871.0  0.930032
871.5  0.921424
872.0  1.06636
872.5  1.059376
873.0  0.9364
873.5  0.931616
874.0  1.19792
874.5  1.188944
875.0  1.161712
875.5  1.160544
876.0  1.3156
876.5  1.305064
877.0  1.048224
877.5  0.986592
878.0  1.231064
878.5  1.198352
879.0  1.200336
879.5  1.139792
880.0  1.261952
880.5  1.256848
881.0  1.187608
881.5  1.112192
882.0  1.219368
882.5  1.176992
883.0  0.923376
883.5  0.910592
884.0  1.043536
884.5  1.047792
885.0  1.040408
885.5  1.019536
886.0  1.18996
886.5  1.191936
887.0  1.190136
887.5  1.151328
888.0  1.142392
888.5  1.123696
889.0  1.02744
889.5  1.058304
890.0  0.924
890.5  0.91312
891.0  1.19364
891.5  1.145832
892.0  1.095904
892.5  1.074784
893.0  1.152432
893.5  1.172112
894.0  1.199712
894.5  1.148384
895.0  1.122912
895.5  1.111024
896.0  1.352088
896.5  1.3304
897.0  1.065744
897.5  0.9818
898.0  1.209984
898.5  1.202064
899.0  1.134432
899.5  1.09888
900.0  1.146944
900.5  1.128048
901.0  1.002432
901.5  0.9952
902.0  1.162512
902.5  1.156736
903.0  1.08364
903.5  1.047584
904.0  1.206512
904.5  1.187616
905.0  1.096544
905.5  1.092736
906.0  1.113864
906.5  1.108544
907.0  1.191024
907.5  1.175776
908.0  0.9596
908.5  0.943872
909.0  1.299544
909.5  1.241928
910.0  1.114552
910.5  1.057488
911.0  1.247424
911.5  1.2308
912.0  1.05984
912.5  1.111288
913.0  1.19432
913.5  1.115904
914.0  1.11112
914.5  1.096496
915.0  1.27488
915.5  1.171896
916.0  1.133984
916.5  1.109616
917.0  1.300824
917.5  1.195936
918.0  1.226848
918.5  1.203456
919.0  1.047464
919.5  1.04192
920.0  1.137376
920.5  1.137008
921.0  1.140568
921.5  1.099872
922.0  1.026088
922.5  1.005504
923.0  1.265192
923.5  1.24632
924.0  1.310336
924.5  1.278296
925.0  1.043984
925.5  1.036128
926.0  1.016808
926.5  0.996128
927.0  1.079008
927.5  1.065936
928.0  1.01928
928.5  1.028848
929.0  1.26148
929.5  1.22112
930.0  0.952784
930.5  1.016648
931.0  1.358832
931.5  1.27128
932.0  1.166592
932.5  1.146672
933.0  1.044656
933.5  1.031632
934.0  1.045048
934.5  1.022496
935.0  1.152048
935.5  1.140848
936.0  1.222928
936.5  1.202304
937.0  1.285144
937.5  1.210416
938.0  1.147616
938.5  1.10944
939.0  1.145104
939.5  1.093168
940.0  1.131224
940.5  1.074144
941.0  0.991856
941.5  1.003648
942.0  1.211432
942.5  1.163976
943.0  1.168488
943.5  1.153344
944.0  1.06812
944.5  1.04752
945.0  1.08732
945.5  1.075088
946.0  1.16052
946.5  1.142128
947.0  1.070064
947.5  1.057216
948.0  1.035224
948.5  1.025184
949.0  1.176096
949.5  1.188752
950.0  1.258648
950.5  1.2096
951.0  1.14112
951.5  1.139112
952.0  1.169912
952.5  1.186152
953.0  1.128784
953.5  1.13008
954.0  1.119488
954.5  1.112912
955.0  1.196392
955.5  1.187888
956.0  1.098024
956.5  1.080224
957.0  1.181568
957.5  1.140728
958.0  1.012176
958.5  0.977008
959.0  1.332944
959.5  1.320016
960.0  1.025616
960.5  1.013536
961.0  1.21744
961.5  1.191152
962.0  1.039088
962.5  1.023616
963.0  1.114648
963.5  1.103032
964.0  1.03104
964.5  1.01704
965.0  1.169208
965.5  1.148272
966.0  1.281896
966.5  1.265456
967.0  0.992688
967.5  1.077072
968.0  1.153968
968.5  1.047488
969.0  1.169368
969.5  1.108304
970.0  1.215648
970.5  1.149264
971.0  1.037568
971.5  1.021984
972.0  1.19208
972.5  1.18248
973.0  1.130656
973.5  1.118416
974.0  1.265504
974.5  1.248528
975.0  0.960128
975.5  0.951768
976.0  1.206136
976.5  1.182736
977.0  1.190704
977.5  1.11456
978.0  1.24764
978.5  1.237232
979.0  1.132992
979.5  1.171424
980.0  1.089016
980.5  1.048
981.0  1.036832
981.5  1.016928
982.0  1.146208
982.5  1.118624
983.0  1.065232
983.5  1.049776
984.0  1.273568
984.5  1.25072
985.0  1.135816
985.5  1.129488
986.0  1.066008
986.5  1.037056
987.0  1.213592
987.5  1.193168
988.0  1.010664
988.5  0.992912
989.0  1.115024
989.5  1.09528
990.0  1.244808
990.5  1.218504
991.0  1.031936
991.5  1.018144
992.0  1.211856
992.5  1.209184
993.0  1.119024
993.5  1.094864
994.0  1.151584
994.5  1.143872
995.0  1.055184
995.5  1.038496
996.0  1.081328
996.5  1.064024
997.0  1.145408
997.5  1.063328
998.0  1.21016
998.5  1.187344
999.0  1.080656
999.5  1.022424
1000.0  1.169224
1000.5  1.109536
1001.0  1.086776
1001.5  1.084848
1002.0  1.276184
1002.5  1.236544
1003.0  1.076392
1003.5  1.062064
1004.0  1.1478
1004.5  1.112144
1005.0  1.125272
1005.5  1.10352
1006.0  1.332752
1006.5  1.319824
1007.0  1.159136
1007.5  1.14792
1008.0  1.279352
1008.5  1.224904
1009.0  1.103376
1009.5  1.089104
1010.0  1.239736
1010.5  1.221824
1011.0  1.107088
1011.5  1.088272
1012.0  1.233872
1012.5  1.208608
1013.0  1.018536
1013.5  1.01424
1014.0  1.25864
1014.5  1.226624
1015.0  1.712192
1015.5  1.669888
1016.0  0.747416
1016.5  0.723344
1017.0  1.163416
1017.5  1.083024
1018.0  0.881504
1018.5  0.826784
1019.0  0.968
1019.5  0.952336
1020.0  1.3222
1020.5  1.285296
1021.0  1.23048
1021.5  1.1924
1022.0  1.073792
1022.5  1.064864
1023.0  0.877336
1023.5  0.840488
1024.0  1.529216
1024.5  1.491712
1025.0  0.98368
1025.5  0.966688
1026.0  1.033032
1026.5  1.124128
1027.0  1.16408
1027.5  1.034144
1028.0  1.08536
1028.5  1.07376
1029.0  1.361568
1029.5  1.280264
1030.0  1.170344
1030.5  1.098368
1031.0  1.589328
1031.5  1.594496
1032.0  0.85568
1032.5  0.801904
1033.0  1.047576
1033.5  1.025072
1034.0  0.922512
1034.5  0.892624
1035.0  1.366944
1035.5  1.331872
1036.0  0.788968
1036.5  0.774224
1037.0  1.308488
1037.5  1.226064
1038.0  1.066568
1038.5  1.039728
1039.0  1.33236
1039.5  1.3068
1040.0  0.941176
1040.5  0.920176
1041.0  1.209672
1041.5  1.186488
1042.0  1.092216
1042.5  1.0768
1043.0  1.32972
1043.5  1.307072
1044.0  1.128176
1044.5  1.105856
1045.0  1.093712
1045.5  1.070064
1046.0  1.350624
1046.5  1.326864
1047.0  1.11912
1047.5  1.09568
1048.0  0.948576
1048.5  0.940384
1049.0  1.161024
1049.5  1.134112
1050.0  1.050624
1050.5  1.035248
1051.0  1.23316
1051.5  1.195584
1052.0  0.963008
1052.5  0.952816
1053.0  1.322816
1053.5  1.30416
1054.0  1.036872
1054.5  1.024624
1055.0  1.0096
1055.5  0.998416
1056.0  1.081312
1056.5  1.067496
1057.0  1.148352
1057.5  1.067664
1058.0  0.919264
1058.5  0.91288
1059.0  1.492736
1059.5  1.421376
1060.0  1.234888
1060.5  1.170656
1061.0  0.9806
1061.5  1.002512
1062.0  1.16508
1062.5  1.114728
1063.0  1.302112
1063.5  1.27224
1064.0  1.048344
1064.5  1.032592
1065.0  1.156328
1065.5  1.13896
1066.0  1.024832
1066.5  1.032304
1067.0  1.045952
1067.5  1.034592
1068.0  1.112408
1068.5  1.092016
1069.0  1.269616
1069.5  1.221008
1070.0  1.014072
1070.5  0.996352
1071.0  1.226496
1071.5  1.201216
1072.0  1.103328
1072.5  1.086688
1073.0  1.049064
1073.5  1.030176
1074.0  1.13736
1074.5  1.11812
1075.0  1.09068
1075.5  1.079712
1076.0  1.269136
1076.5  1.242032
1077.0  1.2528
1077.5  1.175872
1078.0  1.067696
1078.5  1.047168
1079.0  1.240008
1079.5  1.21856
1080.0  1.029632
1080.5  1.016016
1081.0  0.99976
1081.5  0.981552
1082.0  1.567904
1082.5  1.531936
1083.0  0.98816
1083.5  0.980928
1084.0  0.910448
1084.5  0.897312
1085.0  1.166472
1085.5  1.143024
1086.0  1.146968
1086.5  1.122912
1087.0  1.193424
1087.5  1.177872
1088.0  1.08176
1088.5  1.070624
1089.0  1.15444
1089.5  1.085688
1090.0  1.208008
1090.5  1.11856
1091.0  1.087944
1091.5  1.110848
1092.0  1.05248
1092.5  1.032544
1093.0  1.282368
1093.5  1.236704
1094.0  1.237632
1094.5  1.205184
1095.0  1.09296
1095.5  1.127032
1096.0  1.139456
1096.5  1.089296
1097.0  1.424752
1097.5  1.351424
1098.0  0.956472
1098.5  0.938768
1099.0  1.232464
1099.5  1.218032
1100.0  1.185784
1100.5  1.176656
1101.0  0.965008
1101.5  0.951072
1102.0  1.10936
1102.5  1.09456
1103.0  1.096504
1103.5  1.076208
1104.0  1.15616
1104.5  1.141776
1105.0  1.124376
1105.5  1.107264
1106.0  1.009888
1106.5  1.00528
1107.0  1.344048
1107.5  1.298504
1108.0  1.030456
1108.5  1.016256
1109.0  1.078312
1109.5  1.0576
1110.0  0.846896
1110.5  0.980064
1111.0  0.614336
1111.5  1.1712
1112.0  0.723064
1112.5  1.104
1113.0  1.008656
1113.5  1.163344
1114.0  1.1436
1114.5  1.113328
1115.0  1.231688
1115.5  1.20024
1116.0  1.175792
1116.5  1.150752
1117.0  1.372832
1117.5  1.292448
1118.0  1.04308
1118.5  1.026032
1119.0  1.255696
1119.5  1.159624
1120.0  0.98676
1120.5  0.933328
1121.0  1.191712
1121.5  1.1704
1122.0  1.056584
1122.5  1.047784
1123.0  1.01284
1123.5  0.996816
1124.0  1.27572
1124.5  1.252592
1125.0  1.050104
1125.5  1.032704
1126.0  1.094288
1126.5  1.078496
1127.0  1.058168
1127.5  1.04608
1128.0  1.03644
1128.5  1.012888
1129.0  1.285832
1129.5  1.25196
1130.0  1.125968
1130.5  1.100544
1131.0  1.184632
1131.5  1.167328
1132.0  1.26248
1132.5  1.269632
1133.0  1.071096
1133.5  1.031088
1134.0  1.170672
1134.5  1.121296
1135.0  1.065872
1135.5  1.059952
1136.0  1.046304
1136.5  1.032704
1137.0  1.330368
1137.5  1.250064
1138.0  1.077952
1138.5  1.06328
1139.0  1.262136
1139.5  1.23016
1140.0  1.19808
1140.5  1.167192
1141.0  1.2254
1141.5  1.205088
1142.0  0.996568
1142.5  0.980448
1143.0  1.086896
1143.5  1.086864
1144.0  1.038256
1144.5  1.015008
1145.0  0.901768
1145.5  0.895792
1146.0  1.35024
1146.5  1.30944
1147.0  1.000656
1147.5  0.996688
1148.0  1.216976
1148.5  1.198544
1149.0  1.17068
1149.5  1.11032
1150.0  1.162952
1150.5  1.106928
1151.0  1.158816
1151.5  1.149664
1152.0  1.214832
1152.5  1.186528
1153.0  1.11864
1153.5  1.104576
1154.0  1.157184
1154.5  1.142976
1155.0  1.006048
1155.5  1.011768
1156.0  1.22396
1156.5  1.179888
1157.0  1.153528
1157.5  1.078768
1158.0  1.17348
1158.5  1.151808
1159.0  1.174208
1159.5  1.153232
1160.0  1.114968
1160.5  1.092336
1161.0  1.082696
1161.5  1.061096
1162.0  1.19648
1162.5  1.224976
1163.0  1.125976
1163.5  1.05144
1164.0  1.174672
1164.5  1.140808
1165.0  1.129344
1165.5  1.153776
1166.0  1.179408
1166.5  1.124352
1167.0  1.15992
1167.5  1.132816
1168.0  1.312848
1168.5  1.301936
1169.0  0.89464
1169.5  0.883344
1170.0  1.62608
1170.5  1.596784
1171.0  1.357976
1171.5  1.350736
1172.0  0.8818
1172.5  0.847664
1173.0  0.88808
1173.5  0.878456
1174.0  1.042032
1174.5  1.0828
1175.0  1.001696
1175.5  0.937008
1176.0  1.211232
1176.5  1.203168
1177.0  1.179872
1177.5  1.109824
1178.0  1.131
1178.5  1.115648
1179.0  1.192888
1179.5  1.172424
1180.0  1.291624
1180.5  1.149456
1181.0  1.12908
1181.5  1.111344
1182.0  1.13512
1182.5  1.094736
1183.0  1.138104
1183.5  1.102256
1184.0  1.087592
1184.5  1.062704
1185.0  1.101256
1185.5  1.111632
1186.0  1.256
1186.5  1.185584
1187.0  1.098848
1187.5  1.085664
1188.0  1.276112
1188.5  1.261064
1189.0  0.949672
1189.5  0.944176
1190.0  1.173888
1190.5  1.1648
1191.0  1.064672
1191.5  1.063344
1192.0  1.11296
1192.5  1.111216
1193.0  1.11416
1193.5  1.095216
1194.0  1.190512
1194.5  1.151848
1195.0  1.046304
1195.5  1.0292
1196.0  1.072328
1196.5  1.101584
1197.0  1.0764
1197.5  0.99536
1198.0  1.208544
1198.5  1.77016
1199.0  1.628992
1199.5  1.00368
1200.0  0.952992
1200.5  0.898304
1201.0  1.058976
1201.5  1.04744
1202.0  1.106368
1202.5  1.071632
1203.0  0.927632
1203.5  0.918016
1204.0  1.116272
1204.5  1.108752
1205.0  1.306912
1205.5  1.295744
1206.0  1.0226
1206.5  1.007928
1207.0  1.20928
1207.5  1.192
1208.0  1.076272
1208.5  1.063552
1209.0  1.222632
1209.5  1.142896
1210.0  1.073464
1210.5  1.01616
1211.0  1.271504
1211.5  1.263616
1212.0  1.098848
1212.5  1.100048
1213.0  1.215328
1213.5  1.182608
1214.0  1.11056
1214.5  1.092656
1215.0  1.009136
1215.5  0.993888
1216.0  1.229056
1216.5  1.20552
1217.0  1.11328
1217.5  1.059776
1218.0  1.058192
1218.5  1.063344
1219.0  1.282776
1219.5  1.239168
1220.0  1.13752
1220.5  1.087824
1221.0  1.201616
1221.5  1.193192
1222.0  1.093056
1222.5  1.113728
1223.0  1.149584
1223.5  1.099488
1224.0  1.109392
1224.5  1.098768
1225.0  1.142432
1225.5  1.11744
1226.0  1.085672
1226.5  1.085728
1227.0  1.111656
1227.5  1.070952
1228.0  0.970264
1228.5  0.95288
1229.0  1.286464
1229.5  1.270848
1230.0  1.072528
1230.5  1.06
1231.0  1.145232
1231.5  1.132176
1232.0  1.097104
1232.5  1.07536
1233.0  1.124784
1233.5  1.105888
1234.0  1.064832
1234.5  1.070928
1235.0  1.064672
1235.5  1.031168
1236.0  1.232464
1236.5  1.22872
1237.0  1.23856
1237.5  1.175792
1238.0  1.124144
1238.5  1.113168
1239.0  1.110832
1239.5  1.053792
1240.0  1.095816
1240.5  1.065488
1241.0  1.190776
1241.5  1.13664
1242.0  1.172088
1242.5  1.161328
1243.0  1.161864
1243.5  1.148
1244.0  1.069504
1244.5  1.062304
1245.0  1.28308
1245.5  1.27344
1246.0  1.107264
1246.5  1.09864
1247.0  1.068408
1247.5  1.057856
1248.0  0.975568
1248.5  1.017104
1249.0  1.349752
1249.5  1.27776
1250.0  1.125296
1250.5  1.113072
1251.0  1.0708
1251.5  1.05664
1252.0  1.053024
1252.5  1.037088
1253.0  1.252528
1253.5  1.239328
1254.0  1.16896
1254.5  1.15364
1255.0  1.04248
1255.5  1.068064
1256.0  1.176936
1256.5  1.130512
1257.0  1.154464
1257.5  1.064384
1258.0  1.288672
1258.5  1.270608
1259.0  0.985264
1259.5  0.97752
1260.0  1.206936
1260.5  1.149112
1261.0  1.0924
1261.5  1.116496
1262.0  1.211136
1262.5  1.146656
1263.0  1.145552
1263.5  1.128144
1264.0  1.027456
1264.5  1.016256
1265.0  1.100352
1265.5  1.082
1266.0  1.228728
1266.5  1.210752
1267.0  1.105072
1267.5  1.091104
1268.0  1.253184
1268.5  1.24152
1269.0  1.10148
1269.5  1.041296
1270.0  1.139584
1270.5  1.076016
1271.0  1.121056
1271.5  1.099712
1272.0  1.244992
1272.5  1.225496
1273.0  0.967168
1273.5  0.960608
1274.0  1.284384
1274.5  1.267376
1275.0  1.066512
1275.5  1.037136
1276.0  1.207776
1276.5  1.166432
1277.0  1.089016
1277.5  1.013968
1278.0  1.20052
1278.5  1.166864
1279.0  1.128112
1279.5  1.10608
1280.0  1.228472
1280.5  1.224
1281.0  0.998104
1281.5  0.971984
1282.0  1.219064
1282.5  1.201696
1283.0  0.953368
1283.5  0.940096
1284.0  1.23264
1284.5  1.207456
1285.0  1.123952
1285.5  1.111856
1286.0  1.215408
1286.5  1.242256
1287.0  1.160192
1287.5  1.122104
1288.0  1.280224
1288.5  1.242656
1289.0  1.106992
1289.5  1.095488
1290.0  1.215984
1290.5  1.19824
1291.0  1.047232
1291.5  1.03576
1292.0  1.199088
1292.5  1.16752
1293.0  1.035024
1293.5  1.027912
1294.0  1.169712
1294.5  1.186864
1295.0  1.22312
1295.5  1.34432
1296.0  1.589616
1296.5  1.475904
1297.0  0.873472
1297.5  0.806208
1298.0  1.270512
1298.5  1.245872
1299.0  0.775456
1299.5  0.728456
1300.0  1.397656
1300.5  1.308592
1301.0  1.047168
1301.5  1.154
1302.0  1.31284
1302.5  1.185616
1303.0  0.862872
1303.5  0.820992
1304.0  1.027352
1304.5  0.999504
1305.0  1.321816
1305.5  1.3062
1306.0  1.135464
1306.5  1.166704
1307.0  0.956464
1307.5  0.904096
1308.0  1.48664
1308.5  1.460448
1309.0  0.755336
1309.5  0.736304
1310.0  1.535616
1310.5  1.50576
1311.0  1.225808
1311.5  1.218656
1312.0  0.734312
1312.5  0.712448
1313.0  0.938152
1313.5  0.923328
1314.0  1.145552
1314.5  1.120592
1315.0  1.154272
1315.5  1.182992
1316.0  1.191096
1316.5  1.13024
1317.0  1.257808
1317.5  1.191168
1318.0  1.21856
1318.5  1.187536
1319.0  0.919136
1319.5  0.9188
1320.0  1.164272
1320.5  1.15132
1321.0  1.151728
1321.5  1.107776
1322.0  1.159528
1322.5  1.141984
1323.0  0.831616
1323.5  0.861072
1324.0  1.311272
1324.5  1.241184
1325.0  0.956976
1325.5  0.942448
1326.0  2.127728
1326.5  2.04564
1327.0  0.879888
1327.5  0.867232
1328.0  0.925392
1328.5  0.91216
1329.0  1.341496
1329.5  1.272912
1330.0  1.08612
1330.5  1.031664
1331.0  1.116416
1331.5  1.103072
1332.0  0.864112
1332.5  0.854752
1333.0  1.217808
1333.5  1.227632
1334.0  1.13656
1334.5  1.097584
1335.0  1.043232
1335.5  1.037408
1336.0  1.014832
1336.5  1.006848
1337.0  1.320864
1337.5  1.246784
1338.0  1.076752
1338.5  1.057336
1339.0  1.37724
1339.5  1.356048
1340.0  0.790064
1340.5  0.951472
1341.0  1.31944
1341.5  1.269904
1342.0  0.733168
1342.5  1.401584
1343.0  0.974824
1343.5  0.903936
1344.0  1.026144
1344.5  0.90376
1345.0  1.30716
1345.5  1.013536
1346.0  1.19472
1346.5  1.160032
1347.0  1.068552
1347.5  1.038272
1348.0  1.028952
1348.5  1.046784
1349.0  1.128
1349.5  1.070208
1350.0  1.108056
1350.5  1.084128
1351.0  1.059232
1351.5  1.037152
1352.0  1.342024
1352.5  1.303984
1353.0  1.131136
1353.5  1.133128
1354.0  1.13256
1354.5  1.091776
1355.0  1.193736
1355.5  1.156672
1356.0  1.100272
1356.5  1.08312
1357.0  1.09948
1357.5  1.022736
1358.0  1.12904
1358.5  1.107152
1359.0  1.206496
1359.5  1.135208
1360.0  1.219392
1360.5  1.152496
1361.0  1.131024
1361.5  1.11368
1362.0  1.076552
1362.5  1.067456
1363.0  1.305912
1363.5  1.282096
1364.0  0.969112
1364.5  0.957184
1365.0  1.62436
1365.5  1.563888
1366.0  0.993016
1366.5  0.975056
1367.0  1.06828
1367.5  1.037088
1368.0  1.079248
1368.5  1.060144
1369.0  1.173144
1369.5  1.141312
1370.0  1.097392
1370.5  1.122752
1371.0  1.057472
1371.5  1.02012
1372.0  1.134208
1372.5  1.07928
1373.0  1.18584
1373.5  1.171472
1374.0  1.158944
1374.5  1.138432
1375.0  1.162832
1375.5  1.146256
1376.0  1.060752
1376.5  1.048832
1377.0  1.199432
1377.5  1.128224
1378.0  1.248416
1378.5  1.233456
1379.0  1.133432
1379.5  1.083792
1380.0  1.044656
1380.5  1.017184
1381.0  1.23292
1381.5  1.21352
1382.0  1.006128
1382.5  0.983312
1383.0  1.243448
1383.5  1.22792
1384.0  1.131168
1384.5  1.115936
1385.0  0.984984
1385.5  0.985616
1386.0  1.14212
1386.5  1.086072
1387.0  1.056016
1387.5  1.055872
1388.0  1.217232
1388.5  1.184384
1389.0  1.167184
1389.5  1.131168
1390.0  1.28204
1390.5  1.19688
1391.0  1.005096
1391.5  0.98872
1392.0  1.149528
1392.5  1.09116
1393.0  1.10348
1393.5  1.09952
1394.0  1.257912
1394.5  1.220784
1395.0  1.063128
1395.5  1.032032
1396.0  0.919176
1396.5  0.89984
1397.0  1.205304
1397.5  1.117072
1398.0  1.242496
1398.5  1.208736
1399.0  1.124464
1399.5  1.100112
1400.0  1.283624
1400.5  1.25664
1401.0  1.239448
1401.5  1.20784
1402.0  1.193368
1402.5  1.166592
1403.0  1.238568
1403.5  1.217744
1404.0  1.150776
1404.5  1.154344
1405.0  1.117144
1405.5  1.089328
1406.0  1.70948
1406.5  1.64696
1407.0  1.019328
1407.5  1.005552
1408.0  1.142984
1408.5  1.113936
1409.0  0.898336
1409.5  0.889088
1410.0  1.158576
1410.5  1.138592
1411.0  0.840672
1411.5  0.828592
1412.0  1.603368
1412.5  1.546592
1413.0  0.814752
1413.5  0.806608
1414.0  0.967152
1414.5  0.952528
1415.0  1.456352
1415.5  1.441664
1416.0  1.000912
1416.5  0.991056
1417.0  1.094136
1417.5  1.018304
1418.0  1.366784
1418.5  1.32752
1419.0  0.862696
1419.5  0.806784
1420.0  1.519112
1420.5  1.438656
1421.0  1.136168
1421.5  1.114432
1422.0  1.08188
1422.5  1.037168
1423.0  1.215984
1423.5  1.204544
1424.0  0.914808
1424.5  0.9028
1425.0  1.00312
1425.5  0.987784
1426.0  0.981344
1426.5  0.964528
1427.0  1.048016
1427.5  1.042752
1428.0  1.175752
1428.5  1.1592
1429.0  1.28732
1429.5  1.27728
1430.0  1.1592
1430.5  1.14016
1431.0  1.16892
1431.5  1.16168
1432.0  0.96688
1432.5  0.928944
1433.0  1.213512
1433.5  1.18776
1434.0  1.046104
1434.5  1.009936
1435.0  1.114688
1435.5  1.112528
1436.0  2.027728
1436.5  1.963872
1437.0  0.927312
1437.5  0.855112
1438.0  0.963416
1438.5  0.956096
1439.0  0.928624
1439.5  0.923168
