0 0.7065333055882059
0.5 0.9326595628506982
1.0 0.8821389231266272
1.5 1.0558763125361097
2.0 0.9529138280721396
2.5 0.3802164699693813
3.0 0.7523039310395494
3.5 1.0110448467504496
4.0 0.8715162207328198
4.5 0.858336909767112
5.0 1.1946178461091657
5.5 0.606070144481021
6.0 0.9987831680354424
6.5 0.9440880086835726
7.0 0.5327647908984285
7.5 0.9512804827804187
8.0 0.9569810721541845
8.5 1.3827094835814293
9.0 0.35339102051502896
9.5 0.6688550092580752
10.0 1.103557587802468
10.5 0.9122268956304855
11.0 1.0901733644450509
11.5 0.9208644830103325
12.0 1.0477347406316415
12.5 0.9174014052428145
13.0 1.0036310753778326
13.5 0.8029345563575345
14.0 0.7718153290084802
14.5 1.1616734604459569
15.0 0.65015025276787
15.5 1.1439749470127552
16.0 0.8796046353624809
16.5 1.1035514042228833
17.0 0.6244129103737177
17.5 1.3190734883076733
18.0 0.49052821515759376
18.5 1.0102879393994202
19.0 0.8552139118910227
19.5 0.8185259969241547
20.0 0.6255790468482674
20.5 1.0315635341401361
21.0 0.5094543780309163
21.5 0.8897604885605517
22.0 0.6877667452933096
22.5 0.8834504536323662
23.0 0.9709438415213885
23.5 1.070659071162315
24.0 1.0262192932011924
24.5 1.352311388753119
25.0 1.0150726880369876
25.5 0.6822209866899811
26.0 0.606465448224532
26.5 1.0762923662418304
27.0 0.7805044931429566
27.5 0.8095254289053937
28.0 0.7865145048117832
28.5 0.9758667717332898
29.0 1.065675067079404
29.5 1.2061242971410993
30.0 0.7002479681499836
30.5 0.7808433059613714
31.0 0.5681826513750874
31.5 0.4389426435374068
32.0 0.7402035171340517
32.5 0.7153912593055249
33.0 0.7743988770632505
33.5 0.7630842944917802
34.0 0.7306452560394013
34.5 0.8381279647905626
35.0 1.0138931185344022
35.5 1.0299988725546534
36.0 0.7387315434126005
36.5 0.6287355866810159
37.0 0.708526405954396
37.5 0.9687136379617203
38.0 0.754808790225107
38.5 1.1573104177752143
39.0 0.5728432789980425
39.5 0.43588177314395143
40.0 0.8414560678547174
40.5 0.6204151554717288
41.0 0.9746937144232324
41.5 0.8669836949881091
42.0 1.2640078754714663
42.5 1.3373699519824835
43.0 0.9365189296171912
43.5 0.852851974779741
44.0 1.0578637065337915
44.5 0.8078639331320906
45.0 0.6445331902880751
45.5 0.7171412175071863
46.0 0.6101857645004884
46.5 0.7781138775410286
47.0 0.7643900248875668
47.5 1.0669881788123758
48.0 0.9985497611697214
48.5 0.8438405622511014
49.0 1.0692517326120807
49.5 0.9876066978297006
50.0 0.9591942084935934
50.5 0.7710546226497053
51.0 0.8708554287791435
51.5 0.5966454587031582
52.0 0.7710583550867285
52.5 0.7056010183944047
53.0 0.823563225898035
53.5 0.5754159075281442
54.0 0.26274216561960145
54.5 0.8112419862102671
55.0 0.8101298116831608
55.5 0.7424484340259224
56.0 1.2571749429166426
56.5 0.7895489242967262
57.0 0.5294782913544431
57.5 0.8292518557957267
58.0 1.120342189659869
58.5 1.2033703557211068
59.0 0.89562152387409
59.5 0.9212481316990478
60.0 0.8062885039259742
60.5 0.6252541626537189
61.0 0.8486828920424636
61.5 0.7676721290167487
62.0 0.7824220206430514
62.5 0.8149251951482621
63.0 0.71329520016767
63.5 1.0011000799131693
64.0 1.3171190741451742
64.5 1.2199394880310146
65.0 0.6447399448414552
65.5 1.2900210211777323
66.0 0.40839834603780306
66.5 0.8451912436338184
67.0 0.9668973086289925
67.5 0.9017344068382911
68.0 1.0383076643548113
68.5 1.009671814116603
69.0 0.9473616273313692
69.5 1.0183835639564547
70.0 0.6559303327693493
70.5 1.4152998833157289
71.0 1.0293584156385511
71.5 0.42524199224069487
72.0 1.2433951536581376
72.5 0.6428905670430528
73.0 0.8598377458355664
73.5 0.7954035606004501
74.0 0.7812995490557221
74.5 0.8948152724912588
75.0 0.9088343722242519
75.5 1.0032280708780899
76.0 0.5996401142505339
76.5 0.9944534441185708
77.0 0.7713901135543384
77.5 0.7438729334318392
78.0 0.2
78.5 1.0125592042002125
79.0 0.8598135312309261
79.5 0.7753868470504577
80.0 1.1786302271878126
80.5 1.109338543267573
81.0 0.9523139215698575
81.5 0.9439786246702901
82.0 0.7417095538925329
82.5 1.0867856315525186
83.0 0.7184808398862736
83.5 0.7536758521219595
84.0 0.8069603159332055
84.5 0.6314783547238316
85.0 0.9000956363834138
85.5 0.732971604728956
86.0 1.0042067109027037
86.5 0.8364434104525205
87.0 1.0038510237846439
87.5 0.8900583402322382
88.0 0.6524079025672
88.5 0.8197082644040279
89.0 0.7035680052367199
89.5 0.6594501346298268
90.0 1.4488742286630982
90.5 0.8238242742861244
91.0 0.5859808493978651
91.5 0.9807165764757393
92.0 0.8903165294471608
92.5 1.045890377338276
93.0 1.1296631923791625
93.5 1.0924307195861351
94.0 1.0164485773741483
94.5 0.9265562061572634
95.0 0.8183198323467014
95.5 0.5431309880822021
96.0 1.1526519843653398
96.5 1.1140613574607277
97.0 0.6384025409568996
97.5 1.0474864239403017
98.0 1.2117032211284
98.5 0.9859699968488047
99.0 0.7979421385305623
99.5 0.8455216330598296
100.0 0.8495430682545642
100.5 0.8432056246376012
101.0 1.1193256038679762
101.5 0.48408140889681556
102.0 0.8581110165552392
102.5 0.5540941706610396
103.0 0.9098887492962084
103.5 0.9265193139548025
104.0 0.9289358578202089
104.5 1.3092803850678962
105.0 0.9155852129816116
105.5 1.1735670194169925
106.0 0.9256432788345903
106.5 0.7172362421572778
107.0 0.892612181633023
107.5 0.7843696985555667
108.0 1.1566695021933593
108.5 1.1019099678534265
109.0 0.9271799895961479
109.5 0.3364732314829532
110.0 0.8584956651468574
110.5 1.108545345773789
111.0 0.9847863930219989
111.5 1.0950864705478105
112.0 1.158959211575837
112.5 0.9011761970576797
113.0 0.5873299827340718
113.5 0.9603340791343735
114.0 1.1818944133968248
114.5 1.3563383030677845
115.0 0.7389009174265166
115.5 0.9218659952231907
116.0 0.9082707403742205
116.5 0.6312732284609592
117.0 0.8075961805371599
117.5 0.2
118.0 0.8957851146725566
118.5 0.8205003295661903
119.0 0.36794439190012734
119.5 0.6143965683703442
120.0 0.9490997426193717
120.5 0.5117289020334838
121.0 0.3989210288005047
121.5 0.8734167069010934
122.0 0.6663046098532246
122.5 1.3065598600037363
123.0 1.104490400016925
123.5 1.1644735190557034
124.0 0.512235925549772
124.5 0.7717710739539207
125.0 0.7707111079059754
125.5 0.41254849236269214
126.0 0.9375247625781935
126.5 1.4316475549237049
127.0 0.7181634666324588
127.5 0.9653330651207417
128.0 0.9394997248951742
128.5 1.2557075587336135
129.0 0.9597269231948378
129.5 1.2735518503148977
130.0 0.8683184420351737
130.5 1.460603619708545
131.0 1.0346793937337724
131.5 0.8490792047162066
132.0 0.6073641527760938
132.5 0.6839063509948415
133.0 0.5900882687269356
133.5 0.9479551021205708
134.0 0.9454096173267503
134.5 1.1612122509236766
135.0 0.6694067172488729
135.5 0.5889502868420955
136.0 0.8017372807948191
136.5 0.8365889510875706
137.0 0.724149733450993
137.5 1.1826012849713365
138.0 0.8299790601484982
138.5 0.7529216673344217
139.0 0.7141969571043798
139.5 0.8164665911884915
140.0 0.8144049619571443
140.5 0.9338242498817106
141.0 1.21638985028308
141.5 0.9082330353842207
142.0 0.7306060648920689
142.5 0.7389673086760745
143.0 0.7272882945376455
143.5 0.7850334540510011
144.0 0.8919889313198182
144.5 0.6890693537654305
145.0 1.052804880416366
145.5 0.9038390766518869
146.0 0.5789796803778544
146.5 0.5424316834456947
147.0 0.8551126606589661
147.5 0.728148604205619
148.0 0.7445011373938422
148.5 1.0405139930265992
149.0 1.1183658888588028
149.5 0.8376129674131696
150.0 0.7410738599836574
150.5 0.7144235944270043
151.0 0.8512874848434462
151.5 1.126140208982328
152.0 0.5496274829656753
152.5 0.31215234790138874
153.0 0.9254576457936197
153.5 0.7445664634465895
154.0 0.6588754790386735
154.5 0.8547472918016166
155.0 0.8904933513911022
155.5 0.7452779137381417
156.0 0.49590162301442
156.5 1.0604650181073447
157.0 0.75435333106518
157.5 0.4534604657663482
158.0 0.7763670894768456
158.5 1.0718449733915816
159.0 0.9781777631123443
159.5 1.3450659860594973
160.0 0.9668750035196956
160.5 0.8025731596692949
161.0 0.6331248418771596
161.5 1.1191132479865353
162.0 0.6555015872872397
162.5 0.6974031929121267
163.0 1.0027541801139925
163.5 1.048585672643739
164.0 0.7404028296767888
164.5 1.1940771383725366
165.0 0.8406793138138631
165.5 1.0840229629337033
166.0 0.9353323208671251
166.5 1.1846619310825863
167.0 0.7606769693334811
167.5 0.559966301913018
168.0 0.9828356370153579
168.5 0.5886842442310053
169.0 0.9420166775977847
169.5 0.8544256731919019
170.0 0.9027189126863648
170.5 0.7392240923316276
171.0 0.8831326252797149
171.5 1.032350530913551
172.0 1.091296378950077
172.5 0.8721957266800173
173.0 0.9309731483902676
173.5 1.1482812434069534
174.0 0.6762684775373982
174.5 1.0156317970624298
175.0 0.30932432001829363
175.5 0.94964477981395
176.0 1.032610121523015
176.5 0.7767512531979304
177.0 0.7675136650579109
177.5 1.0616382743694392
178.0 0.9119928450758221
178.5 0.5038392175984706
179.0 1.0304539597244953
179.5 0.7970825275623579
180.0 0.655626297884706
180.5 0.5678515306474974
181.0 1.4403517154448513
181.5 0.8376854559016558
182.0 0.8779066635610286
182.5 0.9841259696810207
183.0 0.5130267610751545
183.5 0.9500807415355865
184.0 0.6705600477840528
184.5 0.9702881730008628
185.0 0.8914510397219195
185.5 0.6001797301388785
186.0 0.7695398950832033
186.5 1.179655261866242
187.0 1.3500460501998919
187.5 0.7322256754424272
188.0 0.750779317915458
188.5 1.1443952736169463
189.0 0.6823957589073542
189.5 0.9103282510849986
190.0 0.896641363288774
190.5 1.000727799782509
191.0 0.6228868131951633
191.5 1.4597745176911145
192.0 0.6712984676942817
192.5 0.681100554409105
193.0 0.8830674284679034
193.5 0.7266659713577235
194.0 0.9057208473636618
194.5 0.6437859047221217
195.0 1.070421321933289
195.5 0.5688387405063728
196.0 0.6382737156061209
196.5 1.0681879471940097
197.0 0.5135560067268463
197.5 0.7040023995256068
198.0 0.9667373737981824
198.5 0.9083038543322173
199.0 0.6569770468295588
199.5 0.9972716987564374
200.0 0.4973307958845153
200.5 1.210062565161279
201.0 0.741158144821555
201.5 0.9511900231198676
202.0 0.8478221532739225
202.5 0.8274319644909636
203.0 0.8131475024804924
203.5 0.640171166075153
204.0 0.5840952821123558
204.5 0.7049405456768686
205.0 0.5702681800313749
205.5 0.7205906303749916
206.0 0.9168037028838325
206.5 1.0710076761783196
207.0 0.821848077830458
207.5 0.9413083937273099
208.0 0.8962599090339243
208.5 0.931263108177455
209.0 0.7788370687934756
209.5 0.9525727153151371
210.0 0.6814719297485938
210.5 0.5873682175916539
211.0 0.8192431102476379
211.5 1.1835802727693316
212.0 0.9415683290975938
212.5 0.7483407624649432
213.0 1.1274483512631384
213.5 0.780451667965175
214.0 1.0242925245832017
214.5 1.429597777439343
215.0 0.9534539259901587
215.5 0.7188085960903878
216.0 0.5759964667013472
216.5 1.180139476535719
217.0 0.9985943668360191
217.5 1.2024311103805885
218.0 1.0297939130133231
218.5 0.8403247520086738
219.0 0.7125716512932667
219.5 0.40638797778069485
220.0 0.9485698064607686
220.5 0.8913130664197519
221.0 0.8515066241877869
221.5 0.6223448460870111
222.0 1.0764609703429981
222.5 0.6536829279703534
223.0 0.6385401194869268
223.5 0.8527732677207172
224.0 1.008455872272204
224.5 0.6616408940205574
225.0 1.1083308039323807
225.5 0.7717240136669608
226.0 1.2865573655274056
226.5 0.9386786753771681
227.0 0.6971807023944314
227.5 1.1381066610386807
228.0 0.790281896716452
228.5 0.7114852454047254
229.0 0.8035390134003704
229.5 0.7710186019554223
230.0 0.9447807472005731
230.5 1.3522485172113663
231.0 0.7887120070915539
231.5 0.5244312220682628
232.0 0.8713129711207046
232.5 0.7815110032523906
233.0 0.5618105885367493
233.5 0.8498782602147221
234.0 0.6153395387216745
234.5 1.1769035042695994
235.0 0.7553043672046654
235.5 1.0078528359092762
236.0 1.0224469684414523
236.5 0.7770810321106711
237.0 0.9815753388390316
237.5 0.71451497933098
238.0 0.5303278134590119
238.5 0.808605649883074
239.0 0.6435341689836396
239.5 0.5991652656891262
240.0 0.8627350745725604
240.5 0.7453978447005585
241.0 0.9998488539609314
241.5 0.8826775861526157
242.0 1.305535729675285
242.5 1.1324497842359693
243.0 0.5730271290429612
243.5 0.6801907340445652
244.0 0.9415462313188656
244.5 0.8101580079900479
245.0 0.5804957815136425
245.5 0.742528143404305
246.0 0.2895362425695069
246.5 1.086720744017164
247.0 1.363649841496984
247.5 0.5205957799840388
248.0 0.7282932643897848
248.5 1.015345591023555
249.0 0.7358366519439123
249.5 0.8615382093975514
250.0 0.794374236399193
250.5 0.8387486427626833
251.0 0.9590641187928712
251.5 0.9035997281145434
252.0 1.2085853066750252
252.5 0.917629664557317
253.0 1.2974395830348677
253.5 0.6871390983164447
254.0 0.9499506740362458
254.5 0.8504080757217471
255.0 0.6281758805086353
255.5 0.9443311615945387
256.0 0.7890075786129016
256.5 1.1090105245927262
257.0 0.7236364382357261
257.5 0.7370783338250235
258.0 0.7213940834070485
258.5 0.7205416705434835
259.0 0.8733942825406926
259.5 0.6561321823805961
260.0 0.818993736115394
260.5 0.5734202423776782
261.0 0.8378821687802103
261.5 0.776873798970211
262.0 0.6195050119211607
262.5 1.1720158990204599
263.0 0.8589823117503481
263.5 0.8617394845175308
264.0 0.3014071261217938
264.5 0.5991360230667121
265.0 0.9471305875818212
265.5 0.7890096609745749
266.0 0.8536488057509276
266.5 0.8321968325386893
267.0 0.8607737702651885
267.5 0.5878970320439472
268.0 0.8346394754782538
268.5 0.4875456268250988
269.0 0.5758973936134417
269.5 1.4315043302689152
270.0 1.0161611361083742
270.5 0.7171806752495813
271.0 1.1889733358595604
271.5 0.7111686520767833
272.0 0.8480307141194898
272.5 0.9810440935786053
273.0 1.4719027226312649
273.5 0.9092340561277787
274.0 0.8803179885813168
274.5 0.9815838932532412
275.0 0.8309932949085553
275.5 0.8956330093876093
276.0 0.8089659971249299
276.5 0.9443947167250812
277.0 0.5265344813571169
277.5 0.8321387169749758
278.0 0.8660655863954929
278.5 0.7689675264730362
279.0 0.6116288545245958
279.5 0.5141056768056427
280.0 0.8843557790450327
280.5 1.0156204876189527
281.0 0.6340731458600766
281.5 0.9222232469189282
282.0 0.6807725987190255
282.5 0.8578114153729718
283.0 0.9408343931735192
283.5 0.6544100132705946
284.0 0.7379696403651947
284.5 1.236165634491278
285.0 0.7359108367323846
285.5 0.9063814401006001
286.0 0.7137880676032138
286.5 0.5390329393194568
287.0 0.5708780452959701
287.5 0.5660693007462463
288.0 0.7431451124762696
288.5 0.7744146941932253
289.0 1.1831507010062412
289.5 0.7153801477925132
290.0 1.1279322142020476
290.5 1.0009868337942829
291.0 0.4830460624189755
291.5 0.7224530941054585
292.0 0.9151354636156612
292.5 1.4787433975626114
293.0 0.7082098949859442
293.5 1.0437882814432773
294.0 0.9123606506952395
294.5 0.8265595608535883
295.0 0.826235048166047
295.5 0.775826200870438
296.0 0.6986607042049837
296.5 0.8613940770452277
297.0 0.8829503172790163
297.5 0.9212683039592818
298.0 0.9223922197388821
298.5 0.7692454595241931
299.0 0.7094022138029695
299.5 0.7314423277265375
300.0 0.7662507941820271
300.5 0.7904969845436933
301.0 0.7819231936312339
301.5 1.062913992497984
302.0 0.6630049217030214
302.5 0.31764932215193414
303.0 0.7428813789614965
303.5 0.8953400178681159
304.0 0.6377679971905229
304.5 0.8431881769097982
305.0 0.8013207781169724
305.5 1.054205472670738
306.0 0.819548266166261
306.5 0.793776338972632
307.0 0.6055153606092663
307.5 0.9018605568813045
308.0 1.047010743607545
308.5 1.1169879401958096
309.0 1.0842937850259444
309.5 0.9355982888420105
310.0 0.7281248354633825
310.5 1.0658373427710015
311.0 0.9918035269663446
311.5 0.8110819750648965
312.0 0.595079302210976
312.5 0.6001772389659055
313.0 0.8881558800883764
313.5 0.7231675241955109
314.0 0.4698762938066485
314.5 0.737290882874942
315.0 0.8720409478370461
315.5 0.6125857490654645
316.0 0.6131976283492537
316.5 1.011014310241867
317.0 0.6599773760983245
317.5 0.6169088545940843
318.0 0.891153958415281
318.5 0.9705627812024684
319.0 0.7238174489831156
319.5 0.9279003367646235
320.0 0.9917443351560697
320.5 0.7043219705318486
321.0 0.567593762578517
321.5 0.9845372004951427
322.0 0.5640472873012314
322.5 0.5420976784239031
323.0 0.895516188686565
323.5 0.8913608689158885
324.0 1.2434263372353163
324.5 0.5847096178836741
325.0 0.9252742562208429
325.5 0.9442680690562103
326.0 0.8707456134044462
326.5 0.9502016803276363
327.0 1.1065114780766527
327.5 0.9710141143567368
328.0 0.8701345353807186
328.5 0.624742344368803
329.0 0.5507770369775791
329.5 0.7472579110993126
330.0 0.549095474087437
330.5 0.7826753196263869
331.0 0.6919473930392941
331.5 0.678079881160345
332.0 0.5903531213231776
332.5 0.7261461161594025
333.0 0.5553234891787293
333.5 0.949524725726558
334.0 0.7922935188339478
334.5 0.9267549041715737
335.0 1.103825528222985
335.5 0.5172960305479681
336.0 1.211735692485652
336.5 0.9184375558004989
337.0 0.6361416859760459
337.5 1.2066907992732994
338.0 0.8389298979168835
338.5 0.634088231971855
339.0 0.5114730989225752
339.5 0.8658957366051081
340.0 0.9377639963107935
340.5 0.972485094069049
341.0 0.7306653969757101
341.5 0.5572896513810714
342.0 0.9165313501946617
342.5 0.5340538792742808
343.0 1.0093650860093408
343.5 1.0637686410440166
344.0 0.9790657326561416
344.5 0.9076483161193247
345.0 0.6046656459093462
345.5 1.1034824077878618
346.0 1.4094225493372725
346.5 1.054895432308137
347.0 0.8638038544502937
347.5 0.44599940176120706
348.0 0.709147056553581
348.5 1.0112939376638266
349.0 0.851580641286777
349.5 0.2609983438010565
350.0 0.8042346189442218
350.5 0.903876178096602
351.0 1.0432415293845072
351.5 0.6201743040516589
352.0 1.1366531981070769
352.5 1.0151601748046972
353.0 1.1416778424368035
353.5 0.5610571835200397
354.0 0.7788621335562507
354.5 1.087471983461134
355.0 0.7131090117453859
355.5 0.664699538676834
356.0 0.7518856440714521
356.5 0.9529184024487909
357.0 1.078915147092584
357.5 0.7848451633439595
358.0 1.0204328011036952
358.5 0.36433192580416246
359.0 0.7519557713217213
359.5 0.7714604161396275
360.0 0.6912282597315937
360.5 1.0076798026175897
361.0 0.6909020572907449
361.5 1.0630027647123927
362.0 0.8904395651189803
362.5 1.3695476905856792
363.0 0.9513993034991963
363.5 0.8841853635682777
364.0 0.8751586784435001
364.5 0.8258064764043754
365.0 0.6078431251995455
365.5 0.9710367879880362
366.0 1.1399976765368327
366.5 0.7787498803838835
367.0 0.8358539122167066
367.5 1.2363692728868365
368.0 0.7429887826346215
368.5 0.5783675786040521
369.0 0.9145296661034303
369.5 0.946947600220928
370.0 1.3616449999479132
370.5 0.9426502156137266
371.0 0.8272224797301775
371.5 0.9140866468903242
372.0 0.8021677478510749
372.5 0.7563859934842618
373.0 0.8305771484604672
373.5 0.6096677760273393
374.0 0.665684717008712
374.5 0.924787961043481
375.0 0.7500284553656604
375.5 0.6490613200124378
376.0 0.7226009603316276
376.5 1.0854363684434183
377.0 0.9519185864911663
377.5 0.840969992570533
378.0 0.897396417923866
378.5 0.7222917059762515
379.0 0.9147760992507488
379.5 0.8574204538619632
380.0 0.8747091592310619
380.5 0.8012599777304892
381.0 1.153153600868566
381.5 1.1596171145057355
382.0 0.8415699384581775
382.5 1.1327165967989408
383.0 0.7009660865332263
383.5 0.8190525244141207
384.0 0.7849262414741651
384.5 0.751336247624866
385.0 0.5933146327752854
385.5 0.9301055572913735
386.0 1.137499864170094
386.5 1.0841372516840868
387.0 0.5732384126936507
387.5 0.5905036427831551
388.0 0.8399207614205121
388.5 0.5755625876889354
389.0 0.5567637232388466
389.5 1.1260001600769527
390.0 1.0189042287856929
390.5 1.0445410825717782
391.0 0.8020417222565241
391.5 1.1104834257878562
392.0 0.8779483729604203
392.5 0.7138577318922119
393.0 0.8177966319367511
393.5 0.47364471944998676
394.0 0.9354073541895567
394.5 0.598916498200128
395.0 0.7172696793464646
395.5 1.0037593786752326
396.0 0.9901904515009934
396.5 0.6953268780480588
397.0 0.6435351403635703
397.5 0.8580863399055754
398.0 0.9493531497622374
398.5 1.184466432188522
399.0 0.8525635867177865
399.5 1.1587713472905223
400.0 1.103687786855243
400.5 0.5929364181203856
401.0 0.5907190955767287
401.5 0.8169285077454203
402.0 0.7461304564626676
402.5 0.9469854544906147
403.0 0.948168493341242
403.5 0.7481788192322039
404.0 0.5880578720070052
404.5 0.6881900354355309
405.0 0.793601424530133
405.5 0.6912956569431565
406.0 0.36030528940092515
406.5 0.7089886320330997
407.0 0.8981493595564418
407.5 1.1648598672890529
408.0 1.0657092888514688
408.5 0.843840349718186
409.0 0.6017998279868217
409.5 0.44868370536131347
410.0 0.8288511276619508
410.5 0.7632697859419264
411.0 0.8152608931599494
411.5 1.2278353190610853
412.0 1.104695249231964
412.5 0.9421904202229812
413.0 0.926873595408716
413.5 0.8220089367423631
414.0 0.708003295501106
414.5 0.6424641256262884
415.0 1.136410033136683
415.5 0.6739839102519651
416.0 1.1067599962586987
416.5 0.4384471101652003
417.0 0.7494254618244001
417.5 0.7349305094685228
418.0 0.5342822788519461
418.5 0.8808846184495167
419.0 1.1885332780574713
419.5 1.2065536040984657
420.0 0.55901770198888
420.5 0.4598442172332458
421.0 1.0988824650835967
421.5 0.5015585453683749
422.0 0.694492358133399
422.5 1.2008317020867099
423.0 0.9191551047052271
423.5 0.5688392992636857
424.0 0.6124425587151443
424.5 1.0148605601992873
425.0 0.8437321968855638
425.5 0.9317492121010846
426.0 0.9176850941805943
426.5 0.5927652011949838
427.0 1.1539829485966935
427.5 0.4546091023580205
428.0 0.8578390566725713
428.5 0.8348717492945685
429.0 0.8754070050446909
429.5 1.085496358141995
430.0 0.6005304054509234
430.5 0.8360434155496894
431.0 0.7545394245822348
431.5 0.8547746587038496
432.0 0.8441317704994908
432.5 0.9017632812743415
433.0 0.9631064939493486
433.5 0.7434975952382165
434.0 0.8706183270582338
434.5 0.5569014732884435
435.0 0.8896311834289772
435.5 0.6194947939171365
436.0 0.8403450099084957
436.5 0.7235361433379894
437.0 0.9670782191632856
437.5 0.6588067643852606
438.0 1.2157229247834622
438.5 0.9209403314491346
439.0 0.5789226781695465
439.5 1.011252972993696
440.0 0.5295235690746873
440.5 1.1959633320338265
441.0 1.0764594037751758
441.5 0.8685470076203563
442.0 0.5956976717825613
442.5 0.832258490085017
443.0 0.8582666200661768
443.5 0.8038339108910912
444.0 0.6191163827128285
444.5 0.6683981408457513
445.0 0.200242133046783
445.5 0.415670649539343
446.0 0.9410023154563396
446.5 1.3315174348524872
447.0 0.9223119836773972
447.5 0.9309153816789599
448.0 0.6698724641837006
448.5 0.6895990251634607
449.0 0.8440850240712869
449.5 1.0279476766524023
450.0 0.6844353657529196
450.5 0.6157220744796483
451.0 0.6913974690237852
451.5 0.8813786748349373
452.0 0.7284608718807257
452.5 0.7136676553847718
453.0 0.6662177797601196
453.5 0.8657259453094781
454.0 0.9610390023517953
454.5 0.9263848610217984
455.0 0.8358389906102004
455.5 1.1655973043900227
456.0 1.496383013940058
456.5 0.9310444911360491
457.0 0.9001914960774597
457.5 1.3248782353457222
458.0 1.194248374023116
458.5 1.0019322171700318
459.0 0.5454190011366641
459.5 0.6924656103651975
460.0 1.033064153852729
460.5 0.7559428938141763
461.0 0.7465328633458799
461.5 0.8466943192187046
462.0 0.26886548497530277
462.5 0.7054236811024153
463.0 1.4356856355232412
463.5 0.6788603387393635
464.0 0.7520250255719614
464.5 0.7075970568626044
465.0 1.0173201680804902
465.5 1.1153135755364691
466.0 0.779158459445437
466.5 0.9080156293536936
467.0 0.5865292912914153
467.5 0.6264039435151358
468.0 0.9575908044107679
468.5 1.0248202655012504
469.0 1.062765102831194
469.5 0.6750639838935926
470.0 1.1616264320810625
470.5 1.4575610213950836
471.0 0.9011286182139762
471.5 0.9471276990441175
472.0 0.9481588973806439
472.5 0.48432856732627566
473.0 0.765213350491569
473.5 0.5520278420826965
474.0 1.185843584349704
474.5 1.143259361749076
475.0 1.1026928872976312
475.5 0.5590405235659883
476.0 1.099489835441915
476.5 0.8406971411979223
477.0 1.3001511585074303
477.5 1.1022669958158593
478.0 0.7662043024785282
478.5 0.8199874341123412
479.0 0.788752006568546
479.5 0.794616356448229
480.0 0.8772304510614355
480.5 0.9153853679569708
481.0 0.9179391206532157
481.5 0.6424865231413283
482.0 0.7520905123488117
482.5 0.9529851897921162
483.0 0.8833038760202891
483.5 0.9279077312094646
484.0 0.6984766064753685
484.5 0.6855398630186867
485.0 0.8294055099790985
485.5 0.950041582483929
486.0 0.986054156506734
486.5 0.794111940582114
487.0 0.7610544128597547
487.5 0.7529495399641304
488.0 1.1418333016386373
488.5 0.50526138219422
489.0 0.7135133311869788
489.5 0.8723142699318625
490.0 0.9002024240827862
490.5 0.9485498378962731
491.0 1.3820134237800947
491.5 1.0021660605611438
492.0 0.48604283771976386
492.5 0.9415652341862002
493.0 0.9726192410164395
493.5 1.560182622570261
494.0 0.8781494034960311
494.5 1.2900257999770686
495.0 0.8387635646298073
495.5 0.8934037478038772
496.0 0.8085257975707869
496.5 0.7480345624054321
497.0 1.1400989967127964
497.5 0.839249538562292
498.0 0.7470594835293127
498.5 0.9251179782209954
499.0 1.0022221811815102
499.5 0.6464458891235856
500.0 0.7898840081202574
500.5 1.0985629324857675
501.0 0.6977725050575758
501.5 0.6693984438863754
502.0 0.7907721384162589
502.5 1.177639135878905
503.0 0.7987166847882938
503.5 1.0584659802513627
504.0 0.6974731970776524
504.5 0.7223803343563742
505.0 0.8607118400027876
505.5 0.9406644892015594
506.0 0.9343526700672882
506.5 0.6931463989206802
507.0 0.9834279490351863
507.5 0.8558162036719137
508.0 0.6826446261146353
508.5 0.5968323714142125
509.0 0.6524138977641774
509.5 0.5108932886899276
510.0 0.5557402994618861
510.5 1.2479561342902974
511.0 0.650044979247439
511.5 1.0977972175871857
512.0 0.8023819211317691
512.5 0.8288199363974147
513.0 0.6495382217632786
513.5 0.8857221332069316
514.0 0.64977857786181
514.5 1.0083917805358225
515.0 1.0099746086347756
515.5 0.6250979903454321
516.0 0.8237935646848649
516.5 0.945633423900484
517.0 0.8130029757408099
517.5 0.9691426408036183
518.0 0.925896974776633
518.5 0.9806562039630042
519.0 1.1026205691084559
519.5 0.8588993146232122
520.0 0.6847861193505689
520.5 1.1175076915082012
521.0 0.8224378538863479
521.5 0.8660250369508555
522.0 0.7500074712384244
522.5 0.7118620639665538
523.0 0.5946212267656776
523.5 0.8900483497092471
524.0 1.450706715143212
524.5 0.7278175005087721
525.0 0.5870570211872068
525.5 1.107241699946804
526.0 0.6013839816842205
526.5 1.232933249950308
527.0 1.4914423669159296
527.5 0.896562731776354
528.0 0.7240685989387454
528.5 0.9123153671090767
529.0 0.49992824093928884
529.5 0.6954779383525315
530.0 1.2013195299975385
530.5 1.1403095393386442
531.0 0.6863138573330815
531.5 0.3694530998493895
532.0 0.8383788953567872
532.5 0.7232900475890379
533.0 0.7479206059479677
533.5 1.01903768332797
534.0 0.8672539777376977
534.5 1.167695195495263
535.0 0.761534164197714
535.5 1.0958766967416953
536.0 0.8385650410811538
536.5 0.797507088937047
537.0 0.9392319271066674
537.5 0.9625884570908763
538.0 0.8212877643845513
538.5 1.0368665795025684
539.0 1.3669341617089785
539.5 0.7651939650587101
540.0 0.700492355370453
540.5 1.5139928064498003
541.0 0.9330867963055434
541.5 1.207834715126596
542.0 0.8767821339986597
542.5 1.0096170997877714
543.0 0.8395238577205935
543.5 0.7653978712899756
544.0 1.0659330511579006
544.5 0.8565745780603988
545.0 0.7193081464308089
545.5 1.3382649549967034
546.0 0.7394624691156031
546.5 0.8800829328787045
547.0 0.6761093823791431
547.5 0.8705434731447799
548.0 0.612647864156705
548.5 1.070657019894733
549.0 0.4693265925904644
549.5 0.8468947878140274
550.0 1.010538052052788
550.5 0.5311073080834479
551.0 0.7850650097435756
551.5 0.6238634765254734
552.0 1.1753732557790075
552.5 0.6256463376270487
553.0 0.7750964077597107
553.5 0.5850144464343805
554.0 1.0463637489215172
554.5 0.8955264813469734
555.0 1.1744624091299039
555.5 1.464795987717255
556.0 0.9301152680883484
556.5 0.8171131751183869
557.0 0.7470018650310278
557.5 0.668511290515406
558.0 0.871781067738095
558.5 0.7408765763035827
559.0 1.208123932560619
559.5 0.6574724982564844
560.0 0.8017786237084668
560.5 0.6642083557954566
561.0 1.360280604133418
561.5 0.753026149430005
562.0 0.8364042340332303
562.5 0.7701421082543525
563.0 0.5056187806382608
563.5 0.8497944104436979
564.0 0.8502699959997337
564.5 0.7689079586523755
565.0 0.723303465307594
565.5 1.1633907273055768
566.0 0.7178850747885142
566.5 1.139831646238898
567.0 0.5752350924230817
567.5 0.5567063798796645
568.0 1.0515702540693848
568.5 0.9724711843061669
569.0 0.7746756941410451
569.5 1.052292652799357
570.0 0.5493177066496655
570.5 0.7892039639395185
571.0 0.7983346521051489
571.5 0.7656298118440714
572.0 0.9634400930360854
572.5 0.8455229030820279
573.0 0.6425526402969832
573.5 0.8467678177340945
574.0 0.9496312696695544
574.5 1.283596368554524
575.0 0.7961021904859965
575.5 0.676986167051969
576.0 0.8245624474253224
576.5 0.5044754501457756
577.0 0.511477278477454
577.5 0.984950285243464
578.0 0.769680246068815
578.5 1.4993348995451747
579.0 0.6282151901161984
579.5 0.8206778014823353
580.0 1.1285062337287661
580.5 0.9213857341367677
581.0 1.1926775157627418
581.5 1.1498866148019926
582.0 0.7201760756982697
582.5 0.8586334421695749
583.0 0.9053785260851699
583.5 0.5693620916037946
584.0 1.0967301249253583
584.5 1.1080140043834856
585.0 0.8258345399475695
585.5 0.839242371415515
586.0 0.6657210200209065
586.5 0.6941633320113509
587.0 0.6239593045882283
587.5 1.264373646986844
588.0 0.9698265283563563
588.5 1.2692474852209437
589.0 1.1037225957159864
589.5 0.9620240728133018
590.0 0.7737417820022305
590.5 0.6580073721698096
591.0 0.6693027552779933
591.5 0.8107664472069487
592.0 0.854359099602576
592.5 0.6648390644677297
593.0 0.6709680187884683
593.5 1.1966627079272925
594.0 0.8028994109167609
594.5 1.2711027710184692
595.0 1.034595020247729
595.5 1.1305487595453552
596.0 0.8620351545355129
596.5 0.7996353785219614
597.0 0.5923192916884656
597.5 0.6393202913599697
598.0 0.9314383250350207
598.5 1.0001666155180748
599.0 1.1824886111196042
599.5 0.8598283976243424
600.0 0.9655249916842503
600.5 0.5043278458969982
601.0 0.7014815173142461
601.5 0.9032042005561867
602.0 1.1105012149438764
602.5 0.99843420676865
603.0 0.6452499086577761
603.5 1.1265187208165486
604.0 0.7889200388495965
604.5 0.9185825748586725
605.0 0.9638384294314233
605.5 0.8048499849722012
606.0 0.9722456315827661
606.5 0.767296364335498
607.0 0.5432098481033201
607.5 0.6130992630900703
608.0 0.5924096594563861
608.5 0.9063447588032252
609.0 0.7310785049698332
609.5 0.9501305784911769
610.0 0.8707321421568668
610.5 0.8594248307748149
611.0 0.4927742372101267
611.5 0.6068865878450829
612.0 0.8358030041307443
612.5 0.6404289135361321
613.0 0.9676932703169667
613.5 0.9587057735035511
614.0 0.9629786599687251
614.5 1.0885504595635747
615.0 0.7597266660625719
615.5 0.6514104587048204
616.0 1.0645231944990767
616.5 1.2884100979282755
617.0 1.1438670259592039
617.5 0.6605444609994534
618.0 0.9540626118608564
618.5 1.5132406595835868
619.0 0.6498260842341186
619.5 0.24643499601873958
620.0 0.9983088327194318
620.5 0.9525760632388727
621.0 0.9966295334622362
621.5 0.5003649506452525
622.0 1.1340694879039293
622.5 1.0843034408483192
623.0 0.6824640099758776
623.5 0.7821183073774942
624.0 0.8241701198010798
624.5 0.8103251457559622
625.0 1.2393673991262417
625.5 0.8192167760735645
626.0 0.4914058259788934
626.5 1.408722847962219
627.0 0.8882071715816906
627.5 0.6200207722967235
628.0 0.6769189361271954
628.5 0.7999445705017394
629.0 0.7690020427847648
629.5 0.49613655868060724
630.0 0.7806190224269999
630.5 0.8329665456585325
631.0 0.9859310209685739
631.5 1.0150801380247554
632.0 0.9063769217673638
632.5 0.4849188135001844
633.0 0.9099730249402651
633.5 0.8851846970705706
634.0 0.8419581701864594
634.5 1.0717654882403942
635.0 0.6923107489520779
635.5 0.7622507662096103
636.0 0.9298965647522262
636.5 0.9651259854298269
637.0 0.6565561837509618
637.5 1.0403886285457613
638.0 0.7432484636421646
638.5 0.8683716532661165
639.0 0.7150334793004918
639.5 1.0139943864694252
640.0 0.6374013096673123
640.5 1.330850494396388
641.0 0.7375431249262714
641.5 0.9097306894859502
642.0 0.8940707136736534
642.5 1.3674013808864296
643.0 0.7371330201472373
643.5 0.7689022296262651
644.0 0.530557396077981
644.5 1.167966585517281
645.0 0.9474814155155615
645.5 0.8067762885105976
646.0 0.9305555710588502
646.5 0.4773928135990498
647.0 0.8653690636335363
647.5 1.1096667794315387
648.0 1.231840190317535
648.5 0.9884105160035717
649.0 0.9086828296806206
649.5 0.8335954077762633
650.0 1.1044636129739716
650.5 0.88847292963231
651.0 0.42241707868333506
651.5 0.6219923596757079
652.0 1.2614145686641123
652.5 0.8149795581473049
653.0 0.9340826776632285
653.5 0.811580658300977
654.0 0.8819796033027842
654.5 0.6202565895559785
655.0 0.6681872579416603
655.5 0.8508203857664351
656.0 0.8457376792215663
656.5 0.7097740237528434
657.0 0.7502114693444455
657.5 1.0326235656848164
658.0 0.7957665373667993
658.5 0.6682123122122035
659.0 1.0712538387381205
659.5 0.6009891235333107
660.0 0.9199131700268441
660.5 0.9523817282046163
661.0 0.7791193186758076
661.5 0.5665872186293686
662.0 0.8483678149631139
662.5 0.797520076850968
663.0 1.1403667283183083
663.5 1.0954330091707702
664.0 0.9646786030995491
664.5 0.5799603056818063
665.0 0.44580755627088275
665.5 0.9251639520338208
666.0 0.47656604466083413
666.5 0.7418625753594664
667.0 0.7645609704123917
667.5 0.7773796002080176
668.0 0.6650024534310028
668.5 0.5381086237137803
669.0 0.7215655025205014
669.5 1.1463459895741392
670.0 1.104447149214652
670.5 0.7907730824689263
671.0 0.9703230386486141
671.5 0.765624359341181
672.0 0.8016068616657983
672.5 0.7982499451152294
673.0 0.7046390005968969
673.5 0.9348858482384506
674.0 1.0270112654150256
674.5 0.7461953739424256
675.0 1.06915852033222
675.5 0.8480409235644467
676.0 0.5338209898895347
676.5 1.0815345890644243
677.0 0.957854735323763
677.5 0.8548570837518645
678.0 0.6063236198602093
678.5 1.4035562925253402
679.0 0.852309961503
679.5 0.7999844354184931
680.0 0.5252940142998772
680.5 0.6100627549697858
681.0 0.7340229518896829
681.5 0.7907107431328204
682.0 0.7106362138506307
682.5 0.5151412607611838
683.0 0.6249655039996205
683.5 0.8424112540644986
684.0 0.9278332145328407
684.5 0.7297103365137657
685.0 0.7790977747375214
685.5 0.8551676703150082
686.0 0.974849427815738
686.5 1.336809241602431
687.0 0.6143555876998197
687.5 1.1446006712118515
688.0 0.9852604141052654
688.5 0.8729565298713369
689.0 1.3265075312563122
689.5 0.9863425747741286
690.0 0.9533846977170661
690.5 0.7285531788959936
691.0 0.7560705582564489
691.5 0.48056496274371235
692.0 1.1786708070458778
692.5 0.6163915471208408
693.0 0.735870638493537
693.5 0.7156459311028258
694.0 0.7648412667049562
694.5 0.5927698204394196
695.0 0.7793871285331215
695.5 0.8580128147428941
696.0 0.4231066389512589
696.5 0.7935910692297432
697.0 0.7215986751812633
697.5 1.0046938255142759
698.0 1.1250465048341007
698.5 1.2109439307390937
699.0 0.2
699.5 0.6970750828292951
700.0 1.0576775755271774
700.5 0.78494725593829
701.0 1.0557645721304594
701.5 1.0167507177025366
702.0 0.8952667876466657
702.5 0.8678060891136137
703.0 0.6486198424802211
703.5 0.6958960221277501
704.0 0.9364224621173343
704.5 1.2180409719927054
705.0 1.0073777743891665
705.5 0.8761590175804821
706.0 0.8802795769772909
706.5 0.7061885458553254
707.0 0.5317808972871934
707.5 1.2681380545955383
708.0 0.6896205395480708
708.5 0.6842052250575656
709.0 1.091191448376793
709.5 1.2414780214431866
710.0 0.8686151571915699
710.5 0.9375225095886119
711.0 0.587075093053429
711.5 1.1358492695236189
712.0 0.8905770171844813
712.5 0.6565556699929593
713.0 0.6948710161296192
713.5 0.9752113253237598
714.0 0.6464071902036208
714.5 0.6566467840809541
715.0 0.8815588257425195
715.5 1.532949671663048
716.0 1.208272660992821
716.5 0.5377534282275431
717.0 0.7464662690039584
717.5 0.8690111858349334
718.0 0.6821965731216301
718.5 0.7491908466742303
719.0 0.917809187760712
719.5 0.8952628526398569
720.0 0.9437483010805172
720.5 0.7598903795880156
721.0 0.6655820087753321
721.5 1.1929395646718302
722.0 1.034486068252368
722.5 0.8885189396869322
723.0 0.6906260621544729
723.5 0.7860348544487619
724.0 1.0866350626163088
724.5 1.13935310144075
725.0 1.2559914191741115
725.5 1.0117803028340688
726.0 0.9579952147182449
726.5 0.8766217718163457
727.0 0.7879709199023297
727.5 0.7376619936093649
728.0 0.6596599778381245
728.5 0.6858685139397246
729.0 0.9374321353107444
729.5 0.8357414149288449
730.0 0.6577971958496649
730.5 0.641317394650921
731.0 0.6813185940145096
731.5 1.1373731418367805
732.0 0.8138060967247625
732.5 0.5585867941714131
733.0 0.8167019833133122
733.5 0.6947384223065982
734.0 0.9140582278584508
734.5 0.5890066736893791
735.0 0.7126428669286937
735.5 1.0607065788370138
736.0 0.6129333473846369
736.5 0.6771837443699907
737.0 0.8988888404204491
737.5 1.0057765958110099
738.0 1.0622410111338974
738.5 0.7988898249841763
739.0 0.7913545011498162
739.5 0.8694259769640067
740.0 0.6910243610416811
740.5 0.4961301133418787
741.0 0.6606062021642848
741.5 0.5415862663626936
742.0 1.2686047307400197
742.5 0.6660121020559413
743.0 0.8721193486461762
743.5 0.9263272231378594
744.0 0.8790610810602506
744.5 1.0216745094060056
745.0 0.4298679389668886
745.5 0.6489050007344963
746.0 1.0285951437808825
746.5 0.6489050677101076
747.0 0.44677575203811704
747.5 0.8340116382244078
748.0 0.7060719875769748
748.5 0.7186345377342069
749.0 1.0211820110102434
749.5 0.587959165899409
750.0 0.8711043171748654
750.5 0.5773763260892193
751.0 1.0425121422575818
751.5 1.140746817065109
752.0 0.8404886322930747
752.5 0.6159564209287082
753.0 0.6787162589043053
753.5 0.6258765161199122
754.0 0.8562106855084786
754.5 0.7700150320658932
755.0 1.1679150800101923
755.5 0.874844480747877
756.0 0.8429299031853585
756.5 1.138904392234301
757.0 1.0326190769229513
757.5 1.2670043211781339
758.0 0.6306082570991747
758.5 0.7055082950434906
759.0 0.8156956197591081
759.5 1.1800240964037163
760.0 0.9076962480273858
760.5 0.9376988643532118
761.0 0.7177419198255839
761.5 1.0030399911008387
762.0 0.5722426972762693
762.5 0.8829172548001571
763.0 1.1301628564964528
763.5 0.5512273237582284
764.0 0.8291371323530747
764.5 0.6603573539159062
765.0 1.1793042703412882
765.5 1.3494516026538095
766.0 0.6221878571217039
766.5 0.630123628064323
767.0 0.883856526665219
767.5 1.4936128188797662
768.0 0.6990286877642826
768.5 1.2415528508643268
769.0 0.8402001058513409
769.5 1.4410224541918242
770.0 0.8433658204042895
770.5 0.9996258635902655
771.0 0.8360879285760565
771.5 0.8969468385200321
772.0 0.7417892601312099
772.5 0.6233312493165903
773.0 0.6338699463924107
773.5 0.8971765486866452
774.0 0.8900794714621525
774.5 0.918754624923485
775.0 0.96400119814009
775.5 0.6023267506553778
776.0 0.8947439947505034
776.5 1.031960164088755
777.0 0.6005713097900656
777.5 0.7562937893339181
778.0 0.6158892023195711
778.5 0.7092142452415258
779.0 0.6723690737202408
779.5 0.758117274047967
780.0 0.2
780.5 0.9202161967191205
781.0 0.8854841821642232
781.5 1.130607900383934
782.0 0.8295419566858262
782.5 0.7492320449962782
783.0 0.8625463641287967
783.5 0.8709879366318436
784.0 1.0057770890061508
784.5 0.5849252361857334
785.0 0.8786940646875134
785.5 0.8357669924263873
786.0 0.8016548887458427
786.5 0.7130217982013028
787.0 0.6793170645887934
787.5 0.6044323387963666
788.0 0.43589417206185643
788.5 1.2357308134123808
789.0 0.9823964927046096
789.5 1.1802777824369002
790.0 0.877140741583163
790.5 0.6962323982698693
791.0 0.6027695756525691
791.5 0.8534567657402956
792.0 1.0370693164502103
792.5 0.620615660172628
793.0 1.1910078394262562
793.5 0.6840331687975805
794.0 0.7652531606673023
794.5 0.6843582680423035
795.0 0.8455965238969303
795.5 0.7409159544212149
796.0 0.8481557369632722
796.5 0.7435921009356925
797.0 0.8978785690301807
797.5 1.7490671043795114
798.0 0.5330193626910906
798.5 0.6247328087740578
799.0 0.6756230112381605
799.5 0.7162037349636412
800.0 0.9023205700485109
800.5 0.7880711652800156
801.0 0.6412511035646271
801.5 0.4827203179663412
802.0 0.9921617592579701
802.5 0.536566286905472
803.0 0.9362240339558952
803.5 0.7958505059162972
804.0 0.7408113239033155
804.5 1.3365510611298004
805.0 1.1065974032575312
805.5 0.9311341118713374
806.0 0.6170120301196675
806.5 0.7375426087934156
807.0 0.8436068399175798
807.5 0.8624361091761357
808.0 0.6684439228516718
808.5 0.428373626141813
809.0 0.822046460975278
809.5 0.5711581067396648
810.0 0.49293629648738957
810.5 0.8622749240596668
811.0 1.2153655605901577
811.5 0.6516459775421268
812.0 0.8194017273639707
812.5 0.8268969582140417
813.0 0.7163323329280744
813.5 1.0618212491425882
814.0 0.920124288727592
814.5 0.8018969811997085
815.0 0.8557373318705793
815.5 0.5177896419174498
816.0 0.7140534297645755
816.5 0.7022141504469299
817.0 0.7924098014049399
817.5 0.6262029006633537
818.0 0.9101255163195185
818.5 0.7959411574786335
819.0 0.6307882399834834
819.5 0.7497225190215842
820.0 0.8010971446604134
820.5 0.6708517616785417
821.0 0.8749767123072616
821.5 0.9545281968125885
822.0 0.913886955375131
822.5 1.1109836616112208
823.0 1.3622432594540597
823.5 0.6532365506790057
824.0 1.1983525564718984
824.5 0.7910475428298877
825.0 1.1037698188249891
825.5 0.7986860146012422
826.0 1.0576637065467367
826.5 0.3465484767212543
827.0 0.8426002396867853
827.5 0.7240920213086484
828.0 0.6335788850844952
828.5 1.038130353586165
829.0 1.2695470844496872
829.5 1.1755425014573155
830.0 1.0289926055705785
830.5 0.6165666056775807
831.0 1.1050087484277098
831.5 0.641416015965629
832.0 1.132385821637229
832.5 1.0270602915458167
833.0 0.7197387308175407
833.5 0.9547707078898426
834.0 0.6112105740113674
834.5 0.7050913441026968
835.0 1.3042648189202923
835.5 1.085279055680328
836.0 0.5926584511353177
836.5 0.666034047071536
837.0 1.2184406184925054
837.5 0.6289327414233443
838.0 0.7921037057259244
838.5 0.6735201786325815
839.0 0.7988426478180868
839.5 0.7001872365051989
840.0 1.4809767983364428
840.5 0.6169332391671751
841.0 0.6835184701887369
841.5 0.6737318969557335
842.0 0.8951547960020998
842.5 0.7950831172944044
843.0 0.49954139839785067
843.5 0.5023447531552299
844.0 1.0913265751479642
844.5 0.9714437106871878
845.0 0.7119499128369309
845.5 1.0462090306102414
846.0 1.162634526665805
846.5 0.804189039355262
847.0 0.742158691678257
847.5 0.5308004333497525
848.0 0.7068524680506285
848.5 0.8590468166101102
849.0 1.0731409059035089
849.5 0.34943231413835213
850.0 0.7977741129976532
850.5 1.0852344847558868
851.0 0.7649340998481948
851.5 0.8060066288604926
852.0 0.6668456931541431
852.5 1.1521874169112796
853.0 1.6764245026485776
853.5 0.6387657834274434
854.0 0.3560314188124923
854.5 0.8447062593586481
855.0 0.7238255785021653
855.5 0.9761181963926193
856.0 0.7211262612117442
856.5 0.6974148246122245
857.0 1.4663613363275936
857.5 0.6922774201375403
858.0 0.5454541519468418
858.5 1.1020228311218754
859.0 0.964142940739902
859.5 0.36726380583219775
860.0 0.9354622479357313
860.5 1.1919336741031392
861.0 0.6447781023837759
861.5 0.9192816753689104
862.0 0.7632814570273244
862.5 0.7441771391779517
863.0 0.829724285823942
863.5 1.0229611355443673
864.0 0.6325330768756392
864.5 0.7511425180232949
865.0 0.4700292862100463
865.5 0.7541991106382597
866.0 0.8510611032250199
866.5 0.8436382155907536
867.0 0.8108309194507628
867.5 0.9464278252558418
868.0 1.4886145285779027
868.5 0.8874342401563924
869.0 1.0721828809566594
869.5 1.1571609657657689
870.0 0.9605568558516888
870.5 0.8518277449634395
871.0 0.5830775350763993
871.5 0.7839884661506333
872.0 0.8319761154167551
872.5 0.7884218493910138
873.0 0.8463085986498227
873.5 0.8245624743159528
874.0 1.3340460188977588
874.5 0.8605071999615779
875.0 0.7317271719935398
875.5 0.7475410107888996
876.0 0.6881573460428536
876.5 0.8234407098600409
877.0 0.8208942688854397
877.5 0.6790109137463738
878.0 1.3193724067572967
878.5 0.8214199009580896
879.0 0.9310358854744585
879.5 0.463329143005829
880.0 0.6128452135599054
880.5 0.9708160020664149
881.0 0.9480606602223268
881.5 1.2365898635607326
882.0 1.4049907881585113
882.5 0.8915554648760309
883.0 0.7258399969751588
883.5 0.5389708357006171
884.0 0.7581655812382502
884.5 0.5838208737051394
885.0 0.8699465939004167
885.5 1.0189692104878303
886.0 1.0242853211335214
886.5 0.8663301129231586
887.0 1.0060470667074384
887.5 0.96451284189779
888.0 0.9864502064052221
888.5 0.4505970709455053
889.0 0.9678443473842604
889.5 0.78973212830621
890.0 0.7849632306495751
890.5 0.6548957339232138
891.0 0.9127933632916692
891.5 1.2099882035828673
892.0 1.1908392372497363
892.5 0.44178895755582465
893.0 0.5246073418746574
893.5 0.8299012994231467
894.0 0.7834609121048359
894.5 0.6127467540101401
895.0 0.4673696672310736
895.5 0.8357933235748456
896.0 1.0352162138675578
896.5 0.7971673414912439
897.0 0.5196357646978003
897.5 0.7908763406801822
898.0 0.7992060930804692
898.5 0.8742543056130103
899.0 0.6772511140169233
899.5 0.685173140960704
900.0 1.0129482794279905
900.5 0.7557064160586402
901.0 0.9212653610630512
901.5 0.5448120928863325
902.0 0.9129081104939774
902.5 1.0183887266717557
903.0 0.9236412624225008
903.5 0.6778903143855375
904.0 0.6821843479391674
904.5 0.6632879854442537
905.0 0.6948826884488271
905.5 0.9571856893129274
906.0 0.6246926453284061
906.5 0.8986906705276148
907.0 1.1077818504952952
907.5 0.5802542636368042
908.0 1.097996672914328
908.5 0.9532161470979983
909.0 0.7021691058787962
909.5 0.8249588705290032
910.0 1.0322421935901265
910.5 0.9639603984767982
911.0 0.5048746290429913
911.5 0.616312017124274
912.0 0.7994853120537566
912.5 0.8040506006272717
913.0 0.5297249644443187
913.5 0.6198510884232431
914.0 0.6981190544114191
914.5 0.8267322980065754
915.0 0.7832989288315042
915.5 0.5392112085642407
916.0 1.1264744946026828
916.5 0.9221013968352059
917.0 1.0564692698984253
917.5 1.2928367712833688
918.0 0.8296073269846034
918.5 0.7594972070704777
919.0 0.8712309132040768
919.5 0.8866131373351671
920.0 1.147880994574227
920.5 0.6716087012401976
921.0 0.8714441046057344
921.5 1.0101718035376723
922.0 0.9365605102901713
922.5 0.8252580298336518
923.0 0.6656169745358784
923.5 0.5271635140706542
924.0 1.0316498699412904
924.5 0.6639970766993382
925.0 0.5888636089135824
925.5 1.1214706281557316
926.0 0.9078510596008178
926.5 0.7018150838395205
927.0 1.2151765019860163
927.5 1.0049499280509457
928.0 0.5535786539388248
928.5 1.0037914917693882
929.0 1.0250241518761558
929.5 0.9253993097490048
930.0 0.8987080521996362
930.5 0.32451756340105703
931.0 0.9591158115186482
931.5 0.7895828914067672
932.0 0.42896881361059597
932.5 0.7349849099019266
933.0 0.8560045968620065
933.5 0.790114571225788
934.0 0.7873429933773639
934.5 1.1852769991472054
935.0 0.770802783095504
935.5 0.3976363857412306
936.0 0.8730395725533453
936.5 0.9476155259743693
937.0 1.2986284351730464
937.5 0.7105200902631599
938.0 0.8088103953566647
938.5 0.7422981670930509
939.0 0.7301107896066474
939.5 0.8622586259020002
940.0 0.8399862371514628
940.5 0.6047146196833841
941.0 0.8841087566072492
941.5 0.7992840032546171
942.0 0.7547379861021506
942.5 0.878754916902277
943.0 0.6272074688272152
943.5 1.288896129937774
944.0 0.7192969010939172
944.5 0.7328510548337402
945.0 0.8322920197580961
945.5 1.083207974852469
946.0 0.7771477523693697
946.5 1.131472616145511
947.0 0.863333244945574
947.5 0.7837463894720487
948.0 0.7624602308690442
948.5 0.6975902683527171
949.0 0.7987766057642895
949.5 0.8280420525227155
950.0 0.7071205734870862
950.5 0.751504441744042
951.0 1.0175202582819982
951.5 0.6517593513519042
952.0 1.0823631618117153
952.5 1.2322262708145377
953.0 0.7218142630653421
953.5 1.5272722720228196
954.0 0.8813691068895431
954.5 0.4759943417197119
955.0 0.5997735278141028
955.5 0.7814376421954874
956.0 0.7567149984564743
956.5 0.788062822655565
957.0 0.5115714529872153
957.5 1.2632065330435416
958.0 0.9143132906890223
958.5 0.8556370143253764
959.0 0.9190950563863745
959.5 0.7640222121922495
960.0 0.6751844511862706
960.5 0.847728821596629
961.0 0.9847060090840607
961.5 0.4740629204948673
962.0 1.7843789256821834
962.5 0.5894424321067316
963.0 0.6202176686833144
963.5 0.5961498950714397
964.0 0.5330146964909731
964.5 1.0254596349336056
965.0 1.4235823215156318
965.5 0.8565112844709872
966.0 0.7706754735094616
966.5 0.54808324308446
967.0 0.9281059363188098
967.5 0.9719601954106285
968.0 0.7798340220766782
968.5 0.7516279048005328
969.0 0.7534414013409847
969.5 0.8404293049936307
970.0 0.7559515433585289
970.5 0.8968863125258368
971.0 0.8898847561412355
971.5 0.5349808327208061
972.0 0.7170491820335079
972.5 0.8582722444736237
973.0 0.9326760111589785
973.5 0.9415126456894645
974.0 0.7565435092489139
974.5 0.9436804131796941
975.0 1.2700978551246531
975.5 0.7769636145049029
976.0 0.7151867156713732
976.5 0.6251465052418852
977.0 0.7040767101729668
977.5 0.6645035106106658
978.0 0.9362004116149059
978.5 0.8483227468491592
979.0 1.2720638515165659
979.5 0.6769874005994487
980.0 0.9419821446975294
980.5 0.7936357831426899
981.0 0.793626123614636
981.5 0.9803742050138073
982.0 0.7771664388532915
982.5 0.987557955692068
983.0 1.3113068001246817
983.5 0.8370077619921799
984.0 1.2106004404588109
984.5 0.9931136964473017
985.0 1.2023431185036062
985.5 1.216170749444996
986.0 0.39874022526231706
986.5 0.8035336629328129
987.0 0.6552276330671363
987.5 1.250351829591691
988.0 0.9831630058173997
988.5 0.7794653985856648
989.0 1.021856149149713
989.5 0.504763987361236
990.0 0.7922944169073345
990.5 0.9581223850326974
991.0 0.7391748400531717
991.5 0.622949575494385
992.0 0.8293288892118176
992.5 1.2400935035572107
993.0 0.9605494453412955
993.5 0.488533782595348
994.0 0.8519084743710026
994.5 0.5881223225756642
995.0 1.0717074345071287
995.5 0.600018043799948
996.0 0.5973915344246279
996.5 0.7600756386284093
997.0 0.9829768134832362
997.5 1.0552216679072193
998.0 0.6383693018922991
998.5 1.4124437827463214
999.0 0.8516430419688098
999.5 0.8111929415874268
1000.0 0.5410308711380494
1000.5 0.9109270546432966
1001.0 0.7804187477432147
1001.5 0.6299999730547237
1002.0 0.6110450627012369
1002.5 0.835532463696292
1003.0 0.6009175040466506
1003.5 1.06223026628092
1004.0 0.7122415273346338
1004.5 0.8243515305662893
1005.0 0.8484105260969683
1005.5 0.6863231471802953
1006.0 1.3191593195300342
1006.5 0.5868795329911103
1007.0 0.5261723616538014
1007.5 0.787150273857493
1008.0 0.546827836311852
1008.5 1.1328627941756682
1009.0 0.836280353734987
1009.5 0.6332757378603403
1010.0 1.212606078796298
1010.5 0.5763268943232668
1011.0 0.9208774683232077
1011.5 0.7625671554062381
1012.0 0.9623201541853725
1012.5 0.5536727109355275
1013.0 0.8696528404936932
1013.5 0.667134682021379
1014.0 0.6948335719060892
1014.5 0.6850476440724893
1015.0 0.8448158935484198
1015.5 0.6456920357668909
1016.0 1.4276119525148598
1016.5 0.8096039764687326
1017.0 0.6369432165529766
1017.5 0.6931652386556488
1018.0 1.0193893935957885
1018.5 0.45398218189660855
1019.0 1.2858338270161123
1019.5 0.8007889784443916
1020.0 0.7426956941235903
1020.5 0.9311299976798808
1021.0 1.1353605370128865
1021.5 0.9802190927138115
1022.0 0.7521836130252527
1022.5 1.1019222298988214
1023.0 0.9537887104900022
1023.5 0.5435157648257719
1024.0 1.155783387441103
1024.5 0.6629659815461988
1025.0 0.848035106306896
1025.5 0.8889259450079341
1026.0 0.7290459454422975
1026.5 0.7745853153858959
1027.0 0.7207572452298538
1027.5 1.0459884067485514
1028.0 0.7468935339573277
1028.5 1.1612305735190256
1029.0 0.9687074770841695
1029.5 0.7590573253315831
1030.0 0.5592726621672242
1030.5 0.801517187061827
1031.0 0.6879520773576313
1031.5 0.8744677372942813
1032.0 1.0338854921056408
1032.5 0.690084262752984
1033.0 0.6724331529443637
1033.5 0.2971391002079395
1034.0 0.5123554942393064
1034.5 1.0933151851985603
1035.0 0.9304333102499704
1035.5 0.32341509131739216
1036.0 0.7065464939407129
1036.5 0.7466304077327501
1037.0 0.8361652566217699
1037.5 0.8796816664148384
1038.0 0.9592874691980418
1038.5 0.8380850181797224
1039.0 0.953650391327628
1039.5 0.7145686167559127
1040.0 0.6914146080883756
1040.5 0.8728933651935009
1041.0 0.9963645209305843
1041.5 1.451609966826422
1042.0 1.3420508401860058
1042.5 0.6896759260237016
1043.0 1.0334142935427384
1043.5 0.9732315701298615
1044.0 0.6394187317578861
1044.5 0.7459343888827249
1045.0 1.0567421339524405
1045.5 0.8679505010715998
1046.0 0.93674369365911
1046.5 0.8563162622239876
1047.0 0.7421859032803169
1047.5 0.6681241880993807
1048.0 1.256806302810537
1048.5 1.0925028734437732
1049.0 0.672053701010614
1049.5 0.47503003165659974
1050.0 0.4514047367948046
1050.5 0.8716568514406837
1051.0 0.7494844698282581
1051.5 0.5585048665997052
1052.0 0.7106026474254981
1052.5 0.6521920707490851
1053.0 0.6276646233341419
1053.5 0.49552309944153305
1054.0 0.7089106498550846
1054.5 0.7360262860002773
1055.0 0.5764975722919479
1055.5 0.6775470946331962
1056.0 0.7797623285858553
1056.5 0.9122621060696079
1057.0 0.7959268768804406
1057.5 0.9007347921854967
1058.0 1.2783582849539188
1058.5 0.971729478993298
1059.0 0.8612219587253473
1059.5 0.8000491482151564
1060.0 0.7031981834905798
1060.5 0.7541815646089569
1061.0 0.9451766458237665
1061.5 0.6030278670740237
1062.0 0.698362395941371
1062.5 0.7475167517236274
1063.0 1.0436382772051103
1063.5 1.539092241885596
1064.0 0.5159884875545979
1064.5 0.9651350250149036
1065.0 0.7775269673943672
1065.5 0.5986051267541894
1066.0 1.306369625167523
1066.5 0.9100536107354855
1067.0 0.9779257853860088
1067.5 0.7133825431599901
1068.0 0.8556767018078391
1068.5 0.8649065030840712
1069.0 0.8649187097556768
1069.5 1.0282100119866924
1070.0 0.9447580851983481
1070.5 0.8485040058994611
1071.0 0.9394596835802151
1071.5 0.7820136771460677
1072.0 0.7648142517201272
1072.5 0.6614785137322772
1073.0 0.5080899777201942
1073.5 1.2436567345620326
1074.0 0.6399409479508187
1074.5 0.7096619308985344
1075.0 0.7814801824926141
1075.5 0.8268028289506835
1076.0 1.1921812204732125
1076.5 0.8805504416990904
1077.0 0.5212409950615381
1077.5 0.6111055071188918
1078.0 0.6285215853096177
1078.5 0.8960506509278807
1079.0 0.8126973556933523
1079.5 1.135627603371313
1080.0 0.7781347776101013
1080.5 0.7905651919180106
1081.0 0.9325431156477081
1081.5 0.7604168039590652
1082.0 1.18756021600851
1082.5 0.6062946381003258
1083.0 1.1430365846999233
1083.5 0.2814692747246437
1084.0 0.5059062257520777
1084.5 0.8403747373216675
1085.0 0.5579900744588683
1085.5 0.9240726416817604
1086.0 0.7994835338425719
1086.5 1.2250806967655494
1087.0 1.0760115117121636
1087.5 0.9539178356399182
1088.0 0.6574997430179568
1088.5 0.6677313569397259
1089.0 1.2651990801916806
1089.5 1.0268517363059693
1090.0 0.5138099281332766
1090.5 1.1096442241799902
1091.0 1.0790115033924177
1091.5 0.6646611404322371
1092.0 0.5494911935553142
1092.5 0.798265568893596
1093.0 0.3711661533506762
1093.5 0.7623770773869711
1094.0 0.6877569462876639
1094.5 1.1073610979810986
1095.0 1.0726793896472886
1095.5 0.8068031704717803
1096.0 0.9209687686068635
1096.5 0.9241769607501014
1097.0 0.44322837610065274
1097.5 0.2
1098.0 1.0984289111492893
1098.5 1.1229399926185244
1099.0 0.9063089799362529
1099.5 0.8263133833209646
1100.0 1.0185531821820144
1100.5 0.8419069589362467
1101.0 1.0618955969925508
1101.5 1.1349708836435115
1102.0 1.1568111314182634
1102.5 1.0232810985869432
1103.0 0.6160263119352918
1103.5 0.8094536121415963
1104.0 0.5338865892000502
1104.5 1.0371830443489949
1105.0 0.8867661691342965
1105.5 0.7609043319594602
1106.0 0.8019757912614403
1106.5 0.7720883557478146
1107.0 0.9670176177920293
1107.5 0.7260568938928671
1108.0 0.9047897710613055
1108.5 0.875464396286896
1109.0 0.7510871307002744
1109.5 0.655817322247437
1110.0 0.8863340197645342
1110.5 0.528077402183813
1111.0 0.7862108273921107
1111.5 0.7421961953505236
1112.0 0.6694393929516494
1112.5 0.8356931166515666
1113.0 0.7064311052154378
1113.5 0.6463052886564831
1114.0 0.623207697934325
1114.5 0.9073944972865073
1115.0 0.8001729355837239
1115.5 1.1815053731083485
1116.0 0.9396419844274144
1116.5 0.6336989665370435
1117.0 0.9772010591859577
1117.5 0.6574729561004244
1118.0 0.6758219232148923
1118.5 1.2646716964688418
1119.0 1.3153102274756105
1119.5 0.8661682544847458
1120.0 0.6893329156044161
1120.5 0.7369579804185917
1121.0 0.9443078138303516
1121.5 0.45776686763564534
1122.0 0.5804647821249791
1122.5 1.0653487545765747
1123.0 1.0875124063735384
1123.5 0.6536738622517344
1124.0 0.8535330762506321
1124.5 0.9584425685963422
1125.0 1.133580373587352
1125.5 1.1503079726930894
1126.0 1.2390324256896015
1126.5 0.6957300421544812
1127.0 0.8067162956254084
1127.5 0.6852550231780201
1128.0 0.4931017091662573
1128.5 1.0007609271049913
1129.0 0.6190301022555915
1129.5 0.7433848568053897
1130.0 0.39986411718435705
1130.5 0.8595064619564905
1131.0 0.7824303879296024
1131.5 0.9107340825650219
1132.0 1.6205304066959652
1132.5 0.6271256594915148
1133.0 0.9538848410242347
1133.5 0.6314865293861001
1134.0 0.9425555468395563
1134.5 1.0249728507919678
1135.0 1.019551677982473
1135.5 1.2510130455043855
1136.0 0.7963702061768108
1136.5 1.0423674750709326
1137.0 0.765514569402652
1137.5 0.754650853104275
1138.0 0.7093927819572856
1138.5 0.701131777691919
1139.0 0.7352580681076062
1139.5 0.9475187997909544
1140.0 1.0034030980555224
1140.5 0.6627539614963567
1141.0 1.1885222446796178
1141.5 0.5828979812678816
1142.0 0.6062753927667317
1142.5 0.8493690555333554
1143.0 1.406050623601131
1143.5 0.6989458276278557
1144.0 0.45297391306690177
1144.5 0.9132845446978186
1145.0 0.7783598171728778
1145.5 0.8398534233926063
1146.0 0.7981700021891696
1146.5 0.49503791838348915
1147.0 1.1001715151540143
1147.5 0.6802953933207592
1148.0 0.7214260870686255
1148.5 1.076813509805342
1149.0 1.5290276801833262
1149.5 0.794552256039651
1150.0 1.470289977460223
1150.5 0.6710443901125605
1151.0 0.8741497841437393
1151.5 1.01942004044009
1152.0 0.824906574695195
1152.5 0.8043131772296783
1153.0 1.1080870840318267
1153.5 1.1743594790962077
1154.0 0.7159481373569347
1154.5 0.5131520353970356
1155.0 0.8432718811314814
1155.5 0.8228577743053631
1156.0 0.9076598517813681
1156.5 0.5847161588494663
1157.0 1.1264067568541027
1157.5 0.6586942056932588
1158.0 0.570737538957456
1158.5 0.6393610294340135
1159.0 0.6044065742576721
1159.5 0.9210004553421718
1160.0 0.9221602217144076
1160.5 0.9243481053540084
1161.0 0.8252742988677749
1161.5 0.6521568992832313
1162.0 1.0298668004579468
1162.5 0.815671982935118
1163.0 0.9081524671517358
1163.5 1.0387711229976562
1164.0 0.966584875108194
1164.5 0.9744929596689267
1165.0 0.8470726238278332
1165.5 0.8883146880575439
1166.0 0.8192019501600614
1166.5 0.8657949694117587
1167.0 0.5816502760890201
1167.5 0.7359051793925215
1168.0 0.733040335888407
1168.5 0.8809724856223766
1169.0 0.6233145021095643
1169.5 0.7670906280815004
1170.0 0.7212424989308552
1170.5 0.5458147513032903
1171.0 0.9534374818670877
1171.5 0.8106864495005219
1172.0 0.632038520344897
1172.5 1.1281228016279996
1173.0 1.0269294861482932
1173.5 1.030576563128522
1174.0 0.5450627383759481
1174.5 0.9643831696989429
1175.0 1.0923822148015876
1175.5 0.6466576534631039
1176.0 1.3313041301902495
1176.5 1.0252655025840265
1177.0 0.7986489652061022
1177.5 0.7858562194013574
1178.0 0.5657649014600499
1178.5 0.7063794853493097
1179.0 0.5847667910367835
1179.5 1.0212208783170946
1180.0 1.055653386232013
1180.5 1.1316813690102363
1181.0 1.0739575284285052
1181.5 1.0834747705068801
1182.0 0.603162790439656
1182.5 0.8450345620739608
1183.0 1.1447811724001222
1183.5 1.061170224024988
1184.0 0.91646450723581
1184.5 0.5813239274188988
1185.0 0.9168822224388566
1185.5 0.4519916244870729
1186.0 0.8890353502838905
1186.5 1.439623654775398
1187.0 0.9923046050817192
1187.5 0.5414254045838511
1188.0 0.8555206708819809
1188.5 0.8754174341975502
1189.0 0.7287674774453174
1189.5 0.8282578936063822
1190.0 0.9767745272681603
1190.5 0.980628295885571
1191.0 0.915624306335076
1191.5 1.0192739424054107
1192.0 0.8301099391472235
1192.5 0.6627794088702825
1193.0 0.5668509936265458
1193.5 0.8224245392978231
1194.0 0.6249249488160429
1194.5 0.8825007843124821
1195.0 1.4003455877273465
1195.5 0.8561045125270292
1196.0 0.7542076379092151
1196.5 0.94152228864839
1197.0 0.5289331019402292
1197.5 0.6412902835382079
1198.0 1.056437895622035
1198.5 1.2975716701361657
1199.0 1.0106530525078543
1199.5 0.8257722234122404
1200.0 0.7212183424804589
1200.5 0.662580512388423
1201.0 1.13298226190497
1201.5 0.729681544645471
1202.0 1.4640339237497053
1202.5 0.6509237575295144
1203.0 0.5182019129865695
1203.5 0.9809676636864209
1204.0 1.4336416822372335
1204.5 0.9910612689912149
1205.0 0.8896528546961848
1205.5 0.8474059459458702
1206.0 0.7289838745092647
1206.5 0.9143577106165872
1207.0 0.8978743017147697
1207.5 0.6133589835882054
1208.0 0.9872884090678311
1208.5 1.0570925480659037
1209.0 0.7181603527943066
1209.5 1.1954966005624978
1210.0 0.6410915673398803
1210.5 0.8272631297093614
1211.0 0.7897729991882745
1211.5 1.0283224368032373
1212.0 0.6661394765460094
1212.5 0.6895345034794308
1213.0 0.5657765580616103
1213.5 0.5590643016310313
1214.0 0.8313995071964688
1214.5 0.5625572123160187
1215.0 0.6133265967787513
1215.5 0.8226737079668864
1216.0 1.1808224716245377
1216.5 0.6540505606670861
1217.0 0.8823762578614716
1217.5 0.41056306231025563
1218.0 0.7602457267886427
1218.5 0.6555169827772152
1219.0 0.7057462695895695
1219.5 0.8588934232575548
1220.0 1.0168344944579546
1220.5 0.9615205563169078
1221.0 1.0814783809676347
1221.5 0.9612608105382576
1222.0 0.7618758748835643
1222.5 0.8962642216805679
1223.0 1.327618218616108
1223.5 0.8713775626515299
1224.0 0.8888306346035131
1224.5 0.542167950676256
1225.0 1.1664269187355918
1225.5 0.9926259696222584
1226.0 0.993786247018573
1226.5 0.777574035484045
1227.0 1.1753968849452328
1227.5 0.9023534267979014
1228.0 1.298904335531763
1228.5 0.8228546377481456
1229.0 1.023930848407407
1229.5 0.7826201841326126
1230.0 1.0666192244028943
1230.5 0.5550332769832789
1231.0 0.9038650112498934
1231.5 0.7819943813919816
1232.0 0.6653507026572623
1232.5 0.6278803516970903
1233.0 0.9354552315507814
1233.5 0.8455799099990564
1234.0 0.9060606056438658
1234.5 1.0863864162099812
1235.0 1.007556968385876
1235.5 0.7806978723512232
1236.0 0.8358680284911726
1236.5 0.6546558151351215
1237.0 0.7600294892483983
1237.5 0.69668344044352
1238.0 1.1373573907456624
1238.5 0.9684274972922604
1239.0 0.8307556122580897
1239.5 0.7490462057903844
1240.0 0.9578966185825486
1240.5 1.347638237626959
1241.0 1.1175278970631257
1241.5 0.7572369785272985
1242.0 1.0834199818189667
1242.5 0.6901562976119108
1243.0 0.8584724972678704
1243.5 0.5624856414365248
1244.0 1.1124472057071135
1244.5 0.6267971750267628
1245.0 0.8846960866911866
1245.5 0.7402432199139557
1246.0 0.6958255960744799
1246.5 1.382789660238396
1247.0 0.820304782521385
1247.5 1.0020092504667353
1248.0 0.9313101335813325
1248.5 0.6955698664484886
1249.0 1.3136399470735252
1249.5 1.1395405516711268
1250.0 0.8414143859619101
1250.5 0.860663446559519
1251.0 1.191303677869641
1251.5 0.8943949663294704
1252.0 0.7202906290086142
1252.5 0.8110739703960697
1253.0 1.0884159479681306
1253.5 0.9013503592941288
1254.0 0.9439830665403177
1254.5 0.7340604979271974
1255.0 0.8014335822420757
1255.5 0.6314140912662625
1256.0 0.6492664834448356
1256.5 1.1243840918214836
1257.0 0.7417072820029804
1257.5 0.7717452199847175
1258.0 0.985969423744991
1258.5 0.6054244962412405
1259.0 0.5173467902872533
1259.5 0.860884345904124
1260.0 0.6497613403435034
1260.5 0.46389832695411287
1261.0 1.317951656259652
1261.5 0.9964390310611257
1262.0 0.5636641424561628
1262.5 0.8646390790529808
1263.0 0.4484078978931613
1263.5 0.6759486749207513
1264.0 1.0729023064918577
1264.5 0.6554516885054766
1265.0 0.7859421789870962
1265.5 0.9101165968865506
1266.0 1.1466580193702511
1266.5 1.1966399541453485
1267.0 0.7508163752695773
1267.5 0.7060021925359266
1268.0 0.6074008002684088
1268.5 0.7410218291786816
1269.0 0.6791820423181802
1269.5 1.17148997881632
1270.0 0.6664623636841611
1270.5 1.159845466190912
1271.0 0.734405423255805
1271.5 0.7387483920077067
1272.0 0.6930708952005475
1272.5 0.7510573696004548
1273.0 1.0555049495917956
1273.5 0.8786705503641841
1274.0 0.7920546504813626
1274.5 0.9732136998449177
1275.0 1.0048480606437427
1275.5 0.6969011144289723
1276.0 0.5576739854484787
1276.5 1.2116366023919747
1277.0 0.6343638674411948
1277.5 0.8582150007845051
1278.0 1.0061313392120161
1278.5 1.0566701829389047
1279.0 0.8561797771150552
1279.5 1.0256574425529312
1280.0 0.4559757366540372
1280.5 0.8416307185240477
1281.0 1.2937210116093618
1281.5 0.6336487141763791
1282.0 0.6787818155552658
1282.5 0.6502600911111621
1283.0 0.8521996142186015
1283.5 0.9543975735952603
1284.0 1.156328483884471
1284.5 0.7084592001090744
1285.0 1.0535336071922723
1285.5 0.9147763206620597
1286.0 0.5211717837893104
1286.5 0.9975414125838273
1287.0 0.7300264314391859
1287.5 1.1110073994239187
1288.0 1.080923497929485
1288.5 0.8233314774398918
1289.0 0.7324516155203864
1289.5 0.6507125952785731
1290.0 0.4834787536215583
1290.5 1.0476273953457884
1291.0 0.7556880359920246
1291.5 0.6044426850014656
1292.0 0.6256673121524428
1292.5 0.9276889748446417
1293.0 1.0732817626916427
1293.5 0.6343808875978654
1294.0 1.122455042751769
1294.5 0.6820403888412583
1295.0 0.7116820393023124
1295.5 1.4498858942074664
1296.0 0.7380093885722242
1296.5 0.44272812604483114
1297.0 0.5885949099042346
1297.5 1.2788265424731466
1298.0 0.49155668472281594
1298.5 0.7586659550240444
1299.0 1.1831179204065538
1299.5 0.23322539934731273
1300.0 0.8302875811246602
1300.5 1.2192827799248152
1301.0 0.6172485452152889
1301.5 0.7602637168887962
1302.0 0.7854061633267344
1302.5 1.051592787836518
1303.0 0.95632474967087
1303.5 0.6926598619370626
1304.0 0.6683006777842413
1304.5 0.6346490124409514
1305.0 0.3888910015490039
1305.5 0.6221881993601897
1306.0 0.6748630180569395
1306.5 1.3648912789159073
1307.0 0.9698528463566378
1307.5 1.5042722621343283
1308.0 0.8316537892896401
1308.5 0.7202651119266932
1309.0 0.9428578218167343
1309.5 1.348119822549004
1310.0 0.7813877375448075
1310.5 1.1818935516247782
1311.0 1.0942258292940494
1311.5 1.1820629261258417
1312.0 1.0332436379563066
1312.5 0.7123322860728276
1313.0 0.778566187012036
1313.5 0.6289302881678205
1314.0 0.8770460490385079
1314.5 1.080653578928916
1315.0 0.9374483423437527
1315.5 0.7716122410341071
1316.0 0.8470452952509235
1316.5 0.8675222425729081
1317.0 0.823925025206552
1317.5 0.48744139385754404
1318.0 0.6886315089986794
1318.5 1.122913827601463
1319.0 0.741305058189244
1319.5 0.9527960532411497
1320.0 0.7286915005607248
1320.5 0.6742015863923163
1321.0 1.0723388882234057
1321.5 1.319803521921181
1322.0 0.7995296905839275
1322.5 0.6929863267923231
1323.0 0.8833665346043935
1323.5 1.096797847724365
1324.0 0.7191972205156294
1324.5 0.7899099648515817
1325.0 0.6418629321618408
1325.5 0.4997976269748825
1326.0 1.3613896632339826
1326.5 1.0795111217108235
1327.0 0.6680018643902708
1327.5 0.5101739857020555
1328.0 0.4717077837457666
1328.5 0.7457336026506893
1329.0 1.1902303992992447
1329.5 0.7443911416666698
1330.0 1.3576769526655488
1330.5 0.7165943098467026
1331.0 0.40448754349246124
1331.5 0.634729034737304
1332.0 1.0005952794834185
1332.5 0.6242668628863337
1333.0 0.7926682807688712
1333.5 0.7926837314755242
1334.0 1.0000168074150826
1334.5 0.6282216129859046
1335.0 0.7147729337306856
1335.5 0.5619831869873607
1336.0 0.8473777536097074
1336.5 0.829055626003746
1337.0 0.5686290424361724
1337.5 0.8575620604517811
1338.0 0.9190153440929274
1338.5 0.7061763083061643
1339.0 0.6730796023588963
1339.5 0.5119681037787479
1340.0 1.0162625890869488
1340.5 0.7653828379353733
1341.0 0.867385025958832
1341.5 0.7940144121125174
1342.0 0.5611364771394165
1342.5 0.8566460805595466
1343.0 1.0155063175003076
1343.5 0.6357113839620848
1344.0 0.7573531157512426
1344.5 0.9683110554975045
1345.0 0.7133455363104105
1345.5 0.7768227784647799
1346.0 1.0018598928496818
1346.5 0.9639453032483083
1347.0 0.8400046424280723
1347.5 0.8037229137015083
1348.0 0.9516540708136221
1348.5 0.7620778109061114
1349.0 0.9398384936756146
1349.5 0.6497864677669593
1350.0 1.1402942803781375
1350.5 1.1351127870019753
1351.0 0.7770172613531321
1351.5 0.7995687979036017
1352.0 1.0454445256981102
1352.5 1.3288596457876691
1353.0 1.0558654329699484
1353.5 0.7463831722352701
1354.0 0.7772439851783027
1354.5 0.9008739975803586
1355.0 1.111322817456386
1355.5 0.6193961132304315
1356.0 0.7924243617308435
1356.5 0.642064439328174
1357.0 1.1442328564876492
1357.5 0.6534199180679781
1358.0 1.2960267393197429
1358.5 1.0443714040270653
1359.0 1.2232970838132837
1359.5 1.0119018717123105
1360.0 0.8741298693475932
1360.5 0.7249022237338358
1361.0 1.3394532180352152
1361.5 0.8753174162644846
1362.0 1.3051870910547503
1362.5 0.7719016295283505
1363.0 1.229281989173911
1363.5 0.8673007762309863
1364.0 0.8531964154823903
1364.5 1.142446849443503
1365.0 1.328086819333013
1365.5 0.7201980760338391
1366.0 1.212907621794467
1366.5 0.9994278622510584
1367.0 0.8566001671084048
1367.5 0.7229438089283282
1368.0 0.9918241854547829
1368.5 1.2193784696158356
1369.0 1.5133228865308985
1369.5 0.996238371385451
1370.0 0.7313466242054271
1370.5 0.7267748665691273
1371.0 0.7725589621302345
1371.5 0.5999019330089022
1372.0 0.9612735839959965
1372.5 1.0702268369895311
1373.0 1.0204740636335603
1373.5 0.8415138576388488
1374.0 0.6698037937804838
1374.5 1.0432565889172418
1375.0 0.7138734887969985
1375.5 0.9362696716837282
1376.0 0.9224971923699437
1376.5 0.9406223995897041
1377.0 0.9387181837364456
1377.5 0.7345405459247372
1378.0 0.9224650675178514
1378.5 0.6323216206700832
1379.0 1.3718757393587822
1379.5 1.5558691165649101
1380.0 0.501525769599402
1380.5 0.4637365520058187
1381.0 0.6971158542204887
1381.5 0.6632593304948652
1382.0 0.9610519027097979
1382.5 0.8030467684055369
1383.0 1.08522300890843
1383.5 0.44932059038800193
1384.0 0.8785905764965924
1384.5 0.6072293431253355
1385.0 1.0056797835931561
1385.5 0.9758311094858088
1386.0 1.012721224219345
1386.5 0.9067864649638095
1387.0 0.8787913941004253
1387.5 0.6886681662045206
1388.0 0.35292222786444966
1388.5 1.0308314103266476
1389.0 0.8603701342490107
1389.5 0.6714069470295918
1390.0 0.7687623101846532
1390.5 0.8955755626261173
1391.0 1.3282169609497356
1391.5 0.9899339708941048
1392.0 0.5830763790803863
1392.5 0.5861991028292441
1393.0 0.7547295270542382
1393.5 0.7658785087051527
1394.0 0.9026046800608305
1394.5 0.827185278798874
1395.0 0.8529773596372446
1395.5 1.0370642568910453
1396.0 1.138431632485362
1396.5 1.9029325780279265
1397.0 1.0366063132124557
1397.5 0.714428780186096
1398.0 1.2659658131335736
1398.5 0.968682775601128
1399.0 0.707666954820457
1399.5 1.112247271545061
1400.0 1.126828495988668
1400.5 0.9714079597707452
1401.0 0.5423115701498241
1401.5 0.7184186494323652
1402.0 0.654783301908311
1402.5 0.5188507067933912
1403.0 0.2997479282480034
1403.5 0.759852042996159
1404.0 0.9579060690669903
1404.5 1.0341182936648035
1405.0 1.0289506629983785
1405.5 0.9581440026528047
1406.0 0.6811306376425161
1406.5 0.7861444522056642
1407.0 0.6905476440608478
1407.5 1.2583580684621807
1408.0 0.9038373755640847
1408.5 1.1130622488981738
1409.0 0.9084021089864749
1409.5 0.6116143892189017
1410.0 1.2078963093252997
1410.5 0.8306606275328169
1411.0 0.8897951282047647
1411.5 1.1928478610449318
1412.0 0.9455835746204244
1412.5 0.7466281099514258
1413.0 1.0728564367637154
1413.5 0.6911473277421578
1414.0 0.6130908812518572
1414.5 0.7056085686348763
1415.0 0.9973140947206827
1415.5 0.5942008075002476
1416.0 0.9194342036871741
1416.5 0.8996905179855923
1417.0 0.5978255358356493
1417.5 1.1360940213640747
1418.0 0.8421047765689353
1418.5 0.7054981802159435
1419.0 0.7608611015070195
1419.5 0.7710267470105705
1420.0 1.086650960550555
1420.5 0.8635568159195668
1421.0 0.8339934546581584
1421.5 0.8574770384075072
1422.0 0.6617463286958297
1422.5 0.4713921895583351
1423.0 0.904953842722154
1423.5 0.8065282876746434
1424.0 0.4752942496184582
1424.5 0.9718937444622753
1425.0 0.9703934086954364
1425.5 0.5235079054384659
1426.0 1.2559078264290007
1426.5 1.0145643250786756
1427.0 1.003530978886975
1427.5 0.9522793164143729
1428.0 1.0655106738461364
1428.5 0.8879679510085889
1429.0 0.8365222949261797
1429.5 1.2299140600113831
1430.0 0.5352306803369238
1430.5 0.8165266115112361
1431.0 0.8630601598053109
1431.5 0.42912640224603077
1432.0 0.7541881017208327
1432.5 1.0336369794646896
1433.0 0.6958604481480515
1433.5 0.5261432087231637
1434.0 0.6936238982350658
1434.5 0.9222313649802143
1435.0 1.0718192309106593
1435.5 0.5236096951685776
1436.0 0.5467318306434765
1436.5 0.4835316288784432
1437.0 0.833475650877054
1437.5 1.459329520913786
1438.0 1.1098141066095801
1438.5 1.012320769131
1439.0 0.7677987323644921
1439.5 0.9588361563978414
