0 0.543858467076543
0.5 0.9302457627623837
1.0 0.5461438563962739
1.5 0.9267488556305865
2.0 0.5483870893780709
2.5 0.815408608529749
3.0 0.7979048375027824
3.5 1.3279111049974173
4.0 1.0271519687635775
4.5 0.8806906229124842
5.0 0.8168360105731298
5.5 0.6974858443975744
6.0 0.7033780042611198
6.5 1.1659055361583093
7.0 0.7645782532571361
7.5 0.9125656526000256
8.0 1.09149502047916
8.5 0.68773775043405
9.0 1.0538562467699526
9.5 0.9661939464811133
10.0 0.9392078254381622
10.5 1.1017789157000872
11.0 0.5774108713912058
11.5 0.9394220516133682
12.0 1.1856204912199022
12.5 0.6890415344196212
13.0 0.7031070083550137
13.5 0.7686434468613293
14.0 0.8663525786333806
14.5 0.6020629981962018
15.0 0.8153079782190695
15.5 0.7226453596862608
16.0 0.4700612526367437
16.5 0.8879422723263868
17.0 0.9948319248746569
17.5 0.7527785455976668
18.0 0.41519661109122596
18.5 0.9010884840839661
19.0 0.8349505150767629
19.5 0.4285557687488833
20.0 0.5557979382522691
20.5 1.2012781612479124
21.0 0.6108072174163048
21.5 0.7756493021931403
22.0 1.5643638909928907
22.5 0.9745842567616552
23.0 0.8420027837357653
23.5 0.9148026084570664
24.0 0.8616113379388743
24.5 0.7539140109289014
25.0 0.6496371849254193
25.5 0.8148019338965913
26.0 0.515800356450141
26.5 0.6993542039594727
27.0 0.9341382810678516
27.5 0.8696444866619042
28.0 0.7026398727657817
28.5 0.8031100137755185
29.0 0.6210647058762657
29.5 0.6895792969880021
30.0 0.9362569242072296
30.5 0.83439410375192
31.0 0.6694935266379529
31.5 0.8058872140599131
32.0 0.8133547801591474
32.5 0.9181046912167374
33.0 1.1157829908747907
33.5 1.399882272366133
34.0 0.503807131004135
34.5 1.1541443807877736
35.0 1.152995284772316
35.5 1.037153900299551
36.0 0.7077616968055653
36.5 1.1824197895625699
37.0 0.8704765581709473
37.5 0.7416171864301155
38.0 1.06419142153944
38.5 0.75565421087746
39.0 0.6402631483648489
39.5 1.0741477425183898
40.0 1.0568741768316288
40.5 0.9196545817807705
41.0 0.685414160244106
41.5 0.5326714974368949
42.0 0.2941149917440499
42.5 0.5460924793561177
43.0 0.997136918450245
43.5 0.578245663580654
44.0 0.8813303218361567
44.5 0.729413185291202
45.0 0.8369758057010919
45.5 0.4742469401056231
46.0 0.642514667825399
46.5 1.0238995393358725
47.0 0.9579372850662603
47.5 0.7821289452240341
48.0 1.1917726271067008
48.5 0.922637000144736
49.0 0.9514108858866097
49.5 0.6369895314653587
50.0 0.7897540449764894
50.5 0.9378005264299021
51.0 0.8905801383651542
51.5 1.3354774160470118
52.0 0.6882453458249479
52.5 0.959654640783844
53.0 0.7347632133993949
53.5 0.6766543167222394
54.0 0.4749082258127911
54.5 0.9733613561950447
55.0 0.9732870757882959
55.5 0.8528636189679755
56.0 0.9627086181934079
56.5 0.47281135374126937
57.0 1.2581185407325841
57.5 1.4693413035495926
58.0 0.9620313222734098
58.5 0.6912071613920661
59.0 0.8905921303352187
59.5 0.9334670020736786
60.0 0.7190833430542292
60.5 0.7933035152322181
61.0 0.28226008238656536
61.5 0.869638460189172
62.0 0.8476777158532558
62.5 0.8981737563252763
63.0 0.8764816735080443
63.5 0.6153696920198313
64.0 0.5795993519181812
64.5 0.8244248625227881
65.0 0.9366342426537384
65.5 0.9093998209857488
66.0 0.6110125017347188
66.5 0.7320279231684608
67.0 0.5575934280309532
67.5 0.8241828667564024
68.0 0.8037209555716773
68.5 0.6793981760872709
69.0 0.7710849450107342
69.5 1.1181875109274262
70.0 1.1163852290760112
70.5 0.7721019611712996
71.0 0.8244888430999908
71.5 0.7140984026714446
72.0 0.6002369050728673
72.5 0.7374540238672249
73.0 0.8263876148737455
73.5 1.1899590792951469
74.0 0.963022639169159
74.5 1.1647881482886338
75.0 0.9887859642636807
75.5 0.26175204688296067
76.0 1.1024545453213008
76.5 0.9468572807894924
77.0 1.0439140867309757
77.5 0.9651698931464525
78.0 0.6354639970142333
78.5 0.9035263857012543
79.0 0.7437030414136285
79.5 0.9465533289273345
80.0 0.7890655680235037
80.5 0.6445707064450115
81.0 0.6674641279123172
81.5 0.7596651014670395
82.0 0.5829438019383144
82.5 1.0597586526069063
83.0 0.7682901711252017
83.5 0.6963600938080612
84.0 1.4073912440667171
84.5 1.0558191502903866
85.0 0.8617128410874391
85.5 0.5118974566677965
86.0 1.052170204451228
86.5 1.0544307435288505
87.0 0.5615400326448394
87.5 0.7430145254257363
88.0 1.503121463546038
88.5 0.7247012819480099
89.0 0.6412508978854184
89.5 1.2848388798694599
90.0 1.161662326093801
90.5 1.339502827112068
91.0 1.0126138890894794
91.5 1.100519571670342
92.0 0.6295303277488018
92.5 1.1120029005010568
93.0 1.1311385432481065
93.5 1.0211971266585678
94.0 1.084356985395068
94.5 0.940768650096784
95.0 0.557164782795828
95.5 0.4776516641301723
96.0 0.6971504754756104
96.5 0.8349127276733115
97.0 1.2348803937648543
97.5 0.8554831971716481
98.0 0.6179671805110951
98.5 0.994502553647179
99.0 0.6819932114259679
99.5 1.1244520258906445
100.0 0.77113525046993
100.5 0.889154071456937
101.0 0.858509369332267
101.5 1.2108484513223436
102.0 0.8675833942589015
102.5 0.69930197239647
103.0 1.1067053325431733
103.5 1.0441582396492823
104.0 1.0539530377490678
104.5 0.8582034809945074
105.0 0.5948607870801138
105.5 0.7961273381046476
106.0 0.8450532265620738
106.5 0.8468210161227248
107.0 0.9515557811251136
107.5 0.7625144476229215
108.0 0.9426822395339238
108.5 1.070050398030332
109.0 1.1469815632460134
109.5 0.8447960557523049
110.0 1.0116639207745608
110.5 0.6143629375187136
111.0 1.3553268478521558
111.5 0.9511904582154058
112.0 0.9123461802100903
112.5 1.0351725098646665
113.0 0.6886021168076455
113.5 1.2617780923440733
114.0 1.1277493874916833
114.5 0.8715981935046979
115.0 0.9564356232257274
115.5 1.2804643030251632
116.0 0.6120881332421235
116.5 1.1540316467174296
117.0 0.7625552607267103
117.5 0.858629109137621
118.0 0.7002851540047538
118.5 1.1444055318471942
119.0 1.1070517337715582
119.5 0.6748062876462881
120.0 0.9897613938140848
120.5 0.6951857953815743
121.0 1.1324649437125984
121.5 0.7806988255183325
122.0 0.68116740499217
122.5 1.2474101260408286
123.0 0.8704206480587386
123.5 0.6991522960148788
124.0 0.6912102984993138
124.5 0.6690535556915791
125.0 0.7839819683825016
125.5 0.8489375159592756
126.0 1.0415281895375759
126.5 0.9022851354143853
127.0 0.5411103065662394
127.5 0.6028228602650225
128.0 0.5941403378951846
128.5 0.40946739549481875
129.0 0.8366036353678998
129.5 0.9042653746846083
130.0 0.28485127061176657
130.5 0.5484586024135583
131.0 1.012155712238334
131.5 0.7374567880819052
132.0 0.54120130858835
132.5 0.9713109383487415
133.0 0.6879512745063199
133.5 0.6736737817650118
134.0 0.9147666012842898
134.5 0.41840670292652543
135.0 1.0306282034692784
135.5 1.1311955477037965
136.0 0.962355325372676
136.5 0.5295803674352593
137.0 0.9356634525594223
137.5 0.9688897312439897
138.0 0.7573049031841722
138.5 0.7093034489145951
139.0 0.6820022036853667
139.5 0.8297491425591317
140.0 0.5496002208505046
140.5 0.8692890078833582
141.0 0.9825439405906644
141.5 0.41818694785254695
142.0 1.225461102908446
142.5 0.7042148806901607
143.0 1.0774318903385398
143.5 0.906007906702611
144.0 0.9016123555153694
144.5 0.6859168820775863
145.0 0.9215499392601827
145.5 1.137160683664566
146.0 0.6340185647644823
146.5 0.7094160928853763
147.0 0.7779644573592239
147.5 1.7330979416356396
148.0 1.5414722280915614
148.5 0.6706347745456365
149.0 0.822060656726542
149.5 0.9654586196930457
150.0 0.7419831919852209
150.5 0.5858762624271012
151.0 0.9356898387870378
151.5 0.693758506939021
152.0 0.8318776770452296
152.5 0.6614619970354305
153.0 0.5711664952867164
153.5 0.44700641559020143
154.0 0.9586625476765205
154.5 0.8229462132545762
155.0 1.1746209744152778
155.5 0.8271390881967124
156.0 0.5611224544777986
156.5 1.1994112205405485
157.0 0.9912324565353909
157.5 1.0379151424340145
158.0 0.9039811294944808
158.5 0.5520344652440146
159.0 1.3690244845112338
159.5 0.9233129960290885
160.0 0.7891968971313847
160.5 0.5723270991193542
161.0 0.9263322083864407
161.5 0.8078310764736385
162.0 0.9122853032585063
162.5 1.029994864098705
163.0 0.9056396798358028
163.5 0.9383734200844411
164.0 0.697194072680073
164.5 1.015980683695536
165.0 1.1133536922418705
165.5 1.0680643203423716
166.0 0.8792171349992501
166.5 1.2510275144157261
167.0 0.5499880775974209
167.5 0.783309256119816
168.0 1.0017617302920794
168.5 0.790599580423456
169.0 1.1488072613767608
169.5 0.8560381665179415
170.0 1.0696146741254635
170.5 0.6084964114111031
171.0 1.303423298073277
171.5 0.8393837033378222
172.0 0.554296263158786
172.5 0.8661767339801383
173.0 0.8214467910496926
173.5 0.9559264599515012
174.0 0.8512014456804113
174.5 0.9409540451687524
175.0 0.8715334021741987
175.5 1.0075153085131452
176.0 0.5895905154824974
176.5 0.9487384398285812
177.0 0.8440323964112957
177.5 1.111684703445729
178.0 0.8151382672287764
178.5 0.5511259974004838
179.0 0.7284472835627518
179.5 0.9349604305487804
180.0 1.6673346307116603
180.5 1.165013021468083
181.0 0.9099224626419296
181.5 0.6442587271774665
182.0 1.3158379366253175
182.5 1.3382780718305352
183.0 0.6429690533866566
183.5 1.0547862873490157
184.0 0.5113204638321598
184.5 0.8875190757231213
185.0 0.5018236306486427
185.5 0.9189547712346744
186.0 0.8911670970517314
186.5 1.0776779258330325
187.0 0.7368272510788698
187.5 0.2304540141695735
188.0 0.9477505411498075
188.5 0.7123099226828042
189.0 1.3116439523761814
189.5 1.0481613395112837
190.0 0.8186179255170394
190.5 1.13179235190826
191.0 1.029844895424811
191.5 1.0595970185772594
192.0 1.0569105501770597
192.5 0.8124804137155732
193.0 0.5330253287246969
193.5 1.1491800993020795
194.0 0.9294530108521517
194.5 0.7605842572612055
195.0 0.9731881797877389
195.5 0.621623721033667
196.0 0.904021684099531
196.5 0.9828381052727879
197.0 0.509983734336926
197.5 0.47239426859251665
198.0 0.5155296314819815
198.5 0.5707093353083419
199.0 0.5833919290705908
199.5 0.6232905414985026
200.0 0.7202311765820045
200.5 0.7007715079687298
201.0 0.9023368017733606
201.5 1.0434293973270705
202.0 0.7501599522035808
202.5 0.6681880931384516
203.0 0.8371474702247401
203.5 0.5602556849205552
204.0 1.0577112830487354
204.5 0.5461935516923224
205.0 0.5410806352709978
205.5 0.6277286200437738
206.0 0.9630643122457618
206.5 0.7844352126389027
207.0 0.9893452828473097
207.5 1.3837854204602953
208.0 1.0493941877034827
208.5 0.9766714757763812
209.0 0.9991558651077506
209.5 0.7058750705370691
210.0 0.8397453045420669
210.5 0.8776288692549754
211.0 0.8427163445821888
211.5 0.8442314641210227
212.0 0.5308641228634395
212.5 0.9763109649959725
213.0 0.7394461540802215
213.5 0.9496973682243905
214.0 0.8456254281922422
214.5 0.44490356363991
215.0 1.336118992247911
215.5 1.2867216981756397
216.0 0.9394353531677795
216.5 0.8975049144775439
217.0 0.7386998641030635
217.5 0.7452112499232725
218.0 0.91167950794136
218.5 1.0835704735877318
219.0 1.1861313181491577
219.5 0.8380967481773736
220.0 1.0078505514024112
220.5 0.7217617685358171
221.0 0.8863961118469481
221.5 0.9702735715353616
222.0 0.7732549648608347
222.5 0.5593397779072367
223.0 0.9571671384837634
223.5 0.8479130602849513
224.0 0.7875254711554747
224.5 0.6440924962097434
225.0 0.7601827954677844
225.5 0.8443968618915507
226.0 0.6453379561500803
226.5 1.0470966770287977
227.0 0.4433853570232237
227.5 0.5348245295544346
228.0 1.0443827953932248
228.5 0.8921330933617346
229.0 1.1083561350463318
229.5 1.1761283129216358
230.0 0.8126620014144881
230.5 1.2292752770569995
231.0 0.8640581994238428
231.5 0.7613045518239188
232.0 0.8269331268164432
232.5 0.7257706281566689
233.0 0.7971713578354365
233.5 0.7811834366091257
234.0 1.1501256500665782
234.5 0.9508081948253788
235.0 1.1138312532232648
235.5 0.8111202716976904
236.0 0.6213834533265628
236.5 0.6791596732764431
237.0 1.191261906074649
237.5 0.6516544153518964
238.0 1.2563831825227305
238.5 0.9692521057653452
239.0 0.6093934738601455
239.5 0.8614368166520723
240.0 1.076890148145
240.5 0.6360265713783375
241.0 0.5439065803181873
241.5 1.1097368064795594
242.0 0.7462694979274789
242.5 0.6842957918636504
243.0 0.6396637420183316
243.5 1.208187160721175
244.0 1.1672184381893107
244.5 0.8993829214081444
245.0 1.0445441435501956
245.5 0.9381042155450623
246.0 0.5153060000509715
246.5 0.788882794657231
247.0 0.6442010360400962
247.5 0.7650711627588533
248.0 0.6741413870233564
248.5 0.8020589372686187
249.0 0.6041073516173038
249.5 0.9826206506488271
250.0 0.8949170901132748
250.5 0.7566697632412762
251.0 0.8606000237792064
251.5 0.5765236694945322
252.0 0.6004937746291179
252.5 0.7415675995197455
253.0 0.9432754935551366
253.5 1.2553933535627333
254.0 0.4966606686635254
254.5 0.8382783627230788
255.0 0.7807461397828532
255.5 1.2300869139300517
256.0 0.9196388028566573
256.5 0.7693400030715214
257.0 0.7423982414339507
257.5 0.9000255681909897
258.0 0.7425929060001001
258.5 1.4653175531477614
259.0 0.7837818905727396
259.5 0.9788676611824298
260.0 0.9588782674200607
260.5 1.0432439846278976
261.0 0.951097092366066
261.5 0.809100066450976
262.0 0.8608152791346575
262.5 0.8660170136648968
263.0 1.1153088082798963
263.5 0.2
264.0 1.1595781681030042
264.5 0.5545581682637204
265.0 0.8069604187338923
265.5 0.7946582205229067
266.0 0.8702278279218053
266.5 1.205596718273194
267.0 1.196926411377884
267.5 0.7879466424375474
268.0 0.6061767035087317
268.5 0.6497703564284525
269.0 0.8970255262592526
269.5 0.9270546413019436
270.0 0.9425022365178526
270.5 0.6833548957167004
271.0 0.6687093397998414
271.5 0.9813518161477839
272.0 0.6216812990743648
272.5 0.8547477833585848
273.0 0.9065349067667481
273.5 0.9851574135445769
274.0 0.7791191490559455
274.5 0.7099968199313128
275.0 0.9465428191604517
275.5 0.8272496848998954
276.0 1.047261282173482
276.5 0.8334770031882461
277.0 0.7399446358511292
277.5 1.0801714730208711
278.0 0.4446360607578065
278.5 0.9054078102648602
279.0 0.6923682370952498
279.5 0.9925966077363584
280.0 0.8523161246045301
280.5 0.6405433559452767
281.0 1.318177284911277
281.5 0.8489265492464138
282.0 0.930329053189916
282.5 0.8866313102207788
283.0 1.023010234614057
283.5 0.6133992249868263
284.0 0.6452291903942908
284.5 0.5059398097353953
285.0 0.5410878761959594
285.5 0.8148128450276688
286.0 0.7411273455547631
286.5 0.8277205471203268
287.0 1.0121285883260454
287.5 0.4649480404464982
288.0 1.1603116801131355
288.5 1.0509655292822695
289.0 0.6597382750702889
289.5 0.5317459484173463
290.0 0.8299738362210357
290.5 0.9385871725789254
291.0 1.1838021804504266
291.5 1.02375171152562
292.0 0.7114384548686042
292.5 0.501796474859382
293.0 1.2010629857591444
293.5 0.6916714586497881
294.0 0.8626580452672263
294.5 0.9291078536335837
295.0 0.7776343769076994
295.5 0.6390036666563352
296.0 0.6147629848167755
296.5 0.6017978981863279
297.0 0.8373211649857725
297.5 0.7756825792311184
298.0 0.5892826608740406
298.5 0.8406962831902907
299.0 0.7682260358191412
299.5 0.7593705865955167
300.0 0.4579097370508193
300.5 1.02081643424368
301.0 0.9568899162045281
301.5 0.7217181026837991
302.0 0.8095397430891886
302.5 0.6288204523683949
303.0 0.6467271301188395
303.5 0.7511176866003832
304.0 1.2436327255292527
304.5 0.9983734687637418
305.0 0.974105110419416
305.5 0.9045282932000067
306.0 1.100503076552573
306.5 0.9621782842804893
307.0 0.781015377140234
307.5 0.6969446535293405
308.0 0.6628009055157261
308.5 0.8208550654029867
309.0 0.6407323127698621
309.5 0.6005380902273247
310.0 0.9480265517631883
310.5 0.8313930763733501
311.0 1.1541028985349402
311.5 1.403840729854949
312.0 0.6700701900257213
312.5 0.6729433368743021
313.0 0.8466415954719115
313.5 0.8582115042869582
314.0 0.8455850712809354
314.5 0.6790135032592128
315.0 0.6463204186935805
315.5 1.082756861370548
316.0 1.063197809191256
316.5 0.7849789036344177
317.0 0.9111712707991937
317.5 0.7690624982007463
318.0 0.5241973737463503
318.5 0.7573751397186816
319.0 0.8226742164490239
319.5 0.6577153260090496
320.0 0.8610541338466267
320.5 1.003482633005889
321.0 0.8776482547384981
321.5 0.7833070315351918
322.0 0.6026557157395325
322.5 0.8639491578902674
323.0 0.8467624906992723
323.5 0.9773608390308517
324.0 0.804755961609577
324.5 0.712346307046265
325.0 0.6560136600630415
325.5 1.2412908567711716
326.0 0.7295894861827825
326.5 0.8690714397409678
327.0 0.7603275219446806
327.5 0.5975321995582062
328.0 1.1231278582575912
328.5 0.9416139219706225
329.0 0.8681645567676517
329.5 0.7165209234927951
330.0 0.8217981244623087
330.5 0.7684788794867914
331.0 0.8999836752547621
331.5 0.9884985897677381
332.0 0.5811821297302278
332.5 1.2728779351173134
333.0 0.44989832865598417
333.5 0.6346313391608994
334.0 0.8253404414878096
334.5 1.1496788505643305
335.0 0.8086867984115405
335.5 1.1876954614772548
336.0 0.9962116519168671
336.5 0.7016813171762539
337.0 1.3364141591778016
337.5 1.0663715116187351
338.0 0.684356579492985
338.5 0.6267310529104264
339.0 0.8893565685142821
339.5 0.7833126322067125
340.0 0.786174890364197
340.5 0.6174248814989083
341.0 0.8783680261889031
341.5 0.846776957076137
342.0 0.8567697406561814
342.5 0.8965445327509891
343.0 0.8100127805487998
343.5 0.46295591414253673
344.0 0.6218866713420492
344.5 0.8559666232979095
345.0 1.0685355742387566
345.5 0.7529530581869921
346.0 0.5886437499737591
346.5 0.6694889383608132
347.0 0.8530962871540266
347.5 0.6465159703116483
348.0 0.36378719698076467
348.5 0.8069906514127271
349.0 1.2612884099016566
349.5 0.871243986394358
350.0 0.9051683486280027
350.5 0.7337195399815493
351.0 0.8184360761973297
351.5 0.6329487628004782
352.0 0.5982390700572033
352.5 0.646487350723435
353.0 0.8237553620250758
353.5 0.8125291950964226
354.0 0.5680629686798349
354.5 1.2057877025270616
355.0 1.4077413074541507
355.5 0.8096093455856337
356.0 0.9567739847859719
356.5 1.1037052253530168
357.0 0.7614262646173091
357.5 0.7424078650463832
358.0 1.1117307845803637
358.5 0.7547346553359198
359.0 0.8134592673347034
359.5 1.094180105925476
360.0 0.8193112501144035
360.5 0.7414833495067599
361.0 0.5265633347562979
361.5 0.6065056974244959
362.0 0.5285996409437199
362.5 0.8022611769219357
363.0 0.8201101521336686
363.5 1.0765275732369626
364.0 0.8150284694335095
364.5 1.050174324844688
365.0 0.902920185244183
365.5 0.4905928856300645
366.0 0.7516909195757195
366.5 1.2511577350704701
367.0 0.7448571966602314
367.5 1.0080739420039184
368.0 1.0872801964082786
368.5 0.9513261829543003
369.0 1.2728170765016025
369.5 0.8511103986300452
370.0 1.3677408093997931
370.5 0.7904194577983656
371.0 0.9306270414957913
371.5 0.8933201117609835
372.0 1.4244329808245277
372.5 0.8562720080628834
373.0 0.7519523557241925
373.5 0.8812071677138511
374.0 0.7672129269366263
374.5 0.3989146307054032
375.0 0.8565274411971584
375.5 0.7334743332334266
376.0 0.8052051235268212
376.5 0.6501933633353028
377.0 0.3391494738725371
377.5 0.9832669033479073
378.0 0.4092996905944716
378.5 0.46518251852327835
379.0 0.8617892611411275
379.5 0.49520533536635714
380.0 0.8403819651279163
380.5 0.700306145314355
381.0 0.7760114412568482
381.5 0.9129384681439727
382.0 0.6151240673240337
382.5 0.5100789770872551
383.0 0.6064454294809519
383.5 0.8708426301123613
384.0 0.7554911699868807
384.5 0.928124980583064
385.0 0.7217243296025169
385.5 0.617270551441873
386.0 0.6325610745208464
386.5 0.6806955908432644
387.0 0.6931246486899076
387.5 1.0936085385728738
388.0 0.7463927363515142
388.5 0.9860243609094115
389.0 1.2641074126018235
389.5 0.6371241474035979
390.0 1.0117336755577782
390.5 0.771138817437774
391.0 0.9203069019998276
391.5 1.4463435384978958
392.0 1.0401617015085818
392.5 0.574746613968066
393.0 0.8296735950678196
393.5 0.9916306256336396
394.0 1.117270671677006
394.5 1.04823732816283
395.0 1.0546154986123917
395.5 1.2885083764915084
396.0 1.096694807031581
396.5 0.5078247858132223
397.0 0.7858269195143184
397.5 0.5950958281172996
398.0 0.9892239980925583
398.5 0.8686149089609824
399.0 1.102085842014542
399.5 1.002437731136338
400.0 0.4460454464836978
400.5 1.0871538666157026
401.0 0.7801613309811981
401.5 0.6904471177588021
402.0 0.8681573829171323
402.5 0.4941052201813106
403.0 0.8231292155404233
403.5 0.7463641907483777
404.0 0.8170860811569692
404.5 0.8177953694564668
405.0 0.6789651636336623
405.5 0.7639314497798533
406.0 0.6162203885010475
406.5 1.3516047742850394
407.0 0.6748799917768993
407.5 0.6552965520360912
408.0 0.6807658321256682
408.5 1.1151218883302736
409.0 0.6792660216691129
409.5 0.6148498501366904
410.0 0.7129238843719528
410.5 0.8088436304649076
411.0 0.9149426848548134
411.5 1.2981212691331137
412.0 0.9584020188624298
412.5 1.116966035559413
413.0 0.6718563764973391
413.5 0.8344130685152502
414.0 0.7892468040138576
414.5 0.8072085840228085
415.0 1.0041934760057127
415.5 0.6498327033763422
416.0 1.3397364210907352
416.5 0.8952139038015235
417.0 1.3264673989049418
417.5 0.875952006910381
418.0 0.9504027548149254
418.5 0.9212490128648552
419.0 0.989615720768116
419.5 1.2555370739376972
420.0 0.7836556397024604
420.5 0.7748458490916623
421.0 1.074829919512594
421.5 0.7272937788751053
422.0 0.9264182710910118
422.5 0.8480756876166327
423.0 0.6892763102725581
423.5 0.7851189518779735
424.0 1.1704373441118383
424.5 0.5973975555545699
425.0 0.7578479566233971
425.5 0.4287194955002628
426.0 0.8695824002064396
426.5 0.9302638738781779
427.0 0.9680644833776415
427.5 0.9051075959747843
428.0 0.8253744106830965
428.5 0.6180623142242042
429.0 0.7623511612514635
429.5 1.0315996606776192
430.0 0.6754924608547836
430.5 0.6586552659196305
431.0 0.8711314044064391
431.5 0.7085355738105811
432.0 1.1458782540454668
432.5 0.8503117880405364
433.0 0.502965230315785
433.5 1.1050575277980783
434.0 0.34316552607006073
434.5 1.2700659438748403
435.0 0.6639696429104314
435.5 0.9264804552017833
436.0 0.6240077742518955
436.5 0.789365677112676
437.0 0.7683245018005544
437.5 0.9026820361470187
438.0 0.7232282820538305
438.5 0.9600189543221829
439.0 0.7452088319577846
439.5 0.67157388318501
440.0 0.7247207303010104
440.5 0.5744104444282216
441.0 1.1712554085486269
441.5 0.7086354727348716
442.0 0.9173537479542795
442.5 0.8121392576503883
443.0 0.8060952515642312
443.5 0.889964505140667
444.0 0.8768736495504075
444.5 0.8266213116730896
445.0 1.0131974191114097
445.5 0.8497898909620654
446.0 0.5666640770761104
446.5 1.0228576615381682
447.0 0.6371202702607393
447.5 0.7404085052602356
448.0 1.1669703753453482
448.5 0.6990760868851884
449.0 0.4664180107532072
449.5 0.8410000928307946
450.0 0.7717144493857016
450.5 0.8529377571599615
451.0 0.6892672370769228
451.5 0.9396859096970163
452.0 0.44862420112330054
452.5 0.7325094779413537
453.0 0.9643637256104121
453.5 1.0923028120576526
454.0 0.9701092423736428
454.5 0.5944451054442311
455.0 1.1380405247084762
455.5 0.8567171206399218
456.0 0.9677508875189882
456.5 0.7494638891980443
457.0 0.9997858791338912
457.5 1.0357427096813971
458.0 0.8145043931522677
458.5 0.8356109412334385
459.0 0.5424006585005667
459.5 0.7501342705228764
460.0 0.8790405729025765
460.5 1.4591634711958035
461.0 1.1662968607460962
461.5 0.5414285005798165
462.0 1.0523121242022824
462.5 0.7781918838975133
463.0 0.8820018837103243
463.5 0.770109558678054
464.0 0.5918334145874935
464.5 0.9281387649069975
465.0 0.8586943081765956
465.5 0.5799156127578458
466.0 0.7399957294015316
466.5 0.7769008791068248
467.0 0.8453244074616948
467.5 1.1957603503188337
468.0 1.0212725704146155
468.5 1.0609394707325772
469.0 0.9505296246666488
469.5 1.3485756447136132
470.0 0.9064927418430411
470.5 0.8139656404269373
471.0 0.8529446298469427
471.5 1.3048190786697398
472.0 1.4838951925966117
472.5 1.0523661918603873
473.0 0.9039150384585435
473.5 1.664659287995092
474.0 1.1957864687872246
474.5 0.6985128800559535
475.0 0.6748752692894768
475.5 0.6400905984330207
476.0 0.7233673454317396
476.5 1.431237576607639
477.0 0.7291226316036937
477.5 0.7382953934634936
478.0 0.7058258527654542
478.5 0.9482616870035228
479.0 0.7472581823315769
479.5 0.5501554056297404
480.0 0.9291841421477447
480.5 0.7660538770877694
481.0 1.0290406771800813
481.5 0.6247897164705194
482.0 1.1926795229871303
482.5 0.9734095462948864
483.0 0.6728881617170617
483.5 0.9985086609391183
484.0 0.39410411282275143
484.5 0.3792588051158669
485.0 1.0209554719795966
485.5 0.9671968799041928
486.0 0.6340017537402199
486.5 1.2112446947486135
487.0 1.447656786480404
487.5 0.848008264097673
488.0 0.9848489577213644
488.5 0.9071191415553208
489.0 0.5508351432853859
489.5 0.648108367303059
490.0 1.0306328216881162
490.5 0.9934534661394567
491.0 0.830273947202639
491.5 0.554384552613663
492.0 0.7367065969489031
492.5 0.8924609061066602
493.0 0.7218409711666811
493.5 0.6086996255939467
494.0 0.8405227070958472
494.5 0.6515254197652189
495.0 1.0113111063791453
495.5 1.3253743717562139
496.0 0.7145711719049028
496.5 1.1615123049182419
497.0 0.7919178667056255
497.5 0.7263692093307597
498.0 1.4035713516106838
498.5 0.7470825910281702
499.0 0.7516718681104047
499.5 0.8566610142871975
500.0 0.907195134323675
500.5 0.5020033767631806
501.0 0.7091769040068231
501.5 1.0221189069786512
502.0 0.9500270125706134
502.5 1.0298094804586009
503.0 0.4343196341291348
503.5 0.48408575940796505
504.0 0.45566056702847196
504.5 0.6550128660268344
505.0 0.7772578704369106
505.5 1.066182424275851
506.0 0.5752629539782429
506.5 1.354052338422155
507.0 1.234477296895606
507.5 0.6051471448654774
508.0 0.7884996744242387
508.5 0.9522364070657203
509.0 0.7073921994179894
509.5 0.7370052358612769
510.0 0.8763279567740908
510.5 0.4939096961407246
511.0 1.1715331796495083
511.5 0.8500366423241548
512.0 0.6877179187831317
512.5 0.832530299867899
513.0 1.1637140461961968
513.5 1.1824071343994216
514.0 1.0071683377072078
514.5 0.6210293922366611
515.0 0.5409872320333697
515.5 0.3864114726742858
516.0 0.6293949122388003
516.5 1.0054660897082488
517.0 0.7241175759307787
517.5 1.1103793429141158
518.0 0.7051725997136766
518.5 1.033442419506951
519.0 0.8225253109916206
519.5 1.0885590872491195
520.0 1.263817991268361
520.5 0.6046362131140646
521.0 0.726657672714105
521.5 1.0349195741923531
522.0 0.6279287242085583
522.5 0.7217733809070179
523.0 0.953612327731375
523.5 1.0087321328575012
524.0 0.6268756198583307
524.5 1.386029996928605
525.0 0.7710777642053122
525.5 0.6139488801613218
526.0 1.0936895251450989
526.5 0.6904767175316584
527.0 1.0025355323716079
527.5 0.6907069730552051
528.0 0.6650996357447967
528.5 0.9985556047650581
529.0 0.4186615860148233
529.5 0.3942606717061408
530.0 0.49086142893148804
530.5 0.5409147022726983
531.0 1.3627815826843668
531.5 0.711768970127491
532.0 0.9060675508206448
532.5 0.4961278850361816
533.0 1.1574209235351305
533.5 0.8394997690981776
534.0 0.7582290397104336
534.5 0.7976397079328319
535.0 0.49513197794451314
535.5 0.767338901134031
536.0 1.027813617149057
536.5 0.8915038075466382
537.0 1.1523759515742937
537.5 0.7953700699230093
538.0 1.2093112149765999
538.5 0.8460361774146334
539.0 0.8193984514619532
539.5 0.7287283093774412
540.0 0.6068584545043822
540.5 0.6564092694964313
541.0 0.9177715207317223
541.5 0.6274040204275054
542.0 0.8163002615598083
542.5 0.8856402702712406
543.0 0.9409213588091985
543.5 0.7105765301875819
544.0 0.6349154202294789
544.5 0.7984324208875402
545.0 1.1983816991336291
545.5 0.8892883436211434
546.0 1.2421144705865648
546.5 0.7801383880149837
547.0 0.7375402576159349
547.5 0.804450986613972
548.0 0.8266206558506766
548.5 0.6759818681572047
549.0 0.8504834221530957
549.5 0.787992949476993
550.0 0.7174141338946916
550.5 1.0208333800155491
551.0 1.2353969829877494
551.5 0.9151986084633476
552.0 0.8014097753881613
552.5 0.6428093286304978
553.0 0.7921836122515968
553.5 0.6114241576801975
554.0 0.39732819816727255
554.5 0.7186276157348843
555.0 1.2311866822210331
555.5 0.8668331906899112
556.0 0.7944877593494635
556.5 1.2804541668397245
557.0 0.9872461594835555
557.5 0.7509826931422363
558.0 0.443728832312385
558.5 0.8991803459520904
559.0 1.322739650467195
559.5 1.09582588820886
560.0 0.7534612902265078
560.5 0.9095120404724506
561.0 0.6805736751948885
561.5 1.1891687751690572
562.0 0.6922842279885619
562.5 0.8035338316907235
563.0 0.9625819469186851
563.5 0.9165068157142242
564.0 0.6603203215597613
564.5 0.704310951041766
565.0 1.1070262315591628
565.5 0.9160431879559657
566.0 1.2627147213501961
566.5 0.6766811271393642
567.0 1.435272472359887
567.5 1.1405055893259943
568.0 0.688914451205276
568.5 1.084863878831833
569.0 0.989333797845892
569.5 0.8798623401244536
570.0 0.7867756028766717
570.5 0.7589438845289425
571.0 0.8492702240187537
571.5 0.7362803636342627
572.0 0.4185622261160627
572.5 1.6915021230984393
573.0 0.7938518219165481
573.5 0.571932396545602
574.0 1.1562461532351676
574.5 0.7321784479577745
575.0 1.1233532095751066
575.5 1.2334303516784462
576.0 1.041338851155768
576.5 0.8388781618820651
577.0 0.9044668238347933
577.5 1.2207551413177404
578.0 0.6500831659607518
578.5 0.9713723283053635
579.0 0.6711020169627805
579.5 0.9347485461913769
580.0 0.9394825198374624
580.5 1.1560205703551707
581.0 0.5986411069912261
581.5 0.9584074079689104
582.0 0.9395872558469378
582.5 0.8428645962872281
583.0 1.0582894592613648
583.5 0.7052220718990794
584.0 0.648015200163327
584.5 0.6903934037618411
585.0 0.9125727638117587
585.5 0.7076072679363541
586.0 0.5410324735186631
586.5 0.8676481860932868
587.0 0.6250306602644078
587.5 0.9299075584792762
588.0 0.6978882570878373
588.5 0.9874601168395103
589.0 0.7934020185436899
589.5 0.7093508229029635
590.0 0.26228034826525576
590.5 0.545464918700592
591.0 0.6622729217036658
591.5 1.1031418399863269
592.0 1.1320888115955972
592.5 0.7073770364118426
593.0 0.8628375936737462
593.5 0.36899896236202323
594.0 1.1129806385085128
594.5 0.773833305333179
595.0 0.5893979144941415
595.5 0.6313444603062901
596.0 0.8063631405362178
596.5 0.696368392766115
597.0 1.0315461967362507
597.5 1.0185221101040993
598.0 1.2834236144105198
598.5 0.9340621271448204
599.0 0.9051086995842121
599.5 0.9389804199007428
600.0 0.9405140491123218
600.5 0.5429967572646552
601.0 0.8923570420613975
601.5 1.1768349619374259
602.0 0.9362065735096343
602.5 1.2846830422357869
603.0 0.8703004459991858
603.5 0.7166080589734585
604.0 0.6413344843761004
604.5 0.7327066050391868
605.0 0.8692020185223883
605.5 0.8864762189216591
606.0 0.7483450998185732
606.5 0.6613501512255773
607.0 0.9793096084526705
607.5 0.6989934963130356
608.0 0.8958781580376718
608.5 1.3612780834410003
609.0 0.8280560987269472
609.5 0.5065944221589685
610.0 1.2458383213228328
610.5 0.7990016148548855
611.0 0.9400246484213413
611.5 0.7627711153488461
612.0 0.7694565875559227
612.5 1.0971866033520574
613.0 0.9177066168305263
613.5 0.5476799153286867
614.0 0.707556803205516
614.5 0.6069363976320377
615.0 0.9151593215902707
615.5 0.779092383186277
616.0 1.2481684606001215
616.5 0.751931348622451
617.0 0.9317235059627134
617.5 0.5602512480556723
618.0 1.357099349417246
618.5 1.0503434619636065
619.0 0.4450288837900423
619.5 1.0750588980471456
620.0 0.8655377019779176
620.5 0.6128609844859103
621.0 1.0983283342494117
621.5 1.0971153186739955
622.0 0.8064631719752722
622.5 1.0191979584343422
623.0 0.9222805658801565
623.5 0.7438094686906436
624.0 0.8604437546188801
624.5 0.44312934560262246
625.0 0.6413911578203468
625.5 0.8281781588826136
626.0 0.6696148446890238
626.5 0.5605186620647812
627.0 1.0222132880235972
627.5 0.9083504980963382
628.0 1.1100141644487018
628.5 0.672464280734312
629.0 0.5641469370490008
629.5 1.0239753998801544
630.0 0.6380238418501138
630.5 0.6376291137674024
631.0 1.3863201303022705
631.5 0.6872748032351328
632.0 0.9874156808645249
632.5 0.8428716749732932
633.0 0.9916962317517617
633.5 1.4145744769684114
634.0 0.7570532386100022
634.5 0.9501215056987875
635.0 0.7198803887434929
635.5 1.0449935558585235
636.0 0.9089106895043486
636.5 0.7085454433401475
637.0 0.7723548531048008
637.5 0.8630519525480069
638.0 1.0454531859713267
638.5 1.0471903037426398
639.0 0.860429061807798
639.5 0.8982527389578938
640.0 1.0414165455918176
640.5 0.6628021383086318
641.0 0.8085865379901838
641.5 0.9015657822116872
642.0 0.866436743096888
642.5 0.9659230559432062
643.0 0.33818797084139285
643.5 0.53871240845068
644.0 0.7354620108638159
644.5 0.752265604886863
645.0 0.6944610399083937
645.5 0.8679690099971398
646.0 0.7953795137976547
646.5 0.547363820876787
647.0 0.5516884473837014
647.5 0.5857695017335848
648.0 0.8160917647040898
648.5 1.0801914804062844
649.0 0.5557283520819509
649.5 0.6982680842450847
650.0 0.9319632714166928
650.5 0.8974323196679592
651.0 0.6407665668681028
651.5 0.8809955182249369
652.0 0.7147009290009247
652.5 1.4590495826668595
653.0 0.6479323245136124
653.5 0.9174801936091923
654.0 0.7706171966278714
654.5 0.7489263142442557
655.0 0.774256479684692
655.5 0.9914135689777106
656.0 0.9194209742461259
656.5 0.9553937857049504
657.0 0.8626625210246037
657.5 0.6978619567258899
658.0 0.7191651462276947
658.5 0.8849181502013238
659.0 0.8909550943820561
659.5 0.848287784355109
660.0 0.7261028654027686
660.5 0.9192369610958047
661.0 0.9410963717349765
661.5 1.0352214103496518
662.0 0.6689656839211794
662.5 0.6074806551789018
663.0 0.7456857531084145
663.5 1.3130420896712216
664.0 1.0979894760865063
664.5 0.3585626047654525
665.0 1.008604296815674
665.5 0.6834859672614376
666.0 1.0930598708798231
666.5 0.7492807492154301
667.0 0.9826458465651633
667.5 0.8585934861785569
668.0 0.8114932496406819
668.5 0.9973405121437986
669.0 0.6378058679519661
669.5 1.305347023716399
670.0 0.4653428909267544
670.5 0.5766656171869211
671.0 0.6610166482875461
671.5 0.6836479414648565
672.0 0.6294198103105813
672.5 0.8488026145793235
673.0 0.7534039924931027
673.5 1.1678619809022865
674.0 0.7160496489953947
674.5 0.7447644310032175
675.0 0.8017276053859332
675.5 0.8850348206784755
676.0 0.9523996833139996
676.5 0.626037921123065
677.0 0.9135832960020378
677.5 0.7446525611738521
678.0 0.8487687204487215
678.5 1.0687032928568605
679.0 1.0786804660351914
679.5 1.0416114358285473
680.0 1.0893197366577698
680.5 0.8024687834276573
681.0 0.8852545815833681
681.5 0.8178452567081106
682.0 0.5782654956157195
682.5 0.9636907229611975
683.0 0.9821793795970717
683.5 0.8753745975899399
684.0 0.9929626039595878
684.5 0.44927208293260823
685.0 0.9578917461564191
685.5 1.349690934449476
686.0 1.2065288268835195
686.5 1.2281946345103494
687.0 0.989533192072193
687.5 0.7368114515121921
688.0 0.8665385912479122
688.5 0.8738215896315139
689.0 0.3004860534065516
689.5 0.6330263557352442
690.0 0.6250040199573534
690.5 0.9838467591075646
691.0 1.0994189660244005
691.5 1.0761785104769466
692.0 0.8085211695709611
692.5 0.6918769952371233
693.0 0.5864158416250012
693.5 0.7733110804717651
694.0 1.0961401744788728
694.5 0.8018038144930746
695.0 0.7479605099801292
695.5 0.9482995219400179
696.0 0.7080146460192767
696.5 0.8581155457369478
697.0 0.8967157161581081
697.5 0.7579475448256447
698.0 1.079865309485309
698.5 1.4500918511768341
699.0 0.6568356579914392
699.5 1.0067253781505814
700.0 0.7451866509702063
700.5 1.0192396852715249
701.0 0.698038774998794
701.5 0.7580925861469112
702.0 0.6129591894306328
702.5 0.8482184919612219
703.0 0.5284000156199153
703.5 0.82510174453412
704.0 0.5559288804397067
704.5 0.6207464353734721
705.0 0.7766232564381488
705.5 0.6537336302432708
706.0 0.9843969850177481
706.5 1.128206906952129
707.0 0.6872978164616923
707.5 1.144507471874118
708.0 1.0045033225514364
708.5 0.7435818787452979
709.0 1.0237236597713144
709.5 0.7293650098230462
710.0 1.037278844483846
710.5 0.8254198231065588
711.0 0.665420680351184
711.5 1.2558566301719483
712.0 0.9381674003482432
712.5 0.8880831908094742
713.0 0.7003233232056161
713.5 0.7005829873096985
714.0 0.8524651795917269
714.5 0.8182556815870637
715.0 1.0640121327711367
715.5 0.6552740057397508
716.0 0.519367466940828
716.5 0.6749336747545673
717.0 1.293435580625531
717.5 0.8358523482159392
718.0 0.9551569232166992
718.5 0.6995441225423775
719.0 0.940891951335278
719.5 0.6671872458227928
720.0 0.8485412862691559
720.5 1.1677075108476023
721.0 0.947859608585955
721.5 0.6748024784564719
722.0 0.6920771120682443
722.5 0.8418905330501263
723.0 0.6610555057380902
723.5 0.4414535873056826
724.0 1.1584412857150912
724.5 0.8317376615165764
725.0 0.7416970048651245
725.5 0.9710784798312486
726.0 0.9148577770318436
726.5 0.7996463698085132
727.0 0.9843989518003131
727.5 1.1081138177136824
728.0 0.7772398879190525
728.5 0.9395145459338385
729.0 0.7301426280603298
729.5 1.2415683329791338
730.0 0.6302743524656236
730.5 1.1174390689481224
731.0 0.633347426266262
731.5 0.6670554676996054
732.0 0.6460680959552035
732.5 0.7578378736361937
733.0 0.9744471004154902
733.5 0.8062187282392765
734.0 0.908698353736977
734.5 0.49468164585629276
735.0 1.2532231547231303
735.5 0.4829449623085367
736.0 0.8378383324695438
736.5 0.7398298653393354
737.0 1.120864720876189
737.5 0.7671017774352256
738.0 0.7545480580121251
738.5 1.1448477449301744
739.0 0.5878293849158396
739.5 0.46265573562109286
740.0 0.6444649973619938
740.5 0.6049436416139109
741.0 0.8345450117456525
741.5 0.6807030938699639
742.0 0.6741650767657648
742.5 0.7757777715126069
743.0 0.8289018771253074
743.5 0.43783626580200513
744.0 0.897139018973478
744.5 1.3198103276278317
745.0 1.034140273412696
745.5 1.261932457826014
746.0 0.9158314252900635
746.5 0.7953833122548077
747.0 0.7431433641233995
747.5 0.6373983590816099
748.0 0.8515625751908578
748.5 0.7241100458545897
749.0 0.8514735451265731
749.5 0.7558631151047532
750.0 1.4473909786521795
750.5 0.9540503282823369
751.0 1.3720103697886419
751.5 0.7991178250345867
752.0 0.8919225099514752
752.5 1.0708634901457563
753.0 0.8526432663029657
753.5 0.9754399999595995
754.0 0.5278035932904737
754.5 0.46542191472459216
755.0 0.8223162375631672
755.5 0.6267842265609839
756.0 0.9770018823433002
756.5 1.2858388835552423
757.0 0.8292800419770316
757.5 1.4604953919416612
758.0 0.7662451908558137
758.5 0.7899936347918024
759.0 0.7725870037557239
759.5 1.471069568296075
760.0 1.0138918219993234
760.5 0.8434077311864976
761.0 0.7239038267415728
761.5 0.5447758741797033
762.0 0.9356341713544529
762.5 0.8865562452996152
763.0 0.9946163125356104
763.5 0.7457971008030766
764.0 1.2531195492767142
764.5 1.006161658757493
765.0 1.0514329720550837
765.5 1.0197429792709738
766.0 0.8199300230804972
766.5 0.787571117659714
767.0 0.684643609121369
767.5 0.5447637062365418
768.0 0.9938627821103228
768.5 0.9641084442276693
769.0 0.8954744772991186
769.5 0.4417104302991138
770.0 0.9158283153527582
770.5 0.9794955852157321
771.0 1.2443985597137455
771.5 1.0390462948296937
772.0 1.2519922047549517
772.5 0.7177870388030742
773.0 1.0684998625698803
773.5 0.9651040438741065
774.0 0.8248407032248226
774.5 0.7917494625462989
775.0 0.8148617165445335
775.5 0.7516727940745669
776.0 0.39618098384868067
776.5 0.6574363784939081
777.0 0.7187266824398011
777.5 0.8795253009968482
778.0 0.6759784645708042
778.5 0.9858366356324932
779.0 1.0822308200778479
779.5 0.5561278704756984
780.0 0.633371502035089
780.5 0.8043850164648192
781.0 0.7522065047938535
781.5 0.7361007585601962
782.0 0.9075972632880418
782.5 0.8152595676755192
783.0 0.9079920396931922
783.5 0.9659564283505966
784.0 0.7960549019605321
784.5 0.5965061716563262
785.0 0.8228374607486402
785.5 0.8896982418477248
786.0 0.8417607260308548
786.5 0.7355455583621133
787.0 0.8362249791713356
787.5 1.3138693554526286
788.0 0.929858537166513
788.5 0.7934617107254529
789.0 1.059646891920599
789.5 0.6617962626886743
790.0 0.990143505075705
790.5 0.762602878117817
791.0 0.774798137094947
791.5 0.8713439214726184
792.0 1.0549382702542973
792.5 0.5987810666376816
793.0 1.192127606736961
793.5 1.0715749980147478
794.0 0.8726402255786356
794.5 0.9894466983583052
795.0 0.5421740499959031
795.5 0.6807253725926397
796.0 1.6417996223348104
796.5 0.9003201489960532
797.0 0.7946975996756689
797.5 0.903361328609205
798.0 0.8577973319120686
798.5 0.8251169770148927
799.0 0.7961648640958956
799.5 0.7490956247755034
800.0 0.4499170176017901
800.5 0.8490918217390204
801.0 0.7383625517817403
801.5 0.7977384975477935
802.0 0.8947926532204096
802.5 1.0091097839877197
803.0 0.6137200288810695
803.5 0.6583057662514702
804.0 0.8918345821186656
804.5 1.3260762580188912
805.0 0.41118707486067435
805.5 0.6416466296471688
806.0 0.6232790568831597
806.5 0.5424454053083569
807.0 0.5627386805909378
807.5 0.6817756340924643
808.0 0.8237382567213345
808.5 0.6703100824986346
809.0 1.0884613811738404
809.5 0.7697951581913505
810.0 0.6637080867450049
810.5 1.0159645489152942
811.0 1.0303550776352253
811.5 0.9429177722837327
812.0 0.6253969928949885
812.5 1.040646535408414
813.0 0.7098116307626949
813.5 0.7408183031564268
814.0 0.712403623489229
814.5 0.41370591839438736
815.0 1.2765008500940065
815.5 0.5912165324482958
816.0 0.39357106027957406
816.5 0.5791770601130919
817.0 0.8950303899936833
817.5 1.0330113143747548
818.0 0.6375215478152447
818.5 0.5042210046939875
819.0 0.6492577754103079
819.5 0.6584535336068951
820.0 0.6629186620093445
820.5 0.9688900640795493
821.0 0.5565635729629261
821.5 0.6132455851575109
822.0 0.9114913053046569
822.5 1.0489600536066561
823.0 1.1698777512211107
823.5 1.015726940237815
824.0 0.900689072811906
824.5 0.6405247093117046
825.0 0.7644084484619968
825.5 0.9508047763275718
826.0 0.96902294361191
826.5 0.8149605600046453
827.0 0.6717982476288988
827.5 1.0407257077037964
828.0 0.8971480997481136
828.5 0.8946146760879268
829.0 0.8101273105107775
829.5 0.7327367982223373
830.0 1.0941030166577137
830.5 1.0216652705352978
831.0 0.7709560512132279
831.5 0.9628446796165719
832.0 0.9899215227410643
832.5 0.8063471588409983
833.0 0.7525997024998556
833.5 1.1806994600649228
834.0 1.074894538163806
834.5 0.5083516890514757
835.0 0.8734008855060189
835.5 0.435631979183788
836.0 0.712992938066055
836.5 0.8852977503590731
837.0 0.6012464176870157
837.5 1.1602539353870545
838.0 1.0396505231790736
838.5 0.6666222791025735
839.0 0.8765958090366257
839.5 0.8507541237663303
840.0 0.48476507854044903
840.5 0.8255652849081363
841.0 0.5160780125289082
841.5 0.6128949885732771
842.0 0.7316938779238606
842.5 0.4925977920508657
843.0 0.8861743710371697
843.5 0.9868266087249893
844.0 0.9520084453181739
844.5 0.7878894385639983
845.0 0.5929722115599625
845.5 0.7961509092502419
846.0 1.018669946454917
846.5 0.5156339075157077
847.0 0.5643132564983901
847.5 0.9702594403977238
848.0 0.7704395769628156
848.5 0.8427532544622913
849.0 0.7835396587662806
849.5 0.8033592611523304
850.0 0.979662432372888
850.5 0.8270598169284015
851.0 0.5599647718126921
851.5 1.0910680731761546
852.0 0.5529007726151298
852.5 1.151598646455376
853.0 0.6253034596757518
853.5 0.9139027245388613
854.0 1.376891124173892
854.5 0.9384005712732728
855.0 0.9632637866960647
855.5 0.45307778507910446
856.0 0.2
856.5 0.7557836377328726
857.0 0.6569569689079788
857.5 0.5132340891715745
858.0 0.8074601106835237
858.5 1.2908304505691532
859.0 1.062163195515834
859.5 1.0191503435821638
860.0 1.0139156307552628
860.5 1.2210234419498769
861.0 0.5428145500963766
861.5 1.375454364763139
862.0 0.5767140791800006
862.5 0.7024534194628845
863.0 1.0923554343183364
863.5 1.1434529286854422
864.0 0.9599595418210842
864.5 0.6909841571370967
865.0 1.02207656579598
865.5 1.34475270806674
866.0 1.4216937194038808
866.5 0.7680651041701656
867.0 0.8801618009358629
867.5 0.9480159231603649
868.0 0.810392707836674
868.5 0.9338097059208581
869.0 0.2582344154890717
869.5 0.8019091448203783
870.0 0.601521998973037
870.5 0.7473832685508617
871.0 0.5738864614163466
871.5 0.49381844257625934
872.0 0.8843437060270685
872.5 0.7322018830840564
873.0 0.8694780048795665
873.5 1.3765797933276438
874.0 0.7563490181326697
874.5 0.7703790524134371
875.0 0.9810358157677679
875.5 0.7269865156537176
876.0 0.7333596642023357
876.5 0.8555392505927415
877.0 0.9088911263356441
877.5 0.4868407317025578
878.0 0.9125900239479441
878.5 0.6929840808285083
879.0 1.0955707239435963
879.5 0.9200976610376537
880.0 0.654889677584715
880.5 0.7584528608800867
881.0 1.2437380513164424
881.5 0.8873473704129222
882.0 0.8504846913937936
882.5 0.8692549193655459
883.0 1.2455157792196054
883.5 0.6977895226362372
884.0 1.3727027708378918
884.5 1.1833787845788737
885.0 0.8349486660430576
885.5 0.8954068144101763
886.0 0.5332670734911338
886.5 0.4833226913942506
887.0 1.1575471964297759
887.5 1.0322614610636278
888.0 0.6015035611633992
888.5 0.9018438947418765
889.0 0.7502896525887188
889.5 0.6744746626441513
890.0 0.7848045528048133
890.5 0.7470744345262266
891.0 0.7962199907702898
891.5 0.8703109645644946
892.0 1.0416738552151026
892.5 0.3374018009003417
893.0 0.8954090251325185
893.5 0.7556209851728009
894.0 0.5227637029205434
894.5 0.43627894372370307
895.0 0.7844221612338456
895.5 0.7825490670930608
896.0 0.8908785627639209
896.5 0.739118055971079
897.0 0.7197179722364637
897.5 0.6933097750367214
898.0 1.5447628250521894
898.5 0.7878271043413594
899.0 1.0464751774889187
899.5 1.1990939843777975
900.0 0.8687665205605237
900.5 0.9029925393262894
901.0 0.7431098561091088
901.5 0.782263455721645
902.0 1.299354851208385
902.5 0.9243127014036574
903.0 0.8973307760477247
903.5 0.8414769516279943
904.0 0.9204573773609208
904.5 1.1101391185607945
905.0 0.815331379657402
905.5 0.5991560966080147
906.0 0.9032198534434852
906.5 0.8109283464326081
907.0 0.6160728709757917
907.5 1.0564326884987167
908.0 0.6667121528961113
908.5 0.29755689044928385
909.0 1.0028275714686286
909.5 0.40287026924658026
910.0 1.1059909569362751
910.5 0.6629317655412799
911.0 1.381247054924256
911.5 0.8902449525205015
912.0 0.6247108492476934
912.5 0.575710474094103
913.0 1.0491621486234968
913.5 1.4076425576504368
914.0 0.4429914723564171
914.5 1.1443101732171885
915.0 0.7605128614441856
915.5 0.9415454739027465
916.0 1.054793429292096
916.5 1.3954720721936977
917.0 1.0142720322657208
917.5 0.959706131852524
918.0 1.2611204727863483
918.5 0.7770522360178744
919.0 0.8583295337634487
919.5 1.1165655729084558
920.0 1.2485197469608447
920.5 1.2837966027872716
921.0 0.862566493879255
921.5 0.9466177386416246
922.0 0.6086233819052466
922.5 0.7857181092030763
923.0 1.0345602907141374
923.5 1.417944403870696
924.0 0.6583778143627617
924.5 0.6373894327038907
925.0 1.0385024154565023
925.5 0.7002728578057581
926.0 0.5309379838582959
926.5 0.7898755055507918
927.0 0.8727026183838742
927.5 0.49857039162612193
928.0 0.9708620445782201
928.5 0.7590794686130604
929.0 0.6246665015076925
929.5 0.9095268600539768
930.0 0.806265562636256
930.5 1.0342487870910348
931.0 1.1725463448852538
931.5 1.361526247423692
932.0 0.9134041827246522
932.5 0.5018245147174965
933.0 0.6805104310640495
933.5 0.7622186119206491
934.0 0.6515591673657193
934.5 1.1270500970648787
935.0 0.6788902480489603
935.5 1.1488148491326862
936.0 0.8265081589244905
936.5 0.7672739127937662
937.0 0.554646324631439
937.5 0.7182944638616487
938.0 0.7118087193068423
938.5 0.9606278519595801
939.0 0.5568867156661936
939.5 0.5870946218595336
940.0 1.2963802320601283
940.5 0.9774936484463028
941.0 0.7716393580105436
941.5 1.101742296389619
942.0 0.8741567725224377
942.5 0.8819205742968901
943.0 0.9141556765255257
943.5 1.1954178598056218
944.0 0.8289751401371415
944.5 0.7841244769233084
945.0 0.6301352979344017
945.5 0.9800593294955315
946.0 0.7608026654839326
946.5 0.43195151379694247
947.0 0.8454518274730611
947.5 1.1489007400536755
948.0 0.7507632113465974
948.5 1.349143961440352
949.0 1.1691253417518255
949.5 1.0258068536520566
950.0 0.8055365577826986
950.5 0.2950358186631671
951.0 1.0956162291705343
951.5 0.6610379835244857
952.0 0.9578652297790706
952.5 0.7666364243478484
953.0 0.6607967057156572
953.5 0.858565793807125
954.0 0.9424484413244225
954.5 0.5078286043556435
955.0 0.95271398216118
955.5 0.41625519817752094
956.0 0.5308969065087905
956.5 0.7026222662949215
957.0 1.5418978129910812
957.5 0.8354047119370542
958.0 0.29066859473136464
958.5 1.3101308165287822
959.0 0.9802695044807013
959.5 0.839055766776972
960.0 0.7564926793132125
960.5 0.6034315126953687
961.0 0.8630820940239698
961.5 0.43019369662752427
962.0 1.2973222963893933
962.5 0.5533340935441711
963.0 0.5958269215075234
963.5 0.5543388361295889
964.0 1.314879865510031
964.5 1.0846908177837207
965.0 0.7581436819214379
965.5 1.0927726045296342
966.0 0.6663462473083737
966.5 0.9837047975907169
967.0 0.768336289149194
967.5 0.9475921749657072
968.0 0.8886764360217594
968.5 0.8165095156617697
969.0 0.8204425397257207
969.5 0.6289825699108098
970.0 0.6153280377833268
970.5 1.144904849189084
971.0 1.0179288964386306
971.5 1.20335182925109
972.0 0.8146435908559212
972.5 0.8482501868286489
973.0 0.7012306833080932
973.5 1.0683051307393732
974.0 1.1853640471395481
974.5 0.8521671389948864
975.0 1.2364143317009515
975.5 1.0475928314528264
976.0 0.8414146938725706
976.5 1.1055704634185297
977.0 0.7972259773075527
977.5 0.7419634051920829
978.0 1.0820819642066266
978.5 0.5629051488880981
979.0 0.8945793004455778
979.5 1.0713761990817956
980.0 0.5741862088378199
980.5 0.5137386637094001
981.0 1.0200628010292485
981.5 0.7066718678560293
982.0 1.187068577648142
982.5 1.0948209224012526
983.0 0.7385048185000076
983.5 0.6301058103945373
984.0 0.6185264430807236
984.5 1.0791334526669358
985.0 0.5857759480846139
985.5 0.9186677408524317
986.0 0.6766129717180362
986.5 1.028879283394111
987.0 0.5307184952379043
987.5 0.8211931841968332
988.0 1.2111636865320254
988.5 0.810697245246151
989.0 0.6178422286842912
989.5 0.6392080703491483
990.0 1.1782064259737084
990.5 0.8231135238481384
991.0 0.8924858180967825
991.5 0.8180997290872654
992.0 0.6746656680218948
992.5 0.5212782850385067
993.0 0.9516071738682761
993.5 1.1173862586658236
994.0 0.8096001623351422
994.5 0.585420047360198
995.0 1.0643658059293364
995.5 0.822895871780428
996.0 0.9032468072017097
996.5 0.7365209804359871
997.0 0.9641527066677794
997.5 0.5545462561177532
998.0 0.6592768997111473
998.5 0.6951767461190463
999.0 0.8288094940757342
999.5 0.8621670366311971
1000.0 0.824396255173367
1000.5 0.7966840594372993
1001.0 0.8393819818544428
1001.5 0.7221537865875023
1002.0 0.5840752438699286
1002.5 0.516830446963885
1003.0 0.9150663035074509
1003.5 0.7890199627744785
1004.0 1.2160118165233138
1004.5 0.7820763823193295
1005.0 0.9653751453941064
1005.5 1.0143735746405134
1006.0 0.8883899980534429
1006.5 0.8207417587303568
1007.0 1.28891411521602
1007.5 0.7225441204594971
1008.0 0.6339871911290436
1008.5 0.9931171104714274
1009.0 1.2947569654928837
1009.5 0.6505137636566309
1010.0 0.9230904794609167
1010.5 0.8576294463826875
1011.0 1.233938278207326
1011.5 0.5955581365535232
1012.0 0.6126170243358996
1012.5 0.7150151892169523
1013.0 0.7850792913594395
1013.5 1.0969910580104294
1014.0 0.6032444991032417
1014.5 0.6565604551002346
1015.0 0.5813171125755212
1015.5 0.863824865429508
1016.0 0.6381954593814105
1016.5 0.9542949338774767
1017.0 0.751853521649706
1017.5 0.6370217726932188
1018.0 0.8855099470630845
1018.5 1.4595871731625232
1019.0 0.6745990654549772
1019.5 0.5513697019756028
1020.0 0.612540056245778
1020.5 1.1391525124467743
1021.0 1.223318526495481
1021.5 1.0898084370451373
1022.0 1.2469739725431805
1022.5 0.869029237006063
1023.0 0.7729762557237838
1023.5 0.7096456722912146
1024.0 0.6884993308242304
1024.5 0.7831692912145398
1025.0 0.669276441567626
1025.5 0.7910687566624433
1026.0 0.8496048647941306
1026.5 0.7470631196467319
1027.0 0.8445847188381006
1027.5 0.362949511632541
1028.0 0.8106328062135559
1028.5 0.9592901193782197
1029.0 0.6387787797977631
1029.5 1.0396070089061142
1030.0 1.0391706790678696
1030.5 1.2067916122176097
1031.0 1.5191636047066084
1031.5 0.879340076036162
1032.0 0.8189689823205342
1032.5 0.8686246477770523
1033.0 0.573254710449506
1033.5 0.5143565353324968
1034.0 0.544177159696114
1034.5 1.1955208279231169
1035.0 0.44924218014907136
1035.5 0.7431495976562514
1036.0 0.7132655186185486
1036.5 0.6532405100583252
1037.0 0.9475045312346677
1037.5 0.7992184982053492
1038.0 0.7824220825731374
1038.5 0.5983593574937334
1039.0 0.7934627251784118
1039.5 0.8002837216276737
1040.0 1.0329577695380798
1040.5 0.8542511744766006
1041.0 0.7286520534148593
1041.5 0.7515413416079644
1042.0 0.7109957139372369
1042.5 0.6938813223269777
1043.0 0.8668853087265489
1043.5 1.0254168294633454
1044.0 1.273292862724759
1044.5 0.8076837357196404
1045.0 0.5527561508896026
1045.5 0.5606834672961858
1046.0 1.1361277895975115
1046.5 0.9493011210910629
1047.0 1.2694748327017276
1047.5 1.0739254085288015
1048.0 0.5797637773849232
1048.5 0.7264790431424044
1049.0 0.7049507654672154
1049.5 0.731909701086378
1050.0 0.6756770879489444
1050.5 0.2
1051.0 0.8100389651011038
1051.5 0.7669558893875454
1052.0 0.6760540858671984
1052.5 0.6342050483438186
1053.0 0.8448493790118061
1053.5 0.8055127124300027
1054.0 0.7128554583970231
1054.5 0.7679165144916618
1055.0 0.9377024282420374
1055.5 0.861009472699547
1056.0 1.0159992193872138
1056.5 0.6443457683746688
1057.0 0.5860018112598777
1057.5 0.5878094276456506
1058.0 0.6482514336005174
1058.5 0.8061827920104456
1059.0 1.155332546688524
1059.5 0.8330999230088703
1060.0 0.9995062306344429
1060.5 0.5974300336813685
1061.0 0.9286481539086123
1061.5 1.0748485018858882
1062.0 0.9209567290385547
1062.5 1.0722750103864171
1063.0 0.7595890438335093
1063.5 1.2226666572442522
1064.0 1.2646220603534688
1064.5 0.8251599364424382
1065.0 0.9548736967164793
1065.5 0.4703878037678074
1066.0 0.6013138147759688
1066.5 0.6592818033782835
1067.0 0.6581423531105786
1067.5 1.0021737980625984
1068.0 0.8168492112004042
1068.5 0.7116422326182115
1069.0 1.3153391111920318
1069.5 0.7313433156341902
1070.0 1.3405343279959612
1070.5 1.2169239536139866
1071.0 0.9763135254871927
1071.5 0.5864565346257025
1072.0 0.6786723533247787
1072.5 0.5596686669767379
1073.0 0.8356563365877132
1073.5 0.8144308828225852
1074.0 0.7193742524252456
1074.5 0.7270086536917582
1075.0 1.1051087024879698
1075.5 0.6040268889939815
1076.0 1.1448969723198217
1076.5 0.7388403096052156
1077.0 0.8873011107172895
1077.5 1.3424311784045737
1078.0 0.9153186765282835
1078.5 1.158752189726326
1079.0 0.8900029591745178
1079.5 1.1415123344112736
1080.0 1.0950598789752584
1080.5 0.5092019130264516
1081.0 0.8721729169505319
1081.5 0.969449582746627
1082.0 0.8240697184348724
1082.5 1.2677068954121313
1083.0 1.0543488490903492
1083.5 0.8363574450531575
1084.0 0.7661159479141928
1084.5 0.8073634371472447
1085.0 0.47840197118359135
1085.5 0.8510754281956421
1086.0 0.8498419862741493
1086.5 0.6227901024041071
1087.0 0.8579889569293551
1087.5 0.6425805111694896
1088.0 0.6066708673821645
1088.5 0.9899413180622134
1089.0 0.7825302795559905
1089.5 1.1986179507561003
1090.0 1.1060801239222882
1090.5 0.7283286548605501
1091.0 1.045733672288716
1091.5 0.5777101713741557
1092.0 0.5160187706673679
1092.5 0.8198050293460092
1093.0 1.0697875508746195
1093.5 0.7864875187479894
1094.0 0.9827059181678193
1094.5 0.8613853985678601
1095.0 0.7623553055162623
1095.5 1.114304402723324
1096.0 0.768990229556469
1096.5 1.095408885349643
1097.0 0.38200453076863966
1097.5 0.9500027560977933
1098.0 0.8110976159976098
1098.5 0.7269818445630442
1099.0 1.5383342033457725
1099.5 1.2912168589280193
1100.0 0.869731640131097
1100.5 0.8019428913220592
1101.0 0.653823976000772
1101.5 0.6351069230945441
1102.0 0.8579664343231451
1102.5 0.9552586095474667
1103.0 0.8935342861465891
1103.5 0.7296034071210853
1104.0 0.8017679941855604
1104.5 0.6826685709444247
1105.0 0.4683883907974501
1105.5 0.7137624962560771
1106.0 0.8385487217230828
1106.5 0.6013389465065823
1107.0 0.9064323403514116
1107.5 0.7582967779494135
1108.0 0.43055826228312
1108.5 0.8184100761597011
1109.0 0.5856429688624188
1109.5 0.9737556252506778
1110.0 0.7044901785130743
1110.5 1.2834360510889342
1111.0 0.7461417618067379
1111.5 0.7331264538044229
1112.0 0.7401620846357413
1112.5 0.681745001207882
1113.0 0.5185935667647068
1113.5 1.0497730476184766
1114.0 1.1446456066975734
1114.5 1.047573966284162
1115.0 0.7424070689201987
1115.5 0.44797804965699206
1116.0 0.6927618681211287
1116.5 0.845997463673029
1117.0 0.7111359844925237
1117.5 1.017826066769751
1118.0 0.8550293021944986
1118.5 0.7359862367728445
1119.0 0.9113761010456745
1119.5 0.8830740013521658
1120.0 1.2346566042373115
1120.5 0.598156797283717
1121.0 1.0204331325576408
1121.5 1.0162542942642439
1122.0 0.7577455460913436
1122.5 0.8860433311546438
1123.0 0.9584775009868247
1123.5 0.9929156937372619
1124.0 1.1387182284745745
1124.5 1.065955382358868
1125.0 0.8768435985777823
1125.5 0.9420815026152429
1126.0 0.7616447515319278
1126.5 0.8657915785769088
1127.0 0.8489903712143385
1127.5 0.701930880317596
1128.0 0.7101365142841198
1128.5 0.4472404028685154
1129.0 0.9149295526379553
1129.5 0.5468835728364798
1130.0 0.9152690833481072
1130.5 0.6271322484485011
1131.0 0.8451658469964571
1131.5 0.7572247995968384
1132.0 1.269412102045353
1132.5 0.42244710935463736
1133.0 0.7168404900520757
1133.5 0.6298520444465314
1134.0 0.44396807638411495
1134.5 0.9230687596088216
1135.0 0.9678401047671135
1135.5 0.7979340610215431
1136.0 0.8195579624573781
1136.5 0.8729721278606952
1137.0 0.9713238550007177
1137.5 0.9640456065641447
1138.0 0.7891647939119177
1138.5 0.9883395102118182
1139.0 0.3903491842305898
1139.5 1.014725414400242
1140.0 0.8476582185736941
1140.5 0.6767182881862934
1141.0 0.47669005154625227
1141.5 0.5145586194774481
1142.0 0.5322664497966465
1142.5 0.9919002793031848
1143.0 0.8672296567726832
1143.5 0.9868087042663922
1144.0 0.7370351717251731
1144.5 0.6639180442433632
1145.0 0.7528499307537602
1145.5 0.9149018676418488
1146.0 0.6691241320036931
1146.5 1.0840662128358096
1147.0 0.5842342981947586
1147.5 0.6895394653809306
1148.0 0.9429730872385871
1148.5 0.6370141250762207
1149.0 0.9340175647750946
1149.5 0.9512036961200289
1150.0 0.6408548312185247
1150.5 0.9190765174804483
1151.0 1.0707053710199952
1151.5 1.147354995629229
1152.0 1.2009279927814884
1152.5 1.1710317849543888
1153.0 0.6921878244090609
1153.5 0.8966694448040573
1154.0 0.7776594308725145
1154.5 0.9631484291238726
1155.0 0.7898091432190868
1155.5 0.539262958219715
1156.0 0.7660921851396563
1156.5 1.1681373037164815
1157.0 1.185352861968335
1157.5 0.994417462831225
1158.0 1.086130088514021
1158.5 1.4594141505404494
1159.0 1.280547608687063
1159.5 0.8558597094481615
1160.0 0.7522590315408462
1160.5 0.6734481848936418
1161.0 1.1668002181842168
1161.5 1.0002062562161222
1162.0 0.8684634068572227
1162.5 0.5000520328206524
1163.0 1.1896839868309035
1163.5 0.5649615797302368
1164.0 0.7961740944889586
1164.5 0.8701321005776523
1165.0 0.7828106303718442
1165.5 0.7998430370679154
1166.0 0.2942938386869813
1166.5 0.5887495246374219
1167.0 1.0463881058861648
1167.5 0.355510194135962
1168.0 1.0014260381444475
1168.5 0.7794418446284417
1169.0 0.8944645783668329
1169.5 0.7677875160973564
1170.0 1.1134429504577825
1170.5 0.7620909137826244
1171.0 0.5374008352753781
1171.5 0.8250042414424563
1172.0 1.1174711530357202
1172.5 0.6301399472006379
1173.0 0.9595298383431807
1173.5 0.792961034778046
1174.0 0.8534009292399884
1174.5 0.9333174335259466
1175.0 0.9509208673931513
1175.5 1.2988485930280622
1176.0 0.6939568322465628
1176.5 0.8373431581455768
1177.0 0.5794473572311201
1177.5 0.8027352861192998
1178.0 1.027784368055005
1178.5 1.014435859898439
1179.0 0.6954307950301751
1179.5 1.3596666155524229
1180.0 0.6955280622189873
1180.5 1.0608650977045238
1181.0 1.0128483266689283
1181.5 0.6386736016993999
1182.0 0.830928195463513
1182.5 0.7437296747485707
1183.0 0.7902762688862723
1183.5 0.7045601485622321
1184.0 0.9123262291006957
1184.5 0.6994159542411797
1185.0 1.3433983954850053
1185.5 0.8434569512783194
1186.0 0.9950739990791408
1186.5 0.7469035739615009
1187.0 0.8563219911025461
1187.5 0.9049920687304975
1188.0 0.8577759958658187
1188.5 0.5659729753412674
1189.0 0.8000151425708528
1189.5 0.7635072281099065
1190.0 0.99433973178258
1190.5 0.5746419684155386
1191.0 0.8328944299013408
1191.5 0.3088944861921447
1192.0 0.8598147883081748
1192.5 0.9083469410852292
1193.0 1.5095470437054965
1193.5 0.8869325437156762
1194.0 0.9384292379730772
1194.5 1.005627726024631
1195.0 0.8699846867039887
1195.5 0.5258176403781476
1196.0 1.2098501818220317
1196.5 0.7988936660126609
1197.0 0.8947495836997552
1197.5 1.184378041777893
1198.0 1.0461504742791838
1198.5 0.6698576479022467
1199.0 0.6563908145974513
1199.5 0.9106478837103855
1200.0 0.8513409195403845
1200.5 0.5658107454931893
1201.0 1.104686710375738
1201.5 0.7541090499411539
1202.0 0.7142209552921834
1202.5 1.0859905812446309
1203.0 0.7345476063724234
1203.5 0.5945703800184725
1204.0 1.088689783881973
1204.5 0.6083429741907234
1205.0 0.7425810473684518
1205.5 0.977203875204717
1206.0 0.6635304856851156
1206.5 0.5088501990659208
1207.0 0.6570468655367714
1207.5 0.9450650145046773
1208.0 1.3315610233159172
1208.5 0.8311581689909968
1209.0 0.4959662151557573
1209.5 1.2981864187163443
1210.0 0.5663530259880385
1210.5 0.5215987353911073
1211.0 0.99661798788901
1211.5 0.6890227521547758
1212.0 0.8181916803540814
1212.5 1.1711569574331602
1213.0 0.45137627921666373
1213.5 0.9505203185509412
1214.0 0.9411320765026008
1214.5 0.8289810962706612
1215.0 0.7178798370989772
1215.5 0.9451301231047664
1216.0 0.7083308572343434
1216.5 0.8676468383651232
1217.0 0.9365209323390662
1217.5 1.2820747907187766
1218.0 0.7064268739391684
1218.5 1.0475343724445858
1219.0 0.6147200033920935
1219.5 0.7663015174735994
1220.0 0.7764701676353433
1220.5 0.4558348540303688
1221.0 0.8091576236807234
1221.5 1.02071282187654
1222.0 0.7862150728536044
1222.5 0.857801389448347
1223.0 1.1256337278988793
1223.5 0.9754885679987981
1224.0 0.7821566153029766
1224.5 1.4113510112377632
1225.0 0.5490679486349059
1225.5 1.228106913173173
1226.0 0.7762629249713957
1226.5 0.7286128378699654
1227.0 0.6106060163580086
1227.5 0.6382340768701737
1228.0 0.7243163117352456
1228.5 0.7437594833403178
1229.0 0.6769119244033566
1229.5 0.2987233207177729
1230.0 1.0823218612462042
1230.5 1.0328063547386377
1231.0 0.8878599815194401
1231.5 0.7748219329967061
1232.0 0.6129679688276883
1232.5 0.7093666788260236
1233.0 0.972155325290633
1233.5 0.6327038102272189
1234.0 1.508193646548359
1234.5 0.5169475438456952
1235.0 0.5759037272441423
1235.5 0.41244979370385854
1236.0 0.8199363565842088
1236.5 0.5642626097914922
1237.0 0.39578509649924276
1237.5 0.906636314432667
1238.0 0.9149951021430738
1238.5 1.2137812737242195
1239.0 0.677260065183779
1239.5 0.6655089134020926
1240.0 0.45669353383024586
1240.5 1.0397396335008438
1241.0 0.7711490316786205
1241.5 0.5787237866188366
1242.0 0.6783164773404873
1242.5 0.8133048423292377
1243.0 0.5903448185815586
1243.5 0.25438867554328687
1244.0 0.31131886756091026
1244.5 1.5475410739688809
1245.0 0.9740979563278243
1245.5 0.7142470203461906
1246.0 0.8025063614480283
1246.5 0.853548939123886
1247.0 0.6719712016186381
1247.5 0.8659678731473517
1248.0 0.8643406787830137
1248.5 0.7597450014217353
1249.0 0.45757280467790323
1249.5 0.5631837729936543
1250.0 0.8894441402227451
1250.5 0.945078345282252
1251.0 1.081403379954895
1251.5 0.6612943933898159
1252.0 0.5346845028692171
1252.5 0.5792788551133122
1253.0 0.8414109406710384
1253.5 0.6191256236554283
1254.0 0.9018942143931019
1254.5 0.8197826000610489
1255.0 0.6021548239592585
1255.5 0.5709123179342348
1256.0 1.3794773802514442
1256.5 0.497541946841636
1257.0 0.5402773205985487
1257.5 0.677207537821721
1258.0 0.8034100493767695
1258.5 0.9990856058250897
1259.0 0.5088176963326597
1259.5 0.8484950930064086
1260.0 0.6438677517288798
1260.5 1.0378675160157005
1261.0 0.6175674525009893
1261.5 0.7562821468747762
1262.0 1.0379750232141747
1262.5 0.7893077051294937
1263.0 0.9890961180692177
1263.5 0.5747473897200885
1264.0 1.2423962080622077
1264.5 0.681718192761537
1265.0 0.48963340874196615
1265.5 0.9571891838055113
1266.0 0.6815299540190032
1266.5 0.5955890863204563
1267.0 0.82840852796658
1267.5 0.7740980113855165
1268.0 0.5215608874699261
1268.5 0.8440720318582393
1269.0 0.9952913213498444
1269.5 1.020193709739492
1270.0 0.6448884992473367
1270.5 0.7457691414763872
1271.0 0.5990424869759267
1271.5 1.1995089334705398
1272.0 1.075657043003163
1272.5 0.8616249584784892
1273.0 0.7144072127288505
1273.5 1.054364038720938
1274.0 0.7276058757473053
1274.5 0.8097769220774285
1275.0 0.9860792331169874
1275.5 0.5594259370316117
1276.0 0.445520938078194
1276.5 0.8489768093190335
1277.0 0.6264977690742831
1277.5 0.7686375795446772
1278.0 0.6175017076753007
1278.5 0.43982442239784575
1279.0 1.024686553351946
1279.5 0.9694270882998532
1280.0 0.5572940213025142
1280.5 1.4390396863443633
1281.0 0.9283064332848336
1281.5 0.42617574027830385
1282.0 0.4429237371519946
1282.5 0.5717608935690455
1283.0 0.9233384056651428
1283.5 0.9892600049976061
1284.0 0.639518385478883
1284.5 0.7806272826248357
1285.0 0.8434337223184418
1285.5 0.7899592995211486
1286.0 0.7571212631907149
1286.5 0.7891298815652525
1287.0 1.216629650717796
1287.5 0.5958415852916552
1288.0 0.6502551071042428
1288.5 0.5316792020457786
1289.0 0.8872837025990963
1289.5 0.9941520960111423
1290.0 0.7274329966921117
1290.5 0.5378044546296671
1291.0 0.6129205095329524
1291.5 0.9309078576362722
1292.0 1.3537709268443088
1292.5 0.9139262688305931
1293.0 0.7753780199749609
1293.5 0.9980860559900864
1294.0 0.9529232262947396
1294.5 0.7076138936676255
1295.0 0.9210528527248514
1295.5 1.3057405003398947
1296.0 1.216833675191713
1296.5 0.5342972778876991
1297.0 0.7853095518358988
1297.5 1.174284610328033
1298.0 0.6028795964287881
1298.5 1.0869504088574453
1299.0 0.7512866245311955
1299.5 0.6222284238324891
1300.0 0.5824869642145911
1300.5 0.5845352969645609
1301.0 0.6087361482320757
1301.5 1.1348215425105406
1302.0 0.9330778818164582
1302.5 0.8078361307406394
1303.0 0.8705073716390248
1303.5 0.900841593306994
1304.0 0.7620128172057187
1304.5 1.188962018102519
1305.0 0.7870316404800757
1305.5 1.217852179394196
1306.0 0.6759922972504735
1306.5 0.5211954546954574
1307.0 0.8480825714261322
1307.5 0.5488307222357105
1308.0 0.6849962616566516
1308.5 0.8767739735567104
1309.0 0.7941343251650375
1309.5 0.476022832531776
1310.0 0.602892555980669
1310.5 0.5559780727914676
1311.0 0.7732144920263675
1311.5 0.7039493661322502
1312.0 1.1626133091312598
1312.5 0.7530875740695966
1313.0 0.8908788941543386
1313.5 0.8461842071065675
1314.0 0.8999944435261142
1314.5 1.1368845617432493
1315.0 0.37292827605996076
1315.5 1.0512584050307163
1316.0 0.7955079535820919
1316.5 1.1305917025943204
1317.0 0.7044478706356436
1317.5 0.8407705401865295
1318.0 0.6908772604034149
1318.5 0.906481200816949
1319.0 0.8369483054610649
1319.5 0.4891999493066203
1320.0 1.1359322934219456
1320.5 1.0191701995816385
1321.0 0.6599879631600515
1321.5 0.9946801137751735
1322.0 1.1638322980665134
1322.5 1.1826318204422914
1323.0 1.0680500762835814
1323.5 0.7338705873929918
1324.0 0.8240156603197317
1324.5 0.5426959806859426
1325.0 0.5350084742142627
1325.5 0.7428569879930815
1326.0 1.0121537981641673
1326.5 1.442175322332156
1327.0 0.3252307940097295
1327.5 0.5469665163074221
1328.0 0.8843821332992057
1328.5 1.015397150461385
1329.0 0.6266021749944475
1329.5 0.6285575512985069
1330.0 0.5809917370303522
1330.5 0.950184248609319
1331.0 1.0427438770143915
1331.5 1.5712129063816918
1332.0 0.7270670479788888
1332.5 0.5809738802527986
1333.0 1.2681384594139395
1333.5 1.1072245170064512
1334.0 0.7441836754643855
1334.5 0.6582047948849292
1335.0 0.4705792463268365
1335.5 0.9268217144615856
1336.0 1.0567065914762566
1336.5 0.711515596272406
1337.0 0.6002663995527666
1337.5 1.0612090618613057
1338.0 1.046821979171625
1338.5 1.0910019895917968
1339.0 0.6186089235556362
1339.5 1.0904739385215516
1340.0 1.1615604989550208
1340.5 1.1778132235938825
1341.0 0.7107306249242137
1341.5 0.9232633715780827
1342.0 0.7086108941651033
1342.5 0.6910196090781487
1343.0 0.5653099279544976
1343.5 0.9551658914092378
1344.0 0.7207362431096905
1344.5 0.520868647683097
1345.0 0.74369546365162
1345.5 1.0611562794013674
1346.0 0.8594554722986263
1346.5 0.6167346444964558
1347.0 0.7442653511961403
1347.5 1.08918977491385
1348.0 0.9921168631697004
1348.5 0.9749523325939695
1349.0 0.6714294262647369
1349.5 0.8120973943831518
1350.0 1.011528080198557
1350.5 0.6722719898231738
1351.0 0.9561244450818209
1351.5 0.5753696009976181
1352.0 0.37497090451822546
1352.5 0.7308282887761661
1353.0 0.6633751244980746
1353.5 1.0747877577412521
1354.0 0.8942452363107525
1354.5 0.5686102691258379
1355.0 1.156481614163491
1355.5 1.1554250675241104
1356.0 0.7438017824575109
1356.5 0.9986960721135945
1357.0 0.8412864234322666
1357.5 0.5915462886011145
1358.0 0.6729276959364481
1358.5 0.8161768357104053
1359.0 0.9376438524552562
1359.5 0.8072799756337896
1360.0 0.8921587197843199
1360.5 0.9513998280257563
1361.0 1.0977402669577818
1361.5 0.6238139449331566
1362.0 1.340595290670883
1362.5 0.9615248713957276
1363.0 0.6822817285481978
1363.5 0.5456409896973964
1364.0 1.0931183175123382
1364.5 0.8326550233693425
1365.0 1.0704814805626501
1365.5 0.597514632372608
1366.0 0.6787073634804588
1366.5 0.46352877199002607
1367.0 0.8850538492639413
1367.5 0.6956394325739439
1368.0 0.6647409718322177
1368.5 0.7401335522256766
1369.0 1.0276357046681994
1369.5 0.7845388793725642
1370.0 0.5225024293958105
1370.5 1.2996132569723264
1371.0 1.364562655300097
1371.5 0.6631151667023172
1372.0 1.152181953208452
1372.5 0.7858928521850777
1373.0 1.04444520985047
1373.5 0.6403965087870911
1374.0 1.0908568821019975
1374.5 1.2074217973484558
1375.0 0.9939125487211813
1375.5 0.5313583926256875
1376.0 0.7881461241228807
1376.5 0.7823170088500002
1377.0 0.67526718653086
1377.5 1.1752760617721343
1378.0 0.8266968013772942
1378.5 0.581971572796196
1379.0 0.6986700692796839
1379.5 1.3052225849300294
1380.0 1.3651030868741991
1380.5 0.6426202984978138
1381.0 0.8415654947401705
1381.5 0.667245581360423
1382.0 0.6587425920681129
1382.5 0.8707752495794723
1383.0 0.5875152496524656
1383.5 0.8855715361356749
1384.0 0.9535315362564647
1384.5 0.662170197865926
1385.0 0.8654188566253271
1385.5 1.0056497563939635
1386.0 0.7727365525880658
1386.5 0.6912289806245722
1387.0 0.7887292123914846
1387.5 0.7139428088534148
1388.0 0.914576543898397
1388.5 1.1641733087858852
1389.0 0.5025032724050069
1389.5 0.7931943714411025
1390.0 0.6842382593216004
1390.5 0.9376339687934276
1391.0 0.7436490202486628
1391.5 0.9117865094962154
1392.0 0.47392024944597316
1392.5 0.6340614123054605
1393.0 0.875902827698281
1393.5 0.6952714995599363
1394.0 0.6568850648235156
1394.5 1.0276682445520753
1395.0 0.779720831139805
1395.5 0.7600815645823937
1396.0 0.856383717422105
1396.5 0.8397396184120807
1397.0 1.4004747634268722
1397.5 0.7904907685801004
1398.0 0.7643906756261623
1398.5 0.7469456107275254
1399.0 0.5096337416091532
1399.5 0.6900171041143991
1400.0 1.475524009387418
1400.5 0.777382206487949
1401.0 0.72748569602389
1401.5 1.040534768399341
1402.0 0.9194782776482195
1402.5 0.6730318499988173
1403.0 0.8485847216072779
1403.5 0.8191713769237283
1404.0 1.3062477261980636
1404.5 0.8693078214719436
1405.0 0.2
1405.5 0.7123590622845214
1406.0 0.8027430067597289
1406.5 1.010365230430396
1407.0 0.9563198339350927
1407.5 0.6274255109734341
1408.0 0.6904294335867738
1408.5 0.9212180041081732
1409.0 0.7826850290270637
1409.5 0.7321953150459193
1410.0 0.710610962344717
1410.5 0.4277562720045911
1411.0 0.8446340296758537
1411.5 1.0957270127049294
1412.0 0.5217942293836688
1412.5 0.8335796077239388
1413.0 0.6847525840034849
1413.5 0.8370643955361949
1414.0 0.9662091730017106
1414.5 0.9503585087551394
1415.0 1.0025187690218267
1415.5 1.3010708252356071
1416.0 1.0461762434004418
1416.5 0.5189352344628022
1417.0 0.8326730061351819
1417.5 0.7941693244644814
1418.0 0.9399374714086535
1418.5 0.9723071072854115
1419.0 0.8107916686792662
1419.5 0.7045930690954789
1420.0 0.8649063015920202
1420.5 0.895140990904058
1421.0 0.6958288485118762
1421.5 0.8922052927747088
1422.0 1.0104522719113533
1422.5 0.9415994775564718
1423.0 1.2035537822859705
1423.5 0.9243863171796667
1424.0 1.0563645043502634
1424.5 0.9451983616357924
1425.0 0.9659023577280901
1425.5 0.6076211980985171
1426.0 1.2023415023817199
1426.5 0.48861112321400746
1427.0 1.1987432129339817
1427.5 0.858709901541882
1428.0 0.8512559247036207
1428.5 0.5120168882083291
1429.0 0.6045792003706727
1429.5 0.7046181603269204
1430.0 0.8125960346657244
1430.5 0.7300134058164018
1431.0 0.5220639812501824
1431.5 1.328969050847504
1432.0 0.955342931691552
1432.5 1.0454255411134714
1433.0 0.8647401512729274
1433.5 0.7172274679515318
1434.0 0.7848261351764934
1434.5 0.8385915507422046
1435.0 0.8971449562733791
1435.5 0.799027859267557
1436.0 0.9918425897875378
1436.5 0.761379310766569
1437.0 0.8760079356996866
1437.5 0.5754966177652472
1438.0 0.9105772037518167
1438.5 0.7767879376196738
1439.0 0.8831809534192436
1439.5 1.1403597692365366
