0 0.9509429196297241
0.5 0.9819545087231154
1.0 0.986026431930134
1.5 1.0284134509466976
2.0 0.8314779234137037
2.5 0.8137070535639039
3.0 1.1044008990612644
3.5 0.6594783780689775
4.0 0.7656025486849962
4.5 0.9816013286962142
5.0 0.9003369138609185
5.5 0.8579642016549764
6.0 1.051787856814261
6.5 0.7993576821505683
7.0 0.9395238811090301
7.5 0.8259712694427296
8.0 0.6851282259010598
8.5 0.7551891258825227
9.0 0.9971210633756726
9.5 0.8912243319672473
10.0 0.6189606682890543
10.5 0.912985324619523
11.0 0.6633176964638334
11.5 1.2898865445420513
12.0 0.715295469447398
12.5 0.688511144902575
13.0 0.6255458214419625
13.5 0.7001749796610153
14.0 1.101848649275344
14.5 0.704822388133602
15.0 0.9616752765828782
15.5 1.0585924656687458
16.0 0.9129646955901176
16.5 0.7656355722636967
17.0 0.8873985800123918
17.5 0.9138257057410841
18.0 0.8982443818148182
18.5 1.3930048096608056
19.0 0.8075002390438719
19.5 0.7896770309060852
20.0 1.1770626500061694
20.5 0.8849089664983036
21.0 1.0406564545875399
21.5 0.7677446212492574
22.0 0.7266208965443157
22.5 0.8855608760533413
23.0 0.9281382484098935
23.5 0.7788112914430445
24.0 0.9624310019803823
24.5 0.7234463351741147
25.0 0.930265784185025
25.5 0.8327393919623616
26.0 1.250453494924163
26.5 1.3216884026698106
27.0 0.9576614358582272
27.5 0.839682211546296
28.0 0.9369415686558282
28.5 0.9544674845839272
29.0 0.6656508524911391
29.5 0.4500597865475207
30.0 0.5715637872413901
30.5 0.8689201202425703
31.0 0.9697380277421048
31.5 0.470503608074853
32.0 0.983976716247992
32.5 1.0940750945728854
33.0 0.781823089952943
33.5 0.5131943496718718
34.0 0.9438938291415766
34.5 0.9635076081560636
35.0 1.0338324351436157
35.5 0.716449475597585
36.0 0.7593839792232815
36.5 1.2236168218043453
37.0 1.0912170805809247
37.5 0.7687915319074425
38.0 1.102746522812902
38.5 1.060610431377426
39.0 1.1866999092527242
39.5 1.0819295324433138
40.0 1.1112029158104422
40.5 1.4295772148416164
41.0 0.6152433458908383
41.5 0.7341597064743477
42.0 0.5897764068933056
42.5 0.6223263928674776
43.0 0.8343365697614248
43.5 1.092944870385852
44.0 0.6972643408570913
44.5 0.7268660918655143
45.0 0.6234385969281651
45.5 0.6309313017302327
46.0 0.8072065598136389
46.5 0.4384286295217043
47.0 1.0426712256796977
47.5 0.5119986615814929
48.0 0.7686863300700275
48.5 0.7209147839284094
49.0 0.8697714865165171
49.5 0.4602050551526065
50.0 0.5881853672210553
50.5 0.7975854074790031
51.0 0.7976217192311919
51.5 1.0785593810345335
52.0 0.9481074993031775
52.5 1.0228651050926303
53.0 0.5968335664782207
53.5 0.5057792622694119
54.0 0.7849551456877435
54.5 0.7814175748550822
55.0 0.856161047611127
55.5 0.8048363417137587
56.0 0.7664174219156232
56.5 0.7564920016814449
57.0 0.6725480308195717
57.5 0.9779764621028826
58.0 1.1376844089075548
58.5 1.0179232585508584
59.0 0.9040007894657618
59.5 0.6551475690107065
60.0 0.9405926401716651
60.5 0.677502160618197
61.0 0.7090255947974329
61.5 0.7635862152266435
62.0 1.602343313757743
62.5 1.0770436219765052
63.0 0.7671952181926551
63.5 0.883626517751249
64.0 0.6744975320055402
64.5 1.0367001310334514
65.0 0.719247599727621
65.5 0.4310046025088326
66.0 0.6952382758661657
66.5 0.5271181855933881
67.0 0.7482587536384504
67.5 0.8605664594080846
68.0 0.6298514633399457
68.5 0.8536947914281344
69.0 0.7718159745317899
69.5 0.7271248878889214
70.0 0.6127561845421865
70.5 1.4316714874094056
71.0 0.8405574437671239
71.5 0.8630964498117826
72.0 0.5342739905787784
72.5 0.8899532839840161
73.0 0.7934008655078522
73.5 0.4417178121282453
74.0 0.9635421715955681
74.5 0.876294776404039
75.0 0.7999586017941525
75.5 0.663470964747074
76.0 0.4161997816516489
76.5 0.5460746477470386
77.0 0.8649730540512565
77.5 0.9214123901797728
78.0 0.9160306902445354
78.5 0.9688171879496699
79.0 0.7674396355202822
79.5 0.5950797074969809
80.0 0.7571595313677126
80.5 0.7794818600979178
81.0 0.9446045740767195
81.5 1.048419886803486
82.0 0.9939686508358201
82.5 1.0116548544849067
83.0 0.9431778972646325
83.5 1.1898912019171344
84.0 1.0555446351259477
84.5 0.8639391836717465
85.0 1.4635018202079022
85.5 1.0397559308365398
86.0 0.8504066578727081
86.5 0.8918475096818803
87.0 1.2103327244423947
87.5 1.4623733778045838
88.0 0.94241743967972
88.5 0.5286761524871799
89.0 0.6192631238931217
89.5 0.6990815680314408
90.0 1.025293923989047
90.5 0.9802639998128129
91.0 0.65025301428095
91.5 0.9796610525746805
92.0 1.29168680683669
92.5 0.8213686681557886
93.0 1.0009067107839587
93.5 0.8209182662082732
94.0 0.6276598549061961
94.5 0.8945994125385384
95.0 0.6270311400256545
95.5 0.5704970380437149
96.0 0.5742313688869572
96.5 0.7131506846094173
97.0 0.8387389758650865
97.5 0.5981237808771172
98.0 0.7702910376434711
98.5 0.6948047980019516
99.0 0.7472851685644617
99.5 0.7072885238987285
100.0 0.8360700134850485
100.5 1.2457763377882607
101.0 0.3460145696127451
101.5 0.9202321393605646
102.0 0.9392596664480808
102.5 0.799924928423023
103.0 0.9464465868507832
103.5 0.7770273391875995
104.0 0.8582932326706394
104.5 0.5777662686361049
105.0 0.9356757433411029
105.5 0.8581728915056834
106.0 1.353762479122076
106.5 0.8812485029580548
107.0 0.9572386680668383
107.5 0.9616597337357875
108.0 0.8200725752694551
108.5 0.7010482772460274
109.0 0.7275039932777663
109.5 0.44032671303337056
110.0 0.4918797641002273
110.5 0.6834414157079495
111.0 0.9631796861667219
111.5 0.8219662923440849
112.0 0.7965294466202892
112.5 0.8465995720041204
113.0 1.0376853435125557
113.5 0.9316464430987892
114.0 0.8565652230480376
114.5 0.7792567813354898
115.0 0.8866301106743011
115.5 0.7325960535786638
116.0 0.6835874875048904
116.5 0.8608426850141211
117.0 0.9357062382894195
117.5 0.9808693434756035
118.0 0.8428926256793934
118.5 0.8499466148873049
119.0 1.0455317220749503
119.5 0.6868238232935151
120.0 0.4463981588656882
120.5 1.0662421485937628
121.0 0.8131673560163128
121.5 1.0731177928044906
122.0 0.8445378177994627
122.5 1.2185228405349162
123.0 0.5898347371716512
123.5 0.52540712425136
124.0 1.370153405957956
124.5 0.8773874258149821
125.0 0.8948041844918371
125.5 1.2554365456351395
126.0 0.8347491630604782
126.5 0.7403001829454008
127.0 0.4420874605434633
127.5 0.7987102661048209
128.0 0.5485764573928753
128.5 0.7943713553785078
129.0 0.665513450442438
129.5 0.571829148045055
130.0 0.6464614478029382
130.5 0.7656312409531194
131.0 0.678075578692011
131.5 1.2455045712056487
132.0 1.0971186815545455
132.5 1.010022140520822
133.0 0.7937232506198979
133.5 0.5314743955994419
134.0 0.9120618217002779
134.5 0.7588690065345431
135.0 0.9511641186923101
135.5 0.8084832210558413
136.0 0.7824000328867777
136.5 0.6618906908132427
137.0 0.837461585156076
137.5 0.5889481717592686
138.0 1.1205304237279388
138.5 1.0146141309563388
139.0 1.1438443092094135
139.5 0.8256461342129233
140.0 0.8603303804791587
140.5 1.1647144873557536
141.0 0.9987817915455495
141.5 0.7787023526546806
142.0 0.9905433951086411
142.5 0.6853337620926947
143.0 0.8932927049152386
143.5 0.5102639116477583
144.0 1.2506566440659925
144.5 0.8044173661267635
145.0 0.62374512814527
145.5 0.6413309086668333
146.0 0.9849431166023086
146.5 0.8454810237314522
147.0 0.9253659302000485
147.5 0.7816439487143432
148.0 0.8061439067650313
148.5 0.721404580220556
149.0 0.7162238275361124
149.5 0.6784304144546227
150.0 0.854493617702967
150.5 0.8886634826975572
151.0 0.7817639364731421
151.5 0.5485732591080374
152.0 1.074437954747055
152.5 0.872089521224334
153.0 0.8643430936410884
153.5 0.9127363805910778
154.0 1.0771660566598855
154.5 0.425285046500635
155.0 0.5051420305100612
155.5 0.7810033718016411
156.0 0.8319698708705299
156.5 0.7845492436889479
157.0 1.086662584046535
157.5 1.1482352444919082
158.0 1.0599997907792404
158.5 1.1178937616372844
159.0 0.752299899254008
159.5 0.6712879679254902
160.0 0.9037559944481235
160.5 1.0866626137165365
161.0 0.9085088836476269
161.5 0.8921094533033509
162.0 0.832661720491164
162.5 0.7975783897183881
163.0 0.6875953609340324
163.5 0.5361398281325362
164.0 0.6834239489807781
164.5 0.7875307967492315
165.0 0.4308154205604603
165.5 0.8640412849187085
166.0 0.6476782474825233
166.5 0.9889425962898677
167.0 0.7073759271337492
167.5 0.643647578541934
168.0 0.4812095711673021
168.5 0.8002015557240172
169.0 1.0675828085011005
169.5 1.032323451215554
170.0 0.930778740113823
170.5 0.554017231390618
171.0 1.2052840185577363
171.5 0.8289651283174999
172.0 1.2359076155861466
172.5 0.6307496334436223
173.0 0.6255683762322046
173.5 0.7775268058255458
174.0 0.8940893171360762
174.5 0.7769561543451429
175.0 0.7187760480570824
175.5 0.9888100517626421
176.0 0.5095208627028305
176.5 0.7099090882580417
177.0 0.7738236796299935
177.5 0.6009854584244261
178.0 0.6514064212967733
178.5 1.037033082466661
179.0 0.5967333022388168
179.5 0.6516208637030245
180.0 0.7120084975494752
180.5 0.9653600842613232
181.0 0.9829515733847354
181.5 0.9139261401509251
182.0 0.739800654417605
182.5 0.7166482535341572
183.0 0.9209844664257865
183.5 1.094829870671986
184.0 0.9438574842938992
184.5 0.9613493462588438
185.0 0.9398701366399795
185.5 0.82247166723655
186.0 0.9028596430957216
186.5 0.589901595236835
187.0 0.7031834867351182
187.5 0.7673967755054292
188.0 0.9865411897614644
188.5 0.8230404075391786
189.0 0.5306563068225079
189.5 0.7030486167321701
190.0 0.7401049074470882
190.5 0.7850222226192769
191.0 0.7526659756112279
191.5 0.6888467276343937
192.0 0.9671685114600448
192.5 0.9913522940779269
193.0 1.0540952781004695
193.5 0.9368929582803478
194.0 1.0804096355059223
194.5 0.6929198008423284
195.0 1.2342783628141882
195.5 0.9141760483157684
196.0 0.9429064069326356
196.5 0.8324076279016148
197.0 0.9604149082503382
197.5 0.5704492837467636
198.0 0.5187477168691939
198.5 0.569721048992099
199.0 1.1091686585766989
199.5 1.0609278918987757
200.0 0.8249334183825541
200.5 0.8377238528422312
201.0 0.8831581291819732
201.5 0.8816854671512828
202.0 0.7692607879448015
202.5 0.6951693370923617
203.0 0.6040254065663433
203.5 1.1332865749282095
204.0 1.1224434984127372
204.5 0.8259631781626682
205.0 0.8558990757625242
205.5 1.0160941498344596
206.0 1.1494789541631418
206.5 0.5743049152333566
207.0 0.8313896075612128
207.5 0.8600984802279388
208.0 0.5398838397838019
208.5 1.1022369607774316
209.0 1.1425546471941288
209.5 0.5713328380055533
210.0 0.7978780056734125
210.5 0.4701609145266781
211.0 0.9232576079394812
211.5 1.2066657235577714
212.0 0.7615609191914132
212.5 0.9648393015765651
213.0 1.001718413602886
213.5 0.7058479813649832
214.0 0.6990055107309574
214.5 0.7891709680267884
215.0 0.7351484829055852
215.5 0.8405293270088765
216.0 0.5755337634080895
216.5 0.5101505314430019
217.0 0.6586849843581959
217.5 0.9495075533616897
218.0 0.6493329827222751
218.5 0.6090008494637009
219.0 0.663942742725353
219.5 0.9035460393315684
220.0 0.771408966679225
220.5 1.1307276959668742
221.0 0.8196406830466875
221.5 0.6644967952146474
222.0 0.7178929664188718
222.5 0.9790315573418582
223.0 0.6165536209375284
223.5 0.6404841208581972
224.0 0.7423913452944674
224.5 0.6048650306857861
225.0 0.7626768557753203
225.5 0.6319128373285294
226.0 0.6857364213096095
226.5 1.1168427316909677
227.0 1.4792928016538311
227.5 0.7970802793917808
228.0 0.7048730813110857
228.5 0.848633888872854
229.0 0.937997526681364
229.5 0.6676572649092274
230.0 0.8548825244567044
230.5 0.7816568085365783
231.0 1.1218489969278216
231.5 0.7624891558963001
232.0 0.6556259104841937
232.5 0.7799934452342582
233.0 1.1628940482713064
233.5 0.7240188820000877
234.0 0.9093889841063771
234.5 0.5421862474842729
235.0 0.444683224550052
235.5 0.6423540083425205
236.0 0.5862767462066101
236.5 0.5239263918837691
237.0 0.6314310861997054
237.5 0.6586766139701191
238.0 0.5387983581421841
238.5 1.1337979953686663
239.0 1.131965152844778
239.5 1.1417996091217417
240.0 0.5881928378757074
240.5 0.9495213904389326
241.0 0.7763844012568271
241.5 0.45040443874394753
242.0 1.1591520370922743
242.5 0.9327437056741763
243.0 0.6259221236480543
243.5 0.6694249498303919
244.0 0.5600324600759979
244.5 0.8027269930182883
245.0 1.0164648048893832
245.5 1.1320043324656228
246.0 0.5812479826952304
246.5 0.5441865328979403
247.0 0.6373491464170065
247.5 1.1039402865834946
248.0 1.175446554406802
248.5 1.07787137704147
249.0 0.8891113514340858
249.5 0.804454687694219
250.0 0.5585882728595539
250.5 0.6464843779401419
251.0 0.8575595378197389
251.5 0.6951131409762434
252.0 0.8015451060718486
252.5 0.890125561973383
253.0 1.3075798616819305
253.5 1.0856833540036646
254.0 0.7604090776303767
254.5 0.5855980852729961
255.0 1.371769945455406
255.5 0.8358823930524051
256.0 0.7118814720862567
256.5 0.7718672370432301
257.0 1.5700464735565205
257.5 1.2261863246539328
258.0 1.095910786886417
258.5 1.038983450022684
259.0 1.474620766209266
259.5 0.7522846165148043
260.0 0.8616365937612347
260.5 0.7858601975049025
261.0 1.187180773012708
261.5 0.8916466594389749
262.0 0.5300649931377641
262.5 0.7450930142935794
263.0 0.6083770354238716
263.5 0.37722861059968926
264.0 0.5385224702206004
264.5 0.990098394018613
265.0 0.8089443569057522
265.5 0.964179808100144
266.0 0.9491969112307743
266.5 0.5389870364878828
267.0 1.091607958239786
267.5 0.8990064139651244
268.0 0.24980665399324148
268.5 0.7835093822092172
269.0 0.9382964154098601
269.5 0.6248802677883281
270.0 0.503290169304258
270.5 0.6432739428975721
271.0 0.7962370159095176
271.5 0.8375485080425749
272.0 0.7901558320124218
272.5 0.7957577840771648
273.0 1.0313752664788536
273.5 1.2759039716639766
274.0 0.9968806018380145
274.5 0.9455324333351667
275.0 0.582485924205502
275.5 1.1136828994644
276.0 1.1366583251622984
276.5 0.8458881281628656
277.0 0.3799700514269799
277.5 0.7885889686723342
278.0 0.8061985077242426
278.5 0.5375776656805045
279.0 0.6660195061746907
279.5 0.7144620597897013
280.0 1.119971266002788
280.5 0.9001576070808486
281.0 0.49399435963218774
281.5 0.49684147125960226
282.0 0.8133562252579873
282.5 0.7832713996847642
283.0 0.9833996166486185
283.5 1.1713867827429325
284.0 1.621189817216885
284.5 0.6944473757207883
285.0 0.9253250175149557
285.5 0.9133977053369864
286.0 0.8636869301961929
286.5 0.7755959163497486
287.0 0.7811576507300129
287.5 1.0148025245097654
288.0 0.7521683373314256
288.5 0.9173189038812026
289.0 0.7599265824843824
289.5 0.9322290848705288
290.0 0.47012086564777406
290.5 0.9292858996203668
291.0 0.8187410510522122
291.5 0.6222846603910455
292.0 0.6218768901551885
292.5 0.8007737039153029
293.0 0.4663813013954652
293.5 0.45497238675717727
294.0 0.3929671395006105
294.5 0.634520566291356
295.0 0.6129061382349417
295.5 0.7784806665349686
296.0 0.684270967167453
296.5 0.6800465390669883
297.0 0.947193954990597
297.5 1.1364470343585702
298.0 1.035146597656076
298.5 0.6279734247981588
299.0 1.510418857932288
299.5 0.5991825665799465
300.0 1.092857411167641
300.5 0.9103639949472686
301.0 0.8536388054604105
301.5 0.6639151687740833
302.0 0.9386121992342107
302.5 0.678027688274172
303.0 1.1877261453559347
303.5 0.8829574766746049
304.0 0.6349412029482578
304.5 0.5664629252967388
305.0 1.1668072378912069
305.5 0.854766163641518
306.0 0.8535585682594211
306.5 0.9574090236557216
307.0 0.8265362149353279
307.5 1.141211523079146
308.0 1.0824906805950851
308.5 0.8540670873321744
309.0 0.9529943647986578
309.5 0.8379632571295839
310.0 0.9511454633628336
310.5 0.9322196818119111
311.0 0.8525046188403391
311.5 0.5466759299492516
312.0 0.7235427205739515
312.5 1.1981086926873261
313.0 1.2710850078637868
313.5 0.6454508551392217
314.0 0.864325492143353
314.5 0.7613596165988519
315.0 0.9841266999018103
315.5 0.794449665976606
316.0 0.9642739583620465
316.5 0.8760467290493066
317.0 1.199288507421166
317.5 0.7904497460590124
318.0 0.5005048930541174
318.5 0.7218422923013857
319.0 0.7839884001240067
319.5 0.7934500386084864
320.0 1.0885818759052983
320.5 0.7418199267357564
321.0 1.0653863708425266
321.5 0.7804498158386042
322.0 0.6817166809234503
322.5 0.7527010498738286
323.0 1.0363986161694358
323.5 1.0094298645982636
324.0 0.70918191454063
324.5 0.8605784078892027
325.0 0.8633696336181171
325.5 0.9777211445007363
326.0 0.32913920010929204
326.5 1.1593348839498376
327.0 1.4144137312518632
327.5 1.4853026463345715
328.0 0.8134592632225881
328.5 0.3719272980360176
329.0 1.1534791270304916
329.5 0.5376893799067852
330.0 0.8561177926235084
330.5 0.5473924996001853
331.0 0.6712982910851489
331.5 0.712441871201132
332.0 0.8500718975651713
332.5 0.6214812485493894
333.0 0.9747373575836396
333.5 0.5934712296697652
334.0 0.79634641294065
334.5 0.7918043847916514
335.0 0.6077566249798008
335.5 0.8567556494168975
336.0 1.2963939045249788
336.5 0.9050679069900438
337.0 1.2304084270275948
337.5 0.6949853661323546
338.0 1.2484352757819208
338.5 0.7471614039334077
339.0 1.1535285582475505
339.5 0.8085668982750263
340.0 1.1469280619014797
340.5 0.9162992456698438
341.0 0.9624513622055706
341.5 1.0684785311978753
342.0 0.49851158704652193
342.5 0.7967972404915968
343.0 0.8059836056826986
343.5 0.8772887769578896
344.0 0.6312084057652476
344.5 0.836224763387054
345.0 0.42044590182930175
345.5 0.7450836643810177
346.0 0.8597602908701398
346.5 0.8112295405682534
347.0 1.0770856382963523
347.5 0.36931554802336247
348.0 0.6779146186584695
348.5 0.8971630630405554
349.0 0.9418435043972884
349.5 0.9190433793285047
350.0 0.8147323748324435
350.5 0.7900192067363261
351.0 0.6785300633229525
351.5 0.8435014474009421
352.0 0.8058080794145233
352.5 0.9328776110129489
353.0 0.6865888791690278
353.5 0.5593528227010625
354.0 0.746693781344494
354.5 0.4679899308556459
355.0 0.6955162374170272
355.5 0.773256891131717
356.0 0.5130292933005163
356.5 1.3147355017235776
357.0 0.6427250056178699
357.5 0.39314003937491115
358.0 0.9528821431723504
358.5 0.8314603617170653
359.0 0.5763543472137533
359.5 0.7754726674195267
360.0 1.075151859884243
360.5 1.253399759023908
361.0 1.267665831357538
361.5 0.6017625280503268
362.0 1.0141091376662603
362.5 1.0858116421939925
363.0 1.0679012279411177
363.5 1.5216162934016226
364.0 0.8581644379674316
364.5 0.6746370145304623
365.0 0.751375299385838
365.5 0.7854636818461551
366.0 1.2183636372964115
366.5 1.067588874496111
367.0 0.6062368159636713
367.5 0.7644330369488463
368.0 0.7796633777651905
368.5 0.7284427563677152
369.0 0.7256691647122464
369.5 0.6334859591457143
370.0 0.8662788749019499
370.5 1.0889990961729747
371.0 0.6740717313630894
371.5 0.6645480661640282
372.0 0.44463680294838964
372.5 0.6566738637173335
373.0 0.6341354822095693
373.5 0.8326133475317326
374.0 0.7371369512910673
374.5 1.3395568970231035
375.0 1.0448819842921528
375.5 0.7049772029608642
376.0 0.6924711823884999
376.5 0.5163078857224893
377.0 1.0273901829399557
377.5 0.8582616181382674
378.0 0.6460225355278293
378.5 0.8817323066697369
379.0 1.075468888456837
379.5 0.5922224336811908
380.0 0.6117389461853482
380.5 0.8198874010241952
381.0 0.6328271841749933
381.5 0.8897124214910503
382.0 0.9707767709444215
382.5 0.7552692220095596
383.0 0.9229328604532383
383.5 0.5423838263553569
384.0 0.5474947025585044
384.5 1.401179092485892
385.0 0.8489317125124654
385.5 0.818231748405214
386.0 0.5747367830367962
386.5 1.100005567585428
387.0 0.9422224387192604
387.5 0.7842150419094537
388.0 0.7684565745911476
388.5 1.4044033303318764
389.0 0.9626343238748127
389.5 0.9607998503935691
390.0 1.0288200577626254
390.5 0.8892178578619814
391.0 0.7169606374031499
391.5 0.4512749967620285
392.0 1.0214886406455363
392.5 0.8463873122724896
393.0 1.1613006062357418
393.5 0.8688354745444458
394.0 1.2431597457187624
394.5 0.9108792512372086
395.0 0.9549728631563066
395.5 0.8922851043382372
396.0 1.1523098476810132
396.5 1.1072169558448215
397.0 0.685509494245192
397.5 0.9480289310585923
398.0 0.7396012787338447
398.5 0.7466187346246749
399.0 0.7880407609878555
399.5 0.8353422385668934
400.0 0.7646022489536077
400.5 0.9561861539316854
401.0 0.9072020395636908
401.5 1.1427540403307586
402.0 1.229764414220324
402.5 0.7278510509893739
403.0 0.8817218590932447
403.5 0.9070740089580409
404.0 0.554441461375662
404.5 1.0970743653681134
405.0 0.9972233934250692
405.5 0.6391713011303006
406.0 1.1271176281112167
406.5 0.7600215821372014
407.0 0.969312758197707
407.5 0.7826004572184451
408.0 0.6722546172219555
408.5 1.7301262001036017
409.0 0.8978044434292642
409.5 0.9800175900215902
410.0 0.9503212211785483
410.5 1.4607473343883932
411.0 1.1932584656637242
411.5 1.1515877541113888
412.0 0.9572553223199132
412.5 0.8199008669950643
413.0 0.8878015139142696
413.5 1.0242819867484747
414.0 0.9546560843988494
414.5 0.7790742823106644
415.0 0.7586882888555072
415.5 0.5171781827166335
416.0 0.7176531144078604
416.5 0.7191742315430335
417.0 0.9806921234038162
417.5 0.8777817750053853
418.0 0.8624069999585415
418.5 0.8313498838019038
419.0 0.923657821238099
419.5 0.8811957339269421
420.0 0.747109295603615
420.5 0.7539208342148496
421.0 1.2715965087728927
421.5 0.5012843312890528
422.0 0.9520829316659309
422.5 0.7276713267328403
423.0 0.7277741885740219
423.5 0.6136379000130732
424.0 0.753238488374653
424.5 0.43005984458231045
425.0 1.1064213995282572
425.5 0.7712830958004142
426.0 0.3970052902133276
426.5 0.6179119804901427
427.0 0.7076961744846075
427.5 0.4968064883168454
428.0 0.702292412376757
428.5 0.6173806513997004
429.0 0.833272546437611
429.5 0.9147023088394357
430.0 0.689325070231283
430.5 1.2488209164176327
431.0 0.832152543585533
431.5 1.0639091009427166
432.0 0.8231395418934915
432.5 0.5982795391920444
433.0 1.0067456137913975
433.5 0.8168176426174951
434.0 1.192460418101453
434.5 1.0134224632777378
435.0 1.54367274825207
435.5 0.4549937968531027
436.0 0.6740316429107588
436.5 1.0064148079124993
437.0 0.8697305425279049
437.5 0.7887416454563605
438.0 1.0934896055427845
438.5 1.3551462040636633
439.0 1.3690472329744447
439.5 0.8899786367528155
440.0 0.6803005436950454
440.5 1.2499252953387128
441.0 0.6978065142483536
441.5 0.8311500035521147
442.0 0.45932379975460985
442.5 1.1264207750482265
443.0 0.8534513713286459
443.5 0.7189956832864807
444.0 0.8758940880907338
444.5 0.6175173644358745
445.0 0.8702485627932925
445.5 1.1236977777874204
446.0 0.8564743257036946
446.5 0.552836869343682
447.0 0.7317310548268399
447.5 0.7977443797495322
448.0 0.8055637711136381
448.5 1.1375519971210144
449.0 0.5724431801414467
449.5 0.9489333166492748
450.0 0.6774929053746781
450.5 0.8127790495047587
451.0 0.7718759994554787
451.5 1.0340537622085266
452.0 0.42827126343576155
452.5 0.9332168502476919
453.0 0.8446845802504421
453.5 0.7772433776001173
454.0 0.9380860322410932
454.5 0.6609210212878531
455.0 0.762298015901588
455.5 0.9893469658446967
456.0 0.5749784971950462
456.5 0.7772090561291809
457.0 1.0331023492860782
457.5 0.6606654476054306
458.0 0.6696071090132121
458.5 0.7270636106382393
459.0 0.41120749520315114
459.5 0.7923490493879914
460.0 0.770250185969735
460.5 0.6288817075220938
461.0 0.8803699207350195
461.5 0.44262847630868946
462.0 1.0364463586037067
462.5 1.0058980354600804
463.0 0.8125941571694306
463.5 0.5594800979751984
464.0 0.7370757768889122
464.5 0.8495641933422218
465.0 0.8152873155664362
465.5 0.6373489406966786
466.0 0.738337517352665
466.5 1.0305745529359882
467.0 0.9252868854977323
467.5 0.7889924877266485
468.0 1.1717500031906727
468.5 0.9537168004682897
469.0 0.8042797110749581
469.5 0.6983504627083259
470.0 0.6737379273993496
470.5 1.1028049633550683
471.0 0.7503505999192552
471.5 0.695025103774584
472.0 0.7151552161384283
472.5 0.9071315337239989
473.0 0.7639557090336058
473.5 0.6412257822658765
474.0 0.9484030442191462
474.5 0.8625865518592362
475.0 1.1653278082120389
475.5 0.9212230062010123
476.0 0.6559778109943921
476.5 0.8849712587281194
477.0 1.091153927849437
477.5 1.0047995083279855
478.0 0.9894504109476525
478.5 0.8718288802041676
479.0 1.4027142421827425
479.5 0.8707739737742364
480.0 0.9570289605544045
480.5 0.9507117738209758
481.0 1.0505243927154795
481.5 0.8647348660884981
482.0 0.6640588985677396
482.5 0.7737549017358578
483.0 0.9207986469369827
483.5 0.9001161558573103
484.0 0.6966170930274292
484.5 0.5854608054064043
485.0 0.8233714954288316
485.5 1.0656905746463279
486.0 0.8847004640535725
486.5 1.207234521389616
487.0 1.2851586576808696
487.5 1.6092218700996965
488.0 0.7290494181832727
488.5 1.0135241248145708
489.0 1.044961495953628
489.5 0.9260069968056432
490.0 0.5993146193329528
490.5 0.8837261993033299
491.0 0.8839710416689254
491.5 1.2480866309150254
492.0 0.8348294676566719
492.5 1.0381791013918593
493.0 0.5170219614819709
493.5 0.8861615477370854
494.0 0.8113058580095818
494.5 0.8771509436361984
495.0 1.2541877556592858
495.5 1.226474499070187
496.0 0.7936179223958757
496.5 0.7666756105597929
497.0 0.7386803876833536
497.5 1.2073143804671207
498.0 0.778165155712661
498.5 1.0408931126854275
499.0 0.7498762898284972
499.5 0.8297857883059687
500.0 0.600547364132892
500.5 0.7124317672597992
501.0 0.5166350143955143
501.5 0.8379967016132481
502.0 0.7361518843423751
502.5 0.6296775494895954
503.0 0.7496490560231357
503.5 0.7306052673564356
504.0 1.006700798712907
504.5 0.6059878437159474
505.0 0.5452620089871675
505.5 0.6588095685523159
506.0 0.9741359325118706
506.5 0.6815820762816834
507.0 0.6985126986455257
507.5 0.6096611015431073
508.0 0.7561753031492144
508.5 0.5295630967844454
509.0 0.8465590252585995
509.5 1.0271188782666238
510.0 0.8366364447528845
510.5 1.0100748137497557
511.0 0.8249587937073128
511.5 0.6066183480302976
512.0 0.8664141737672704
512.5 0.5999892340666433
513.0 1.0003488950160764
513.5 1.1701826755965408
514.0 0.869669285948931
514.5 0.7493995740377382
515.0 0.7880025186606935
515.5 0.929672565918948
516.0 0.5245216395162138
516.5 0.8166454171108635
517.0 0.7130964411884204
517.5 0.9594829302072947
518.0 0.9744421032234696
518.5 0.3677582347321847
519.0 0.7746453815072845
519.5 0.7974623082531713
520.0 0.2
520.5 0.5164912917699277
521.0 0.7278102214845505
521.5 1.1218151457021552
522.0 1.1641792686943482
522.5 0.7734940311326737
523.0 0.8369017022873887
523.5 0.7530560044479246
524.0 0.9999571444842841
524.5 1.0292095809166673
525.0 0.6364187350352923
525.5 0.46457024831110816
526.0 0.683904604709634
526.5 0.8396976287909506
527.0 1.2979448457230383
527.5 1.3480162415522265
528.0 1.073921106477037
528.5 1.0274239954698225
529.0 1.2025225210686334
529.5 0.5618368666296707
530.0 1.0525312187037776
530.5 0.9186733781753407
531.0 0.8998487793925501
531.5 0.7021616551145384
532.0 0.914035437713256
532.5 1.117797097925566
533.0 0.8011849004601781
533.5 0.8003748638709887
534.0 0.938163832694461
534.5 0.6388731509974097
535.0 0.7782121183672088
535.5 0.7264590516187568
536.0 1.1755094120845269
536.5 0.9122847671391594
537.0 0.9340202054431663
537.5 0.9934638555608153
538.0 0.7782749279392069
538.5 1.1844935146763464
539.0 0.6609081607250558
539.5 1.06077626154029
540.0 0.9501686768808308
540.5 0.9152739597589781
541.0 1.0120361850103108
541.5 1.2884842361213626
542.0 0.9653392045778093
542.5 0.9883782562517476
543.0 1.1072944799607962
543.5 0.7767243751873556
544.0 1.19003223524064
544.5 0.7601991395744689
545.0 0.8071501354392667
545.5 0.8515651319901791
546.0 0.8161021702276752
546.5 1.0663439033598057
547.0 0.975479869162873
547.5 1.059923614354605
548.0 1.1665677022806775
548.5 0.5827538781400572
549.0 0.6500793786241166
549.5 1.1090144376462756
550.0 0.7026076582432068
550.5 0.8632045978045426
551.0 0.5908805688111494
551.5 0.9286877461401699
552.0 1.2382497797722403
552.5 0.8797606975549284
553.0 0.5518010912878245
553.5 0.8663048425944762
554.0 0.8094657740919531
554.5 0.6830976874888619
555.0 0.9339762308784156
555.5 1.2091072063527284
556.0 0.7823355848682958
556.5 0.451860954122067
557.0 0.731241541513254
557.5 0.6406682726187198
558.0 0.4961264196502205
558.5 0.8282567175978373
559.0 0.7002363482164549
559.5 0.8127086588367168
560.0 1.070252884427363
560.5 0.7864309714216279
561.0 0.7747142474964945
561.5 0.8723027447286271
562.0 0.5833424084500907
562.5 1.1525653188305653
563.0 0.6380664509293243
563.5 1.2208997475035837
564.0 0.7601332826249263
564.5 0.9409923114640939
565.0 0.9777688648858074
565.5 0.7949885241258448
566.0 0.6208556439231264
566.5 0.9708301264765482
567.0 1.115334724814308
567.5 0.6951243875684143
568.0 0.48836340925330196
568.5 0.8691099174590624
569.0 0.6942186723501895
569.5 0.4018840491240821
570.0 1.1019856644947366
570.5 0.653114354003848
571.0 0.7527045050158512
571.5 1.0837654520298485
572.0 0.9764516479081957
572.5 1.011687405694499
573.0 0.8526891353092114
573.5 0.5379069417669797
574.0 1.2389641175199084
574.5 0.8707105620907106
575.0 0.8706957627772498
575.5 1.0056581659799075
576.0 0.8638082744864166
576.5 0.8793081936150413
577.0 1.2074942507426958
577.5 0.47430161783479846
578.0 0.9076459606216132
578.5 1.132983104115246
579.0 0.8569326540742461
579.5 1.36990149430104
580.0 0.948950615675902
580.5 0.7514110832580223
581.0 0.8216113980104705
581.5 0.929595236894404
582.0 0.8286772389344561
582.5 0.8234464698421786
583.0 0.5933958583767382
583.5 0.5286601682000969
584.0 0.8771869870391831
584.5 1.0495625039955832
585.0 0.7995827864986511
585.5 1.349407919984541
586.0 0.9128163833479668
586.5 0.9618969160028823
587.0 0.7492706249356484
587.5 0.7237904021367729
588.0 0.5324323935869224
588.5 0.8700505940457222
589.0 0.23682638981962661
589.5 0.7117862037927942
590.0 0.6822150231800098
590.5 0.6204442920347164
591.0 0.9269315005963301
591.5 0.6285858239778286
592.0 1.1385113081746274
592.5 0.9464565762991888
593.0 0.5403244981434476
593.5 1.3736087543569824
594.0 0.8691811443467081
594.5 0.6690787732058845
595.0 0.6038179852899923
595.5 0.5262730801287849
596.0 0.6415533795698846
596.5 0.7676956427482392
597.0 0.9806214777072959
597.5 0.9575339109580852
598.0 0.6831652471519702
598.5 0.6294612742186612
599.0 0.9445091500398684
599.5 1.070466918163754
600.0 0.6382098632133113
600.5 0.7622643939066736
601.0 0.798807579580068
601.5 1.1445955596723139
602.0 0.6540036411302245
602.5 0.9763826534624249
603.0 0.7384298692676168
603.5 0.7781933567542374
604.0 1.2941554769877355
604.5 0.5963806854716267
605.0 1.1177825164011768
605.5 0.896148381260284
606.0 1.7856226763407876
606.5 1.0087423037954046
607.0 0.5722828826859064
607.5 0.769970737924589
608.0 0.8934989371711008
608.5 0.8650740242005408
609.0 1.157291627226091
609.5 0.5326583652469241
610.0 0.656327283174192
610.5 0.5786520939223725
611.0 1.1185428148813676
611.5 0.4558219712502128
612.0 1.2127427863579698
612.5 1.5668281623283475
613.0 1.0263938055717725
613.5 0.9805678558708242
614.0 0.7415003358950774
614.5 0.7396787117065869
615.0 0.740256114555313
615.5 0.8046243641295372
616.0 0.7313299160282347
616.5 0.8855668517236055
617.0 0.46954202717544413
617.5 1.0985906346901553
618.0 0.6696236182758096
618.5 0.49214063196998153
619.0 0.7375438809081383
619.5 1.0747348576649074
620.0 0.701725378656906
620.5 0.6022124228071546
621.0 0.981467405027135
621.5 0.7103433418388421
622.0 0.6978149198572537
622.5 0.7349058484396823
623.0 0.896422926410088
623.5 0.8848990982638051
624.0 0.9003199457733368
624.5 0.889471605175459
625.0 0.8636064118596056
625.5 1.042392096255342
626.0 1.0793379863360917
626.5 1.0367022670508739
627.0 0.9787722400523016
627.5 1.0673734922389646
628.0 1.5003504677505803
628.5 0.30196842109275496
629.0 0.7424137821311847
629.5 0.48210264667744335
630.0 1.216910714261171
630.5 0.9342827469222372
631.0 0.9700993475355331
631.5 0.9458320256138795
632.0 1.2498774986730397
632.5 1.3059776590289554
633.0 0.9452620659749942
633.5 1.105438232387382
634.0 0.6754561802962964
634.5 0.8668052967569828
635.0 0.8378573311066684
635.5 1.2169539438672126
636.0 0.7443673033933877
636.5 0.8255904237993161
637.0 1.2561964982104536
637.5 1.1864618630319808
638.0 0.9075335529239389
638.5 0.9098810215075812
639.0 0.7595328149125173
639.5 0.9737207380487667
640.0 0.7771404720359865
640.5 0.9497457684470856
641.0 0.7071876299351851
641.5 0.7008775713452162
642.0 0.8453481855441289
642.5 0.6895318251244145
643.0 0.5445215967777648
643.5 0.6719827691045976
644.0 0.7704243474672896
644.5 0.6428685806511913
645.0 0.7321292362755303
645.5 0.907498320123489
646.0 0.9651311677306726
646.5 0.9126232918552148
647.0 0.9312719234604419
647.5 0.8516185474938647
648.0 0.704824294995988
648.5 0.6117640144249205
649.0 1.2642127520750785
649.5 0.9528629541301188
650.0 1.1960328302932426
650.5 1.2847996425110322
651.0 1.2469845179408912
651.5 0.7267097682515178
652.0 0.6668921706541369
652.5 0.6921842784012044
653.0 1.0707303210048795
653.5 0.6047098460112952
654.0 0.8097666190988851
654.5 0.7884954956723313
655.0 0.8695952230387279
655.5 1.1085203610225935
656.0 1.0905616804215759
656.5 0.4591866868455328
657.0 0.46918935018904107
657.5 0.7640663117020914
658.0 1.039445876622994
658.5 0.9357503243362362
659.0 1.2933920589308268
659.5 0.6383383978220558
660.0 0.9691324409308208
660.5 0.8279798716175433
661.0 0.8677830696505927
661.5 0.8197744597104362
662.0 1.2248399893368969
662.5 0.9676980529802963
663.0 1.4239424713604605
663.5 0.8952808753610932
664.0 0.6371524722652796
664.5 0.6100436228816069
665.0 0.6751164887201566
665.5 0.7786226591717971
666.0 1.2147862107307932
666.5 0.9668083758623365
667.0 0.8719323024110093
667.5 1.1113116510916354
668.0 0.6442173355549281
668.5 0.9135084908032207
669.0 1.164861534498406
669.5 0.8467802415741725
670.0 0.9689483762812132
670.5 1.4244202738787262
671.0 0.5358538740580594
671.5 0.7132723405098813
672.0 0.7109699294026153
672.5 0.6277469269349839
673.0 0.44607810829093586
673.5 0.4544078876349783
674.0 0.5501625646208798
674.5 0.6254379715782818
675.0 1.0203184530927254
675.5 0.8480334773083322
676.0 0.8307523308661795
676.5 0.6454968731402131
677.0 0.5930492352892628
677.5 0.714111251725208
678.0 0.637225631957312
678.5 0.620045769625041
679.0 0.7542059394876803
679.5 1.192665678200986
680.0 0.5901823475003742
680.5 1.0799833242237526
681.0 0.6500638040566364
681.5 0.7258963699167682
682.0 1.2364164070734314
682.5 0.7579630857289474
683.0 1.2301708250331818
683.5 1.1171606929663178
684.0 1.0307195506652191
684.5 0.6429321123649456
685.0 0.41855531700158627
685.5 0.7857365565557661
686.0 1.0549415098434534
686.5 0.9328649051020537
687.0 1.0373820424393265
687.5 0.5689103095944028
688.0 0.6764215601589838
688.5 0.845441630570504
689.0 0.569559366122199
689.5 0.9615028412028821
690.0 0.8484326928724797
690.5 0.893732410132954
691.0 0.7478451729319686
691.5 0.8798861747146252
692.0 0.7086516522946849
692.5 0.8087226442758597
693.0 0.7910268977364423
693.5 0.5220314779038634
694.0 0.9071874699838471
694.5 0.7328331787363718
695.0 0.9743279198158421
695.5 0.7716711273515477
696.0 1.2284566406160011
696.5 0.761117443951842
697.0 0.46102288864239455
697.5 0.6282807085181272
698.0 0.6719204437819115
698.5 0.47165461298230926
699.0 0.6441740627002003
699.5 0.7762391070847372
700.0 0.8808622950940554
700.5 1.082419052180324
701.0 0.793548694498577
701.5 0.755908641445165
702.0 0.9239021840814432
702.5 0.9897515441128586
703.0 1.099408728805312
703.5 1.5451502383627276
704.0 1.1099942863391488
704.5 0.7002316635720625
705.0 0.5463034633198818
705.5 1.683428161209577
706.0 1.0164287681900164
706.5 0.6041120238918027
707.0 1.2554479967782628
707.5 0.7799062427485551
708.0 0.7652199244286448
708.5 0.7999915625386763
709.0 0.8535481221176755
709.5 1.0423668530389438
710.0 1.1772652014154494
710.5 1.0277258902713347
711.0 0.7668903106314415
711.5 0.8252945157888809
712.0 0.8741170394298308
712.5 0.9322353135827559
713.0 0.819316213572036
713.5 1.3707834705351971
714.0 1.2287763206460904
714.5 1.1411762100022282
715.0 0.6030111923153405
715.5 0.7271777515259483
716.0 0.9815107724245098
716.5 0.5477223548972758
717.0 0.6596995616762145
717.5 0.47493578625464533
718.0 1.012141989850335
718.5 0.8335231899280235
719.0 1.1174336100916398
719.5 1.1399787152184158
720.0 1.4925868746992776
720.5 1.3951305290229488
721.0 0.7282961612475485
721.5 0.9716527495255025
722.0 0.8506132506317368
722.5 0.4592217472824027
723.0 0.979732001837369
723.5 0.48803694999253294
724.0 1.268919098585166
724.5 0.7933131670279636
725.0 0.7947456482764399
725.5 1.1591575506927427
726.0 0.7127538831944644
726.5 1.0268913189203852
727.0 1.1860422528714654
727.5 0.7518337367164274
728.0 0.7118763961278963
728.5 1.102894683691535
729.0 1.1301988528439044
729.5 0.8466480070470759
730.0 0.492045293971446
730.5 0.9669483330511721
731.0 0.9304734702633299
731.5 1.0825994333296662
732.0 0.8452642673343358
732.5 0.3735730841645474
733.0 0.7468126916285649
733.5 1.1800420438284296
734.0 0.7657244176014075
734.5 1.1993144546124925
735.0 1.2683291406254555
735.5 0.6527673922182983
736.0 0.7657265304801972
736.5 0.7073851259575863
737.0 0.6904679343742453
737.5 0.2
738.0 0.7982287726251786
738.5 0.5974536787319528
739.0 0.7129951917515167
739.5 0.9069701674759123
740.0 0.8689415698687126
740.5 0.9924894675523293
741.0 1.2921520099211923
741.5 0.8222551748665132
742.0 0.8165120962628281
742.5 0.7423977148467997
743.0 0.6816264369862306
743.5 0.8550511094422137
744.0 0.20267298284154794
744.5 0.8955447433289436
745.0 0.6477446568724574
745.5 1.0348587131912688
746.0 0.8227900816730056
746.5 0.8176950212659242
747.0 0.9205595679351881
747.5 0.880846744473879
748.0 0.5545692553279944
748.5 0.6439481576932831
749.0 0.7863409832396213
749.5 0.8791761931323783
750.0 1.0897749057556836
750.5 1.0961280358283574
751.0 0.854271649902531
751.5 0.48584030427956393
752.0 0.7145576994344487
752.5 0.7679540834236254
753.0 0.6114621769034632
753.5 1.0473033072670448
754.0 0.8424672583059112
754.5 0.5658564548280958
755.0 0.6548861418669024
755.5 0.625403371438503
756.0 0.6648520166553024
756.5 0.8696513601725526
757.0 0.7186429725372873
757.5 0.756347505429295
758.0 0.8485121921903661
758.5 0.9894784849012186
759.0 0.5988600867814087
759.5 0.7165133476217562
760.0 1.1181914158824078
760.5 0.7022608522240822
761.0 0.8165728097779215
761.5 0.822424887715171
762.0 0.8695326771110401
762.5 1.355834572940196
763.0 1.039426506536697
763.5 0.7661164959043535
764.0 0.6555970394340582
764.5 1.4318296334731064
765.0 0.8802067381918999
765.5 0.720528064029004
766.0 0.8635003670605697
766.5 0.7041028590053307
767.0 0.7289326039748683
767.5 0.9674614984988066
768.0 0.605227445329598
768.5 1.0399703305937693
769.0 0.8170503314992277
769.5 0.5520114847019684
770.0 0.7947804829964851
770.5 0.8876383231934826
771.0 0.42958718568055193
771.5 1.0982237613965573
772.0 0.702608081497536
772.5 0.8445237059984894
773.0 0.6761818003203228
773.5 0.6815406515790534
774.0 1.2215391627185999
774.5 1.221767350710788
775.0 1.161959873889163
775.5 1.2710545818421344
776.0 0.7239855603462502
776.5 1.3419966162566688
777.0 0.6816405952223931
777.5 0.9811230000283406
778.0 0.8730583352544592
778.5 0.7042914786575731
779.0 1.0997721892892178
779.5 0.8174286727049254
780.0 0.9502950402521018
780.5 0.9145157545058913
781.0 1.361216974116948
781.5 0.8714286138341555
782.0 0.4056432145823906
782.5 0.9663201554704324
783.0 0.7257173412540214
783.5 0.9565952713915933
784.0 0.7042424507816821
784.5 0.7484684243306161
785.0 0.6977754037773922
785.5 0.6854561888390454
786.0 0.7565683005554978
786.5 0.8521817978800756
787.0 0.9190390519520626
787.5 0.9931439619008537
788.0 1.2006436122533604
788.5 0.8517847188430976
789.0 0.904275560725887
789.5 1.059272699090052
790.0 0.31878356954181725
790.5 1.0268892734877983
791.0 0.8715046552978745
791.5 0.8011733337203597
792.0 1.142674649628434
792.5 0.8860785065188728
793.0 0.49274984987916837
793.5 0.8055642792507856
794.0 0.7070687099061408
794.5 0.8453883619859373
795.0 0.5822518565836254
795.5 0.7508912676791593
796.0 0.8301768422942146
796.5 0.7982080732353167
797.0 1.021569257984863
797.5 0.6894323782675045
798.0 1.2897664245369558
798.5 0.876801349590147
799.0 0.6351369747250577
799.5 1.1181468619372645
800.0 0.5590135778415524
800.5 0.8902250094406274
801.0 0.5639077886016234
801.5 0.6313428550553252
802.0 1.0786590717131117
802.5 0.6672313106964731
803.0 0.7795170474394375
803.5 0.5246283520757595
804.0 1.0441351832668746
804.5 0.7254153406372488
805.0 0.6952993458487451
805.5 0.5721159899883486
806.0 0.6034766553233551
806.5 0.8014990378425431
807.0 0.6908005031365108
807.5 0.9179681048207564
808.0 0.3731919590458292
808.5 0.7640179770951046
809.0 0.8126668742679495
809.5 0.4847190203659692
810.0 0.5919800212026877
810.5 0.5576350627784566
811.0 1.1069999160600015
811.5 0.5917098974424806
812.0 0.7432716758431377
812.5 0.8504186556362103
813.0 1.0992363933615457
813.5 0.664166788678074
814.0 0.7913298166636134
814.5 0.6439254635508975
815.0 1.1259355084099953
815.5 0.38667182019193264
816.0 1.1031689314323794
816.5 0.8257523104205493
817.0 0.9965174373611811
817.5 0.7218924897715595
818.0 0.6686507834854403
818.5 0.5888980142602203
819.0 0.9123326991630745
819.5 0.5660029314047856
820.0 1.2805193965360395
820.5 0.7581021053037351
821.0 0.3946072405492052
821.5 0.9311489752548263
822.0 0.7516244219371564
822.5 0.8776983858469203
823.0 0.7003563654040144
823.5 0.6897204414118845
824.0 0.8419817607899764
824.5 0.7136685080089165
825.0 0.7599439762465812
825.5 1.109416180336086
826.0 0.781333184505137
826.5 0.8275826574582037
827.0 0.7389799850820045
827.5 0.8860121195517985
828.0 0.7986450081523364
828.5 1.08300180445486
829.0 0.6530720456013217
829.5 1.2887759331495965
830.0 1.0192539594051437
830.5 0.8156778909077977
831.0 1.285763195247358
831.5 0.6026557875582292
832.0 0.7146226133578162
832.5 0.37111837859792135
833.0 0.7018418670218196
833.5 0.964647802217441
834.0 0.2911191936462764
834.5 0.7049962534214909
835.0 0.7987583049437244
835.5 0.8690554912400035
836.0 0.7839633573400482
836.5 0.4132050523934001
837.0 0.8639590168303846
837.5 1.0238486910713869
838.0 0.6363743480932023
838.5 0.8669561483099639
839.0 0.7642685643917535
839.5 0.9887902890469951
840.0 0.8172741683292895
840.5 1.1328980379265277
841.0 0.6978417691785038
841.5 0.9447427471714813
842.0 0.690130125137744
842.5 0.7447930007426378
843.0 1.2201050281460526
843.5 0.3205713075025261
844.0 0.9788256902560087
844.5 0.8606532644504277
845.0 1.167448924006475
845.5 0.7223719614926051
846.0 1.1057810984308705
846.5 0.808759891167222
847.0 0.7659572382525273
847.5 0.9410855369237061
848.0 0.6986171261254768
848.5 1.0568449787318301
849.0 0.572886167696679
849.5 0.6797387204635992
850.0 1.3867787034236496
850.5 1.0511028447325947
851.0 0.7317949023713469
851.5 0.7046557295848581
852.0 0.7724611593444182
852.5 0.9971611689147535
853.0 1.1915305664468918
853.5 0.6392772905257385
854.0 0.7699371516556739
854.5 0.9177437701593782
855.0 1.0539283278306055
855.5 0.8222538161957617
856.0 1.1307987307241425
856.5 0.7977134282553744
857.0 0.6806385413981917
857.5 0.7602671495634361
858.0 0.9584521890102322
858.5 0.8152320925864396
859.0 0.6772233351204613
859.5 0.7388415933597694
860.0 1.4497071321648316
860.5 1.314587535088964
861.0 0.9270244134551224
861.5 0.8373175865471765
862.0 0.4231639052353698
862.5 0.6276018405486001
863.0 0.6851488340981294
863.5 0.7356126476190938
864.0 1.1010089784837327
864.5 1.0840434743779044
865.0 0.5076961199820768
865.5 0.7904713374518246
866.0 0.8251698751683485
866.5 0.49170594009596374
867.0 0.8820423164841995
867.5 1.157595502739064
868.0 1.16335110303711
868.5 1.1533311173410574
869.0 0.6521397223205627
869.5 0.6304683629157388
870.0 0.591088719488923
870.5 0.9590137706096611
871.0 0.8232551714014884
871.5 1.1784399102885605
872.0 0.8369895418843298
872.5 0.9418592268514729
873.0 0.669297156371496
873.5 0.8637204880630271
874.0 0.910687262369319
874.5 0.7844293965605766
875.0 0.5939787854970087
875.5 0.3816666274727654
876.0 0.8200949351044466
876.5 0.839824472762017
877.0 0.7825254220145879
877.5 0.9197029365822509
878.0 0.769288496454293
878.5 1.0467581471842167
879.0 1.2066134439094511
879.5 0.8129060348977106
880.0 0.99304901892961
880.5 0.8443091721717413
881.0 0.7667391544834528
881.5 0.6813206333198185
882.0 0.3424793904255555
882.5 0.45298235289719385
883.0 0.6968964906568583
883.5 0.8569459571101874
884.0 0.9921471963564357
884.5 0.8195766305630464
885.0 0.9087541539190889
885.5 0.9200638227276055
886.0 1.1358961176386555
886.5 1.1632568149721358
887.0 0.8586927504336211
887.5 0.7733500679114129
888.0 0.8403990903894598
888.5 0.8802717401055682
889.0 0.7373836841539623
889.5 0.7255463141401458
890.0 0.9604235896942377
890.5 0.9155154114384936
891.0 0.7762709332812794
891.5 0.8790235483029187
892.0 0.3975725631870934
892.5 1.1191503139488128
893.0 0.8759346693027401
893.5 1.0567459049294436
894.0 0.8152364170591522
894.5 0.8121337940831586
895.0 0.4892536579413069
895.5 0.6742642859302108
896.0 1.0991212265733665
896.5 0.6228745820652138
897.0 0.4198111861633862
897.5 0.531615234651649
898.0 0.6459619568255328
898.5 0.8802375048817233
899.0 0.8524845965624293
899.5 0.9480910939461162
900.0 0.9500414438756919
900.5 1.1838820878582597
901.0 0.8505209758351628
901.5 0.6207362429418849
902.0 0.7865222032158157
902.5 0.864075117471816
903.0 0.7833568530110591
903.5 0.523535550833906
904.0 0.8233295345050278
904.5 0.9269145920299047
905.0 0.6701493614063301
905.5 0.4674925363706936
906.0 1.1381324138425541
906.5 0.8089581432639827
907.0 0.4776354290662771
907.5 1.2594445555298908
908.0 1.1366105596390945
908.5 1.0705429910846538
909.0 0.6928577793014694
909.5 0.7173353045604169
910.0 0.9141395346969245
910.5 0.7915322676387493
911.0 0.8342339083775918
911.5 1.0118588451673338
912.0 0.7849354066481884
912.5 1.1636180797451292
913.0 0.9953563666977975
913.5 0.7509006055779079
914.0 0.8341993958180398
914.5 0.8199401310600927
915.0 0.9541139186606642
915.5 0.6391680026658293
916.0 0.7359853083654762
916.5 0.547727358066296
917.0 0.47605147000448855
917.5 0.5792995016893632
918.0 0.9365150025300315
918.5 0.615528538071792
919.0 1.28808442636219
919.5 0.9050395868118919
920.0 0.9995932972361445
920.5 0.845747415320941
921.0 0.6597345954830047
921.5 0.678117026840173
922.0 0.7485602207320532
922.5 0.5963466053496149
923.0 0.9464159297972217
923.5 0.6076497167139092
924.0 1.0703476189351981
924.5 0.4009512498350631
925.0 0.5859532093450813
925.5 0.7258899116419493
926.0 0.42497946514920193
926.5 0.7631441195186182
927.0 0.753310560051407
927.5 0.7278306626585641
928.0 0.8230974270527315
928.5 0.8041967196411595
929.0 1.0378965415402577
929.5 0.9307108876208416
930.0 0.6166278842929442
930.5 0.9810721170870325
931.0 0.5734473409711638
931.5 0.7212823584926217
932.0 0.7098295301267357
932.5 0.6355879822167094
933.0 0.7425771325362169
933.5 0.5813969511104162
934.0 1.0072351593021764
934.5 0.8289130722752873
935.0 0.42119546685729015
935.5 0.7401402858854671
936.0 0.9025494140128594
936.5 0.600879839185291
937.0 0.7999609003809129
937.5 0.856261689512678
938.0 0.3854621745698373
938.5 0.8882966450510033
939.0 1.223942510000238
939.5 0.8006411664210764
940.0 1.1793067564104007
940.5 0.9789266956426601
941.0 0.8000646932642297
941.5 0.7860251620767287
942.0 1.3374991572178503
942.5 1.02476763348146
943.0 1.4429735519179474
943.5 0.702160857149196
944.0 0.5944180869778828
944.5 0.8814034516423603
945.0 0.8654854388559774
945.5 0.8229633976861312
946.0 0.7352086121802
946.5 0.9961232024854589
947.0 1.0112777710973273
947.5 0.8040011120477754
948.0 1.2902853416380167
948.5 0.719350531520994
949.0 0.7502328740396249
949.5 1.069192414223478
950.0 1.356918074788273
950.5 0.7813929424899548
951.0 0.5619850795429406
951.5 1.1571831466309763
952.0 1.160042802993859
952.5 0.8712846600922672
953.0 0.9926268940450567
953.5 0.6369178387871626
954.0 0.6363352224987778
954.5 0.5932615196400606
955.0 0.6644579175018119
955.5 0.7656710630116935
956.0 0.858841767476521
956.5 1.1212093748185847
957.0 0.6713621935647553
957.5 1.2243764551433545
958.0 0.8671356700523989
958.5 0.7352283143489233
959.0 1.0186329612597085
959.5 1.18048855009961
960.0 0.9492796990582288
960.5 0.7203127717140474
961.0 0.958048244194019
961.5 0.9392037118937056
962.0 1.28507944318529
962.5 0.9356311754791544
963.0 0.696680361652425
963.5 0.6087496284610938
964.0 0.943468492435374
964.5 0.8347535133495754
965.0 0.798108109891027
965.5 0.829513029927184
966.0 0.6865945000782454
966.5 0.6558337052558628
967.0 0.8087248749166245
967.5 0.8667448219549687
968.0 0.7123797020384965
968.5 0.5607066493511728
969.0 0.9922618443315618
969.5 0.8765206907205989
970.0 0.7218622567838242
970.5 0.8319632473185379
971.0 1.105960105116528
971.5 0.7977666961890775
972.0 0.6013931125462806
972.5 1.072453724191737
973.0 0.8471501275663476
973.5 0.7534041429636325
974.0 0.8690952274720181
974.5 1.1694216932600372
975.0 0.8857674679118535
975.5 0.7549552078721633
976.0 0.7145059917543932
976.5 0.9137803842265817
977.0 1.095600010715267
977.5 0.7225969823576844
978.0 0.6255144802627954
978.5 0.964258667758171
979.0 0.8467755948659306
979.5 1.087583575621467
980.0 0.7103332018781632
980.5 1.0964055388595366
981.0 0.6459908785019504
981.5 0.6406360155843132
982.0 0.9559031926432136
982.5 0.5332274909931976
983.0 0.46479731337615776
983.5 0.5249533597964323
984.0 0.7347127844168808
984.5 0.7298703124376185
985.0 1.3225032017418559
985.5 0.4853236167763904
986.0 0.8454529269277
986.5 1.0888310474331762
987.0 1.1673979547989808
987.5 0.6750547903835707
988.0 1.3325364697207813
988.5 0.9733187504410601
989.0 0.8275432951026827
989.5 0.925351792260854
990.0 0.9193399076391557
990.5 0.7140294661516778
991.0 1.0024702889854917
991.5 0.5036900644784403
992.0 0.5426457020667224
992.5 0.6125638825763655
993.0 1.2228544337096126
993.5 0.7428221842932232
994.0 1.2028049891691122
994.5 0.9442662543865312
995.0 0.5321640068040295
995.5 1.2138798749171273
996.0 0.6882501920770965
996.5 0.6108230575496676
997.0 1.0558869041356018
997.5 0.79764768527817
998.0 0.764642297532069
998.5 1.0729837408667882
999.0 0.6297798851898595
999.5 1.1994806224981103
1000.0 1.6951771514592302
1000.5 0.8497129371026939
1001.0 0.48715883806155197
1001.5 0.9180320663717447
1002.0 1.3551165022727445
1002.5 0.7606652044747444
1003.0 0.8906258421840512
1003.5 0.8327909703884497
1004.0 0.5982381196506212
1004.5 1.0073963172006224
1005.0 1.2325097666078504
1005.5 0.7692666634613308
1006.0 1.3980751776856823
1006.5 1.172167515511702
1007.0 0.8318863142967957
1007.5 0.8065283425798324
1008.0 0.903130542467053
1008.5 0.8439831965396061
1009.0 0.8915837294436053
1009.5 0.9388993884878829
1010.0 1.0078550701196924
1010.5 0.9080652421214654
1011.0 0.7060518635557675
1011.5 0.5537764727124318
1012.0 0.7531863297891839
1012.5 1.246899415928436
1013.0 1.1193562213507147
1013.5 0.9669009306005958
1014.0 0.7552442532138717
1014.5 1.0344256768286006
1015.0 1.1251492116271251
1015.5 0.7157652567146104
1016.0 1.4701937366601248
1016.5 0.7998575705833213
1017.0 0.33871401182182564
1017.5 0.7970392027416517
1018.0 0.48999178929001935
1018.5 0.7977215008445261
1019.0 0.6250921630205182
1019.5 0.22115119034144376
1020.0 0.9388188965302611
1020.5 0.6918838394947406
1021.0 0.7962592893585567
1021.5 0.6364343691781837
1022.0 0.6121632735491231
1022.5 0.5800384886859706
1023.0 0.8396925812773415
1023.5 0.9357791621484755
1024.0 0.6104374782259412
1024.5 0.590553170268943
1025.0 0.5648936261686404
1025.5 0.6753698418292529
1026.0 0.8843856976361368
1026.5 0.7212535024037765
1027.0 1.1164295336655674
1027.5 0.9228592603978876
1028.0 0.841710174047873
1028.5 0.7576428642444412
1029.0 0.26165380633525875
1029.5 0.9183292875944211
1030.0 0.7481154192087865
1030.5 0.5359057211178495
1031.0 0.5897124642743783
1031.5 0.8907490766612067
1032.0 0.9322067175813646
1032.5 0.8779627165093684
1033.0 0.8700570187759484
1033.5 1.285003739251673
1034.0 0.472940435278212
1034.5 1.0166885910049988
1035.0 1.2538753658897044
1035.5 0.7231389624423232
1036.0 0.7144889055508997
1036.5 1.045052303315914
1037.0 0.47158735624732806
1037.5 0.560597074818953
1038.0 0.6024428609005968
1038.5 0.4317569646362405
1039.0 1.4577303368646761
1039.5 1.1322166033100127
1040.0 0.7789912432423174
1040.5 0.6095045378666679
1041.0 0.6963493654800958
1041.5 0.7039869637945646
1042.0 1.1211626092010376
1042.5 0.5255716761661988
1043.0 0.8242678282486979
1043.5 0.38346335458053077
1044.0 0.7440388718908437
1044.5 1.2010914885514987
1045.0 0.8058088737101681
1045.5 1.0330890142340123
1046.0 0.7155054050685477
1046.5 0.8430422754501021
1047.0 0.7492859310371482
1047.5 0.9247225027120214
1048.0 1.0357769122387093
1048.5 0.8684507685432376
1049.0 0.7414012989117678
1049.5 0.8847028490637912
1050.0 0.3703115795747174
1050.5 0.7966335998252065
1051.0 0.6098679580689718
1051.5 0.7450794417825071
1052.0 0.6034533183685256
1052.5 1.423773313801124
1053.0 1.0289149137299374
1053.5 1.0467827696848782
1054.0 1.3673768257078938
1054.5 0.7665727444956062
1055.0 0.7366263379813587
1055.5 1.2959882238831897
1056.0 0.5967267216376053
1056.5 0.7352516223473762
1057.0 0.7707995970272097
1057.5 0.5869543079221047
1058.0 0.7757698876263979
1058.5 1.0413792247533364
1059.0 0.7136174768469463
1059.5 0.6236825529871197
1060.0 0.48905428626368364
1060.5 0.6088813755643308
1061.0 0.8705757568259993
1061.5 0.8561207754941118
1062.0 0.9262022511587005
1062.5 1.1324985381166228
1063.0 1.0583159210488644
1063.5 1.0860568855067088
1064.0 0.83389730318035
1064.5 0.6985938547199908
1065.0 0.793454289589415
1065.5 0.8745466774572082
1066.0 0.6454853238135738
1066.5 0.8989486236864015
1067.0 0.9731503423858741
1067.5 0.7701056370368689
1068.0 0.5882837301824915
1068.5 0.983999058324436
1069.0 0.8277511535509028
1069.5 0.5895252302698174
1070.0 0.6368307766957977
1070.5 1.1439824892815607
1071.0 0.790537195944921
1071.5 0.6156703973190757
1072.0 0.5542698628617014
1072.5 0.6623313660320722
1073.0 1.2962045128222595
1073.5 0.9654422293454064
1074.0 0.8481889567880201
1074.5 0.7376487781996797
1075.0 0.8470607687748049
1075.5 0.7708162265235639
1076.0 0.6896387541232814
1076.5 0.8879573559210746
1077.0 0.8329409079541299
1077.5 0.898974267748347
1078.0 0.6797474836153303
1078.5 0.9181249941769436
1079.0 0.7626230175329659
1079.5 0.748368436451395
1080.0 0.9485660729678729
1080.5 0.4953271170790808
1081.0 0.855327316624379
1081.5 1.0404539122071526
1082.0 0.9084230980973911
1082.5 0.8861444511427543
1083.0 0.8920773481246935
1083.5 1.0938075374712792
1084.0 0.5804203982383422
1084.5 0.8484887171073698
1085.0 0.7711630334306712
1085.5 1.088715099391836
1086.0 0.8724773202548202
1086.5 0.7221527876396375
1087.0 1.0362581174873364
1087.5 0.6231017448822003
1088.0 0.5965142564152699
1088.5 0.8042455952535847
1089.0 1.2149565905741382
1089.5 0.9917357430065743
1090.0 1.0004424106904206
1090.5 0.6629235026855107
1091.0 0.6941723761249383
1091.5 1.1731100168296429
1092.0 0.7592724642009276
1092.5 0.850617793586771
1093.0 1.1591852148788035
1093.5 0.9764837902813477
1094.0 0.5974415322154554
1094.5 0.9328767874428601
1095.0 0.9412104964438763
1095.5 0.8408357064722578
1096.0 0.6833137594085372
1096.5 0.3608673831829278
1097.0 0.7593492087455932
1097.5 0.8897307736680244
1098.0 1.3042576543223627
1098.5 0.6436290023001485
1099.0 0.8392523279747752
1099.5 0.7996649863344338
1100.0 0.5347380057362541
1100.5 1.1170310035187043
1101.0 0.7529202132269521
1101.5 1.2180628977718708
1102.0 1.0464074455008419
1102.5 0.6160079611321805
1103.0 0.7595397387512985
1103.5 0.8998445579110244
1104.0 0.7140090270255735
1104.5 1.2274661769365696
1105.0 0.6875702217726554
1105.5 0.772538491151447
1106.0 0.9874053297234817
1106.5 1.2315738674468542
1107.0 0.5856526334121934
1107.5 0.4856534488536374
1108.0 1.2283246651458193
1108.5 0.7035096916597636
1109.0 0.4870041792099345
1109.5 0.6502887470253933
1110.0 0.47723187193472444
1110.5 0.6715007959448782
1111.0 1.0291045713434293
1111.5 0.592732374333097
1112.0 0.6078651944360298
1112.5 0.9643108689927258
1113.0 0.9546765224543363
1113.5 0.8716213387919316
1114.0 0.8273126484034177
1114.5 1.0677444488414394
1115.0 0.5349223859853725
1115.5 0.9257230499068937
1116.0 0.7756799161234018
1116.5 0.8124108088588586
1117.0 0.7950783921751923
1117.5 0.7208816650120076
1118.0 0.8570348948629152
1118.5 0.8558045907941556
1119.0 0.7430036353584717
1119.5 0.5998519389989021
1120.0 0.909215324718837
1120.5 1.1048273153336374
1121.0 0.718355707405107
1121.5 0.6296933016691562
1122.0 0.9134849832151533
1122.5 0.40594504108792184
1123.0 0.8503944802388537
1123.5 0.7753812823526054
1124.0 1.0039414444451569
1124.5 0.6876940863694534
1125.0 0.678230968844128
1125.5 1.2499861605148679
1126.0 0.6844835762461172
1126.5 0.5671206797684945
1127.0 0.8123034899219573
1127.5 0.9253774338673852
1128.0 0.7209439769211277
1128.5 0.9335379233281609
1129.0 0.7583776390480379
1129.5 1.1632323022205584
1130.0 0.47802172235575585
1130.5 1.101581195382071
1131.0 0.4179794251114056
1131.5 0.46348771589650106
1132.0 0.9959778224466268
1132.5 1.501458117104037
1133.0 0.6323073387292479
1133.5 0.8985084425306633
1134.0 1.2316843624943212
1134.5 0.6232215244031684
1135.0 0.547705520431498
1135.5 1.2260908752212638
1136.0 0.8773072263970427
1136.5 0.4536520048588631
1137.0 1.146170026120216
1137.5 1.1404849205193834
1138.0 0.8070045097035936
1138.5 0.9774373130635945
1139.0 0.904258969180664
1139.5 0.7913739563614927
1140.0 0.606309386265093
1140.5 0.9465089965122664
1141.0 0.5614298348993105
1141.5 0.6958305848293216
1142.0 0.7854774905135251
1142.5 0.8689012319323633
1143.0 0.5689100789712382
1143.5 0.9987782536123848
1144.0 0.7692766730370386
1144.5 0.8451149062106615
1145.0 0.7448671170020922
1145.5 0.6093334702930762
1146.0 0.8290159161987789
1146.5 0.7964366718225757
1147.0 0.7889137912456061
1147.5 0.9355130824685896
1148.0 1.1386724694640917
1148.5 0.7763836900171439
1149.0 1.3668858969062816
1149.5 0.8507980028041597
1150.0 1.095168202615428
1150.5 1.003596818652466
1151.0 0.6898574741727947
1151.5 0.9967086584106577
1152.0 0.9108767331555376
1152.5 0.6446771986659168
1153.0 0.9895473146248104
1153.5 0.7580404839843446
1154.0 0.5766706506169353
1154.5 0.6292081492907728
1155.0 0.5224083857698132
1155.5 0.5500477684147909
1156.0 0.7111737167959753
1156.5 0.6827189187223451
1157.0 0.8546018472670001
1157.5 0.6739914220946261
1158.0 1.0046224259693488
1158.5 1.1781200552792948
1159.0 0.9520088992516127
1159.5 1.1479398910825775
1160.0 0.9507866600221141
1160.5 1.2075723731109553
1161.0 0.8490357184120136
1161.5 1.0834464073112848
1162.0 0.7131975211881887
1162.5 0.5624273933102366
1163.0 0.5936823780429084
1163.5 0.6985943535655543
1164.0 0.7938126577431557
1164.5 0.7289697431857632
1165.0 1.0458903543020168
1165.5 0.7785761674108016
1166.0 1.0427969871027027
1166.5 1.050982446131386
1167.0 1.1805607061539791
1167.5 0.9711475089394641
1168.0 0.8806072540380048
1168.5 0.8755730275080402
1169.0 0.37408753926233657
1169.5 0.6469250222018854
1170.0 0.7017709493697641
1170.5 1.004487121823498
1171.0 0.6701423660226378
1171.5 0.8808067634495577
1172.0 0.7865873832074495
1172.5 0.703090283506173
1173.0 0.7161736523501985
1173.5 0.5438513116605825
1174.0 0.9084929430911748
1174.5 1.0501686866606255
1175.0 0.7772122260069962
1175.5 0.9774190848527373
1176.0 1.2306587245793492
1176.5 0.9822339338933701
1177.0 1.3986747013023726
1177.5 0.8243324289388444
1178.0 0.8406437881998812
1178.5 0.8500672629705716
1179.0 0.8985687723192227
1179.5 1.0557673221103094
1180.0 1.0045804750789078
1180.5 1.0799021230486041
1181.0 0.8099978345086928
1181.5 0.955222890663671
1182.0 1.0156891680283977
1182.5 0.8547000865811272
1183.0 0.7456926472552781
1183.5 0.958854030708318
1184.0 0.48736929307671933
1184.5 0.8675326937228259
1185.0 0.7124813003469529
1185.5 0.7843416483364671
1186.0 1.331293934147875
1186.5 0.7028085314086071
1187.0 0.6576883512899883
1187.5 0.7029365497363594
1188.0 0.9780817533365236
1188.5 0.629815986161997
1189.0 1.1715803653488925
1189.5 1.1098153304686942
1190.0 0.7532321389754959
1190.5 0.5857596213174276
1191.0 0.9262737223624617
1191.5 0.7089923727604558
1192.0 1.126142095288352
1192.5 1.3720751588905553
1193.0 0.835798472047008
1193.5 1.1037486431355206
1194.0 0.9372305756471825
1194.5 1.102480696392708
1195.0 0.7671260309209147
1195.5 1.281685489848452
1196.0 0.8447335549691621
1196.5 1.0114061429431327
1197.0 0.39261158550846875
1197.5 0.5384610843930603
1198.0 0.5734508664941718
1198.5 0.8000895485486939
1199.0 0.8813770790475648
1199.5 0.9478053006348207
1200.0 0.7269551218870094
1200.5 1.0476893562702922
1201.0 0.9488295686276103
1201.5 0.6528136667359008
1202.0 0.95569977513426
1202.5 1.1133483560716324
1203.0 0.6711842164899089
1203.5 1.293274134994952
1204.0 0.8445254673417724
1204.5 0.8441474560156179
1205.0 0.7078237354501344
1205.5 0.7057143059118445
1206.0 1.208067241217719
1206.5 0.8183668131551027
1207.0 1.210471517718241
1207.5 0.8254219455338587
1208.0 0.6092859838012155
1208.5 0.6057017981327808
1209.0 0.8625009560580283
1209.5 1.6363558865084005
1210.0 0.7000415492939731
1210.5 0.5523699520267298
1211.0 0.8044129428405842
1211.5 1.3516513073716472
1212.0 0.7419287668368102
1212.5 0.8855678264436677
1213.0 0.9414765351223047
1213.5 1.5308557259590176
1214.0 1.1554413469403852
1214.5 0.7479674290077241
1215.0 0.7045494230923126
1215.5 0.706399600889758
1216.0 0.8112092415878303
1216.5 1.0286035258515602
1217.0 0.6825663005136138
1217.5 1.0182143774531816
1218.0 1.020790614137675
1218.5 1.030480513401792
1219.0 1.010634620031107
1219.5 0.8427351698277628
1220.0 1.0085279229848807
1220.5 0.8221435507574564
1221.0 0.8926436635179555
1221.5 0.6044853235354194
1222.0 0.8560552495507501
1222.5 0.8126375150183414
1223.0 0.7220213796797017
1223.5 0.6093290623172565
1224.0 1.0029281738942044
1224.5 0.8432182728666366
1225.0 0.8933850339827858
1225.5 0.6257831166889345
1226.0 0.9300941418362767
1226.5 0.700076100955904
1227.0 1.0056198857009586
1227.5 0.6000966008564422
1228.0 0.6907937615444206
1228.5 1.2249746431798787
1229.0 0.6312071321496919
1229.5 0.602622091072128
1230.0 0.6093534759482319
1230.5 0.7520977057564406
1231.0 0.8862758929967003
1231.5 0.9493835426919952
1232.0 1.0154467917164447
1232.5 0.877588909565366
1233.0 1.388459626125908
1233.5 0.5294170570008587
1234.0 1.0484870894435439
1234.5 0.44007005962729645
1235.0 0.8404546029842714
1235.5 1.05530752991262
1236.0 0.53807082359918
1236.5 1.3974900625282858
1237.0 0.9385012207730776
1237.5 0.8504682940147126
1238.0 1.0262262319136592
1238.5 0.5851077117558535
1239.0 0.7169924723469827
1239.5 0.7935089716366004
1240.0 0.8861915806629732
1240.5 0.4564875235947206
1241.0 1.3755083695526578
1241.5 0.5750988023534029
1242.0 1.2139452219208424
1242.5 0.8640252646139923
1243.0 1.362126705702255
1243.5 1.1555824619023602
1244.0 0.6222052897681398
1244.5 0.9661328437011469
1245.0 0.714889230772745
1245.5 1.0756322707096249
1246.0 0.8989091680766637
1246.5 1.08538822372819
1247.0 0.6341105465646868
1247.5 0.5414450997240783
1248.0 0.6279202293304176
1248.5 0.7722743237736189
1249.0 1.3110425602891942
1249.5 0.6814535369033282
1250.0 0.6435763961741272
1250.5 0.8816794824512271
1251.0 1.195360565429058
1251.5 1.283536985297641
1252.0 0.6986895194269214
1252.5 0.493139264526377
1253.0 0.5373424206578896
1253.5 0.8715390337828368
1254.0 0.9318942625265669
1254.5 0.9694603911106694
1255.0 0.9770653723470666
1255.5 0.35505829615457213
1256.0 1.3491766668383303
1256.5 0.9894222808373048
1257.0 1.16314550970703
1257.5 0.9620249005993706
1258.0 0.9455662680615391
1258.5 0.5285527624302007
1259.0 0.9039065064910036
1259.5 0.6942245289231008
1260.0 1.2546116441426172
1260.5 1.594422198172547
1261.0 0.6257587013297305
1261.5 0.8068771717067784
1262.0 1.0318508683437257
1262.5 1.0529198536725353
1263.0 0.8895334829139048
1263.5 0.5399387854807147
1264.0 0.7672407378049801
1264.5 0.9862825093976473
1265.0 1.23379662147819
1265.5 1.0609935802151371
1266.0 0.7155880535998148
1266.5 1.193892184560244
1267.0 1.2047882765248659
1267.5 0.9074296601372411
1268.0 1.0862291305798537
1268.5 1.0048164701233662
1269.0 0.8089123943292054
1269.5 0.9959293493476367
1270.0 1.182795257931895
1270.5 0.5657989503522892
1271.0 0.8928949799918449
1271.5 0.851025546478886
1272.0 0.4794795772851067
1272.5 1.0778064026405287
1273.0 0.7955603224588277
1273.5 0.7882554147719192
1274.0 1.0578813044273028
1274.5 0.8047677396090591
1275.0 1.1018190282752023
1275.5 0.8090001269862028
1276.0 0.9250133979518809
1276.5 0.8768445770182316
1277.0 1.0344154962961543
1277.5 0.5876034598957268
1278.0 1.543347937625831
1278.5 0.7651595399248361
1279.0 1.3912439876335556
1279.5 0.6052820601205661
1280.0 1.1340095588406138
1280.5 0.9814415309872322
1281.0 0.6464004352912983
1281.5 0.5674607619027154
1282.0 0.998873493689491
1282.5 0.8943693178682446
1283.0 0.8098257576955872
1283.5 0.7069965147512789
1284.0 0.7346018136422152
1284.5 1.1999374030571788
1285.0 0.6018492986285642
1285.5 0.78607764072813
1286.0 0.8083563529188202
1286.5 0.7864576897258382
1287.0 0.7012697928751684
1287.5 0.6745703177650176
1288.0 0.7662189835849657
1288.5 1.3484491352449588
1289.0 1.0775796781486633
1289.5 0.6931916604261346
1290.0 0.7001111481230992
1290.5 0.7055124083327788
1291.0 0.6466037048189095
1291.5 0.7479515654122723
1292.0 0.9967387126759368
1292.5 0.6593849356126489
1293.0 0.9610985617103951
1293.5 0.643318061463205
1294.0 0.8045310773644274
1294.5 0.892258218542435
1295.0 0.81712631429918
1295.5 0.7984390506722734
1296.0 0.6333078979374707
1296.5 0.74928881009264
1297.0 0.7161535240772038
1297.5 0.5521301437511488
1298.0 0.8881212406888837
1298.5 0.637822493730823
1299.0 0.6173638900566605
1299.5 0.7879128666510005
1300.0 1.008507501064999
1300.5 0.8795388814053777
1301.0 1.139613058119571
1301.5 1.2167180746145174
1302.0 0.9297777181092899
1302.5 0.7246006795764921
1303.0 0.6925601221980917
1303.5 0.8649003447259509
1304.0 0.9236028576734057
1304.5 1.0509894044416628
1305.0 0.9619009022260547
1305.5 1.3284866043415628
1306.0 0.6135587721861113
1306.5 0.6262564269939378
1307.0 1.0543520480424373
1307.5 0.6449429738964937
1308.0 0.8288940987758175
1308.5 0.9180569607934781
1309.0 0.610641801180198
1309.5 0.8315283439802292
1310.0 0.5114672694757538
1310.5 0.9517910797168767
1311.0 0.7413896806837603
1311.5 0.4596817600231065
1312.0 1.0590630759090254
1312.5 1.1604569669718305
1313.0 0.8077500220143656
1313.5 0.8696819716419668
1314.0 0.8944861919269582
1314.5 0.71043303595354
1315.0 1.0055238651388934
1315.5 0.7921372385840408
1316.0 1.3156673160696921
1316.5 1.3570229420110171
1317.0 0.9413417694341089
1317.5 0.6882981432305382
1318.0 0.9795047840155813
1318.5 0.9634356436218587
1319.0 0.7672988103274854
1319.5 0.825283191044391
1320.0 1.0445124908015735
1320.5 0.933925073802527
1321.0 1.1364566438456676
1321.5 0.8816403128765931
1322.0 1.0832370241794196
1322.5 1.0830601060871632
1323.0 0.8628643090421191
1323.5 0.7489363770737598
1324.0 0.8540107134293746
1324.5 0.6511574222932209
1325.0 0.6863876703185117
1325.5 1.0054836729138155
1326.0 0.7445707166915965
1326.5 0.7377853061175668
1327.0 0.9097868868985513
1327.5 0.9325297709426064
1328.0 0.9068792895184091
1328.5 1.0630827881372715
1329.0 0.97373343032039
1329.5 1.0503054997810677
1330.0 0.8522221150290279
1330.5 1.4016585972878397
1331.0 0.9493129069279409
1331.5 0.4821129632978399
1332.0 0.7569561670525665
1332.5 0.7005508926722028
1333.0 1.2758901172456218
1333.5 0.9700126922585952
1334.0 0.6450948325595351
1334.5 0.5266093452782343
1335.0 0.7270872593916391
1335.5 0.907376996483372
1336.0 0.6700867391130136
1336.5 0.6454934610704475
1337.0 0.7924669737903443
1337.5 0.731863722548874
1338.0 1.0287361268155584
1338.5 0.6610579543419464
1339.0 0.6952559511904275
1339.5 0.8851492809599311
1340.0 1.1202332004399198
1340.5 0.985680113100956
1341.0 1.023768774341629
1341.5 0.6621364865351282
1342.0 0.7235504339779644
1342.5 0.7937193253195602
1343.0 0.7703626133528305
1343.5 0.5736315906393857
1344.0 1.0934096073544697
1344.5 0.8199854453903861
1345.0 0.7205194689256349
1345.5 1.0363401865582802
1346.0 0.7060819209625182
1346.5 1.1641432082606038
1347.0 0.9385052943902723
1347.5 1.0999786331964978
1348.0 1.2044065580563053
1348.5 0.8875446732893897
1349.0 0.9919964209125769
1349.5 0.9060599932525439
1350.0 0.47626589455214025
1350.5 0.4255437659086549
1351.0 0.7888149890218059
1351.5 0.9061406651582484
1352.0 1.5819578202843532
1352.5 1.0758646063348474
1353.0 0.489377974610469
1353.5 0.9321659747489648
1354.0 0.7209799732705797
1354.5 0.38782543232930283
1355.0 0.9957497832559343
1355.5 0.7522662105720597
1356.0 0.9885811429323572
1356.5 0.6744865034851617
1357.0 0.8411829125377832
1357.5 0.7379053865229663
1358.0 0.7400092131088583
1358.5 0.9028494569919316
1359.0 0.7962011230654993
1359.5 0.660287423479097
1360.0 0.7529405283587693
1360.5 1.0215510591696426
1361.0 1.2741300328518133
1361.5 0.830646795418942
1362.0 0.5415403478498674
1362.5 0.6194697600324783
1363.0 0.947826283042001
1363.5 1.1099024020380868
1364.0 0.9912737772586842
1364.5 1.1257446488076617
1365.0 0.2
1365.5 0.35273416226341925
1366.0 0.9540562686706158
1366.5 1.1816138122856088
1367.0 0.9552247061281893
1367.5 0.9443616738322966
1368.0 0.7735107878713126
1368.5 0.9370332347239958
1369.0 0.928648667093954
1369.5 0.7072884336033289
1370.0 0.7094295994925919
1370.5 1.048611743911003
1371.0 0.8679643019724368
1371.5 0.9430123674038833
1372.0 0.5394093577324097
1372.5 0.935669720964964
1373.0 0.8927728320350115
1373.5 0.6842342565099258
1374.0 1.0106014926198397
1374.5 0.8207531950582473
1375.0 0.7316186303464487
1375.5 0.6363549915905486
1376.0 1.2364604306292055
1376.5 1.0315775116633166
1377.0 0.8444165916711461
1377.5 1.0669721800194647
1378.0 0.9005251342197387
1378.5 0.6737237983099028
1379.0 0.8497888749722422
1379.5 0.6312907454552017
1380.0 0.6514797264128511
1380.5 0.676517369796861
1381.0 0.809174992498197
1381.5 1.466742608815002
1382.0 0.881060717812753
1382.5 0.8184475991216098
1383.0 0.7033640159466941
1383.5 1.0056354281019957
1384.0 1.0683142845056717
1384.5 0.530173026083701
1385.0 0.9113726672877518
1385.5 0.7806427364700357
1386.0 1.1218192832437848
1386.5 0.8489540742607989
1387.0 1.1433773236111793
1387.5 0.9225799064688485
1388.0 1.3494955033346814
1388.5 1.2113220373852323
1389.0 0.8266029081375899
1389.5 0.3628265533107254
1390.0 0.6689693864762181
1390.5 0.5087666664087264
1391.0 0.8243208482338958
1391.5 1.221806508529263
1392.0 0.941025688764061
1392.5 0.9135207781442674
1393.0 1.0570503163585865
1393.5 1.00694657212828
1394.0 0.7161486457372422
1394.5 1.1778854370819212
1395.0 0.8591421772321777
1395.5 0.9362390687863684
1396.0 0.9034549521904893
1396.5 0.930887103327257
1397.0 0.8580570113860991
1397.5 0.8932099386064642
1398.0 1.1449865439200058
1398.5 1.0668358191905476
1399.0 0.6455123839413519
1399.5 1.1879023319990267
1400.0 1.0678864901669909
1400.5 1.0145578652014433
1401.0 1.1123050526072595
1401.5 0.8228037327396103
1402.0 1.0361001154077845
1402.5 1.2628701718894886
1403.0 0.6453010739555505
1403.5 0.7947116337958706
1404.0 1.0893123681167713
1404.5 1.6586332746112837
1405.0 1.1195452868612215
1405.5 0.7323431796420898
1406.0 0.7935521420706995
1406.5 0.4301207306174461
1407.0 1.1968821138473134
1407.5 0.5333843587092193
1408.0 0.8224489250557653
1408.5 0.991998275482183
1409.0 0.800217134447472
1409.5 0.9303887835274378
1410.0 0.9385745518320745
1410.5 0.6623675028450473
1411.0 0.7602655441658084
1411.5 1.0691724184722007
1412.0 0.5497742673023249
1412.5 0.5225108134824061
1413.0 1.1470458872820932
1413.5 0.5944223052184299
1414.0 0.8317778450486044
1414.5 1.0717177690426443
1415.0 0.8957560014425332
1415.5 0.9184755043210762
1416.0 0.85847220983827
1416.5 0.6396187387810093
1417.0 0.5496351024696194
1417.5 0.8301339020421025
1418.0 0.8876627798727512
1418.5 1.0102134728874301
1419.0 1.0144442843127204
1419.5 0.6915639299732466
1420.0 0.5520301589483317
1420.5 0.9196127332911201
1421.0 0.33702565146076197
1421.5 0.6893599317826371
1422.0 0.8408804562810124
1422.5 0.7494394232362118
1423.0 0.487992266939964
1423.5 0.6529712212924226
1424.0 1.629813017910832
1424.5 1.1233780746762254
1425.0 0.8706789190377373
1425.5 0.9188804273593576
1426.0 0.5824394734612595
1426.5 0.7205034899974071
1427.0 0.9821774773961418
1427.5 0.5224155298710693
1428.0 1.1235468688497048
1428.5 0.6607190358311157
1429.0 0.7162007961283811
1429.5 0.6734502728332084
1430.0 0.7696470911858704
1430.5 0.7781520451839119
1431.0 0.8312508480827989
1431.5 0.9332067316432635
1432.0 0.8663280212988017
1432.5 0.902959463457591
1433.0 1.536063533487082
1433.5 1.098022843086272
1434.0 1.0858207663469759
1434.5 0.9273379021727248
1435.0 0.548044872198256
1435.5 0.7188717446654196
1436.0 0.610230030838098
1436.5 0.6667558466249093
1437.0 0.5736273042687013
1437.5 1.0027554446111813
1438.0 0.8562208714296052
1438.5 0.8706636994664401
1439.0 0.4477015753799782
1439.5 1.039484780351394
