0 0.6546239152151547
0.5 0.8415860848154342
1.0 1.093864737979674
1.5 1.036031215717785
2.0 0.9185452763081101
2.5 0.9572156507429466
3.0 0.70672078676317
3.5 0.894557368380388
4.0 1.083074595495079
4.5 0.8341883978174911
5.0 0.5787657622697566
5.5 0.7012687282069949
6.0 1.1073969248356021
6.5 0.8472230970093118
7.0 0.545545446132573
7.5 0.9053196228002671
8.0 0.7210794127720552
8.5 0.5391369710479348
9.0 0.8201750281149325
9.5 0.6079386533335718
10.0 0.784004185493721
10.5 1.1467767859157931
11.0 0.9188471691549887
11.5 0.8293201537687362
12.0 1.1608847510988056
12.5 0.7825711944342671
13.0 0.6588462058951015
13.5 0.9546286068539471
14.0 0.7828074845883499
14.5 0.5841059084238758
15.0 1.0223817272505327
15.5 0.280152088813533
16.0 0.8582724193075268
16.5 1.2167769385546663
17.0 0.7416216760718486
17.5 0.8596221577196455
18.0 0.9550176935200476
18.5 0.47679505070484357
19.0 1.1539159821653893
19.5 0.9786933360118781
20.0 0.3076518474314767
20.5 0.6410553952876479
21.0 0.9433073094054181
21.5 0.6612200127212162
22.0 0.6833306159644312
22.5 0.5733766709874066
23.0 0.7160509785803906
23.5 0.8635827391666298
24.0 0.9582442963991984
24.5 1.1256607957377134
25.0 0.46921966249274105
25.5 0.62484599357381
26.0 0.6991489878170325
26.5 0.7921709494957716
27.0 0.6778020666302221
27.5 0.7881915106679811
28.0 0.7262200332342236
28.5 0.8386924559851225
29.0 0.7720960563728659
29.5 0.9379122203150307
30.0 0.7789992647221973
30.5 0.5942349895736433
31.0 0.5308175683027341
31.5 0.7661395489898912
32.0 0.6947831046565783
32.5 1.3545831428559598
33.0 0.8135832763899693
33.5 0.8280335386383921
34.0 1.0380127392757206
34.5 0.6808227096135306
35.0 0.4434911033332992
35.5 1.1068482850905046
36.0 0.5390735299208753
36.5 0.9138823792844728
37.0 0.8496759675801953
37.5 0.7694006675330982
38.0 0.7641121516469653
38.5 0.6730261416636427
39.0 0.5225511190090906
39.5 0.783999372096587
40.0 0.9974847723695939
40.5 0.7970518424173478
41.0 0.8755868977347505
41.5 0.7995410133705292
42.0 0.7567697764024097
42.5 1.0082973162164968
43.0 0.9582832150258626
43.5 0.5551854513726324
44.0 0.6063331169542097
44.5 1.1830503420679435
45.0 0.9887479421765342
45.5 1.0101529977931205
46.0 0.5628160048565669
46.5 1.4333676916965667
47.0 0.7652964241590332
47.5 0.8060513869498747
48.0 0.7671284472764053
48.5 0.5721171274722625
49.0 0.558913851800775
49.5 1.1417203304166919
50.0 0.5207048499718038
50.5 0.8013095947102571
51.0 0.7928128075400795
51.5 0.8557971516639029
52.0 0.6983528391762839
52.5 1.0529393422946278
53.0 1.1850944313731646
53.5 0.6338541944913388
54.0 0.5487898312612345
54.5 0.649603830834285
55.0 0.6007265973093778
55.5 0.5518684037310695
56.0 1.0418035137459258
56.5 0.7848278187056952
57.0 1.1457690458954806
57.5 1.5374377285999608
58.0 1.040981047473277
58.5 0.6043847052803593
59.0 0.7017393794458255
59.5 1.1512006173499445
60.0 0.8504705431418187
60.5 1.1506095150460522
61.0 0.8056571352473239
61.5 0.9564131989153057
62.0 0.49569462613481735
62.5 0.6468075725065281
63.0 0.7227563559984422
63.5 0.62785290866889
64.0 0.8843114191372405
64.5 0.6177433642153638
65.0 0.6892360723748385
65.5 0.711784292520445
66.0 0.9905706142671233
66.5 0.6920552619395794
67.0 0.8862815060363092
67.5 0.6788348722729112
68.0 0.8048440485326418
68.5 0.5767143481534998
69.0 1.388306478233307
69.5 0.9318071920514113
70.0 0.5679660273867
70.5 0.8955495216009032
71.0 0.5985764460436209
71.5 0.647811960308013
72.0 0.5051991918795791
72.5 1.1669131585258243
73.0 0.7355036332399743
73.5 0.7197531222639124
74.0 0.9594875394208158
74.5 1.067477384491182
75.0 1.4192428052090886
75.5 0.9836113925471524
76.0 1.166784807769521
76.5 0.5493893328129873
77.0 0.7353747629142411
77.5 1.1587315390151738
78.0 1.1091813151244596
78.5 0.3627169608343567
79.0 0.7007982040457601
79.5 1.2049905381322694
80.0 0.5807998453688035
80.5 1.2180995396663703
81.0 1.020202735637003
81.5 0.8962237683496386
82.0 0.8624791504616488
82.5 0.9274493375872828
83.0 0.8991838540921062
83.5 0.9762111838781118
84.0 0.46560986434210544
84.5 0.7945186658484429
85.0 0.6265801601129533
85.5 0.7609143513440388
86.0 0.9134876489057795
86.5 0.9525042246975839
87.0 1.043879693224512
87.5 0.773151320395558
88.0 1.0079717732361426
88.5 0.6304041098523878
89.0 0.6289737177076937
89.5 0.9136830288303561
90.0 0.6103471224144115
90.5 0.49173899556561196
91.0 0.8523887851023599
91.5 0.8635524940494121
92.0 1.2016760228496395
92.5 1.0842894881849783
93.0 0.5748033719633958
93.5 0.969109703556061
94.0 1.0153524571525274
94.5 0.9477336975473185
95.0 1.1029752938260609
95.5 0.9726145024200035
96.0 1.4106075947158947
96.5 0.7391215671903446
97.0 0.5057174294810538
97.5 0.7390813956476134
98.0 1.1082972244455382
98.5 1.3732580719439316
99.0 1.5067912206294083
99.5 0.9779371143565103
100.0 0.7532294238311239
100.5 0.9618305984572646
101.0 0.7326390605001496
101.5 0.64323345953802
102.0 0.755490665562633
102.5 0.749701357100355
103.0 1.2704207805785521
103.5 0.755024975583581
104.0 1.0001650680150587
104.5 1.1232768268096125
105.0 0.7677062198556872
105.5 1.0484467504714512
106.0 1.3868348830439299
106.5 0.9740732209793619
107.0 0.8345318011768992
107.5 0.9126125858818062
108.0 0.9839743749690724
108.5 0.9526305102201416
109.0 0.8273426313926493
109.5 0.9844038594708986
110.0 1.0177449492083792
110.5 0.7043117402634238
111.0 0.9354054262050064
111.5 0.78577110594845
112.0 0.5149747585216484
112.5 0.7346663727041529
113.0 0.7876512424431936
113.5 0.9432683898379739
114.0 0.7110931795002895
114.5 0.6989696711783915
115.0 0.6533925054379828
115.5 0.5933833573310645
116.0 0.7358227223153524
116.5 0.9186414358362547
117.0 0.4736529571376443
117.5 1.0368746684714978
118.0 0.6098524968880468
118.5 0.44045518937729145
119.0 0.6806252671166222
119.5 0.84276465490435
120.0 0.998935353252812
120.5 0.7091183816127845
121.0 1.1516729393132028
121.5 0.671705170258516
122.0 1.0640107405991497
122.5 0.7031045521681416
123.0 0.9325579273459004
123.5 0.7580386801371937
124.0 1.0678121454783065
124.5 0.9343944767831174
125.0 0.8743444101470794
125.5 0.990486728275408
126.0 1.1456980096815264
126.5 0.4204543590130529
127.0 1.248268618713471
127.5 1.0357035771741678
128.0 0.9575942961999058
128.5 0.6107968595428053
129.0 1.1083577420639399
129.5 0.7545270057541804
130.0 1.1732005224157087
130.5 0.4324853132423999
131.0 0.7872229895615954
131.5 0.4753756514888758
132.0 0.8318829975430384
132.5 0.8122411151531963
133.0 0.5702336776524789
133.5 0.9243718616991203
134.0 0.9920475204848835
134.5 0.9359506037133634
135.0 0.7271066145020342
135.5 0.7958664760335223
136.0 0.7687997590380653
136.5 0.8162001653388737
137.0 0.7593675305337655
137.5 0.9042216369174951
138.0 1.0159044272267606
138.5 1.1931461254648406
139.0 0.5593808790743666
139.5 0.39819694457023513
140.0 0.643900598513826
140.5 0.7021302764489503
141.0 0.6790916117789143
141.5 1.3290864753039542
142.0 0.6806754059684554
142.5 0.6658969974973361
143.0 0.6921098793204885
143.5 0.9842095269638176
144.0 0.6479227725963186
144.5 0.9755788532133483
145.0 1.166375684139959
145.5 0.43304178066831206
146.0 0.9028839567341427
146.5 0.7043374801193429
147.0 1.1105482172929309
147.5 0.9439070947034742
148.0 0.5416867120786079
148.5 1.1083362817419944
149.0 0.7487200046184697
149.5 0.7225889575367526
150.0 0.7709486619409542
150.5 0.5076798031115124
151.0 0.8762161462864724
151.5 0.5865955352762233
152.0 0.6742841243805509
152.5 0.6378726484317977
153.0 0.3729469713181897
153.5 0.9081987171544301
154.0 1.248112639638752
154.5 0.8050596783201187
155.0 0.6176232064062586
155.5 0.8232178552720725
156.0 0.6199425465604635
156.5 0.6909434810676908
157.0 0.8986138918107869
157.5 0.9261918787320949
158.0 0.9230250895835956
158.5 0.6572815106485996
159.0 1.3395241343340323
159.5 0.8689700620255352
160.0 0.8243111955596438
160.5 0.6266458975987086
161.0 0.37402868306138987
161.5 1.0687549371132485
162.0 0.8579467542826982
162.5 0.8864367411765746
163.0 0.7955941863634857
163.5 0.7510638924177404
164.0 0.7437070797947074
164.5 0.8471630859024948
165.0 0.619923555500459
165.5 0.9084176098120891
166.0 0.8751370222503605
166.5 0.9188031748646963
167.0 0.7675907546950502
167.5 0.5411820754572007
168.0 1.0110279006976963
168.5 0.6486878552964219
169.0 0.44281617854873206
169.5 0.9604290437814282
170.0 1.0087738962697497
170.5 0.724647807549508
171.0 0.4728899253897289
171.5 0.4522278820798834
172.0 0.7090290903206375
172.5 0.8871579249461912
173.0 0.4498096781932937
173.5 0.5111137637413281
174.0 1.1407119102287875
174.5 0.420507744056115
175.0 0.8848482028042404
175.5 0.7100601890196199
176.0 1.3672548624455583
176.5 0.8203848615848115
177.0 1.143733039535288
177.5 0.9207907163302744
178.0 1.2192327083008432
178.5 0.4656743055404806
179.0 0.6880446993741973
179.5 1.1810634911873246
180.0 0.5590692474009403
180.5 1.0638478807905665
181.0 1.0140274812177776
181.5 0.9676904245264852
182.0 0.9548118132903647
182.5 0.5306683114047723
183.0 0.49710537450128267
183.5 0.8798508844437551
184.0 1.0117294836861304
184.5 0.9169690059116764
185.0 0.7572742421246219
185.5 0.6848323250541248
186.0 1.0536567965230237
186.5 0.9686953470990374
187.0 1.4375008375289382
187.5 1.0759414082174832
188.0 0.7867027495017702
188.5 0.8624572347484976
189.0 0.8174309205650716
189.5 1.3073690889795397
190.0 0.6864927774796086
190.5 0.6495950723825568
191.0 0.9347445892498967
191.5 0.945034246845142
192.0 0.7281659826340181
192.5 1.1485752344116609
193.0 0.5779313850834518
193.5 0.6640253568003209
194.0 1.0539142232225398
194.5 0.7104498871280936
195.0 0.8495411977974914
195.5 0.5204810364331547
196.0 1.0320379337784642
196.5 0.9095926028232262
197.0 0.8960802949120399
197.5 0.7723350288930348
198.0 1.077724121863473
198.5 0.6826277496498945
199.0 0.8138238313733837
199.5 0.8179016057656696
200.0 1.0796294975098766
200.5 0.7726687051512799
201.0 0.8769018779352822
201.5 0.7625097593942562
202.0 0.5802631137062623
202.5 1.0499461451014638
203.0 0.5494545442422005
203.5 0.5453099667128445
204.0 0.5472089594361305
204.5 0.6662631075967591
205.0 0.7407736302700914
205.5 1.0405354806961955
206.0 1.21988810571424
206.5 0.783759909240608
207.0 0.9218184500278841
207.5 0.5177933687252512
208.0 0.8920734683484637
208.5 0.4572988764913037
209.0 0.6824329364149783
209.5 1.0730986893427068
210.0 0.6938042858210448
210.5 0.7927724157968452
211.0 0.7994760554358062
211.5 1.0007113383902189
212.0 0.634880399526684
212.5 0.7501151791594373
213.0 0.9862332343021092
213.5 0.7103744942425863
214.0 1.224361452449033
214.5 1.0624472127730662
215.0 1.1054218259945097
215.5 0.7467230947606589
216.0 1.084050817462635
216.5 1.147481246246
217.0 0.7313885116403231
217.5 0.918118054580854
218.0 1.1048311547317817
218.5 1.0323864266713987
219.0 0.5390670385854277
219.5 0.6899647211811861
220.0 0.6472895893331292
220.5 1.1829698715383814
221.0 0.7425659990118045
221.5 1.0159485964367816
222.0 0.8910253963376291
222.5 0.7775424385187419
223.0 1.4416481687730622
223.5 0.9961987612322816
224.0 0.8306590767583484
224.5 1.1856258306592138
225.0 0.6122785564173859
225.5 0.8109995053237775
226.0 0.8160798860771037
226.5 0.9325444659090714
227.0 0.4374393375372608
227.5 0.9672490912037794
228.0 0.9467657142665113
228.5 0.7199168269052214
229.0 0.9251543632398459
229.5 0.5595447362951957
230.0 0.6821291352386591
230.5 0.7689560800113744
231.0 0.7185321828883224
231.5 0.8536763662141007
232.0 0.9315669432394611
232.5 0.9148700481086236
233.0 0.8825648663911565
233.5 0.8743770892207106
234.0 1.007655035593677
234.5 1.0367258754849222
235.0 1.242480149092456
235.5 0.846007303360289
236.0 0.5611553288438711
236.5 0.7807865070694601
237.0 0.9132135591427976
237.5 0.9703931390573397
238.0 0.7602103564258569
238.5 1.0122153526661932
239.0 0.38060393952425625
239.5 0.7996186589632521
240.0 0.6090818579144599
240.5 0.4137052331058473
241.0 0.6902714392046205
241.5 1.1303630470306538
242.0 1.0026359410714352
242.5 1.007124468622742
243.0 0.8542046174882301
243.5 0.7412177833468062
244.0 0.6834784804189551
244.5 0.9463524155559857
245.0 0.8456257671521519
245.5 1.1113689563822546
246.0 1.162219989018418
246.5 0.8968161141508085
247.0 0.7864818481875888
247.5 0.8295326713444597
248.0 0.8769173639116861
248.5 1.0300981429086904
249.0 0.880419585049075
249.5 1.3565341217649014
250.0 0.9458632708232446
250.5 1.0350301901846444
251.0 0.5769094730483653
251.5 0.5924689462053274
252.0 0.5877110599998091
252.5 0.9843343969499947
253.0 1.0889936663180955
253.5 0.7047166957284532
254.0 0.736127833104474
254.5 0.581817396045802
255.0 0.5912561999982989
255.5 0.9721369613559747
256.0 0.6365808060802058
256.5 0.9496780716257249
257.0 0.9438778940926562
257.5 1.0141842367218512
258.0 0.9285771449911473
258.5 0.7468157530369617
259.0 0.46556507648213175
259.5 0.7324650029364818
260.0 0.6775719067571433
260.5 1.250753381866192
261.0 0.704880263901124
261.5 0.6647613068389064
262.0 0.5857785633728889
262.5 1.4221495837171523
263.0 0.9956904360704089
263.5 0.5607190243534952
264.0 0.6297810200551357
264.5 0.8976607029873196
265.0 0.8390293552753225
265.5 0.9495097873287421
266.0 0.604035028776087
266.5 0.6441405030811431
267.0 0.7508160129107777
267.5 1.0949372809445856
268.0 1.5262510414752268
268.5 0.8834277168814746
269.0 0.2
269.5 0.6643450889644644
270.0 0.8068377986118319
270.5 0.9438219368333904
271.0 0.39798390887045704
271.5 0.5153479461811474
272.0 0.7396230121870677
272.5 0.9101120816098276
273.0 1.2258102251556287
273.5 0.8264530048125106
274.0 0.5973952913990335
274.5 0.7003302028762932
275.0 0.714937837970929
275.5 0.7457927510842048
276.0 0.7708631924007503
276.5 0.6474245555276636
277.0 0.7398519150750076
277.5 0.9463431883750619
278.0 0.971114561858919
278.5 0.5900075273199561
279.0 0.7651634009472104
279.5 1.333906967960274
280.0 0.6255079257015049
280.5 1.4671896345768805
281.0 0.7695759611138926
281.5 1.3328818847563468
282.0 0.6943814461093248
282.5 1.1628002438894107
283.0 0.7029718442732162
283.5 0.8401428875421764
284.0 0.731840532942934
284.5 0.9786861696679092
285.0 1.0945402908137696
285.5 0.6082490552267278
286.0 0.8774213466497072
286.5 0.6971769179412745
287.0 1.0318433307990833
287.5 1.0279481003064619
288.0 1.653379324366599
288.5 1.322038562578164
289.0 1.1669382230178462
289.5 0.6218350109077463
290.0 0.5475712296867139
290.5 0.5634294731657778
291.0 0.6654055170695112
291.5 1.068558716886626
292.0 0.8076245245609068
292.5 0.673411854392914
293.0 0.8546369429676242
293.5 0.9265618712942139
294.0 0.934423383880574
294.5 0.9623999720729604
295.0 0.49772785737658304
295.5 0.9816296065612222
296.0 0.8003719509334692
296.5 0.7426350169594502
297.0 0.7715305819765992
297.5 0.831926543301849
298.0 0.9510419336505194
298.5 1.2640617304361013
299.0 0.5508986228256156
299.5 0.2770369685980078
300.0 0.6998982319874769
300.5 0.8916216681261819
301.0 0.3992051366879556
301.5 0.7687356663534488
302.0 0.8924758907718333
302.5 0.7775909092725366
303.0 0.7006289482677742
303.5 1.1209624549590302
304.0 0.8586041647993303
304.5 0.6854599688998044
305.0 0.9268656954207992
305.5 1.061100747898511
306.0 0.809689854803572
306.5 0.5302739356143604
307.0 0.546488621301308
307.5 0.34827403969845344
308.0 0.5929525217670099
308.5 0.8912074588376491
309.0 0.7638892770507251
309.5 1.3143456091838526
310.0 1.1600269611282812
310.5 0.5101290532529534
311.0 0.5980859984383187
311.5 0.6861568680998094
312.0 0.7388888006631049
312.5 0.9711416726888913
313.0 0.6873677609951446
313.5 0.8982031803311925
314.0 0.4963672045744369
314.5 1.0473526638882562
315.0 0.56742995101545
315.5 0.5968274877211092
316.0 0.5354104979259566
316.5 1.1578074364140694
317.0 0.7085211305143219
317.5 0.8995020091910639
318.0 0.9831462459446367
318.5 0.7728542521127684
319.0 0.7617180499276515
319.5 0.8866150745815535
320.0 1.0365075920785702
320.5 0.6867653721434815
321.0 0.8424720469778841
321.5 0.8903005126850998
322.0 0.8989567143733965
322.5 0.9238543357139561
323.0 1.018912755700461
323.5 0.9876265553470174
324.0 0.8299086762302379
324.5 0.529412472195101
325.0 1.095118659867896
325.5 0.7051947959258937
326.0 1.0871102636548136
326.5 1.0503399681723469
327.0 0.888748200137742
327.5 0.576243232928933
328.0 0.9290842205102692
328.5 0.8138026477507421
329.0 0.6887135881596604
329.5 0.7499014255335601
330.0 0.7136176699914369
330.5 0.6768904701347815
331.0 0.7725350326741792
331.5 0.797563719452737
332.0 1.0709909094614714
332.5 0.6966249975276346
333.0 0.8922152547262915
333.5 0.849878530723646
334.0 0.8756751281857365
334.5 0.5506188156709557
335.0 0.4554802286790841
335.5 0.696342914533409
336.0 0.8094801816668118
336.5 0.7814575153167338
337.0 0.5453700050113184
337.5 0.9205238256774839
338.0 0.2874334819265956
338.5 0.9478491046505642
339.0 0.8663060906055311
339.5 0.9607333913748253
340.0 0.7130511724216141
340.5 0.8161969951855514
341.0 0.6741110377597194
341.5 0.9659501682931526
342.0 0.5706119223566632
342.5 0.7850066537838692
343.0 0.6635138221770351
343.5 1.0094707276936346
344.0 1.0032039191728317
344.5 0.8642063879114399
345.0 0.5606679981290942
345.5 1.0553320333527985
346.0 1.2197098854165274
346.5 0.8413674279223928
347.0 0.8018191457885665
347.5 1.1771156615049583
348.0 0.5973359582097173
348.5 0.956341546455098
349.0 0.8332080608800754
349.5 1.1506816413045002
350.0 1.306981207899856
350.5 0.8312760825688712
351.0 0.94434676800411
351.5 0.7175443360856728
352.0 0.8373064158671175
352.5 0.7983084745532603
353.0 0.5881567505646156
353.5 0.6044339609789842
354.0 0.8890966252024997
354.5 0.7152141233171447
355.0 1.1145263198763875
355.5 0.6462633736993958
356.0 0.9919291913130646
356.5 1.1723479948137285
357.0 0.7229631377051592
357.5 0.6104614984660206
358.0 1.0629169704357464
358.5 0.980807443650749
359.0 0.5970422064099166
359.5 0.8910740129502193
360.0 1.091257451606657
360.5 1.3042547946017264
361.0 0.7654391690193343
361.5 0.9583959414929615
362.0 1.213626355699861
362.5 0.6293181505591003
363.0 0.6376102638185221
363.5 0.4678440224120596
364.0 0.4751619646310881
364.5 0.4415808149733707
365.0 0.5417173866487217
365.5 0.8589889656769139
366.0 0.730540648679203
366.5 0.7961598246103853
367.0 1.1972073350889931
367.5 1.1025256061691768
368.0 1.0903085681467966
368.5 0.7940685426052698
369.0 0.8624336916635638
369.5 1.4200603568437185
370.0 1.1211166520528697
370.5 0.50975409665085
371.0 0.9052078717731467
371.5 0.7668329045606104
372.0 0.8401019970577965
372.5 1.1599835454879743
373.0 0.9391804835850792
373.5 0.8686606214936428
374.0 0.7366398687413409
374.5 1.0436035711367577
375.0 0.623051135721155
375.5 0.731902512623301
376.0 0.9588254931533357
376.5 0.8831987120185492
377.0 0.6804154032489276
377.5 1.083491427841793
378.0 0.6402250605714386
378.5 0.523408171033944
379.0 0.3198109003821204
379.5 0.6883076583329996
380.0 1.1052864118721606
380.5 0.9252684483841478
381.0 0.6776032209520602
381.5 0.6774769127047915
382.0 0.8742141828007091
382.5 1.0775382522754937
383.0 0.538540553998115
383.5 0.6556124791991336
384.0 0.6459023821690983
384.5 0.8264641442181604
385.0 0.9252821245369011
385.5 1.0821836349773606
386.0 0.8139858687798227
386.5 1.0467402656542524
387.0 1.1230122102289033
387.5 0.9002090529292295
388.0 0.9634739522686347
388.5 0.5539873299019895
389.0 0.9322644200216446
389.5 0.869266197555892
390.0 0.47324371326286097
390.5 0.9201713761775372
391.0 0.8134024519169774
391.5 0.45230362428818993
392.0 1.0856085140346214
392.5 0.7023865461757093
393.0 0.8167152082693558
393.5 0.8282893476701783
394.0 0.7459348871333324
394.5 1.0825811308754736
395.0 0.5516552311078649
395.5 0.8438710456596155
396.0 0.7420628431381926
396.5 0.7700532898115635
397.0 0.5721381473398465
397.5 0.7932814630060163
398.0 1.084800311509461
398.5 0.7103242730560668
399.0 0.9719232994678657
399.5 0.7403712951825785
400.0 0.5471455686008441
400.5 0.9526183402998458
401.0 0.737110670357827
401.5 0.8804411926722224
402.0 0.38813291420112805
402.5 1.1775834804397092
403.0 0.5158443952181562
403.5 1.3525259997519052
404.0 0.8615536943320192
404.5 1.2700795702428285
405.0 0.48813729932467875
405.5 0.6286150436600202
406.0 0.6665889164403089
406.5 0.9357869014617743
407.0 0.8465719165666994
407.5 0.6905452933216305
408.0 0.9090405742940113
408.5 0.9142354269406194
409.0 0.8733194179424739
409.5 1.028041535159901
410.0 0.7911272732913688
410.5 0.752653214857067
411.0 1.153979817328509
411.5 0.9863094596763076
412.0 0.631692629271982
412.5 0.6912918164886768
413.0 0.9028803674765138
413.5 0.9053133432608362
414.0 0.8445183921521773
414.5 0.5420472893257682
415.0 0.5733416849275359
415.5 0.5887205021842684
416.0 1.2908565635937823
416.5 0.802081457736249
417.0 0.5805253306070777
417.5 0.8857251284930638
418.0 0.752373949023099
418.5 0.5631158127426705
419.0 0.4849601556012541
419.5 0.87545265714729
420.0 0.8296836783562815
420.5 0.6617659167481325
421.0 1.2828266009607896
421.5 0.47474351290973815
422.0 0.8906235329125545
422.5 0.9099080080762489
423.0 0.9780835103849741
423.5 0.7696114886478473
424.0 0.7114711923307133
424.5 0.7356110652279879
425.0 0.851031452455526
425.5 0.7513347954156369
426.0 1.3892576947734034
426.5 0.6469515150550716
427.0 0.9251611679269842
427.5 0.8331440366066241
428.0 0.5474293479507253
428.5 0.49361740686866706
429.0 0.7453713996561837
429.5 1.0341803634031697
430.0 0.7757594848316933
430.5 0.8355820741893096
431.0 0.6268370580926259
431.5 0.6751715952856909
432.0 0.6743692352551789
432.5 1.2436311589406333
433.0 0.65323552474241
433.5 1.0126810093618819
434.0 0.7927057392665091
434.5 0.7069162923053782
435.0 0.5719989311065343
435.5 0.7356466452952101
436.0 1.1994300665278659
436.5 0.667595583999675
437.0 0.7839856999227317
437.5 1.0048828780049075
438.0 0.7730005354633993
438.5 0.7644548203485819
439.0 1.0314680381809764
439.5 1.0334760275347608
440.0 0.8516606298129223
440.5 0.73404152265068
441.0 0.6460051225649369
441.5 1.3427756342221122
442.0 0.8500666716386982
442.5 0.8170405113213766
443.0 0.9213989342812348
443.5 0.9131177061490712
444.0 0.8287813804904101
444.5 0.7912198911864405
445.0 1.048254170724972
445.5 0.9104982730075888
446.0 0.7870160339313059
446.5 0.5859615091903735
447.0 0.6971887173877871
447.5 1.0505871097275763
448.0 0.788201079136299
448.5 1.0465373767449884
449.0 0.7897396820023039
449.5 1.0775796634436934
450.0 1.1621897396998082
450.5 1.1091834911953715
451.0 0.7070279802497568
451.5 0.9433106634056061
452.0 1.2764582628031347
452.5 0.8602677252320228
453.0 0.9417714222712288
453.5 1.1780676323204267
454.0 0.7873743369332662
454.5 0.7573508470789903
455.0 0.6301424224702521
455.5 0.6406146429200322
456.0 0.6105327976623923
456.5 1.2228202071020884
457.0 0.723476487991668
457.5 0.29817181479783234
458.0 0.6326376169544282
458.5 0.7870081370655171
459.0 1.4779628678778596
459.5 0.6317644357459127
460.0 0.7128555641057068
460.5 0.6397781983475012
461.0 1.0700394845381611
461.5 0.8869594499781328
462.0 0.8600007677393711
462.5 0.9160836403927837
463.0 1.0477533724001393
463.5 1.2190652237253097
464.0 0.7012221512836891
464.5 0.7862209369993589
465.0 0.7429195789229331
465.5 1.1014846318557925
466.0 0.8454957888511108
466.5 1.0810964266034049
467.0 0.9228944962997554
467.5 0.677810213931676
468.0 0.814215570286106
468.5 0.6440434755646451
469.0 0.6143208536902522
469.5 0.9854634501674655
470.0 1.5169457874347578
470.5 1.0028860604041865
471.0 1.5132419958681087
471.5 0.5996997166157549
472.0 0.9348876312662027
472.5 1.2418469029163797
473.0 0.9194997207326121
473.5 1.595439800902675
474.0 1.3267254255355603
474.5 0.7682545903230686
475.0 1.2466024185091618
475.5 0.8223089657190368
476.0 0.5898291188881066
476.5 0.3721079063361063
477.0 0.813074874401279
477.5 0.8009678002983271
478.0 0.934748780250179
478.5 0.5990019309732101
479.0 1.1729805293366835
479.5 0.8839059850084392
480.0 0.5770414111770117
480.5 0.7865270304676979
481.0 1.046872692365248
481.5 1.0755831379445302
482.0 0.6177004473039037
482.5 0.6913717767081272
483.0 0.549257990275577
483.5 1.032001121548326
484.0 0.7518699168110825
484.5 1.0685253643631567
485.0 1.070072952245004
485.5 1.0861814530736973
486.0 0.4993753547664067
486.5 0.9783130686937567
487.0 1.609486588327585
487.5 0.5163854053598813
488.0 0.790318138414563
488.5 0.6432100643602374
489.0 1.0340722877944977
489.5 0.8212299142760584
490.0 1.0813829903663394
490.5 0.9387945649987277
491.0 0.9151266983854438
491.5 0.9724190289030694
492.0 1.1372101743412857
492.5 0.6048933671680132
493.0 0.7063709865964423
493.5 0.858080745835732
494.0 0.7628756929946838
494.5 0.7414175303261369
495.0 0.772226579688019
495.5 1.1091090252655615
496.0 0.5878952461355098
496.5 0.9671396271068902
497.0 1.1671059249945681
497.5 0.7931826016545995
498.0 0.7675614247740772
498.5 0.8226004276532546
499.0 0.45361606519824293
499.5 0.677163017145292
500.0 0.7049670585320369
500.5 0.7209916242257224
501.0 0.8633133339638746
501.5 1.1869595073042996
502.0 0.9807513691672811
502.5 0.836388014096491
503.0 0.8370214285887292
503.5 0.9730043916644873
504.0 1.099266450530981
504.5 0.5699342599911361
505.0 0.9927670187791866
505.5 0.9133353398157937
506.0 0.7256017599307152
506.5 0.5978880407868934
507.0 0.9614369897820247
507.5 0.46385967059648964
508.0 0.7313524134369711
508.5 0.5422165711139436
509.0 0.47742819380171375
509.5 1.0808299832333241
510.0 0.9164203449850763
510.5 0.8626310682108735
511.0 1.0396200185837792
511.5 0.4450540174004159
512.0 0.5915340669078961
512.5 0.6181234258037027
513.0 0.7650367207313946
513.5 0.5385424530329881
514.0 0.40432131050517706
514.5 1.0977340398550608
515.0 1.2303086824206797
515.5 0.9634418773185105
516.0 0.7675021666376918
516.5 0.7616005493238605
517.0 1.0690229549945258
517.5 1.3218945585414295
518.0 1.0473554409776442
518.5 0.6537648253939345
519.0 0.5382742952697672
519.5 1.3828847208699422
520.0 0.9774137955136097
520.5 0.45871475460909206
521.0 0.8271271384489625
521.5 0.9834669060004753
522.0 0.519943460855605
522.5 0.8083473079125834
523.0 0.6889713950783272
523.5 0.732724314252204
524.0 0.658944583092625
524.5 0.6104297631339686
525.0 0.46919158083641593
525.5 0.9782507861929699
526.0 0.965332796361567
526.5 0.9626252360465192
527.0 1.0392642493251234
527.5 0.8883903892198883
528.0 0.8068951518467871
528.5 1.3363316136327605
529.0 1.01186048825291
529.5 0.6357714602890294
530.0 0.761091165473549
530.5 0.49674086467484646
531.0 0.7936062361782168
531.5 0.7934199294861575
532.0 0.8024194757565488
532.5 1.0112457710024811
533.0 0.8210878322105428
533.5 0.22085302841475835
534.0 0.6873902471849855
534.5 0.7124838472107042
535.0 0.7800217207448761
535.5 0.9053748131986239
536.0 0.5592406679713995
536.5 0.9324451112313934
537.0 0.5325723757155215
537.5 0.7490664406153094
538.0 0.7323047708953666
538.5 0.47299689388361604
539.0 0.8716823141648384
539.5 1.1528702199967158
540.0 0.6739383924373272
540.5 0.4138263711087194
541.0 0.8661140164455949
541.5 0.6918919779774221
542.0 0.8219497691885618
542.5 0.8329143974513833
543.0 0.8241947167004462
543.5 0.8538214594274145
544.0 0.6934108080540329
544.5 0.9549931107621685
545.0 1.5201447731659221
545.5 0.5849602489281587
546.0 0.9418822700096738
546.5 0.9556830121501032
547.0 0.5866363191635369
547.5 0.7424941879617883
548.0 1.173811363754994
548.5 1.4083238176690986
549.0 0.5580071158330753
549.5 0.7785078029882297
550.0 0.7295272713216779
550.5 0.9254367753257984
551.0 0.5478430547192676
551.5 0.7067744059024779
552.0 0.4267066357657284
552.5 0.6858831267818377
553.0 1.0963723264955678
553.5 1.3512639185662783
554.0 0.854584551934205
554.5 0.9713157213563226
555.0 1.2039437530916965
555.5 0.5944244358931488
556.0 0.8799451244955978
556.5 0.959923444001372
557.0 1.5658060937164615
557.5 1.1755697790376571
558.0 0.4647578212747571
558.5 0.9218560501588455
559.0 1.4701808793107398
559.5 1.4498743981092226
560.0 0.800606204167952
560.5 0.4230266350216346
561.0 0.958851920677122
561.5 0.8268607171490776
562.0 1.0317512340895836
562.5 1.0251492131014357
563.0 0.5078959848616251
563.5 1.0076195817195936
564.0 0.9437790772712114
564.5 0.7968166866273403
565.0 0.6675729360122369
565.5 0.5395257314766868
566.0 1.155805852586042
566.5 0.6536297852735029
567.0 0.6732804344256595
567.5 0.4679891924254467
568.0 0.8723433630362585
568.5 0.3852820602935339
569.0 0.7725520668233752
569.5 0.9573801644849729
570.0 0.9209101170695779
570.5 0.9758930169475197
571.0 0.836498845813362
571.5 0.9670611876836994
572.0 1.0198316078834624
572.5 0.8540498382264716
573.0 0.9532532324833143
573.5 1.15035602658266
574.0 0.48772404751263226
574.5 0.6111793108328513
575.0 0.9368100680832844
575.5 0.8097630407651963
576.0 0.9256165932302025
576.5 0.9180149011961146
577.0 0.7380722195138611
577.5 0.4830210507560173
578.0 0.6714509959919932
578.5 0.5291539284607756
579.0 0.8189044056789714
579.5 1.1708756650321122
580.0 0.9887785948264924
580.5 0.743818294056926
581.0 1.1601357214320307
581.5 0.7585729997896902
582.0 0.9870995706781378
582.5 0.6910580293676601
583.0 0.5150510965239665
583.5 1.010784463866792
584.0 0.8218661267492343
584.5 0.7911318682058308
585.0 1.014315459232489
585.5 1.0462147715612324
586.0 0.42523083590306415
586.5 0.9317587087292043
587.0 1.2985773664377842
587.5 0.8227805076397467
588.0 0.48796233865326283
588.5 1.3857750996595086
589.0 0.7732986500826917
589.5 0.8822768381428396
590.0 0.8764770784496919
590.5 0.8668924558663116
591.0 0.8802188354350498
591.5 0.9056969738492073
592.0 0.7863339382700845
592.5 0.7904373701867999
593.0 0.43951873415840514
593.5 1.1835024217364598
594.0 1.0664900478329566
594.5 0.47708155207598174
595.0 1.499803330863336
595.5 0.9893026649608856
596.0 0.5906517163218472
596.5 0.6847930319668882
597.0 0.6542776165310136
597.5 0.8484899259512757
598.0 1.2861522343732656
598.5 0.9168187871147175
599.0 0.6783985167193212
599.5 1.007922018113845
600.0 0.9422927466719304
600.5 0.8309671773120475
601.0 0.7148211991604961
601.5 0.9843063606280436
602.0 1.03893621072089
602.5 0.44482780856591725
603.0 0.5777786093310202
603.5 0.9894918634197856
604.0 0.8435013130852813
604.5 1.0500637312424552
605.0 0.8334445723767776
605.5 0.5524345452024574
606.0 0.8914086637717789
606.5 0.7081710590331505
607.0 0.9328428365032775
607.5 0.9747357964628365
608.0 0.6514804104242984
608.5 0.7296563998753438
609.0 0.8692697231676434
609.5 1.3901227865436454
610.0 0.7932201216413961
610.5 0.564996977959237
611.0 0.7210279090548075
611.5 0.874089757807549
612.0 0.8715117944230689
612.5 0.8155330072244336
613.0 0.7568931675237465
613.5 0.6549619969643716
614.0 0.6180137735289255
614.5 0.6611642406609348
615.0 0.6998260817570916
615.5 0.6912031272555588
616.0 0.7463337928860556
616.5 0.861876339247958
617.0 0.8022799233774531
617.5 0.8884279265770101
618.0 0.8613232420234862
618.5 1.7590950118888449
619.0 0.7582028968782246
619.5 0.8971041699151103
620.0 0.6655496019899774
620.5 0.5772561595470229
621.0 0.9281136603599971
621.5 0.8865140450724707
622.0 0.8589040479761156
622.5 0.7044137306151015
623.0 1.1952304306149804
623.5 0.46302270820171965
624.0 1.1184778406947218
624.5 0.7539284341097325
625.0 0.9553882758511005
625.5 0.5434653685072223
626.0 0.7309196143023977
626.5 0.7491137726824546
627.0 0.5831881799740477
627.5 0.8514220429663022
628.0 0.6634423774630078
628.5 0.8885209485662577
629.0 0.9525381497771461
629.5 0.5198673362034589
630.0 1.3465098724688676
630.5 0.687843619763816
631.0 0.629869051254786
631.5 0.9156261946096043
632.0 1.1988655437979403
632.5 1.0736391731688948
633.0 1.0608047219675554
633.5 0.8216095156504843
634.0 0.9485827042498292
634.5 1.3404747397173908
635.0 0.6782437315936907
635.5 1.0566945230189018
636.0 1.078838560528552
636.5 1.0515856766846372
637.0 0.9364566523222262
637.5 0.7847681167130339
638.0 0.7169997827698784
638.5 0.9022031177280727
639.0 0.807383573831522
639.5 0.6703074806661231
640.0 0.9103302625044527
640.5 0.7660497409957021
641.0 0.6072539616798496
641.5 0.8902754667285582
642.0 1.18364232057328
642.5 0.7980768221476211
643.0 0.6368865528539627
643.5 1.4256083075636323
644.0 0.8992594507405953
644.5 0.6448584030606821
645.0 0.733162351513418
645.5 0.5805984338933823
646.0 0.7613395891102526
646.5 1.3024297711744333
647.0 1.2249167641733438
647.5 0.9089357924570118
648.0 0.766637470497096
648.5 0.592720915223389
649.0 0.7322117057871318
649.5 0.608059056716914
650.0 1.1125380731076033
650.5 0.7456492576218414
651.0 1.3053688526838254
651.5 0.8667290172824504
652.0 0.633889337284649
652.5 0.8879112345610916
653.0 0.7502970111622331
653.5 1.0621372553089468
654.0 0.9388750167649342
654.5 0.777093927227891
655.0 0.6818318745467717
655.5 1.184006403238564
656.0 0.5913005843621499
656.5 0.7522932873346775
657.0 0.7100756965008959
657.5 0.6510663284847447
658.0 0.9905151017549318
658.5 0.6652652101400056
659.0 0.6486085301322682
659.5 1.0190680687900877
660.0 1.3519508120343855
660.5 1.0802967295523027
661.0 0.8694605687755537
661.5 1.1388910591879593
662.0 0.8886578525861442
662.5 1.1096053336477538
663.0 1.0062856646909557
663.5 1.070058970234053
664.0 0.9616858164438797
664.5 0.7196947693494194
665.0 1.0403429811098612
665.5 0.9181060505752143
666.0 0.7818236879930653
666.5 0.4968707720429958
667.0 0.9694835432854623
667.5 0.7746755397614917
668.0 0.7256122858816216
668.5 0.9396992384752159
669.0 0.7187309160819575
669.5 1.0343343347791563
670.0 0.9741037047783145
670.5 1.0917861360548757
671.0 0.9262250631277951
671.5 0.5872579802497858
672.0 1.264291668838729
672.5 0.9559077513530156
673.0 0.6561053462713492
673.5 0.8410372521040985
674.0 0.7871872858809557
674.5 0.8922901279542792
675.0 0.690076714362823
675.5 1.075001274910499
676.0 0.6649621648889945
676.5 1.1594675079583925
677.0 1.2441274750439824
677.5 0.6718158465563084
678.0 0.8000144639325556
678.5 0.8536920571121771
679.0 1.130234874385459
679.5 0.7050939751790349
680.0 0.8024696028957023
680.5 0.8187650867150218
681.0 0.6707548635278953
681.5 1.1434861836022179
682.0 0.9835153358433175
682.5 0.7175286340326577
683.0 0.9968924988180277
683.5 0.7377236101170699
684.0 0.8976006002383612
684.5 1.1264656724347106
685.0 0.7372485237160062
685.5 0.7282045051582753
686.0 0.8205267170290018
686.5 0.7645052308343552
687.0 1.2898567886437342
687.5 1.0546407385360905
688.0 0.29374341266244347
688.5 0.6712959479440157
689.0 0.6651462510715107
689.5 0.7596053012452693
690.0 0.561492391219871
690.5 0.5776368169629573
691.0 1.0149568214803601
691.5 0.8147518335266859
692.0 0.587945238543395
692.5 0.42492074129519036
693.0 0.6952727859669725
693.5 0.6225559167562316
694.0 0.8593549298685086
694.5 0.9598500818566149
695.0 1.0547101220062711
695.5 1.1792929942219954
696.0 0.659243377659983
696.5 1.0331999039986712
697.0 0.5767015162177418
697.5 0.6980618356847152
698.0 1.0523370682182651
698.5 0.8231296526827352
699.0 0.7588537078036376
699.5 0.7183402686915801
700.0 0.6747400275825531
700.5 0.7921014925031051
701.0 0.6490106364399926
701.5 0.7419082191628461
702.0 1.0392349643434333
702.5 0.7895899883789876
703.0 0.6011075101198529
703.5 0.5877486814564729
704.0 0.7545130653385053
704.5 0.8522752181627473
705.0 1.1713586864251904
705.5 0.6529340109963595
706.0 0.7866617080723959
706.5 0.8262473686694769
707.0 0.8002820281575624
707.5 1.0853141907551132
708.0 0.8454865869863604
708.5 0.7850803111748468
709.0 0.7610692984510222
709.5 1.1807420134129694
710.0 0.8157275440710758
710.5 1.2376100782093766
711.0 0.7390918722869133
711.5 0.6940431480012645
712.0 0.93816748877924
712.5 0.6447127330124838
713.0 0.5885783313327142
713.5 0.7416508671525879
714.0 0.7224473476097204
714.5 0.7253861646761632
715.0 0.732993692867902
715.5 0.8164583435251667
716.0 0.42425283175685824
716.5 1.2055736891848483
717.0 0.9023895069508727
717.5 0.8661435195364489
718.0 0.5905932967657406
718.5 1.2224711212176318
719.0 0.7572378875665187
719.5 0.892045971464873
720.0 1.1073906837320588
720.5 0.8010757778137018
721.0 0.8022444209104505
721.5 0.9356307427092787
722.0 0.4958459416259354
722.5 0.8068640964168595
723.0 0.8913376424425778
723.5 1.1534007441886562
724.0 0.6015140672235666
724.5 1.5713084512835815
725.0 0.7683478032236788
725.5 0.9913226848111028
726.0 1.1648580015315684
726.5 0.8196078554417603
727.0 1.0631109196544177
727.5 0.8982428060000609
728.0 1.010859792458842
728.5 0.7305267296717863
729.0 0.5042349987756332
729.5 0.6908018022258173
730.0 0.7453675280435075
730.5 1.0820084742088667
731.0 0.691260531807987
731.5 0.5991050460631713
732.0 0.6751965828359713
732.5 0.6487592100781143
733.0 0.7007424385141519
733.5 0.8618258329319881
734.0 1.0834447230985447
734.5 0.7097525499184154
735.0 1.0207463530681058
735.5 0.8692129575460448
736.0 1.2261011150955683
736.5 0.5889539671897925
737.0 0.9617714852917123
737.5 0.6086639714199131
738.0 0.996615711925144
738.5 1.0887339216190877
739.0 0.5672743607997393
739.5 0.9250009857016863
740.0 0.8290307635079159
740.5 0.8043589350924485
741.0 0.6866333572407579
741.5 0.6795822013164574
742.0 0.7527453719063217
742.5 0.5978980643617144
743.0 0.9293443313335292
743.5 0.706186621506318
744.0 1.101117611358605
744.5 0.9826139613724492
745.0 0.8921109788948374
745.5 0.5386946551543326
746.0 1.0899505121871762
746.5 0.6717332328675114
747.0 1.0853275266024887
747.5 0.7872932226281233
748.0 1.199447428947408
748.5 0.6864429563444936
749.0 0.6156572866134018
749.5 0.6708114288903402
750.0 0.6441843994171588
750.5 1.2883429345942445
751.0 0.7243042682997285
751.5 0.8162774384412834
752.0 0.9671910433286888
752.5 0.8859000583892875
753.0 0.8165274746333226
753.5 0.8020981169973955
754.0 0.880159723073737
754.5 1.0561840869617867
755.0 0.8870769062037183
755.5 0.6476188577269837
756.0 0.5714385210793307
756.5 0.6392941992833819
757.0 0.5677322816889356
757.5 0.9085958597989219
758.0 0.7924859661938285
758.5 0.8274727040539589
759.0 0.6683370029874531
759.5 0.8846284160018276
760.0 1.0363241447214453
760.5 1.1110518865203645
761.0 0.7266229408401377
761.5 0.8036084703986346
762.0 1.033503561628724
762.5 0.756641422930447
763.0 0.9863642033210687
763.5 1.1555867110816922
764.0 0.6596467440972655
764.5 0.8130812009669885
765.0 0.7891613064512493
765.5 0.8373939841566216
766.0 1.2891978966211899
766.5 1.1368099076746234
767.0 0.5722426011778632
767.5 0.8064830494286073
768.0 0.5416871073221524
768.5 1.1302300116403545
769.0 0.8263657707854255
769.5 0.985232491459187
770.0 1.0490844790028095
770.5 0.9027302893307994
771.0 0.7329934100310289
771.5 0.8560816696691596
772.0 0.822266976925826
772.5 0.5760666895667269
773.0 0.5587561269848079
773.5 0.7759938727002746
774.0 0.6543057178501053
774.5 0.7873422210421016
775.0 1.6583644415947363
775.5 1.20300730735105
776.0 0.7389893272408665
776.5 0.7580428868723608
777.0 0.8817145626689706
777.5 0.6210475620482019
778.0 0.74126541524526
778.5 0.7300633760808922
779.0 1.1167080109990308
779.5 1.0733398445716285
780.0 0.8049969780237127
780.5 0.9508736435589649
781.0 0.6668944508165031
781.5 0.9352673319301166
782.0 0.5486305676314935
782.5 0.8680959421545151
783.0 0.9349009059678065
783.5 0.9384014530808695
784.0 0.917458629190212
784.5 0.8584564061201483
785.0 0.8481296948100729
785.5 0.5909718475166958
786.0 0.6519409932075529
786.5 0.7712870074026625
787.0 1.0194631784423995
787.5 1.1774526468541338
788.0 0.46292161601152865
788.5 0.599714303757619
789.0 0.9622662715756936
789.5 1.2709767489626405
790.0 1.3964469131405446
790.5 1.269782782446165
791.0 0.6789876636770757
791.5 1.118729025671665
792.0 0.6107112553258316
792.5 0.5406949412142232
793.0 0.699230576854432
793.5 1.1268508559606358
794.0 1.475304464425612
794.5 1.0635631474506415
795.0 0.7521160077888644
795.5 1.2152076687842253
796.0 0.7709992986637948
796.5 0.9204896573095864
797.0 0.5582862567238489
797.5 1.231995893191265
798.0 0.7013374940424997
798.5 0.8942020669544404
799.0 0.7849411546424807
799.5 0.5423292771365291
800.0 0.9908655089897693
800.5 0.9264417198787719
801.0 0.8424328964362999
801.5 0.9780697832718379
802.0 0.8032758335747834
802.5 0.6179102383768678
803.0 0.8606862477941324
803.5 0.6633236276320045
804.0 0.9725079127419931
804.5 0.7511573894283731
805.0 1.157375463046917
805.5 1.505396271644394
806.0 0.6829303779120879
806.5 0.7404589953870152
807.0 0.5811399090147553
807.5 0.8633125768310513
808.0 0.7946647367054422
808.5 0.7346044526953188
809.0 1.0142264919281037
809.5 0.7193898391083937
810.0 0.5904807113017245
810.5 0.741148233899608
811.0 0.9233440701998135
811.5 0.8731445449264132
812.0 0.2510646714649511
812.5 0.7161105358603346
813.0 0.9873152258980256
813.5 1.1262679542147136
814.0 1.2915290518767715
814.5 0.7894394989142393
815.0 0.9384626992976839
815.5 0.7032236218823541
816.0 0.7714259208746561
816.5 1.2781370470072204
817.0 0.688021391173701
817.5 0.8846092196621715
818.0 0.7108851853158257
818.5 0.687529915493042
819.0 0.5213818809131572
819.5 0.6933616213669953
820.0 0.571759072674621
820.5 0.7683652847911782
821.0 0.9080128181830778
821.5 1.2094707548443357
822.0 0.843082508931059
822.5 0.9862263587537168
823.0 0.8582189576800026
823.5 0.8975829679836469
824.0 1.1558988800469645
824.5 1.2113583756096304
825.0 0.8699839237947589
825.5 0.9525888152706625
826.0 0.7254221261414953
826.5 0.9680126748972466
827.0 0.5620074081480799
827.5 0.641651084237846
828.0 1.6533667472089704
828.5 1.0669755170945618
829.0 0.7867313427123928
829.5 1.2305868730275409
830.0 1.1693937628966375
830.5 0.7551166954693436
831.0 0.6034847956142744
831.5 0.8115078824021942
832.0 0.8541937177554435
832.5 1.426718441669341
833.0 0.9596983641583543
833.5 0.62051395248642
834.0 0.6516855457644275
834.5 1.1602973769035747
835.0 0.6190476503472407
835.5 0.5823156786691868
836.0 0.8243075510907014
836.5 0.8292329020415716
837.0 0.45360066324949816
837.5 1.1405601235164544
838.0 0.6047675795056906
838.5 0.4134591510398366
839.0 1.0120729023638428
839.5 0.8316931013859553
840.0 0.7927751223472839
840.5 0.5628046043089125
841.0 0.6078559263848644
841.5 0.6746449235921674
842.0 0.7370030694431631
842.5 1.0520988917882548
843.0 0.5459040647438955
843.5 0.790953331106194
844.0 0.5216967525474268
844.5 0.7322967212418825
845.0 0.9643130996473612
845.5 0.6774865332292952
846.0 0.7668318293279106
846.5 0.9909540121019378
847.0 1.1224137417329787
847.5 1.0187422352593203
848.0 0.6358471705225717
848.5 0.7402321994487804
849.0 0.49592858889083125
849.5 0.8013433500216265
850.0 0.8236489665412176
850.5 0.6540968856772993
851.0 0.5087040565716496
851.5 0.7813349356760642
852.0 1.120042367572565
852.5 1.2015188380872044
853.0 1.0261109870363119
853.5 0.9568666030022515
854.0 0.6645136027453236
854.5 1.0825930975308289
855.0 1.1603705501047215
855.5 0.6901728050523067
856.0 0.5350330046881318
856.5 0.8559205265029088
857.0 0.6208386480728666
857.5 0.7133038610494251
858.0 1.0009987138859004
858.5 0.9071764325395284
859.0 0.8696806367702514
859.5 0.8066733020789265
860.0 0.8973488781600408
860.5 1.2022860679257055
861.0 0.8350944041444963
861.5 1.2409275892630167
862.0 0.8651515786944053
862.5 0.6727316629717197
863.0 0.8798262932196208
863.5 1.0001037158146737
864.0 1.0209578483137267
864.5 1.1526979633080723
865.0 0.770444900778636
865.5 0.5198811652718356
866.0 0.6565125000827361
866.5 0.6701309553410651
867.0 0.9194057289174649
867.5 1.0656927514645134
868.0 0.7923883462728964
868.5 0.7410885763364576
869.0 0.7540105473112844
869.5 0.6365516162059925
870.0 0.5486440458393769
870.5 0.8670771192660229
871.0 0.42364986809186295
871.5 0.6927661660511987
872.0 0.9326749432353889
872.5 1.0678580016354227
873.0 0.607370569393607
873.5 0.7371055041673855
874.0 0.7502219195610966
874.5 1.3565679862931643
875.0 0.8219614014001659
875.5 0.5955995253057573
876.0 0.8923227165426706
876.5 0.751128186562273
877.0 0.9241391934188385
877.5 0.8197191065404451
878.0 0.6539152383006586
878.5 0.8090132172851274
879.0 0.9019517427555748
879.5 1.2720191508221155
880.0 1.3884816774039956
880.5 0.7590564120741743
881.0 0.7904031661411632
881.5 0.708048525617555
882.0 0.911781637712846
882.5 1.1240560876075862
883.0 0.7438563099603119
883.5 0.899394726353357
884.0 0.78411184109895
884.5 0.9473783607780244
885.0 0.66231896467582
885.5 1.4384108818975319
886.0 1.1554610919833022
886.5 0.8566119058612152
887.0 0.9141296737991311
887.5 0.945580812643086
888.0 1.0358568736685436
888.5 0.7006217466652964
889.0 0.6123142018615151
889.5 0.8555669978877534
890.0 0.8433275326884093
890.5 0.6800241780009484
891.0 0.7244660867656323
891.5 1.0641804192320525
892.0 0.9778232468655268
892.5 0.8877919989344638
893.0 0.5555164591720493
893.5 1.3678865040827746
894.0 0.8238652565325539
894.5 0.8729402255488359
895.0 0.7477167554615516
895.5 0.7281477133323315
896.0 0.403643744018625
896.5 0.9310920884145222
897.0 0.6464370574333507
897.5 0.6862376738668465
898.0 0.9962725814975784
898.5 0.824041663332032
899.0 1.269268770408634
899.5 0.5288855796736742
900.0 0.7529160182932422
900.5 0.7768128189846437
901.0 1.0627824144836144
901.5 0.65137446010534
902.0 0.4410678902163219
902.5 1.3917109800495264
903.0 0.867818656000531
903.5 0.6470292386384726
904.0 1.1253759831878731
904.5 1.172275840989043
905.0 0.7744024857423772
905.5 0.6088967719778088
906.0 0.6393593054442139
906.5 0.9932944783546591
907.0 0.8004668092374876
907.5 1.2893117511375047
908.0 0.8507956822295628
908.5 0.7782139790276092
909.0 0.7946600604402229
909.5 0.805873834057532
910.0 0.7639820634546418
910.5 0.8744313135839148
911.0 0.6874027438775909
911.5 1.1860981552425718
912.0 0.8602272374808012
912.5 0.9183958977789556
913.0 0.6106188597338469
913.5 0.6614402939022582
914.0 0.8773546539526464
914.5 0.5380437467442096
915.0 1.0454639035755726
915.5 0.716280825958906
916.0 0.8235314485330578
916.5 0.9167868869437421
917.0 0.6270735620913641
917.5 0.8441750001816546
918.0 1.1232337929223628
918.5 0.582876543825362
919.0 0.6404564711697849
919.5 0.7596633962136047
920.0 0.670074014059983
920.5 1.026388843669636
921.0 0.7909134214356981
921.5 0.7982401232235048
922.0 1.1955852754766367
922.5 1.0801327610134352
923.0 0.8099007924975725
923.5 0.7757911154238134
924.0 1.0351930836985055
924.5 0.9677233504403842
925.0 0.7293917330396567
925.5 0.7896978027012336
926.0 1.0895370576321641
926.5 1.2657343941955288
927.0 0.807758041512578
927.5 1.0671526281344557
928.0 0.8374857942076408
928.5 0.6270978761509644
929.0 0.800894339853669
929.5 1.0247556983680801
930.0 0.620092176933035
930.5 0.9108114847571829
931.0 0.8828972606939263
931.5 0.8017783567464882
932.0 0.9217942707552451
932.5 0.9763859526662846
933.0 0.7587385448018356
933.5 0.8085019794813704
934.0 1.1161009174745864
934.5 0.6513070910284042
935.0 0.7496249032775903
935.5 0.47566961389734547
936.0 0.6527877995587164
936.5 0.7203426326869178
937.0 0.7095647980765845
937.5 0.8817023057297035
938.0 0.8061525322374317
938.5 0.6398073794738205
939.0 1.2549230717392137
939.5 1.087191147335732
940.0 0.6845105017002475
940.5 1.0276953555605877
941.0 0.5856112604995249
941.5 1.2376358063937585
942.0 1.1557110899359826
942.5 0.9504024746986168
943.0 1.188217528886304
943.5 1.0351373557083874
944.0 0.8012390275683805
944.5 0.838209969551793
945.0 1.0527719156582345
945.5 0.8144335576687936
946.0 0.6494102821469795
946.5 1.226686881567654
947.0 1.2692401982099708
947.5 0.8238876566720779
948.0 0.4594589124943719
948.5 1.0264044626828615
949.0 0.9534755728951216
949.5 0.9833728949159362
950.0 1.1845376313951486
950.5 0.4641745949602217
951.0 1.3566261926708738
951.5 0.9030963375897467
952.0 0.7257325413295697
952.5 0.8550000772178441
953.0 1.1281681998280828
953.5 0.5966940698375816
954.0 1.2259863351864329
954.5 0.4838347064470303
955.0 0.7313995731881533
955.5 0.7859788317906158
956.0 0.7088749270378909
956.5 0.9426269356102399
957.0 0.6029532782427398
957.5 0.7211811626765086
958.0 0.839139159548709
958.5 0.7610197069408581
959.0 0.853768255493021
959.5 0.8165734632079804
960.0 1.373964460711758
960.5 1.207183286144828
961.0 0.8515997695727007
961.5 0.7501325999323494
962.0 1.3832872923683346
962.5 0.7730013593145623
963.0 1.0376876724943251
963.5 1.1743907838284418
964.0 0.7227490706312372
964.5 0.9525648251974652
965.0 1.2971929545603185
965.5 0.7526192351675378
966.0 1.0906707648586786
966.5 0.9230688014705652
967.0 0.5789289039179826
967.5 0.6998537034020368
968.0 0.6549277071742724
968.5 0.6531690046643125
969.0 1.052378503971223
969.5 0.8408004438951322
970.0 1.0309891819034744
970.5 0.9686054800319743
971.0 0.8605496899163636
971.5 1.194799280628553
972.0 0.6152121736491896
972.5 0.5689319353927602
973.0 0.5660626885968879
973.5 0.7749477482578684
974.0 0.7880391621119327
974.5 0.2
975.0 0.5832289429781825
975.5 0.7822965673032056
976.0 0.6696300175932423
976.5 0.9597289271309473
977.0 0.625192258907643
977.5 0.9571167083796056
978.0 0.7328606788328471
978.5 0.761764085595816
979.0 0.7532587900266987
979.5 0.9455729400406012
980.0 0.8010005238742073
980.5 0.4917756299918879
981.0 0.9592561237381627
981.5 0.8605124771654769
982.0 0.853799484143533
982.5 1.0158337681974243
983.0 0.3816313316107848
983.5 0.7717125483991789
984.0 0.9246701736165945
984.5 0.8075976694683722
985.0 0.8183419145332615
985.5 1.2327059365455681
986.0 0.9581592238989114
986.5 1.1436786187657164
987.0 1.032542410917886
987.5 0.5641285673537693
988.0 1.1203189753419416
988.5 0.7765726692426893
989.0 0.8635972256054683
989.5 0.9554023710006903
990.0 0.7605699281313705
990.5 1.0315582425748693
991.0 0.7637924378157495
991.5 1.4014939776158801
992.0 0.7465262098527867
992.5 0.7516217998437593
993.0 0.9935555031631107
993.5 0.5602911066278359
994.0 0.7452902705931632
994.5 1.1256578276933036
995.0 0.9236973000699832
995.5 0.8221596089282486
996.0 0.9228560385623092
996.5 0.8840129980500078
997.0 1.15467301586668
997.5 0.5855915292872911
998.0 0.8147770799966625
998.5 1.0659348719051793
999.0 0.494335372011578
999.5 1.1808081090471243
1000.0 0.6706549864376701
1000.5 0.4185435944104584
1001.0 1.0100468766431472
1001.5 0.7483338947560103
1002.0 0.9986444233027716
1002.5 0.7759946683575496
1003.0 0.9056895416504762
1003.5 0.7270637173120484
1004.0 0.8156500712225593
1004.5 0.5742135776403108
1005.0 1.1566981530349634
1005.5 0.8528783873120087
1006.0 1.0790944779848124
1006.5 0.5388707886762037
1007.0 0.7485112963805913
1007.5 0.9695042600213222
1008.0 0.8007569282504072
1008.5 0.5503853191215129
1009.0 0.7982352327771745
1009.5 1.1516912525158507
1010.0 1.00746127321025
1010.5 0.8148324637155013
1011.0 0.9365125444799829
1011.5 0.8369941237685451
1012.0 1.0417851867773482
1012.5 0.8668348513985353
1013.0 1.0065512999779476
1013.5 0.852079592349962
1014.0 0.6088709821965408
1014.5 0.9301123125864388
1015.0 0.776208666469411
1015.5 0.7096834443807332
1016.0 1.0182492693845298
1016.5 0.5432022067667961
1017.0 1.0623057803514515
1017.5 0.9332766828689603
1018.0 0.9903369063025254
1018.5 1.0094673534595524
1019.0 0.5756138166810985
1019.5 0.9597233239478693
1020.0 0.9017037643975336
1020.5 1.0280600896337206
1021.0 1.1745663953158039
1021.5 0.8920889117418875
1022.0 0.8460683360973165
1022.5 0.5037842505326193
1023.0 0.7404261207693721
1023.5 1.1366419492267235
1024.0 1.1724899813067808
1024.5 1.0480799782668988
1025.0 0.7739710586162312
1025.5 0.7315103991050558
1026.0 0.8481529105400187
1026.5 0.5647464015388002
1027.0 0.8718994845790109
1027.5 1.3088688118667764
1028.0 0.9452013640266086
1028.5 0.7867594353686347
1029.0 1.156564054333918
1029.5 1.0711329302683261
1030.0 0.9692436681001151
1030.5 1.415181657290441
1031.0 0.9915012453743615
1031.5 0.7065963774141859
1032.0 1.183882042259755
1032.5 1.1717765438034158
1033.0 0.7288002250423977
1033.5 0.9827334786414392
1034.0 0.8427263830901681
1034.5 0.918321366615312
1035.0 0.6399704929178214
1035.5 0.6163437743900165
1036.0 0.8037543665572084
1036.5 1.1602453539353346
1037.0 0.35553058193598025
1037.5 1.0735287272967653
1038.0 0.53322880799758
1038.5 0.8002672778309972
1039.0 0.42600616434030564
1039.5 0.6220774445031032
1040.0 0.6874189566908893
1040.5 1.0961050052191852
1041.0 0.6786908353589873
1041.5 0.5117686747674947
1042.0 1.0678723555349956
1042.5 0.6219097786370982
1043.0 0.894715325393963
1043.5 1.1907289317009122
1044.0 0.593670556579495
1044.5 1.450681278568105
1045.0 0.7897751542360624
1045.5 0.8906098017236936
1046.0 0.672055520447134
1046.5 1.0297119083800166
1047.0 0.8855346351740323
1047.5 0.9082229804363768
1048.0 0.8199580070672006
1048.5 0.47551117506606333
1049.0 0.8171162944957524
1049.5 0.9808274286299876
1050.0 1.277494044376133
1050.5 1.011990275942121
1051.0 0.8370747012292235
1051.5 0.6688066286807297
1052.0 0.8005401358018235
1052.5 0.7897338729900647
1053.0 1.5281305871956334
1053.5 1.0984885650070275
1054.0 0.5975452990212987
1054.5 0.3982882323475218
1055.0 0.627470713424066
1055.5 0.6589851141787653
1056.0 0.869660716609149
1056.5 1.2834210389650647
1057.0 0.8753221228847485
1057.5 0.9284404385842242
1058.0 0.9936014723085813
1058.5 0.57332288074798
1059.0 1.4311633014134635
1059.5 0.7042731233718581
1060.0 0.8973587349019039
1060.5 1.526160199805383
1061.0 1.4609809012377406
1061.5 1.2170721753582177
1062.0 0.9207618405860796
1062.5 0.6724219630101789
1063.0 0.6649020120037104
1063.5 0.4886466775047021
1064.0 0.6889289499366129
1064.5 0.6896557933056462
1065.0 0.833844520517907
1065.5 0.6185995265974464
1066.0 0.8155548518301892
1066.5 1.088582785154471
1067.0 0.8811300335725059
1067.5 1.238130282001642
1068.0 1.0196720860754371
1068.5 1.4701751403793726
1069.0 1.2360743251084387
1069.5 1.0554500561404658
1070.0 0.7754927853038447
1070.5 1.2113789384960623
1071.0 0.4710603458811037
1071.5 0.6889926077304959
1072.0 0.9447251962008232
1072.5 0.7912796932285115
1073.0 0.6180566688037383
1073.5 1.130932492125677
1074.0 0.6340371709409789
1074.5 0.4318198008539883
1075.0 0.7548041345249157
1075.5 0.7238705272264323
1076.0 1.1420909672982258
1076.5 0.5855432111804818
1077.0 1.0705616686264616
1077.5 0.7355630719999382
1078.0 0.7513368093487534
1078.5 0.9351631431136278
1079.0 0.7459624892745207
1079.5 0.5324782528872134
1080.0 1.1810530727886435
1080.5 1.059206761547359
1081.0 0.4328110708205752
1081.5 0.6773568211991035
1082.0 0.9707549414769061
1082.5 0.7410344371238318
1083.0 0.827705130880324
1083.5 0.5976665718004466
1084.0 0.63519991818737
1084.5 0.6292852808009411
1085.0 0.8183523279319869
1085.5 0.6859913391947356
1086.0 0.9741864970341183
1086.5 1.0823412823777918
1087.0 1.0011020067534664
1087.5 0.6692477766696944
1088.0 0.7182346491315956
1088.5 0.931724513064198
1089.0 1.0747409154750591
1089.5 0.7517207150397676
1090.0 1.0586560519435733
1090.5 0.608982279266375
1091.0 0.6014982202887964
1091.5 0.9796573859700448
1092.0 0.5826370302676909
1092.5 0.9038267338553319
1093.0 0.9912101198947514
1093.5 1.1644746238678978
1094.0 0.695570552260224
1094.5 0.548209785885748
1095.0 0.6381073182614954
1095.5 0.990760402093076
1096.0 0.6532085551136968
1096.5 0.6191922412675461
1097.0 0.816638089844024
1097.5 1.057426438189798
1098.0 0.8189900553728235
1098.5 0.8987964798492507
1099.0 0.6370242429948221
1099.5 1.0436354733182418
1100.0 0.8996902118888241
1100.5 0.7645764577120244
1101.0 0.8068534329485915
1101.5 0.7913707999052945
1102.0 0.6140554774135949
1102.5 1.1871521093245911
1103.0 0.7601606171898674
1103.5 0.9040498694754395
1104.0 0.7275521656985786
1104.5 0.9467591460802196
1105.0 0.8197096514523992
1105.5 1.0580422806551033
1106.0 0.8776861717143027
1106.5 0.36600357419053786
1107.0 0.6844445340648857
1107.5 1.289971487694773
1108.0 0.5363713659818452
1108.5 1.0343442061862458
1109.0 0.9154853783948336
1109.5 0.9049223064100851
1110.0 0.8315196163268672
1110.5 0.6893588555916724
1111.0 0.8813028674228485
1111.5 0.9314351705642944
1112.0 0.6645202390545106
1112.5 0.5662201506478761
1113.0 1.0217485689985641
1113.5 0.5941140322877425
1114.0 0.9701971210646794
1114.5 0.6396477090500637
1115.0 0.9541922072696143
1115.5 1.2953233308030563
1116.0 0.6500174790325246
1116.5 1.1918891948887003
1117.0 1.3810096252652604
1117.5 0.9770572287995154
1118.0 1.0657329301958889
1118.5 1.0238896579237815
1119.0 0.7356315011832304
1119.5 1.2633171280461755
1120.0 1.2420485505726697
1120.5 0.9104798534066039
1121.0 1.049074534225232
1121.5 0.8064419126617188
1122.0 0.8747109679828253
1122.5 0.7464894247710179
1123.0 1.0059186140629468
1123.5 1.1544641719313364
1124.0 0.8389893977208613
1124.5 0.7050433897523962
1125.0 0.8557200370640623
1125.5 0.41404672989365954
1126.0 0.7259810496476473
1126.5 0.6937826502465202
1127.0 0.8861212471353739
1127.5 1.676321725472868
1128.0 0.5825609771816636
1128.5 0.7135571803778145
1129.0 0.7197387516906383
1129.5 0.9131725406128732
1130.0 0.9836158301965547
1130.5 0.9143499123961858
1131.0 0.7692176977442411
1131.5 0.9323566713830997
1132.0 1.4653486247538676
1132.5 0.9364064741401026
1133.0 0.6994221793444806
1133.5 0.7316226805173045
1134.0 0.8683459333933266
1134.5 1.1646262507869902
1135.0 0.9127345003038414
1135.5 0.778053051358079
1136.0 1.0802279421030818
1136.5 0.8761404429163198
1137.0 0.9432603910088595
1137.5 0.8315477081342446
1138.0 0.7842376941977955
1138.5 1.248640949321341
1139.0 0.7973461285889478
1139.5 1.0304390203078582
1140.0 0.5951416029298877
1140.5 0.6435932364656411
1141.0 0.7520781359062125
1141.5 0.7944297286072539
1142.0 0.9884809762807141
1142.5 0.791279763770378
1143.0 0.7461450642079377
1143.5 1.3513393592493324
1144.0 0.6508782630490189
1144.5 1.1241433027465773
1145.0 0.6902049719525338
1145.5 0.7788006580310556
1146.0 0.4978180236441991
1146.5 0.9767982277596194
1147.0 0.9067571664684364
1147.5 1.4308432328394136
1148.0 0.8345831921154412
1148.5 1.3176624762132367
1149.0 1.1391077349685326
1149.5 0.9558061924360208
1150.0 0.6874997504447993
1150.5 0.5225657707305561
1151.0 0.7347749911201833
1151.5 0.5205286301659131
1152.0 1.0545824835409021
1152.5 0.8036299338304123
1153.0 0.9414754806529895
1153.5 0.9027289183224065
1154.0 0.8622585840850037
1154.5 0.9884726440586971
1155.0 0.9000404219016529
1155.5 0.9718564247153239
1156.0 1.1448802937312763
1156.5 0.6884119664744732
1157.0 1.222137092463275
1157.5 0.6386641456810651
1158.0 0.6685328666960004
1158.5 0.8240310964067392
1159.0 0.5936360212979245
1159.5 0.5426626631525647
1160.0 0.8594338678593632
1160.5 0.505321822729656
1161.0 1.1986599411480263
1161.5 1.059024885974811
1162.0 0.706177202645442
1162.5 0.9150076463475945
1163.0 1.0649658772338535
1163.5 0.8487572236550744
1164.0 0.8112209783954425
1164.5 1.3233663875556927
1165.0 0.967362299992307
1165.5 0.5784495470083235
1166.0 0.7711125299498898
1166.5 1.1899893828875134
1167.0 0.801021996041906
1167.5 0.5942538922146031
1168.0 0.6579035035885081
1168.5 0.9428944680370175
1169.0 0.9215842533814642
1169.5 0.830425022082893
1170.0 1.0529062480594527
1170.5 0.7720855240835431
1171.0 0.8918149912774338
1171.5 0.7843015632199712
1172.0 0.926332397152146
1172.5 0.5266739648679281
1173.0 1.098820308340341
1173.5 0.9577352743768999
1174.0 0.5510297793643328
1174.5 0.5556470402374919
1175.0 0.8056641680909764
1175.5 0.7318258421901149
1176.0 0.30372801661423215
1176.5 0.660220768486399
1177.0 0.7936204976869266
1177.5 0.5121620726712437
1178.0 1.045025612908822
1178.5 0.6795429545032825
1179.0 0.37566591008550426
1179.5 0.447258933848
1180.0 0.4489228636701555
1180.5 0.3412140157295613
1181.0 0.8244123616162018
1181.5 0.6237248621151537
1182.0 0.6019136151206395
1182.5 0.9077429570315527
1183.0 1.0640868771192282
1183.5 1.0395590890209088
1184.0 0.6608219075568879
1184.5 0.7377647918344774
1185.0 0.8424008076395819
1185.5 0.6810214996183235
1186.0 0.30909340803410973
1186.5 0.9326401163390752
1187.0 0.6445177985174415
1187.5 0.9672790727289209
1188.0 0.9404592573014026
1188.5 1.0166941539927787
1189.0 0.8118368368939171
1189.5 1.3915582200812509
1190.0 0.7948547345498613
1190.5 0.5872595078453489
1191.0 0.6867396570640727
1191.5 1.1217735261011244
1192.0 1.2787188666819882
1192.5 1.1126990119723326
1193.0 0.9305124629162438
1193.5 0.7019616130137664
1194.0 0.8119691973899805
1194.5 0.7123685150555572
1195.0 0.705737048773809
1195.5 0.7327328504067312
1196.0 0.8235339962118566
1196.5 0.958653873567471
1197.0 1.4824921764237844
1197.5 0.895064480683441
1198.0 0.6474092226308896
1198.5 0.5431286676234421
1199.0 0.8032484204155841
1199.5 0.863032759270772
1200.0 0.8947325336648613
1200.5 0.5936955607194625
1201.0 0.731267838633167
1201.5 0.5057250256419872
1202.0 1.0075882320836624
1202.5 0.7969155276186248
1203.0 0.9010219349411175
1203.5 1.2258158632891691
1204.0 0.2909316806287215
1204.5 0.5942386591873569
1205.0 0.394043307809623
1205.5 0.701545985285627
1206.0 0.7198268898474793
1206.5 0.7021946936263248
1207.0 0.5678037217091074
1207.5 0.29408162616181494
1208.0 0.9951173671178803
1208.5 0.9040474550432307
1209.0 0.7509780982371841
1209.5 0.8858923548624427
1210.0 1.3661726458004106
1210.5 0.8854452565313514
1211.0 0.4245254615418456
1211.5 0.9871812628401759
1212.0 0.6800822521637824
1212.5 0.6038715839500376
1213.0 0.9092668420936727
1213.5 0.8084838863360275
1214.0 0.9427698935474438
1214.5 0.38606403415821633
1215.0 1.0855227126141278
1215.5 0.8491654787108054
1216.0 1.0048542612919769
1216.5 1.3240391116565384
1217.0 1.248167471379326
1217.5 0.6049713050984469
1218.0 0.751794360901439
1218.5 1.0884352378834437
1219.0 0.9881144386336038
1219.5 1.214929998119784
1220.0 0.6963245361365582
1220.5 0.8017936701801216
1221.0 0.7485797601558952
1221.5 1.019506759774933
1222.0 0.9628690552517658
1222.5 0.6585165692806916
1223.0 0.758353622682482
1223.5 0.33397652766715463
1224.0 0.691443904868148
1224.5 0.9936853739286371
1225.0 0.8653019756684908
1225.5 1.1164210774074959
1226.0 0.7463713113034283
1226.5 0.9833843896394465
1227.0 0.6318352121455065
1227.5 0.9274210550076196
1228.0 0.9659311939142907
1228.5 0.8101187703270107
1229.0 0.825670273213869
1229.5 1.0946105352608868
1230.0 1.1844774886363043
1230.5 1.040417164972856
1231.0 1.1973598782749246
1231.5 1.0567227125878087
1232.0 1.1120235111335555
1232.5 0.9121835037661274
1233.0 0.9619442383225985
1233.5 0.8357826584005232
1234.0 0.8274294770552113
1234.5 0.7090068652921064
1235.0 0.7388360332789492
1235.5 1.0925144101294764
1236.0 1.1165589604723498
1236.5 0.3970350285890471
1237.0 0.5904526423243688
1237.5 0.41605562938636037
1238.0 0.7235761756732262
1238.5 1.0574878925510682
1239.0 0.8949715476442262
1239.5 0.9220681937356101
1240.0 0.9166397272186593
1240.5 0.734960144775903
1241.0 0.7580893304609109
1241.5 0.9704256864422462
1242.0 0.7972314546838588
1242.5 0.8975202475224633
1243.0 1.0074318546086114
1243.5 0.8727333212734887
1244.0 0.8173859768326641
1244.5 0.663340724804914
1245.0 1.3302719423483595
1245.5 0.5960058633270876
1246.0 0.8467222403280983
1246.5 0.6886964060870716
1247.0 0.5081381973606776
1247.5 0.8457385909568309
1248.0 1.0464531582128072
1248.5 1.19569682970725
1249.0 0.8600800048478467
1249.5 0.8259661034752988
1250.0 0.7529845312541291
1250.5 0.9594495565340173
1251.0 1.0678258579003355
1251.5 1.159515762011486
1252.0 1.2952858700341057
1252.5 1.1342407774547498
1253.0 0.8836008854144979
1253.5 0.8854145130064217
1254.0 0.6156469693328737
1254.5 1.4237491407982572
1255.0 0.8942488403188025
1255.5 0.7797200844349941
1256.0 0.865655422576493
1256.5 1.2020826209620474
1257.0 1.5124386711941145
1257.5 1.601445035376056
1258.0 1.0583253670952308
1258.5 1.0264461521456143
1259.0 0.6212028566911305
1259.5 0.5682204137927945
1260.0 1.6101997607817269
1260.5 0.46397714192292633
1261.0 0.7248491294072884
1261.5 0.9483069996814724
1262.0 0.6746957570495993
1262.5 0.5951072673139463
1263.0 0.989302358584345
1263.5 0.7503686806679446
1264.0 0.6784058452719288
1264.5 0.5984847278534307
1265.0 0.5580427364137077
1265.5 0.7917819716448808
1266.0 1.0487666073974022
1266.5 0.7599915736617162
1267.0 0.5982645490703069
1267.5 0.8426835757245743
1268.0 1.1389136790867667
1268.5 0.7932694790089316
1269.0 0.7021000948106275
1269.5 1.039737682280529
1270.0 0.4736519428184769
1270.5 0.8499204267153655
1271.0 0.6416702513927695
1271.5 0.6011869576605897
1272.0 1.0842723469268662
1272.5 0.8203035715352378
1273.0 0.8885363701614509
1273.5 1.079949501382403
1274.0 0.7407866037700733
1274.5 0.7024738184086845
1275.0 0.8044529160198801
1275.5 0.7382674670340792
1276.0 0.8640735897312463
1276.5 0.8787080261630784
1277.0 0.7576608473341706
1277.5 0.38290537990118595
1278.0 0.8160967094846868
1278.5 1.1191444771632424
1279.0 0.876506151458381
1279.5 0.7287719414412535
1280.0 1.018893476630578
1280.5 0.8142157904198827
1281.0 0.7598341862364059
1281.5 0.7874391415190061
1282.0 0.8446021438092473
1282.5 0.6840793048502262
1283.0 1.1865445955767338
1283.5 0.9207123227387786
1284.0 1.5483263207848565
1284.5 0.621149028660899
1285.0 1.059665132340138
1285.5 0.6175481123259758
1286.0 0.739147182885612
1286.5 0.922317959656928
1287.0 0.7252203422606391
1287.5 0.7524730705377416
1288.0 1.0686923104344532
1288.5 0.8184797047552428
1289.0 0.7067997912992856
1289.5 0.6169002664660553
1290.0 0.40468554242549926
1290.5 0.8759782708004062
1291.0 0.7587571746865913
1291.5 1.0819273033228956
1292.0 0.6574761399592322
1292.5 0.8529287036196047
1293.0 0.8676560303696477
1293.5 0.9463909747134034
1294.0 1.2259288947162492
1294.5 1.2405505692762253
1295.0 0.7281315785847235
1295.5 0.6941648204961494
1296.0 1.0729484310199995
1296.5 0.38972019620107534
1297.0 1.4873125411551396
1297.5 1.0660706047907915
1298.0 0.4289387117190642
1298.5 0.7073939344318305
1299.0 0.7549587138513008
1299.5 0.9059640719510458
1300.0 0.8267278918777818
1300.5 1.093400862686437
1301.0 0.7653835062633049
1301.5 0.9238929104398594
1302.0 0.6837829735392
1302.5 1.1575373294650806
1303.0 1.1145967255566755
1303.5 0.7781899954376885
1304.0 0.6772894959792899
1304.5 0.9661021967614922
1305.0 0.6116980638962698
1305.5 0.6500544668542121
1306.0 0.6196521195353801
1306.5 0.8756246945770936
1307.0 0.5201255055620787
1307.5 1.2937670062621078
1308.0 0.7539642484461218
1308.5 1.2797067150252885
1309.0 1.3468527202958391
1309.5 1.1950431652928193
1310.0 1.4871348532423267
1310.5 0.5914100033160163
1311.0 0.3577489434430314
1311.5 0.6340627298149732
1312.0 1.0494664797183737
1312.5 0.6145542186975868
1313.0 0.6922492289127355
1313.5 0.8184831828034604
1314.0 0.7083271267724414
1314.5 0.603722767359212
1315.0 0.4832000274505029
1315.5 0.4083775162846369
1316.0 0.6417325824418567
1316.5 0.464909490041521
1317.0 0.8708277683490346
1317.5 1.144443717156064
1318.0 0.8367938067700316
1318.5 1.2963320744125784
1319.0 0.9466662721879457
1319.5 1.2033815194855733
1320.0 0.6270445155374847
1320.5 1.4778399844248906
1321.0 0.7760695885995075
1321.5 0.9950541673686155
1322.0 0.965758991043463
1322.5 0.6853874115167142
1323.0 0.8391911750148173
1323.5 0.6370104864192271
1324.0 0.7248747859061957
1324.5 1.2459848122785333
1325.0 0.8557797462773966
1325.5 1.078195403743909
1326.0 1.363156376677236
1326.5 0.7519631832271905
1327.0 0.47627284764219274
1327.5 0.5184924911853237
1328.0 1.132671598262751
1328.5 1.4960497164910918
1329.0 0.6600281098801253
1329.5 0.8587406267570179
1330.0 0.8053990280335304
1330.5 1.014936851769908
1331.0 0.9858672471773571
1331.5 0.8004173909827272
1332.0 0.7909893870685175
1332.5 0.9944716734894794
1333.0 0.8441758428558441
1333.5 1.3937177165085712
1334.0 1.2570137782368827
1334.5 1.0021863947385163
1335.0 0.6105628153393963
1335.5 1.1982590944259943
1336.0 0.9297907397553486
1336.5 0.9070907366163696
1337.0 1.1794817560156943
1337.5 0.9197822427411289
1338.0 0.8140505102698214
1338.5 0.9495293551623329
1339.0 0.799527103557006
1339.5 1.2225095240366721
1340.0 0.9945338781196669
1340.5 0.44591040076568034
1341.0 0.9049059244730815
1341.5 1.2655227680413363
1342.0 0.4995061627479823
1342.5 0.9468483108459227
1343.0 0.7844060399384349
1343.5 0.3939211744109315
1344.0 0.6527981280307726
1344.5 0.7229070519211411
1345.0 0.7355803017865241
1345.5 0.7885174897941851
1346.0 0.8221928420071107
1346.5 0.7924912205312842
1347.0 1.0174580506147357
1347.5 1.1273308456572153
1348.0 0.8309727649681404
1348.5 0.691982903730167
1349.0 0.980340260966158
1349.5 1.030077199595233
1350.0 0.686952992278274
1350.5 0.9072241694816088
1351.0 0.5112814776775252
1351.5 0.5972800376822738
1352.0 0.6663279758275726
1352.5 0.7319079908649386
1353.0 0.6685603047735527
1353.5 0.5998710720501186
1354.0 0.9080568559511932
1354.5 0.7348785222870728
1355.0 1.1731467376473126
1355.5 0.9816508901773215
1356.0 0.75232023231385
1356.5 0.7428445003703733
1357.0 0.9943475740337735
1357.5 0.8751495284380115
1358.0 0.3984543623778909
1358.5 0.6137749212554436
1359.0 0.9567432702863863
1359.5 0.7712686551798298
1360.0 0.7843161921178912
1360.5 0.8902573891855785
1361.0 0.39049832783266397
1361.5 1.2810855707783053
1362.0 0.6713617625330961
1362.5 0.6696117444817096
1363.0 1.1269786510545643
1363.5 0.45548698827035644
1364.0 0.6503589013669147
1364.5 0.8143464595626329
1365.0 0.6051902115562229
1365.5 0.5417765253430695
1366.0 0.8354440637245986
1366.5 1.2156359088504247
1367.0 0.47322152326185923
1367.5 0.7788644710944419
1368.0 1.1538846626096684
1368.5 1.492321879162424
1369.0 1.6184878375921652
1369.5 0.7380637236932488
1370.0 0.7484208261760465
1370.5 0.6741536888000523
1371.0 1.0317220152751538
1371.5 0.6795860014026929
1372.0 1.0422173872425935
1372.5 0.9279217334447636
1373.0 0.6717435395844482
1373.5 0.5447645877969615
1374.0 0.9028467086334282
1374.5 0.7515416640668644
1375.0 0.8595495768558389
1375.5 0.5625049071711696
1376.0 0.8613129860303028
1376.5 0.8231382511762801
1377.0 0.8593819507844087
1377.5 1.2797816160776982
1378.0 0.6028223929176661
1378.5 1.0825746027717107
1379.0 0.790802824991715
1379.5 1.0051697850394508
1380.0 0.6673290289210853
1380.5 0.7733190997070396
1381.0 0.6566110310288673
1381.5 0.823229127202812
1382.0 0.7848799284455015
1382.5 0.831019419795469
1383.0 0.9661817980714682
1383.5 0.8024427196613793
1384.0 0.7907893173912766
1384.5 0.9859328446103479
1385.0 0.653981517242149
1385.5 0.8762186200631781
1386.0 0.32751234790020106
1386.5 0.907864080805558
1387.0 1.3418587577712233
1387.5 0.9803385127211166
1388.0 0.821259717160967
1388.5 0.8095994479069704
1389.0 0.6166195322888253
1389.5 0.9545978960347168
1390.0 0.6854941283535118
1390.5 0.7475311811672785
1391.0 0.8977489532950598
1391.5 0.7017957631898009
1392.0 0.8786919153566322
1392.5 0.6480997362491143
1393.0 0.9025843188938609
1393.5 1.2077493095195753
1394.0 1.1278307005075987
1394.5 0.5757016974165439
1395.0 0.8914479066235612
1395.5 0.8489796196536583
1396.0 0.7009649832979797
1396.5 0.946977022908531
1397.0 1.3027775723409076
1397.5 0.5958294471962002
1398.0 0.6051583654216914
1398.5 0.8413020056576184
1399.0 0.8103453573682906
1399.5 0.6712679089363145
1400.0 0.8673353474079377
1400.5 0.6147997655257176
1401.0 0.7763211385341839
1401.5 0.9472161232860001
1402.0 1.0166357759306226
1402.5 0.6684392792313891
1403.0 0.9097593580205454
1403.5 0.8246240474769113
1404.0 0.970910121116008
1404.5 0.9720078989677612
1405.0 0.6652082619899004
1405.5 0.7797882308640014
1406.0 0.8572721701349284
1406.5 0.9231533114886936
1407.0 0.8857641284235014
1407.5 0.4770522470230333
1408.0 0.9137427810678043
1408.5 1.1441073376915396
1409.0 1.0391774524609765
1409.5 0.9412666212474918
1410.0 0.7010037342136304
1410.5 0.7559631885198026
1411.0 0.4448482784370708
1411.5 0.7282969866915867
1412.0 0.6982454397560884
1412.5 0.5073614477049895
1413.0 0.6768021933387676
1413.5 0.6077078440602108
1414.0 0.7179763902687991
1414.5 0.5366274709173411
1415.0 0.6748753835470929
1415.5 0.6098487199189524
1416.0 0.7960562753333906
1416.5 0.8437762396384503
1417.0 0.6321467287427702
1417.5 0.9649107484895822
1418.0 0.884351459134192
1418.5 0.9327020443322589
1419.0 1.388053947908999
1419.5 1.0201996555484623
1420.0 0.5796816652315484
1420.5 1.0917430829775652
1421.0 1.05033447685341
1421.5 0.8664927371546376
1422.0 1.1362048978661625
1422.5 0.8326538925598055
1423.0 0.9336650628976637
1423.5 1.3111701754531029
1424.0 0.6720460538710064
1424.5 1.2661745628643484
1425.0 0.9952817722149407
1425.5 0.6393308972885391
1426.0 1.5553490685478613
1426.5 0.6703947270738592
1427.0 0.5263950053750569
1427.5 0.5966467414583871
1428.0 1.2563428315260987
1428.5 0.21249382291719637
1429.0 0.6157479079026901
1429.5 0.7850851353813395
1430.0 0.9109961321092515
1430.5 1.3165309969183407
1431.0 0.637063464449888
1431.5 0.7410363949599528
1432.0 0.8722856028254629
1432.5 0.7714432577000985
1433.0 0.779876401787443
1433.5 1.1125799574838222
1434.0 0.8876605159509929
1434.5 0.9196886749101512
1435.0 0.7899841886220043
1435.5 0.819785484346784
1436.0 0.5949337565871842
1436.5 0.9350700976263635
1437.0 1.3263816708574698
1437.5 0.8099015972223716
1438.0 0.3794567780140788
1438.5 1.3466172395297131
1439.0 0.8774970396682424
1439.5 0.4974459725923683
