0 0.9719939584045403
0.5 0.9436404612503839
1.0 1.5741072157569902
1.5 1.0399199347694341
2.0 1.2291280506042752
2.5 1.1312913402290983
3.0 0.8024426947874779
3.5 1.273149650461812
4.0 1.0337736625258995
4.5 0.9824341640864094
5.0 0.6937074525849128
5.5 1.0155101495313559
6.0 0.8628688522112031
6.5 0.9154505164606996
7.0 0.4494219126285683
7.5 0.9889606589400073
8.0 0.5652468590066437
8.5 1.0338047615052388
9.0 0.6734035840985895
9.5 1.315988199408241
10.0 0.7026278774883989
10.5 0.8141881465507366
11.0 0.9154130600586801
11.5 0.8986174587942706
12.0 0.781424727553024
12.5 0.5390398726124168
13.0 0.563931615143604
13.5 0.8262315780009473
14.0 0.7454384255144029
14.5 1.0134812636117985
15.0 1.2704065613410107
15.5 0.9441320803193558
16.0 0.521583926062971
16.5 0.695867029472816
17.0 0.8687752370731401
17.5 0.7845424114048549
18.0 0.7264747262318874
18.5 0.5465556065917614
19.0 0.5077395519135264
19.5 1.1934569423982602
20.0 0.722928194155803
20.5 0.8513832176600211
21.0 0.6854554139659894
21.5 1.268442407701591
22.0 0.9963640298346832
22.5 0.8827972051932365
23.0 0.4390523369813822
23.5 1.1174834988718083
24.0 0.9852606817957621
24.5 0.2
25.0 0.9120599932092692
25.5 0.8941289665592564
26.0 0.5007410137537669
26.5 0.9108243090079148
27.0 0.597735644413426
27.5 0.973317410412718
28.0 0.8684441621814523
28.5 0.6390532132644919
29.0 1.0118116146173626
29.5 0.595396663745424
30.0 1.3105942041037844
30.5 0.8652811613498883
31.0 1.1344981942452763
31.5 0.42168427244787315
32.0 0.9420931465970623
32.5 0.46650372174054683
33.0 0.7940749952586277
33.5 0.756585978753892
34.0 0.7253807957400719
34.5 0.7451483386095099
35.0 0.7681979994728234
35.5 0.5402345363479273
36.0 0.6591523605848345
36.5 1.480203584370721
37.0 0.6873789335383687
37.5 1.1862969414539521
38.0 0.8466243541803287
38.5 0.8220528474433932
39.0 1.3122378580552416
39.5 0.6456057469200498
40.0 1.0200437971631984
40.5 0.8371138255551027
41.0 0.806350079016149
41.5 0.2393188216151742
42.0 0.5907514362286445
42.5 0.7807158447924798
43.0 0.42784800045257393
43.5 0.7562061689782001
44.0 0.5343512424352352
44.5 0.9050107841356956
45.0 0.5292283191814879
45.5 0.9281527765813907
46.0 0.8140468441381028
46.5 1.0973432471319393
47.0 1.0605892555663363
47.5 0.6910628998680182
48.0 0.8498471900370383
48.5 0.7312057257806976
49.0 0.5079850394481044
49.5 0.637747272783305
50.0 0.858694585979469
50.5 0.9251327797498832
51.0 1.1646343935439694
51.5 0.9278712687527166
52.0 0.5782526668228667
52.5 0.42494638935654494
53.0 0.5420029027711364
53.5 0.7682139005426791
54.0 0.3967061411305975
54.5 0.5672383940525569
55.0 0.7752746551170464
55.5 0.5621408166217647
56.0 0.7486456258880356
56.5 0.9932064101366429
57.0 1.0834946830079462
57.5 1.1605257554037376
58.0 0.7247497370269023
58.5 1.0631780419724906
59.0 0.5332247200044413
59.5 1.2994477670687283
60.0 0.6408362237875127
60.5 1.2527786756993726
61.0 0.823748096786955
61.5 1.357130857673661
62.0 1.231359981702046
62.5 0.8169434400566231
63.0 1.3186785641436043
63.5 1.0885038194727061
64.0 1.108774231618406
64.5 0.8997357662277543
65.0 0.6332997726754956
65.5 0.7635985696305412
66.0 1.0420729882040172
66.5 0.6390376671506361
67.0 0.675274692338274
67.5 1.1827434964814505
68.0 0.6241444203712103
68.5 0.7017165987919673
69.0 0.8535287006516303
69.5 0.9669998319677533
70.0 0.6631335748955315
70.5 1.0228243186532717
71.0 0.5711428552203573
71.5 0.5373755999445107
72.0 0.8120179898330335
72.5 0.8595519681240735
73.0 1.3588917522135082
73.5 0.8919088515593321
74.0 0.7976012136204855
74.5 0.7207975262643502
75.0 0.672597826050171
75.5 1.0540803430419179
76.0 0.9104575808966751
76.5 0.9428474035243837
77.0 0.5490878455455765
77.5 0.918875150384874
78.0 1.2378190885395672
78.5 1.1699277661641865
79.0 0.8443044470624856
79.5 0.7059909040550068
80.0 0.5517179821371905
80.5 1.097995671707899
81.0 1.0058588705420415
81.5 1.217910333917497
82.0 0.7185636891812621
82.5 0.709780363615043
83.0 1.1247030449586792
83.5 1.2843276700225545
84.0 0.997364708071701
84.5 1.139327571737103
85.0 0.7528399370035096
85.5 1.0771998732563122
86.0 1.0861015119121438
86.5 1.0740054085561797
87.0 1.2962267980132016
87.5 0.8162982897905221
88.0 0.8043191740553948
88.5 0.9614325938112975
89.0 0.7020857838840124
89.5 0.5289184622495648
90.0 0.6942797824522079
90.5 0.947165265817562
91.0 0.9505399647314063
91.5 1.1099271638784152
92.0 0.8815426114139306
92.5 0.6020635050092721
93.0 0.4270213003690512
93.5 0.8152713251078967
94.0 0.7785762853981153
94.5 1.3889710275979739
95.0 0.7959719500387401
95.5 0.773616390741132
96.0 0.7890397943908394
96.5 0.7948911204359901
97.0 0.7205936534338703
97.5 0.9268487081214349
98.0 0.6366480402003629
98.5 1.3158741615490444
99.0 0.8253095482251184
99.5 1.0910833574320125
100.0 0.6667343028112395
100.5 1.273800332752991
101.0 0.7967694012943527
101.5 0.9947919217872652
102.0 0.9640422124918251
102.5 0.7034145491470292
103.0 0.8636357866790352
103.5 0.7696375541105508
104.0 0.6243046312344573
104.5 0.5228628708780605
105.0 0.7970439439473164
105.5 0.8438165393152173
106.0 0.6364666201096711
106.5 1.0445924208650736
107.0 0.9828849174958105
107.5 1.1925968602634536
108.0 0.6730896034883556
108.5 0.4707564948011592
109.0 0.9359720765116697
109.5 1.108882570879009
110.0 0.8078940570243227
110.5 1.1209707639413382
111.0 1.1400832049138656
111.5 0.5679879375907371
112.0 0.8955750533018978
112.5 0.8633558382927531
113.0 0.6522337110746248
113.5 0.23648294572218714
114.0 0.6073799615859795
114.5 0.7478460891081704
115.0 0.4498897756773133
115.5 0.7646250124829227
116.0 0.5265051936155294
116.5 0.5371914474494082
117.0 0.7470862854256344
117.5 0.7210518575093912
118.0 0.7848903940468099
118.5 0.8630121630213403
119.0 0.8942481783736016
119.5 0.9893632735866591
120.0 1.230602964672737
120.5 0.961749626129728
121.0 1.7215537193860235
121.5 1.046658148984031
122.0 0.8554545506188251
122.5 1.0737131507914544
123.0 0.8744535705567673
123.5 0.8771019277498332
124.0 1.1598507833820786
124.5 1.1549945298797368
125.0 0.9592929687789091
125.5 1.1462691651969974
126.0 0.6942077951010734
126.5 0.6883868384917826
127.0 1.1127871711713255
127.5 0.9838716379730397
128.0 0.7156732377659927
128.5 0.7536187020735934
129.0 0.8359486044967779
129.5 0.6703973418304854
130.0 0.8030267784149776
130.5 0.6577861483292564
131.0 0.7471253053587583
131.5 0.7267990033962131
132.0 0.6271499203275726
132.5 0.917764501331488
133.0 0.724984737943711
133.5 1.155012730980027
134.0 0.4842764868324098
134.5 0.7350172886841195
135.0 1.0664807838303025
135.5 0.8466568982639795
136.0 1.244377378444772
136.5 0.9732781232074335
137.0 1.0951274030745486
137.5 0.8053725685442885
138.0 0.6459558616333364
138.5 1.2204829858457087
139.0 1.1162156879913923
139.5 0.5601690618033281
140.0 0.6399117139328656
140.5 0.9701654694620552
141.0 0.6896584723483805
141.5 0.7671999748831411
142.0 0.7753250670049053
142.5 0.7001200634506837
143.0 0.8819053974809776
143.5 0.76208192895531
144.0 0.594409992620871
144.5 0.9105288982025537
145.0 0.865640929087685
145.5 0.8292505470640379
146.0 0.8501790200944342
146.5 1.0384455094328484
147.0 1.15231960127839
147.5 0.7605246103251138
148.0 0.8745085030976045
148.5 1.7308248153768029
149.0 0.830901669917675
149.5 0.7056575341149877
150.0 0.8956265361518829
150.5 0.6124267358378166
151.0 0.7990709277046286
151.5 0.6439388294877946
152.0 0.8537887759277836
152.5 0.8913449536660218
153.0 0.6151424031981336
153.5 0.7842507478145464
154.0 1.0495729049090106
154.5 0.7476819030817294
155.0 0.8360559168373234
155.5 0.9694441290336151
156.0 0.8540683807991338
156.5 0.4854219386425258
157.0 0.7637431072454877
157.5 0.8449766315457832
158.0 1.192499799597843
158.5 1.1119817547052668
159.0 1.0097739542970776
159.5 0.7336737151791055
160.0 0.767950518432452
160.5 1.1914392845521178
161.0 0.8466732012880536
161.5 1.0411701069741077
162.0 0.6744455397617035
162.5 0.758001051531477
163.0 0.5098230848102419
163.5 0.8893219959446139
164.0 1.3588949813749975
164.5 0.8735158866800155
165.0 0.7259646209730739
165.5 0.8182762298497146
166.0 1.125079236287115
166.5 0.9406430496032931
167.0 0.5240979276732805
167.5 0.8799978335864516
168.0 0.5447249594627348
168.5 1.185438189229457
169.0 0.7594184902605905
169.5 0.8139366086328557
170.0 0.9387338053694858
170.5 0.7507773796925052
171.0 0.5861391032879804
171.5 1.2572419221106028
172.0 0.6308453618800274
172.5 0.5065322897448623
173.0 0.9584937518469572
173.5 0.8149938690024106
174.0 0.6262598754091623
174.5 1.0700231462555634
175.0 1.4152379088276315
175.5 0.7143714470647666
176.0 1.094174781726551
176.5 0.9529233176378631
177.0 0.5896898813114759
177.5 0.6729413609756354
178.0 0.7583366382106179
178.5 0.7614080890812089
179.0 0.9530329031695259
179.5 1.0427087943029572
180.0 1.054050809444459
180.5 0.8301062176730571
181.0 0.8273457798417616
181.5 1.060846030523623
182.0 0.6904297001131043
182.5 0.8126411818777974
183.0 0.6979627842164182
183.5 0.90418772867908
184.0 0.6082185065206276
184.5 0.9428824836482106
185.0 0.9803986269560323
185.5 0.705955415872592
186.0 1.3846899865114664
186.5 0.8672435880647994
187.0 1.0595825772352454
187.5 0.8540026646940682
188.0 0.6958080263270052
188.5 1.2977824616108529
189.0 0.3665566209663675
189.5 0.8810295963082697
190.0 0.9957898730241102
190.5 0.8595607010904218
191.0 0.6689949994594662
191.5 0.8562561859281961
192.0 0.908556382239371
192.5 1.0370920797483645
193.0 0.5953865889350745
193.5 0.7768631023792478
194.0 0.9555367829842876
194.5 0.7950387687935659
195.0 0.8196935536318906
195.5 0.875924457933952
196.0 1.182831265235431
196.5 0.9490233659948948
197.0 0.4997471413710257
197.5 0.8120855222937919
198.0 0.8590818043497435
198.5 0.5585763666690364
199.0 0.819280184107114
199.5 1.0262014478441315
200.0 0.8721702883277658
200.5 0.3787997999654951
201.0 1.4688468003708466
201.5 1.010095866060153
202.0 1.4147358589409904
202.5 1.2893964342026283
203.0 0.7227890919852222
203.5 0.7084871044305854
204.0 0.8067938897141411
204.5 0.8928545476681872
205.0 0.8561237999161893
205.5 0.3891671191444596
206.0 1.3077365215099592
206.5 0.8343921466418176
207.0 0.549038413342501
207.5 0.8064266335106225
208.0 1.204157101297551
208.5 0.8236309216197404
209.0 1.292536329975482
209.5 1.189168297117051
210.0 0.6651312059812746
210.5 0.5907410540771737
211.0 0.6729601310752455
211.5 0.885777523325715
212.0 0.993882380128676
212.5 0.7298523956788451
213.0 0.6830117262370196
213.5 0.46592721590584946
214.0 0.5392315634837801
214.5 0.7021290501185055
215.0 0.7926537006629291
215.5 0.723832248241173
216.0 1.2313491068207714
216.5 0.7991646889376158
217.0 1.1136277329494928
217.5 0.7030700066206732
218.0 0.6529163760770078
218.5 0.8356531214278229
219.0 0.8700122718103265
219.5 1.0084606382021502
220.0 1.344521926140704
220.5 0.9066749702050636
221.0 1.192082306086349
221.5 0.6751252323931957
222.0 0.6177923755539778
222.5 0.8919703087341304
223.0 0.9325288175342008
223.5 0.9738269339377852
224.0 0.8677555946518953
224.5 0.9592349465839884
225.0 0.7628145569413896
225.5 1.066809249578192
226.0 0.9001611979345827
226.5 0.6187844841563863
227.0 0.859896330794031
227.5 1.2037764779785807
228.0 0.8473171286629779
228.5 1.203267024516764
229.0 0.7162438473046702
229.5 1.218751511751778
230.0 0.7641595395304366
230.5 1.2485146019754654
231.0 0.6545836887681038
231.5 0.6455978586490225
232.0 0.7269614870245764
232.5 0.6103355867681548
233.0 0.7991106707836686
233.5 0.8790084316735083
234.0 1.2075936915126764
234.5 1.0587506087906304
235.0 0.7664531372973638
235.5 0.6347029914105067
236.0 0.6697381759925558
236.5 1.0352391265644592
237.0 1.001478953429547
237.5 0.9114177063121354
238.0 0.3158041936642369
238.5 0.9029510697895451
239.0 1.2612514715319694
239.5 0.7809539740316289
240.0 0.8585634645037178
240.5 0.8987759328579268
241.0 0.9538204439239988
241.5 1.16701954549646
242.0 0.571942234072788
242.5 0.7611971227665317
243.0 1.3066263015533557
243.5 0.6371758159920686
244.0 0.5069357601364526
244.5 1.1762178062043624
245.0 0.6987814599007798
245.5 0.9331479986139379
246.0 0.9260186155336164
246.5 1.0416254443553923
247.0 0.6721208264448193
247.5 0.5117366007476389
248.0 0.8145472129086271
248.5 0.8897911408403332
249.0 0.5816030732740118
249.5 0.6795785258832938
250.0 1.3573267215389533
250.5 0.8939674591994531
251.0 0.742610397495036
251.5 1.3787361545998884
252.0 0.8173473750536742
252.5 0.834013396149055
253.0 1.073801517502092
253.5 0.8047559659648647
254.0 0.8628696409981798
254.5 1.1455919336681777
255.0 0.9426940448277994
255.5 0.917293720072847
256.0 0.7926708420971285
256.5 0.9851063081470055
257.0 0.7943321443540384
257.5 1.0614235190890264
258.0 0.6235374842372887
258.5 0.5313793548409282
259.0 0.6527786655028196
259.5 0.7374103666261482
260.0 0.4222273222766923
260.5 0.9424417083183114
261.0 0.5816987304459686
261.5 0.9783837475374235
262.0 0.33173931403778995
262.5 0.9952793214348092
263.0 0.8184758904477152
263.5 0.7630169415190522
264.0 1.0056557518112417
264.5 0.6036770224738047
265.0 1.115801389541648
265.5 0.4447423193096232
266.0 0.5437635961016338
266.5 0.7889116465218076
267.0 0.8530549274781616
267.5 1.0983513892702772
268.0 0.9185145231898151
268.5 0.4616751231622332
269.0 1.0911294244614824
269.5 0.6837865253758902
270.0 0.9890369301147977
270.5 0.8365587411469202
271.0 0.7409371605848785
271.5 0.2747004016625894
272.0 0.7335187513858912
272.5 1.0928508741613938
273.0 0.9956267433564332
273.5 0.8602891479471086
274.0 1.2009450477609636
274.5 0.9141303379687211
275.0 0.77792613434323
275.5 0.6401151519144814
276.0 1.0927837701418375
276.5 1.0468370015044166
277.0 0.920348327007317
277.5 1.3408241813454407
278.0 1.0773371227142425
278.5 0.9040142276540006
279.0 1.0975401389936976
279.5 1.0563612263021185
280.0 0.6468160169814955
280.5 1.5209538914344998
281.0 0.8216887983244188
281.5 1.1545471480176284
282.0 0.9440565063311868
282.5 0.6092366730061731
283.0 0.8014397065285237
283.5 1.2449126785522913
284.0 1.0184504755447856
284.5 1.0804394562327526
285.0 1.1444308220109576
285.5 0.8217379394197539
286.0 0.8205160755224687
286.5 0.767004697546289
287.0 0.7205955828454784
287.5 0.7772872171616974
288.0 0.5883427112459728
288.5 0.8449585709886516
289.0 0.8115726394037228
289.5 0.6744201467640678
290.0 0.8291109274399644
290.5 1.1058916749979633
291.0 1.0754919368714893
291.5 1.0037116116138047
292.0 0.7832211339816892
292.5 0.6024864569665365
293.0 0.7461972478571285
293.5 1.0053356544350016
294.0 0.8493349508622041
294.5 1.1999697438801913
295.0 0.9546593483737078
295.5 0.4640684142115289
296.0 1.1126275624141766
296.5 0.7890062547863621
297.0 1.013636581696315
297.5 0.9445608765329632
298.0 0.9359982090891665
298.5 1.188281743244778
299.0 1.1978116723542254
299.5 0.8964363478394053
300.0 0.8818172552778532
300.5 0.7959090081302598
301.0 0.7729676794821414
301.5 0.4698598100169627
302.0 0.7103189065165816
302.5 0.6031293355302454
303.0 0.7487270386097955
303.5 0.6293509646669134
304.0 0.8091994306207309
304.5 1.0793076295707513
305.0 0.49283167674889883
305.5 0.9242403351627555
306.0 1.3569884591456767
306.5 0.6999011392521236
307.0 0.993395336769322
307.5 1.042597521511493
308.0 1.2629487901475211
308.5 1.0012304906481482
309.0 0.9056929052111349
309.5 0.5946453012997608
310.0 0.9361388710529441
310.5 1.0607150892050086
311.0 0.7521028183790208
311.5 0.8596240922991341
312.0 1.008064949454315
312.5 0.604373969690644
313.0 1.0484069862680938
313.5 0.5071860145191929
314.0 0.663318668113141
314.5 0.6690245469070555
315.0 0.6095965139333437
315.5 1.1042307104592346
316.0 0.5213018260281057
316.5 0.5413653833508938
317.0 0.7190436786985104
317.5 0.794454903753536
318.0 1.0415696581394522
318.5 0.9176023376356921
319.0 0.8104217028037575
319.5 0.6932208372874897
320.0 0.8964877247537358
320.5 1.0803278577054702
321.0 1.0355032113994835
321.5 1.1064183454590792
322.0 1.2029905803850858
322.5 0.9280678252256787
323.0 0.9337238383774935
323.5 1.270794208816103
324.0 0.8695274545013023
324.5 0.884065915646618
325.0 1.4793555944131758
325.5 0.9686857129566471
326.0 0.9649355314061026
326.5 0.939940670613957
327.0 1.0268762019709092
327.5 1.0652677108336934
328.0 0.8737218006776131
328.5 0.9264513215333019
329.0 0.9776370577034064
329.5 1.1900130799206385
330.0 0.9347940153991361
330.5 0.7539189399562569
331.0 0.8900531678328956
331.5 0.8518105224665957
332.0 0.5580940365755127
332.5 0.7257222663030924
333.0 1.0532429235576701
333.5 0.5920327783775867
334.0 0.7148472863801465
334.5 0.9250713901506051
335.0 0.7399201680748468
335.5 1.158308189775178
336.0 0.9084806990719478
336.5 1.010360327246432
337.0 0.8706803721193521
337.5 0.6994279940873898
338.0 0.6610739454928325
338.5 0.887301892957013
339.0 0.5018749036168526
339.5 1.015711542790483
340.0 1.1987828851213407
340.5 0.5411280056758481
341.0 0.9055852020180377
341.5 0.6867410663799758
342.0 0.9259685656175938
342.5 0.9184366964106385
343.0 0.7200873553367833
343.5 0.6120585778246995
344.0 0.7507362548366558
344.5 0.9665202285752859
345.0 0.8098174617754852
345.5 0.8758233670235838
346.0 1.312716619362106
346.5 0.9454236128071836
347.0 1.0839933277476947
347.5 0.4075373495731847
348.0 0.5193170411799075
348.5 1.2716352103360478
349.0 0.7878933265335406
349.5 0.7812891707301806
350.0 0.7509358190797071
350.5 1.1012313288806987
351.0 1.0136593881540195
351.5 0.7424970546739368
352.0 0.9023903572529373
352.5 0.9823703575691156
353.0 0.9785310473088447
353.5 0.7529218413023466
354.0 0.6541199348884532
354.5 0.8012877833070173
355.0 0.7251521120651501
355.5 1.1664224873053564
356.0 0.7954161462193612
356.5 0.47900913903660514
357.0 0.7854787244622188
357.5 1.3101316341812694
358.0 0.528714136373148
358.5 0.7816707937850649
359.0 0.7466283749719019
359.5 0.4128765945115644
360.0 0.8968502891993686
360.5 1.1457464838440399
361.0 0.7662897162324893
361.5 0.749592200563657
362.0 0.8858790985667298
362.5 0.8048409391048068
363.0 0.6076600870042745
363.5 0.9346517461693735
364.0 0.7899358942059262
364.5 0.7865417951285578
365.0 0.985327913817289
365.5 0.4771481981228075
366.0 1.2242130255258095
366.5 1.0061877654923634
367.0 0.5597477059557909
367.5 0.645886652935708
368.0 0.5951835264032319
368.5 0.46304670486309574
369.0 0.7691009047681909
369.5 0.8509311032946016
370.0 0.786999765213539
370.5 0.5044528542710403
371.0 0.4503960406666934
371.5 0.6667448709542709
372.0 0.8603340301618749
372.5 0.5711106852544923
373.0 0.7619453579648967
373.5 0.807287389160402
374.0 0.25530462735138976
374.5 1.0024238974871469
375.0 1.1752689331768527
375.5 0.6379795290135242
376.0 0.9186774428053317
376.5 0.9897125292287985
377.0 0.9498542531397636
377.5 0.7708108435662078
378.0 0.7831919957189799
378.5 0.7447400587045088
379.0 0.6058620213867734
379.5 0.6807645657578226
380.0 0.7809938609503186
380.5 1.1428042744148725
381.0 0.9780215429358017
381.5 0.6059667517783531
382.0 0.5477925922547005
382.5 0.6322271866144595
383.0 0.9247203309237781
383.5 1.5912165648978045
384.0 1.0294673564113868
384.5 0.7697141899889439
385.0 0.5322678946655518
385.5 0.8968626715737473
386.0 0.8695527450919289
386.5 0.9091498391640971
387.0 0.6154706326631592
387.5 1.1870560152558407
388.0 0.9382053026761372
388.5 1.1382297969112771
389.0 0.9531985225084982
389.5 0.7713889204395219
390.0 1.3446243097542996
390.5 0.5012616006870635
391.0 0.7784105452324817
391.5 0.8121102224937076
392.0 0.8756943402353345
392.5 1.1094539929337535
393.0 0.7789788976571368
393.5 0.7029550132251872
394.0 1.2586076553723777
394.5 1.2571481112141614
395.0 1.0829655441251562
395.5 0.49304805677214597
396.0 1.2496012175334625
396.5 0.9116737744007553
397.0 0.5659562179657696
397.5 0.8232748085098756
398.0 0.7241843887498658
398.5 0.7681371624105423
399.0 0.904518698124559
399.5 1.2472154949504357
400.0 0.7547753333768735
400.5 0.6748965606301799
401.0 0.5655594252512675
401.5 0.5836566883372929
402.0 1.4129602767309761
402.5 0.5734036082540697
403.0 0.9049905124915585
403.5 1.114433791651974
404.0 0.6474192812993884
404.5 1.2829098881793377
405.0 0.5565908667079295
405.5 0.8612291416793971
406.0 1.0325230948112778
406.5 1.3273402296802324
407.0 0.8432659012093515
407.5 0.610701161040228
408.0 1.1991441454833511
408.5 1.0978886755636965
409.0 0.7546654005703464
409.5 1.160258159938521
410.0 0.6465378693663502
410.5 1.2824558411975726
411.0 0.659364878865748
411.5 0.6158765144994519
412.0 0.9572137068128883
412.5 0.8479706889697023
413.0 1.2881718129319386
413.5 0.8792437404258622
414.0 0.9882539637336256
414.5 1.2478426255652146
415.0 0.6165645815673437
415.5 0.8388554947359799
416.0 0.8098761523790148
416.5 0.23870910089677905
417.0 0.5194590617604944
417.5 0.8163156800417455
418.0 0.7292534886220029
418.5 1.059571041996545
419.0 0.8714845662000942
419.5 1.1605428503600075
420.0 1.2701932089223475
420.5 1.0420330350323397
421.0 0.7229093366460877
421.5 1.0793136066720184
422.0 0.7465024485877793
422.5 1.1738907001982217
423.0 1.0449717750225738
423.5 0.527902020295298
424.0 0.7511819238225608
424.5 0.42673592739907257
425.0 0.74338808640391
425.5 0.9881380055222149
426.0 0.9903650195036402
426.5 0.6480480005248124
427.0 1.1164065655489277
427.5 0.9612193224830283
428.0 0.8120688818332569
428.5 0.8170149033408071
429.0 1.0238318272198652
429.5 0.58038724988784
430.0 1.154114593547846
430.5 1.1967610733274423
431.0 0.9351731523065929
431.5 1.2016670545740569
432.0 1.043571497506036
432.5 0.8955132546673017
433.0 0.9030973884483982
433.5 0.9323481624384269
434.0 0.8843855665996058
434.5 0.5665058630772235
435.0 0.9157273731660438
435.5 0.5577899567606275
436.0 0.7124905757130697
436.5 1.1060272886070468
437.0 1.1272320781663592
437.5 1.3052629700598775
438.0 0.7461833781118571
438.5 0.8281236582727511
439.0 0.7956786383508672
439.5 1.0945282549663877
440.0 0.5343999422814842
440.5 0.736675653762763
441.0 0.8111406279537825
441.5 0.7118958890921124
442.0 0.7504134845959187
442.5 0.7171840460036367
443.0 1.0365806712160104
443.5 1.1104864967548373
444.0 0.6456386150631512
444.5 0.7081281965751056
445.0 1.2482282210931575
445.5 1.0772675590429839
446.0 0.8372713233932894
446.5 1.1617535923103628
447.0 0.8746394604537722
447.5 0.46101972545045344
448.0 0.976024446561556
448.5 0.9691561374703379
449.0 0.8455628289347881
449.5 0.6558797572870817
450.0 0.7705810186822653
450.5 0.9107512265829758
451.0 0.6393912902065535
451.5 0.7019278375950238
452.0 0.7572199579167274
452.5 0.906039209723184
453.0 0.8820813848615936
453.5 0.5667042180294932
454.0 0.4519951889764003
454.5 1.1494197508148474
455.0 1.0212754147712835
455.5 1.015323729716181
456.0 0.9723583684024601
456.5 0.9835304941134106
457.0 1.1400622478917597
457.5 1.493599289462777
458.0 0.918639215944467
458.5 0.7845628751803433
459.0 0.8171995376380794
459.5 0.8581460615272594
460.0 0.5252695109767271
460.5 0.831574475085233
461.0 0.6164714191923972
461.5 0.7480112705905124
462.0 1.0933586730172993
462.5 1.1644252061870792
463.0 0.5176132439290955
463.5 0.7608245057248577
464.0 0.882669872303012
464.5 1.1698516558317633
465.0 0.7273457274596099
465.5 0.823448753755452
466.0 1.161999134369313
466.5 0.7723700956601149
467.0 0.8557142464722494
467.5 1.0802325514426172
468.0 0.6238101971394838
468.5 0.7907411767893453
469.0 1.0480131418523213
469.5 0.5769726874099546
470.0 0.7880691328001391
470.5 0.6693307992208187
471.0 0.7081030991979622
471.5 0.9787670395523482
472.0 0.6274241125139474
472.5 0.3988335959072852
473.0 1.1685844437939266
473.5 0.47380283341652984
474.0 0.7703760945268159
474.5 0.6614543986997088
475.0 0.9015109311229526
475.5 0.979230827985267
476.0 0.8083144444502295
476.5 0.9364702167507286
477.0 0.7494883598282029
477.5 1.0899819897635776
478.0 0.887149186613758
478.5 0.9334990282627753
479.0 0.8041799745565987
479.5 0.4621069313737873
480.0 0.7912113951280217
480.5 1.132104192892843
481.0 0.8035627149244922
481.5 0.9863978556020179
482.0 0.8996051060924461
482.5 1.149601223420108
483.0 0.7291409505246209
483.5 0.7669655399782004
484.0 1.2991198859586526
484.5 0.6089799246853518
485.0 1.0183635879789108
485.5 0.7287303660487737
486.0 0.76722141813547
486.5 0.7248821203394447
487.0 1.052334955246862
487.5 1.0020159047243824
488.0 0.8164175689918389
488.5 0.818490635073607
489.0 0.7163995398194312
489.5 0.7993958841988491
490.0 0.7688185725819705
490.5 0.7332769404790733
491.0 1.3139654830324787
491.5 0.6304881774880988
492.0 0.33748779902282394
492.5 0.6970240758650809
493.0 0.7426355236070633
493.5 0.7050996196155942
494.0 1.0523633254392066
494.5 1.090658298115235
495.0 0.69605317921492
495.5 0.9627418507337484
496.0 1.1213531147937186
496.5 0.7766257164233885
497.0 0.5746510370828739
497.5 0.7657866580754902
498.0 1.142139896290024
498.5 1.283278637358234
499.0 1.3153146526793553
499.5 0.634946425423127
500.0 1.1215097666467695
500.5 0.8882297129588359
501.0 0.5582943543926531
501.5 1.0531385603379588
502.0 1.0607933171869623
502.5 0.8858002185268541
503.0 0.7594871722519179
503.5 0.9025647177071074
504.0 0.788702894423265
504.5 0.7340289754953414
505.0 0.9283355824235267
505.5 0.6564619836977001
506.0 0.6387949970760971
506.5 0.8442619357208059
507.0 0.6892890571903769
507.5 0.785520186552609
508.0 0.9950671302571188
508.5 0.9914875145460791
509.0 0.8079956143715921
509.5 0.5981635309698587
510.0 0.7953816925151769
510.5 0.7411517248774706
511.0 1.2696359446168866
511.5 0.8969819726406993
512.0 0.6858423882375733
512.5 0.8198147514352738
513.0 0.8880968906994131
513.5 0.7895317675480461
514.0 0.8329476308171098
514.5 1.0852218318350182
515.0 0.9926712675671914
515.5 0.6429755875337404
516.0 0.9325821168569521
516.5 0.4646241699563739
517.0 0.8741991247547392
517.5 0.7283964620265352
518.0 0.7793188892873626
518.5 0.5679032171548356
519.0 0.8724133931373539
519.5 0.5554420326251177
520.0 0.5858092260195826
520.5 1.317537541679116
521.0 0.9633994944050861
521.5 0.5135480027275146
522.0 0.7458142509349206
522.5 0.7622055838302578
523.0 0.9396748998637532
523.5 0.8257649758429888
524.0 1.1655887153021618
524.5 0.44823364551508976
525.0 0.9166570544477901
525.5 0.7721758745753503
526.0 0.8113982237564556
526.5 0.7565323184318329
527.0 0.3903997700950131
527.5 1.0376254959735027
528.0 0.4571236027936987
528.5 0.7976436861856981
529.0 0.41178452170316115
529.5 0.9093530888220751
530.0 0.8602550180460096
530.5 0.43977517208132894
531.0 0.33661542486817203
531.5 0.8159327373612566
532.0 0.44858763046964145
532.5 0.6277482749762596
533.0 1.0560213176521522
533.5 0.6088879115765995
534.0 0.6300382267741029
534.5 0.8623043363699701
535.0 0.46288501298300294
535.5 0.6736760382686364
536.0 1.1334647224827523
536.5 0.6462844989010141
537.0 0.6597964210537459
537.5 1.021783830821625
538.0 1.321463620065828
538.5 0.8774779852331953
539.0 0.3662111987712558
539.5 0.7176386740188877
540.0 0.6352179051752256
540.5 0.956219025507479
541.0 0.9615621987024134
541.5 0.5745350802392389
542.0 0.7505842491136228
542.5 0.7522298551985134
543.0 0.9961319707290777
543.5 0.6910661186767189
544.0 0.7991208088928272
544.5 1.1286680932711606
545.0 0.5825143879004064
545.5 1.030654341296795
546.0 0.9319328745240096
546.5 0.9301779951851257
547.0 0.8258793673320743
547.5 0.8768483973082299
548.0 1.0924596182972794
548.5 1.231864306842367
549.0 0.5246070404241917
549.5 0.7207127573477279
550.0 1.2049363714518708
550.5 0.6585753668808627
551.0 1.3405222918368294
551.5 0.9369911917202816
552.0 1.133993689513834
552.5 1.0214353168996753
553.0 1.0806426735073853
553.5 0.8791996937448203
554.0 0.7186930315836721
554.5 1.4171640087594652
555.0 0.8616184692354445
555.5 0.8160669363982509
556.0 0.8836723405674398
556.5 1.2145351878745967
557.0 0.9993312021795142
557.5 0.6470441268528053
558.0 0.43655910243648444
558.5 0.6490764130644362
559.0 0.875795277647631
559.5 0.861809605423373
560.0 0.9804060485321664
560.5 0.8145605451879682
561.0 0.9630580340947089
561.5 0.8237760900297582
562.0 0.7718604796669735
562.5 0.8576842652272614
563.0 0.8555729341339009
563.5 0.8868237836722732
564.0 0.8109026408307749
564.5 1.070081726139416
565.0 1.3208856893020424
565.5 0.8587727751316714
566.0 0.8325124486788209
566.5 0.2
567.0 0.8161163297479936
567.5 0.6695577160015058
568.0 0.7251652830236075
568.5 0.28351367960104407
569.0 0.7208409362349012
569.5 0.9782741931400398
570.0 1.1062978587011576
570.5 0.6150247989084773
571.0 0.5899317956114118
571.5 0.8912805019367886
572.0 1.3736690497325224
572.5 0.7734724099209773
573.0 0.6930293181637136
573.5 0.5708179544249945
574.0 0.9373468060624495
574.5 0.8642921632641782
575.0 0.8182840687485307
575.5 0.563121006184611
576.0 0.8414757992334014
576.5 0.9125711970277317
577.0 0.9653949857089943
577.5 0.6393146129654814
578.0 0.6822562297544961
578.5 0.6911397529398302
579.0 0.5818322261716928
579.5 0.862352440845203
580.0 0.7878381760855657
580.5 1.390348679468619
581.0 0.7735274344726757
581.5 0.7726735300106653
582.0 1.31750155767706
582.5 0.8794147948554498
583.0 0.68792479017124
583.5 0.5066841816504641
584.0 0.8029586817226886
584.5 1.004002578025175
585.0 0.6607599989176198
585.5 0.7015206492132112
586.0 0.9008479350836387
586.5 0.9031507845082234
587.0 0.7241981675256473
587.5 1.0570134420390898
588.0 1.3542118447646365
588.5 0.7501717952579874
589.0 0.61807931320252
589.5 0.7610971125125197
590.0 0.9153471044209331
590.5 0.7598815526998834
591.0 0.8644673217740091
591.5 0.35415129570456844
592.0 0.7535515346766873
592.5 0.8676636986853943
593.0 1.0616717521346255
593.5 0.6400715993332051
594.0 0.7649893354356676
594.5 1.1019939866263466
595.0 0.6283723254252513
595.5 0.8696028669335256
596.0 0.9637597924838777
596.5 0.9091301122331432
597.0 0.6209123531298544
597.5 0.708953129251628
598.0 0.8520435149567334
598.5 1.0157831574885674
599.0 1.0364692180634698
599.5 0.7259786707932354
600.0 1.1511451701794684
600.5 0.9679871123623247
601.0 0.6261626538298906
601.5 0.7363425593600654
602.0 1.2559414297860452
602.5 0.8720214718630823
603.0 1.106261633132021
603.5 0.8658016970466325
604.0 0.6788234694298858
604.5 0.6941999652640269
605.0 1.0138438724205674
605.5 0.7804687267683583
606.0 0.6231029392368799
606.5 1.0112895609360941
607.0 0.6521459583480098
607.5 0.7464354672319282
608.0 0.642891654905432
608.5 0.7221467226775741
609.0 0.6135595558736804
609.5 0.9094251876526063
610.0 0.5448222879254854
610.5 0.9497299839750983
611.0 1.0536788677268647
611.5 1.1403877225534316
612.0 0.7666359870944393
612.5 0.6566802108027497
613.0 0.8794492487568487
613.5 0.8916626120645601
614.0 0.9140962270534654
614.5 1.0879680865172743
615.0 0.5220314237949519
615.5 0.5099504308559997
616.0 0.6489440576751111
616.5 0.6530213428883164
617.0 0.9815877866453064
617.5 1.1148740427907382
618.0 0.6262872973172948
618.5 1.1226418632491575
619.0 0.8335048826798481
619.5 0.8945390511629592
620.0 0.6955052594321554
620.5 0.8173728086247631
621.0 1.1071493782799535
621.5 0.9212954408547214
622.0 1.1066872728316008
622.5 0.6464143728374364
623.0 0.9372974278140813
623.5 0.7517429392885397
624.0 0.9866590543986682
624.5 0.7568904873587519
625.0 0.6322885948558441
625.5 0.7210061909052841
626.0 0.8392983090235573
626.5 1.314596631690527
627.0 0.9741858106490655
627.5 0.9158302152938426
628.0 0.8120751341022976
628.5 0.593227348022545
629.0 0.6336343083559883
629.5 0.5628421757157105
630.0 0.7852581206721088
630.5 1.2692207809458769
631.0 1.3608813312945427
631.5 0.7423600595608766
632.0 0.6203559028446799
632.5 0.9042511210108302
633.0 0.7934603002871836
633.5 0.8182237948411806
634.0 1.0638935869239348
634.5 0.77025199803403
635.0 0.6987066626877313
635.5 1.0380425920891394
636.0 1.2308451744635804
636.5 0.3556008695148899
637.0 0.5119303377078137
637.5 0.9323460060787474
638.0 0.42443615611670066
638.5 1.0006723709845677
639.0 1.0829589974923517
639.5 0.7336119499720974
640.0 0.4503432046341874
640.5 1.0648713440164388
641.0 0.6685684410456576
641.5 1.0012596328675822
642.0 1.0674388298281718
642.5 0.6111061424826136
643.0 0.8257196742940229
643.5 0.8627802458402056
644.0 0.6472379153244483
644.5 0.7850596841188697
645.0 0.6404060653955754
645.5 0.9533438140010724
646.0 0.44700915170430966
646.5 0.6563544976138966
647.0 0.7885229081849758
647.5 1.1171653490242888
648.0 0.6197991117665445
648.5 0.6573354150444624
649.0 0.7907596380372418
649.5 0.9199303094682709
650.0 1.1409971276940245
650.5 0.9695779383406853
651.0 0.7684520173960434
651.5 0.7065291480869362
652.0 1.0174200869233472
652.5 1.2569740640742653
653.0 0.8860007511986712
653.5 0.9059874678681097
654.0 0.8715047125362416
654.5 1.098112696669434
655.0 1.3417343739650034
655.5 0.8285645699199646
656.0 0.6563138346854948
656.5 0.9092354135888385
657.0 0.7753136533433038
657.5 0.8076942778319556
658.0 1.093548620761262
658.5 0.7852291683938184
659.0 1.09866754005496
659.5 0.8286746862525785
660.0 0.6603010538489107
660.5 0.7108835041041459
661.0 0.8860007728318541
661.5 1.128138583561136
662.0 0.6803871680884128
662.5 0.7288904558462794
663.0 0.9194088122643227
663.5 0.9138863027502899
664.0 0.9445289626718725
664.5 0.8429526163117329
665.0 0.7050908574711545
665.5 0.4434440424960499
666.0 0.6225607903218187
666.5 0.9833653530376678
667.0 0.7707401226928319
667.5 1.1420904394155664
668.0 0.9243205505044316
668.5 0.8875175713150243
669.0 0.7258320089907608
669.5 1.5504466725001287
670.0 0.775918267960541
670.5 1.240553861422906
671.0 0.9304182536833616
671.5 0.9442385069199772
672.0 0.8029897432907678
672.5 1.231680471537315
673.0 0.7620199256169056
673.5 0.5237234643137256
674.0 0.7285325414502148
674.5 0.6725564779671831
675.0 0.6896880164183801
675.5 0.7883576724494901
676.0 0.8825735729095903
676.5 1.0137193284995185
677.0 0.9346258191529642
677.5 0.5942579638711437
678.0 0.9279332964771092
678.5 1.0824921315816558
679.0 0.7822576233665981
679.5 0.6978224421776422
680.0 0.6018374830528603
680.5 0.6579857921229544
681.0 1.0392559056404784
681.5 0.8529517893518856
682.0 0.7220007587295911
682.5 1.2177566749031454
683.0 0.8872509691588619
683.5 0.5975504585379735
684.0 0.9754002149921372
684.5 0.617876660267473
685.0 1.1422568091408716
685.5 0.8153407523602885
686.0 1.2339289721597944
686.5 0.7014191932788387
687.0 0.6253620925476638
687.5 0.7720202671880836
688.0 0.6016484461238378
688.5 1.260561149072859
689.0 0.6643378639988666
689.5 0.9176330924867631
690.0 0.7726206514432981
690.5 1.039477244992927
691.0 0.8770772026056386
691.5 0.8021066634818204
692.0 0.677139060864852
692.5 0.7686650343019956
693.0 0.5354004018808192
693.5 1.0157991306078673
694.0 0.984610327392037
694.5 1.0217812241733175
695.0 0.782326979422449
695.5 0.7540080548604442
696.0 1.339975271924017
696.5 0.628775172720403
697.0 0.6725111551047291
697.5 0.9764878922564622
698.0 0.39002067670964297
698.5 0.7420257789899494
699.0 0.5115769302316737
699.5 1.0139787007504666
700.0 1.0013087185941112
700.5 0.9874069277527571
701.0 1.3053134080333992
701.5 0.9252709729770976
702.0 0.9940145469775614
702.5 0.9749652310961894
703.0 1.140540382892629
703.5 0.5040988886275937
704.0 0.8170514258678265
704.5 0.818546036126488
705.0 1.2751446956048438
705.5 0.8606411195387258
706.0 0.7167894512307127
706.5 1.1455724838766312
707.0 0.9055136870469973
707.5 0.630740359491231
708.0 0.622843932013027
708.5 0.6908995769462298
709.0 0.6878970764567389
709.5 1.330923138359088
710.0 0.7862914288628395
710.5 0.9919775656466119
711.0 0.3226646565575139
711.5 0.6376331093109304
712.0 0.9140052382524662
712.5 1.0296525434839061
713.0 0.6445568002190667
713.5 1.182673788790137
714.0 0.7587507652226835
714.5 0.9087018063480392
715.0 0.7040356830293777
715.5 0.6319840383117916
716.0 0.6551791954957155
716.5 1.0478274744498626
717.0 1.1061973571125268
717.5 1.0153899578240035
718.0 1.0219513812270704
718.5 1.0114787403297223
719.0 0.7805213260969255
719.5 0.791791957462936
720.0 0.9264790250005583
720.5 0.9259288196666879
721.0 0.7528159923424945
721.5 0.5139440065062333
722.0 1.0596016742560508
722.5 0.7908208001617296
723.0 0.81599698143818
723.5 0.8252353526681262
724.0 1.1592387076493527
724.5 0.7339700679562269
725.0 0.9243522663849411
725.5 0.7412814864401516
726.0 0.6514947662119345
726.5 0.657758858703711
727.0 1.0966122751670282
727.5 0.9668844876972724
728.0 1.037539107234539
728.5 0.9056555589740756
729.0 0.6933284700396263
729.5 0.9175759834815569
730.0 1.2565439682066684
730.5 0.833338886924111
731.0 1.2301415727529144
731.5 1.4215246282721716
732.0 0.7601873911469654
732.5 1.093669373782163
733.0 0.8160932453187306
733.5 0.771474352581998
734.0 0.6217769942643423
734.5 0.9055816175797291
735.0 1.1359497930400138
735.5 0.690987351865527
736.0 0.563959920701594
736.5 0.7575650955740154
737.0 0.6827461232815335
737.5 0.8251874710584284
738.0 0.3835296705214732
738.5 1.5317679579430246
739.0 1.5718453566249788
739.5 1.033096508307656
740.0 0.9161307752331225
740.5 1.0176661442742014
741.0 1.1212862422170944
741.5 0.45850212316649724
742.0 0.8834070523545081
742.5 0.6472346284687431
743.0 0.8254940454260423
743.5 1.0672428235425846
744.0 1.0100870119838656
744.5 0.9262323388685376
745.0 0.6412439188292759
745.5 1.3346460774071578
746.0 0.6397144794225673
746.5 0.9260413880517406
747.0 0.6331814453519212
747.5 0.7258209411265801
748.0 0.8661207238556302
748.5 0.916170647538554
749.0 0.7712024443988021
749.5 0.661297290037848
750.0 0.6737093854336529
750.5 0.9915711984111766
751.0 1.1291042383490097
751.5 0.5209030584236449
752.0 0.798880140080603
752.5 1.0965703825550328
753.0 0.9771799366380383
753.5 0.8340067098794972
754.0 1.4032185449023167
754.5 0.7124708899671305
755.0 0.796069728915832
755.5 0.6034227167558359
756.0 0.6083962764819733
756.5 0.7246193807476184
757.0 0.6632286189129772
757.5 0.5735334911042118
758.0 0.9592567842020567
758.5 0.6936744079655215
759.0 0.7617636376092343
759.5 0.7458835793924461
760.0 0.5647976916394439
760.5 0.5951207217665387
761.0 0.6954819498461287
761.5 1.140548858222635
762.0 0.7448675935608585
762.5 1.6449363257336087
763.0 0.7123017149328152
763.5 0.33917916895106603
764.0 0.9159094416646759
764.5 0.8374236279004266
765.0 0.8333064348125436
765.5 0.8709341313791172
766.0 0.741296586971701
766.5 0.8030503792332178
767.0 0.6772380015841086
767.5 0.8430153147242814
768.0 0.7512329106068228
768.5 0.4256621742540409
769.0 0.773606858674362
769.5 0.7772552628060576
770.0 0.7368360118314079
770.5 0.8187641562837662
771.0 1.0294610421096055
771.5 0.6728150858901107
772.0 0.5232950165985384
772.5 1.088368665246777
773.0 0.2
773.5 0.7542652344735423
774.0 0.8960198811697451
774.5 1.0933227695156098
775.0 1.0889789770025877
775.5 0.656357917708918
776.0 1.638405793692632
776.5 0.6612046375796703
777.0 0.47244132029041935
777.5 1.1809462197224592
778.0 0.7498358937874595
778.5 1.0427315018243009
779.0 0.7851337939834218
779.5 0.748654193230702
780.0 0.9452708295832561
780.5 0.4173943332579672
781.0 0.9109103649607684
781.5 0.5842943433910561
782.0 0.6217358874037899
782.5 1.0865204728158038
783.0 0.7189009463361531
783.5 0.9229008299356858
784.0 0.9391007636168125
784.5 1.2097413428646207
785.0 1.16027842316786
785.5 0.9007067287254265
786.0 0.8170360168728854
786.5 0.910254040424793
787.0 0.8567703055431299
787.5 0.9324072340494112
788.0 0.7461961690588917
788.5 0.8691946306583191
789.0 0.8831967474778507
789.5 0.47101348677272914
790.0 0.6835068071485734
790.5 0.8627831790908811
791.0 0.9805059014328994
791.5 0.8376983703991653
792.0 0.7347397991205875
792.5 0.7164959242565045
793.0 0.3530052879364897
793.5 0.7641875545304864
794.0 1.436133347470778
794.5 0.8423539862648364
795.0 1.0118921134940633
795.5 0.5853511787704251
796.0 0.6556715041592946
796.5 0.8078282722357477
797.0 1.058035883421351
797.5 0.7176259305869139
798.0 0.802214923325528
798.5 0.5857698369970326
799.0 0.731587462014009
799.5 0.7807600087013343
800.0 0.7603329684259859
800.5 1.0754321621956706
801.0 1.1136971755788232
801.5 0.6525283011639695
802.0 0.8148125187771136
802.5 0.8416980563818419
803.0 1.2914197018063853
803.5 0.8008006123436024
804.0 1.3836715740759085
804.5 0.7143520246088861
805.0 0.6306909846486133
805.5 1.0783149461796153
806.0 0.7218110240526825
806.5 0.8654020599370789
807.0 1.1611214326165544
807.5 0.6207952673058932
808.0 0.6408366405431543
808.5 0.8187880041530635
809.0 0.9942234899457822
809.5 1.023406026431004
810.0 0.7728096435898077
810.5 1.3474428194672605
811.0 1.0744426142723187
811.5 0.7961970626734662
812.0 0.7696338155756657
812.5 0.8986901148165058
813.0 0.8304585332514567
813.5 0.5796222603363029
814.0 0.9657327159130684
814.5 0.7383222217752291
815.0 0.8203286597574047
815.5 1.03847309367091
816.0 0.8104947817551644
816.5 0.7642528783838327
817.0 0.7267715650552099
817.5 0.7020753736304592
818.0 0.8947087548191923
818.5 0.7356083221861451
819.0 0.49447225659367283
819.5 1.0676363680946592
820.0 1.1926542638445021
820.5 0.9809547809252919
821.0 1.1177816616437195
821.5 0.709247322066614
822.0 0.6693514888390231
822.5 0.6177824758700015
823.0 1.0683693542303656
823.5 0.6300353976591387
824.0 0.6529622219925512
824.5 0.4811539157668443
825.0 0.9432370596682371
825.5 1.2138198161991909
826.0 0.9453612119911399
826.5 0.8763760469059423
827.0 0.7201236068103036
827.5 0.645187349342796
828.0 0.6908914218200133
828.5 0.9629091101769418
829.0 0.6370165354916248
829.5 0.6021252888225035
830.0 1.0895570017273466
830.5 0.8755225372201767
831.0 1.2849414811773379
831.5 0.6510961439657618
832.0 1.011239119460751
832.5 1.0741756401610907
833.0 1.0649002271436119
833.5 0.7661757915100451
834.0 0.8214636968286408
834.5 0.6581018858246258
835.0 1.0818346841079736
835.5 1.2326895120769683
836.0 0.7926822350201703
836.5 1.277217830483593
837.0 0.6366556561226417
837.5 0.506068029314169
838.0 0.8419636610358237
838.5 0.6556164539079152
839.0 0.7450900015122762
839.5 0.4409716269706546
840.0 0.6446371295262017
840.5 0.6612805869967049
841.0 0.896337760409615
841.5 0.8748277391904713
842.0 1.0234117679798758
842.5 0.5325718066425695
843.0 1.0241086591518878
843.5 0.7962430256904829
844.0 0.6359628991107524
844.5 0.7884750104664775
845.0 0.9065534981884555
845.5 0.36381730591071987
846.0 1.221406220142901
846.5 0.6287837147164943
847.0 0.6187175270190222
847.5 0.8057568626226368
848.0 0.4036166043855445
848.5 0.8570084926087609
849.0 0.920265712638833
849.5 1.0139802626172219
850.0 0.4817120669708344
850.5 0.9729907977112153
851.0 1.1893210024365548
851.5 0.955130706262405
852.0 0.7871011654257078
852.5 0.7880498654024297
853.0 0.9401098626333004
853.5 0.5962093914369255
854.0 1.0251387421866471
854.5 0.8933223387969038
855.0 1.2410500918622822
855.5 1.0587118832195337
856.0 0.5109527687266444
856.5 0.6118078389791606
857.0 0.9402624029692952
857.5 0.702005688651181
858.0 0.9134729035627072
858.5 0.777602524477353
859.0 0.852598786160708
859.5 0.6324522590669875
860.0 0.9358686772296374
860.5 1.0463568217793744
861.0 0.8368019502133883
861.5 0.718756758160394
862.0 0.8039094670484093
862.5 0.96683810650162
863.0 0.9507646246507944
863.5 1.1668520018338022
864.0 0.870896882473033
864.5 0.7996368599179562
865.0 0.6493486499216071
865.5 0.9970132538009078
866.0 1.1746053351300614
866.5 0.9772697879574042
867.0 0.9381683131986256
867.5 0.4564035622029677
868.0 0.9150731790677469
868.5 1.3254477580096355
869.0 0.37713419428523925
869.5 0.9241372240145567
870.0 0.5382089903495724
870.5 0.9481887969475384
871.0 0.9696367467253573
871.5 0.7095039716704264
872.0 0.8359299494059823
872.5 0.9835265369069364
873.0 0.4185143837595588
873.5 1.6105989373446026
874.0 1.0261576279749902
874.5 0.654474129981977
875.0 0.5255045906233564
875.5 0.6969373764557039
876.0 0.9059918792284387
876.5 0.6503598294908359
877.0 0.9794510769998728
877.5 0.5790866787994982
878.0 1.058954592308252
878.5 1.0065977492214861
879.0 1.017802851847023
879.5 0.9166681452480321
880.0 0.6412967328819064
880.5 0.8028482474469796
881.0 0.7397499323907157
881.5 0.5569053357449618
882.0 0.6445591849792653
882.5 1.006972436681298
883.0 1.1369089975042754
883.5 0.622677475687351
884.0 0.6533188265316692
884.5 1.09948039066821
885.0 0.6265847646156879
885.5 0.8490772675295284
886.0 0.6752607751691622
886.5 0.44547803762009747
887.0 0.9190379377359259
887.5 0.4393687503932182
888.0 0.9113875519461581
888.5 0.8689544249598871
889.0 0.8222526595251352
889.5 0.9326299155873206
890.0 0.7645480011019914
890.5 0.9654201794365325
891.0 0.6524828032403671
891.5 1.1772969503798147
892.0 1.055860072354325
892.5 0.7874946588789467
893.0 0.9728006876155568
893.5 1.0009174466225759
894.0 0.9677567793723372
894.5 0.7940564900834264
895.0 0.5254997340814904
895.5 0.7940254543521614
896.0 1.0228447558918483
896.5 0.8656731231122914
897.0 0.8777784261807742
897.5 0.7504718031417259
898.0 1.1531989125547646
898.5 0.6954805051833116
899.0 0.8722826169502351
899.5 1.0181488728839065
900.0 1.1500143163956995
900.5 0.783089061926485
901.0 0.9095943041470547
901.5 1.2525367052983685
902.0 0.9426386858495761
902.5 0.6000011807660766
903.0 1.0636903219149278
903.5 0.6403636559188854
904.0 0.7652016199118401
904.5 0.7899039835639853
905.0 1.1827688843979172
905.5 1.1658454043817335
906.0 0.6826042463630385
906.5 1.021304808511923
907.0 1.1708071732594805
907.5 0.9473519602513598
908.0 1.3057207352053934
908.5 1.0758335681261928
909.0 1.513834107845821
909.5 0.8034887979680634
910.0 0.9529517889665176
910.5 0.8152908955897018
911.0 0.7710743530184365
911.5 0.9004666858019936
912.0 0.6698785642440184
912.5 0.8686572503197594
913.0 0.6808057729955319
913.5 0.6919159655476621
914.0 0.7801546894977602
914.5 1.0475190203415539
915.0 0.7372999323496104
915.5 1.0960612431816639
916.0 0.4855118508780024
916.5 0.5414801542776223
917.0 0.43280389564390714
917.5 0.8959466844122834
918.0 1.0054927871510164
918.5 0.666748603142196
919.0 1.1503652071674761
919.5 1.0559722441444266
920.0 0.879453914270169
920.5 0.8152447516468662
921.0 0.44594251838562443
921.5 0.7140089236855424
922.0 0.522240711396649
922.5 1.2306930777362173
923.0 0.8547912243718759
923.5 0.613511030150395
924.0 0.9330173653402263
924.5 0.9798625222161701
925.0 0.7339487032863161
925.5 0.5373149720528382
926.0 1.1067342947064474
926.5 1.0296941056546078
927.0 1.5112184208455648
927.5 0.6639381143784178
928.0 1.2336171998679306
928.5 0.389018389024791
929.0 0.9640960989322451
929.5 0.8200031927907632
930.0 1.227406836192245
930.5 0.8437509077863319
931.0 0.9663155666244305
931.5 0.9022358471802663
932.0 0.9009660287627419
932.5 0.5385048272939676
933.0 0.9770716397715813
933.5 0.5264415266694926
934.0 0.9478221648011897
934.5 0.6821589427530228
935.0 0.8192717620425238
935.5 0.6179535611937672
936.0 1.0024640691576603
936.5 0.9058114134914855
937.0 0.6482767893447671
937.5 0.49066329957673377
938.0 0.6889468413742363
938.5 1.0672409036885684
939.0 0.5751532648057677
939.5 1.149645030341523
940.0 0.5486405801990336
940.5 1.1493397904810982
941.0 0.5859134362883018
941.5 0.775053856606549
942.0 0.9138919788453712
942.5 0.6225742741325246
943.0 1.2040169777972403
943.5 0.8976884267745033
944.0 0.577394922038643
944.5 0.8459694795869874
945.0 0.7935828034580483
945.5 0.7505753900475316
946.0 0.6029012753414644
946.5 0.8624321091380758
947.0 0.7377862806816444
947.5 0.7752368767370477
948.0 0.842630729881314
948.5 1.2536059321116284
949.0 0.9618846108420398
949.5 0.9397898090668877
950.0 0.5871166846927507
950.5 0.9504595260810276
951.0 0.7443313358943509
951.5 0.8502678823412806
952.0 0.8555355787578539
952.5 0.820564071237565
953.0 0.6684926910998601
953.5 0.7100533371961216
954.0 0.778170259470599
954.5 0.797751084189148
955.0 0.6621579593533125
955.5 0.6135379506636602
956.0 0.4583573632287978
956.5 0.7166592126444216
957.0 1.0973195460497707
957.5 0.66479712017276
958.0 1.1973693313938898
958.5 0.2723310376859586
959.0 0.6903333309970174
959.5 0.9093545919580994
960.0 0.6785024132636561
960.5 1.3148400518985761
961.0 1.210337864493276
961.5 0.6348831141535487
962.0 0.8884869229385014
962.5 0.9297816156223466
963.0 0.7643620615919571
963.5 1.1601362819064525
964.0 1.2864482680343101
964.5 0.9483334438255775
965.0 0.2588414808233878
965.5 1.1471078017752956
966.0 0.715642818130819
966.5 0.8289426591141671
967.0 0.7132680363257634
967.5 0.7277486363744653
968.0 1.0421114009725994
968.5 0.9008775545627086
969.0 0.9353225946787438
969.5 1.1932003936689863
970.0 1.0600386509869448
970.5 0.9167856944759476
971.0 0.9467182637530396
971.5 1.011537799377009
972.0 0.9900746366634949
972.5 0.9102873407368726
973.0 1.016648865128622
973.5 0.6011786643244217
974.0 0.8101207882870598
974.5 0.9680139109648345
975.0 0.5200582592424718
975.5 0.8758817687927398
976.0 0.638031410528731
976.5 0.9652450350700923
977.0 0.5534457038767218
977.5 0.8870165061556932
978.0 0.8075126988093595
978.5 1.0154205357152788
979.0 0.9616760216407343
979.5 0.8703942701420653
980.0 0.7580157128191665
980.5 0.6668251558349783
981.0 1.2048314458514906
981.5 1.2551425354332493
982.0 0.9768898336833827
982.5 1.1446085864278046
983.0 0.9796008795367099
983.5 0.9953237661724743
984.0 1.1824317531337531
984.5 1.2682631006764424
985.0 1.0910465781698695
985.5 0.8658219482989198
986.0 1.1364458618918856
986.5 0.9312678472283205
987.0 0.7517512739041619
987.5 0.9245757812607172
988.0 0.6788965291525726
988.5 0.6878589775137323
989.0 0.878249007678372
989.5 0.9718693413882749
990.0 1.292858749607559
990.5 0.986000172009454
991.0 1.062310106414067
991.5 0.7074198173627517
992.0 0.8715166785657047
992.5 0.6253922837935832
993.0 1.6653174357054479
993.5 0.9995697025733055
994.0 1.0202672286808532
994.5 0.43307795003556665
995.0 0.7277176253200311
995.5 0.6983452803332464
996.0 0.9217957872445979
996.5 0.8999559130215011
997.0 0.7997709113298268
997.5 0.5199116816335481
998.0 0.614427561494646
998.5 0.7563469902362157
999.0 1.0975755183837037
999.5 1.0243086143918734
1000.0 1.0591737174645226
1000.5 0.6677871418849715
1001.0 0.8622766941302586
1001.5 0.9234818521352843
1002.0 0.7450015603627074
1002.5 0.648894413115459
1003.0 0.502438381066072
1003.5 0.8093408821691797
1004.0 0.9445906615261932
1004.5 0.5171495078712771
1005.0 1.2799660170968081
1005.5 0.7379232383302143
1006.0 0.8724215033164351
1006.5 1.0542499404514345
1007.0 0.9047098310987707
1007.5 0.8361013761304878
1008.0 0.6634984424671275
1008.5 1.1044150068563696
1009.0 0.6405329766148664
1009.5 0.9885015489720617
1010.0 0.9972379543554222
1010.5 0.6871039628929916
1011.0 0.862057048543019
1011.5 1.5025764915260136
1012.0 0.5938663663405285
1012.5 0.8108080361717593
1013.0 0.7292507362460294
1013.5 1.1626385737605072
1014.0 0.8441728469426346
1014.5 0.7421330119789371
1015.0 0.9469887235861405
1015.5 0.5227971448696591
1016.0 1.2692204659354205
1016.5 0.5931364410024336
1017.0 0.7595754766532146
1017.5 0.6505348042991492
1018.0 0.6072821446390024
1018.5 0.599940722317994
1019.0 0.5127360755470551
1019.5 1.0127523624298165
1020.0 1.0154479698067682
1020.5 0.5728814019616603
1021.0 0.9092368075545214
1021.5 0.6872919078258426
1022.0 1.2559696253401942
1022.5 1.22658336826954
1023.0 0.9392060373126296
1023.5 1.2982373784113803
1024.0 0.4744663633524947
1024.5 1.5954376529703307
1025.0 1.1016653040145825
1025.5 1.1948936144080655
1026.0 0.8543658286471161
1026.5 0.6945961737548627
1027.0 0.916163263307256
1027.5 0.8572611617030066
1028.0 0.7027054319511659
1028.5 0.8378069233450796
1029.0 0.9590972805413343
1029.5 0.6287346456055642
1030.0 0.9233924661158723
1030.5 0.637267088289718
1031.0 0.7720650905897568
1031.5 1.3011397692201292
1032.0 1.0154045063356703
1032.5 0.5034236216754853
1033.0 0.9091397620260556
1033.5 1.1531240330537678
1034.0 0.72616411187531
1034.5 0.7842083052321562
1035.0 0.4539534548990247
1035.5 0.6799816005429398
1036.0 0.8376269134000375
1036.5 0.7811112330666519
1037.0 0.7845211665939162
1037.5 1.114814425774917
1038.0 1.0185516461806798
1038.5 0.807533356180532
1039.0 0.8834053697310631
1039.5 0.6614821095215953
1040.0 0.9331301902480884
1040.5 1.355577448811407
1041.0 0.8637635121271372
1041.5 0.8535033002927102
1042.0 0.960375549669237
1042.5 0.638838457816816
1043.0 0.7878291170239382
1043.5 0.7327920556266145
1044.0 0.8089955151640293
1044.5 0.818519353387799
1045.0 0.6646104371494933
1045.5 0.49497665064728424
1046.0 0.7831549509338742
1046.5 1.028347369057329
1047.0 1.3940481412212395
1047.5 1.222002417759787
1048.0 1.1706436168765306
1048.5 0.5097525703766685
1049.0 0.8663943505284692
1049.5 0.5921083215745759
1050.0 0.7548833711623721
1050.5 0.6212943107059172
1051.0 0.5752393028926557
1051.5 1.0644262580661874
1052.0 0.6790291753598837
1052.5 1.1223664438177168
1053.0 1.0461977607731472
1053.5 0.7950891605367043
1054.0 0.962407405763759
1054.5 0.61085546432098
1055.0 0.7861630011927419
1055.5 0.8467798229723283
1056.0 1.256588724279652
1056.5 0.6408556594350849
1057.0 0.8023737729829696
1057.5 0.7225351433656617
1058.0 0.8912876614291607
1058.5 0.6023737780276477
1059.0 0.9362368384589055
1059.5 1.0953379517682333
1060.0 0.6881733294971797
1060.5 1.2958181247045164
1061.0 0.7952062914202047
1061.5 0.4502798946364613
1062.0 1.0655067366361166
1062.5 1.0978561340373862
1063.0 1.10237779893916
1063.5 0.6674158963388331
1064.0 1.1404716016143
1064.5 0.9054778915784747
1065.0 0.8880262135317005
1065.5 0.8311363890416039
1066.0 0.8079134104208554
1066.5 0.6693865590041777
1067.0 0.6721789116637049
1067.5 0.7681723250353716
1068.0 0.9499380757304281
1068.5 0.689045323175909
1069.0 0.9367903684345997
1069.5 1.3669023951764634
1070.0 1.1012428677051551
1070.5 0.6168648997118353
1071.0 0.8397613047165748
1071.5 0.808360994626229
1072.0 0.7484190609963064
1072.5 1.0505390172036801
1073.0 0.8408390708386284
1073.5 0.7224809613231756
1074.0 0.7190778135982466
1074.5 1.0263165141712172
1075.0 1.1893908754665838
1075.5 0.7718336546049167
1076.0 0.9882293243197859
1076.5 1.0943761972519406
1077.0 0.9194053916010281
1077.5 1.031762473304227
1078.0 0.6424471736652946
1078.5 1.1872489066969811
1079.0 0.5209469319357176
1079.5 1.4882742032877818
1080.0 1.3204871574539763
1080.5 0.7137092081301417
1081.0 0.4185453641854373
1081.5 1.0359306355851285
1082.0 0.32486391121993746
1082.5 1.0112895574762117
1083.0 0.5747168643068086
1083.5 0.8089024595162528
1084.0 0.9303338011053404
1084.5 0.731335252113358
1085.0 1.0310635674573863
1085.5 0.9626219947171692
1086.0 1.1127704821563753
1086.5 0.9134517941785281
1087.0 0.7050061445367231
1087.5 0.775004937644691
1088.0 0.8262973676658693
1088.5 0.5293735851241836
1089.0 1.129639191833056
1089.5 0.5068340783314549
1090.0 0.7238682283598379
1090.5 0.7436196238084292
1091.0 0.7067496578271655
1091.5 0.905838202187762
1092.0 1.471151577785406
1092.5 1.1453916264339945
1093.0 1.1045512745092476
1093.5 0.7863076332882186
1094.0 0.9525453833536682
1094.5 0.6855003989574024
1095.0 1.2388071002965297
1095.5 0.7836115753507915
1096.0 0.9238595054332459
1096.5 0.7834213159333692
1097.0 0.8896537858429832
1097.5 0.664137820209733
1098.0 0.8748696564704026
1098.5 0.935021937905389
1099.0 0.6613408813094808
1099.5 0.5024376787115549
1100.0 1.1006483606410957
1100.5 0.8181563533972755
1101.0 0.6370303635156792
1101.5 1.2233794176336232
1102.0 0.9737139663060712
1102.5 0.7858425903167408
1103.0 0.6408326343319513
1103.5 0.676942033296993
1104.0 0.7214401119555917
1104.5 0.6489918067832231
1105.0 0.8622264243381508
1105.5 0.6230245103914889
1106.0 0.6442129611446643
1106.5 0.7804723293659739
1107.0 0.9147818502646711
1107.5 0.9277521605409584
1108.0 0.8351072294344952
1108.5 0.7502534676378738
1109.0 0.8264459623942655
1109.5 0.8789515981176833
1110.0 1.3052883653982403
1110.5 1.3010195460637415
1111.0 0.7872256845290763
1111.5 0.7166378273614726
1112.0 0.9883639131006665
1112.5 0.5999294482504955
1113.0 0.6680919474526261
1113.5 0.5841584099074255
1114.0 0.808516222831747
1114.5 0.808810073441331
1115.0 0.8103425036319281
1115.5 0.5509630665083166
1116.0 0.622681099993402
1116.5 1.1351536001251892
1117.0 0.8404334645459752
1117.5 0.5548219908456715
1118.0 0.8922240903954268
1118.5 0.9521548819518135
1119.0 0.872376084638897
1119.5 0.601622643132117
1120.0 0.8856942952982501
1120.5 0.8219301929010812
1121.0 1.0836269953298125
1121.5 1.0883427865862165
1122.0 0.8753267596787369
1122.5 1.155945701102465
1123.0 1.083591835726318
1123.5 0.6116713568340515
1124.0 0.5652418560458738
1124.5 0.46861828462649974
1125.0 0.804737748922935
1125.5 0.8777643249573719
1126.0 0.6099071220141903
1126.5 0.8278940767571044
1127.0 0.9444876317792577
1127.5 0.7395539095848231
1128.0 0.7445948499065578
1128.5 0.846093889707773
1129.0 1.1608162098141501
1129.5 0.8428494443341842
1130.0 0.8109539271802482
1130.5 0.8175178859524465
1131.0 1.0334387607553672
1131.5 0.44724590469566705
1132.0 0.9813357863571948
1132.5 0.7910546474009488
1133.0 1.3287467604339582
1133.5 0.9764808782246579
1134.0 0.6995309314855851
1134.5 0.6806275519278767
1135.0 0.7779099378891823
1135.5 0.6774180345661267
1136.0 0.9362270260226693
1136.5 0.7582661269270627
1137.0 0.8439391764369364
1137.5 0.521042320777885
1138.0 0.8386832488126941
1138.5 0.9049318889041043
1139.0 0.7217482758426299
1139.5 0.5374129796293418
1140.0 0.5105388940934521
1140.5 0.9469696884135343
1141.0 1.2443521465566705
1141.5 0.8448096417809243
1142.0 0.6771817920309864
1142.5 0.6298570084940236
1143.0 0.6057353040062645
1143.5 0.816791452295424
1144.0 0.6558154451467031
1144.5 0.9999884014609817
1145.0 0.9876664503888748
1145.5 0.7839236823125055
1146.0 0.694595148230895
1146.5 1.079990069329842
1147.0 1.0814369571785463
1147.5 0.9934260729447766
1148.0 1.5646892042398366
1148.5 0.6671250330295133
1149.0 0.7509666350563516
1149.5 0.9035755562018004
1150.0 0.9767049488968782
1150.5 0.6862951000803075
1151.0 0.7594369214346492
1151.5 1.0365034206329622
1152.0 0.9647772001440913
1152.5 0.9619434543879812
1153.0 0.885974395236909
1153.5 0.8748991093406595
1154.0 0.49068522295796707
1154.5 1.3970610828598231
1155.0 0.7740066241131034
1155.5 0.6647696918722792
1156.0 0.9061646085004691
1156.5 0.6005671566192645
1157.0 0.682740567035148
1157.5 0.9720929211860998
1158.0 0.9679267813418226
1158.5 0.7546569654858996
1159.0 0.7498685561954683
1159.5 0.682135479306222
1160.0 0.5638561216042884
1160.5 0.6227340069637544
1161.0 0.6117177299193148
1161.5 1.236132826144659
1162.0 0.6705309965591786
1162.5 1.172282520655776
1163.0 1.0185803373463618
1163.5 0.739335714886251
1164.0 0.7499688428881826
1164.5 0.749505910005207
1165.0 0.8490344653878514
1165.5 1.1901299951512285
1166.0 0.8962473241391766
1166.5 1.135563768498742
1167.0 0.7275961703843243
1167.5 0.8562206279361695
1168.0 0.8045803812160559
1168.5 0.8755310508623408
1169.0 0.7846047801906648
1169.5 0.9044532338490783
1170.0 0.7277686454299017
1170.5 0.9549575060286766
1171.0 0.7311144420356099
1171.5 0.9625502750871144
1172.0 0.7676194538867456
1172.5 1.5780944649173094
1173.0 0.7540817036997836
1173.5 0.6278381603036571
1174.0 0.8418686332690959
1174.5 0.6166402300793894
1175.0 1.191149297435484
1175.5 1.2522230330012438
1176.0 0.8404246655961707
1176.5 0.39678281838278856
1177.0 0.9272676833480795
1177.5 0.852865477772883
1178.0 1.0850684393272285
1178.5 0.9997493776856576
1179.0 0.9098946472513869
1179.5 0.808764909299748
1180.0 0.4635608251078907
1180.5 0.639666107708128
1181.0 0.769046479421051
1181.5 0.5116826856377987
1182.0 0.5803920587849505
1182.5 0.8067893715790657
1183.0 0.6616637546818729
1183.5 1.081178109736864
1184.0 1.3750167888742317
1184.5 1.038182112620794
1185.0 1.2914734359999922
1185.5 0.7306721901191271
1186.0 0.46426604777799657
1186.5 0.8210139079789058
1187.0 0.5970888857384211
1187.5 0.954350365883968
1188.0 1.0666973944982592
1188.5 0.706663980500791
1189.0 0.665202550591012
1189.5 0.8229914343246443
1190.0 0.9216353509455173
1190.5 1.2065165194060303
1191.0 0.8747676308784462
1191.5 0.81274407576834
1192.0 0.8926303441179395
1192.5 0.9930089677651073
1193.0 1.073816046323873
1193.5 0.9662826801086917
1194.0 0.6167732919486858
1194.5 0.7317065701914149
1195.0 0.7549503555579857
1195.5 0.744389551510761
1196.0 0.8982923455897636
1196.5 1.0363839038743352
1197.0 1.362923603256511
1197.5 1.300904112356892
1198.0 0.6789073182310439
1198.5 0.7575148579878013
1199.0 0.8650907435548605
1199.5 0.703168033337007
1200.0 0.6626709834614235
1200.5 0.7971875631742653
1201.0 1.0038415818501862
1201.5 0.8810234816177045
1202.0 0.5747255283101217
1202.5 0.7348515503608403
1203.0 0.8640798700206509
1203.5 0.6878334516819444
1204.0 0.5438087174353684
1204.5 0.8649778458982653
1205.0 0.8433932860117984
1205.5 0.9241831724835803
1206.0 0.9139176008321417
1206.5 0.8866564910464518
1207.0 0.9836818011840691
1207.5 0.8706870118588024
1208.0 1.207634587855618
1208.5 0.6560925405348634
1209.0 0.7356656118445337
1209.5 0.7057456719654294
1210.0 0.5600972822664145
1210.5 1.32317069868966
1211.0 0.9235168541832992
1211.5 0.8702380637645033
1212.0 0.6543551027301646
1212.5 1.0161020575751056
1213.0 0.8510620265001747
1213.5 0.9163240740628091
1214.0 0.4218873140875313
1214.5 0.4491090057446673
1215.0 0.7999123822471657
1215.5 1.1142595444845804
1216.0 0.6621196942451727
1216.5 1.4238982542791316
1217.0 1.2253007138704537
1217.5 0.6450720113016963
1218.0 0.6386051879420467
1218.5 0.6735683759405966
1219.0 1.3989617229487312
1219.5 0.6544127749900424
1220.0 1.0942492288119638
1220.5 0.7499403588532256
1221.0 1.1529613383610005
1221.5 0.9978380938196558
1222.0 0.6378599459406189
1222.5 0.468684539529898
1223.0 0.6629640311226519
1223.5 0.77525808577474
1224.0 1.0971108474123457
1224.5 0.5962198267936442
1225.0 0.566259341918536
1225.5 1.0566079521208125
1226.0 0.6507714540142463
1226.5 0.6833188951437252
1227.0 0.6806464860818608
1227.5 0.7038719992561864
1228.0 1.1363069844254798
1228.5 0.7180927073710968
1229.0 0.8767115913835404
1229.5 0.8351470235160638
1230.0 0.8548949383649567
1230.5 0.6454171748886203
1231.0 0.7069684495420763
1231.5 0.9212356041409258
1232.0 0.7819592013771752
1232.5 0.6090513176096957
1233.0 0.661063960313332
1233.5 0.7612626412853727
1234.0 0.878356330898008
1234.5 0.8793976668913106
1235.0 1.087485040534542
1235.5 0.9426124531207833
1236.0 0.9306468031953192
1236.5 0.734258816877086
1237.0 0.7136448517713854
1237.5 0.7163990624693544
1238.0 0.9455918025523842
1238.5 0.8624489992914637
1239.0 0.5319040932248869
1239.5 0.8635443149302819
1240.0 1.1213373640750757
1240.5 0.8440446592975617
1241.0 0.7650947287460854
1241.5 0.6976706582968003
1242.0 0.45118358954745486
1242.5 0.7667450378465033
1243.0 0.6507513687166917
1243.5 0.5619131816842664
1244.0 0.7939999683269419
1244.5 0.7356156979421804
1245.0 1.219770553353377
1245.5 0.6822382416240402
1246.0 0.8174830490179992
1246.5 1.1815899443953415
1247.0 1.1719281866833386
1247.5 0.7819937889878048
1248.0 1.0725371335895857
1248.5 1.1653621163354064
1249.0 0.8541689418670767
1249.5 0.9636386321307683
1250.0 1.0238556917700947
1250.5 0.7554107402857387
1251.0 0.6715298208897098
1251.5 0.726132280135398
1252.0 1.5342120712993756
1252.5 1.3095820882354234
1253.0 0.8715131196570763
1253.5 0.5808157508890666
1254.0 1.0110373305070868
1254.5 1.1081132885558456
1255.0 0.8519609893224582
1255.5 1.3946593229502624
1256.0 0.785403875021657
1256.5 1.100164115786086
1257.0 0.6441562954451644
1257.5 0.6581635793201424
1258.0 1.0285505791739784
1258.5 0.7139331415623031
1259.0 0.676358391109215
1259.5 0.6855926114709276
1260.0 1.042984543801798
1260.5 0.9378612470425434
1261.0 0.6845267856401609
1261.5 0.6813043044768385
1262.0 0.5235538817590133
1262.5 1.1938982774120912
1263.0 0.8760592117591188
1263.5 0.75800577456936
1264.0 0.9485916000715233
1264.5 0.7020132508913512
1265.0 0.8567349945437859
1265.5 0.6389605439026038
1266.0 0.8370219823752667
1266.5 0.7965936044951782
1267.0 1.0426257825814933
1267.5 0.882737384336983
1268.0 1.005067150276568
1268.5 1.2416074854292187
1269.0 0.5325180002231222
1269.5 0.9552061793244828
1270.0 0.49952948909982514
1270.5 0.6981496957585406
1271.0 0.48500050476699474
1271.5 1.0363122519899963
1272.0 0.7075839767729134
1272.5 0.5969262447555581
1273.0 1.2881926956694776
1273.5 1.2324666634011354
1274.0 0.5431706644623486
1274.5 1.0356703807506047
1275.0 0.7451728958035082
1275.5 0.7949200952119575
1276.0 0.7373820492461773
1276.5 0.6802170950211153
1277.0 0.37823121534972254
1277.5 0.758528001605334
1278.0 0.735514420841876
1278.5 0.592906811692278
1279.0 0.7839385635077973
1279.5 0.9105363285934982
1280.0 1.0022505139761781
1280.5 0.5529301129369
1281.0 0.47478683907350205
1281.5 0.7069355060119611
1282.0 0.430256336476904
1282.5 0.753600762289514
1283.0 0.7295440428524778
1283.5 1.3980262420012548
1284.0 0.7768298909538067
1284.5 1.1241684471337916
1285.0 0.6477327742223233
1285.5 0.6739892571958974
1286.0 0.8349733475414131
1286.5 1.0661252967940513
1287.0 1.1351469989382468
1287.5 0.9669327902007978
1288.0 0.6103521235740971
1288.5 0.6856630033623058
1289.0 0.7347962610056555
1289.5 0.7556158824692427
1290.0 0.5693005068241185
1290.5 1.174147454700122
1291.0 0.8951686910295045
1291.5 0.5289692388424135
1292.0 0.4390950305394807
1292.5 0.932477485710494
1293.0 0.7922426466800165
1293.5 0.4197759914656363
1294.0 0.7308911895637444
1294.5 0.9766560354874958
1295.0 0.6212777692735161
1295.5 1.0451792098071127
1296.0 0.9409939408930517
1296.5 0.8673031895176392
1297.0 0.7805091867565557
1297.5 0.8005046106966434
1298.0 0.5599607872711858
1298.5 0.7024862716031548
1299.0 0.9605073499680244
1299.5 0.9816169588906689
1300.0 0.743674028099407
1300.5 0.529716280681991
1301.0 0.648671190900244
1301.5 0.8434756667286953
1302.0 0.6610165923540204
1302.5 0.8519655429361253
1303.0 1.0021892757346829
1303.5 1.0658549143172273
1304.0 0.735653295562768
1304.5 0.825342674656
1305.0 1.3597811722589068
1305.5 0.8899702241774674
1306.0 0.882800872037462
1306.5 0.7127076180486671
1307.0 0.8188706783770208
1307.5 0.7947404270221827
1308.0 0.833131612939346
1308.5 0.8724102936001845
1309.0 0.8769158125049858
1309.5 0.9761070607079632
1310.0 0.833262733742552
1310.5 0.5645290987148293
1311.0 1.076643077235996
1311.5 0.9341350099747113
1312.0 0.8432638610082337
1312.5 0.7879137373757185
1313.0 0.9871185966049321
1313.5 0.7561820429699277
1314.0 0.8895219153113527
1314.5 0.623369427863304
1315.0 0.7677116297374802
1315.5 0.590756459233712
1316.0 0.6484133080671023
1316.5 0.7110354433518258
1317.0 0.9388897570618941
1317.5 0.7516322537180093
1318.0 0.6982709980877304
1318.5 1.0560388724556455
1319.0 0.7679285022954565
1319.5 0.7947423759832
1320.0 0.7730733283337319
1320.5 1.04648600710741
1321.0 1.0018908599278626
1321.5 0.7206657098472056
1322.0 0.7864650668189199
1322.5 0.8483452485254954
1323.0 0.6956546402738379
1323.5 1.210794068700213
1324.0 0.7042040348582503
1324.5 0.9281781337830335
1325.0 0.7343445842253371
1325.5 0.8626804130473407
1326.0 0.6594438698459927
1326.5 1.0347192658656912
1327.0 0.8571715741839534
1327.5 1.2081650413577794
1328.0 0.9375530238916419
1328.5 0.6923244824378028
1329.0 0.7188166656716006
1329.5 0.8453739341378159
1330.0 0.5501617520329434
1330.5 1.2641205050343922
1331.0 0.9288257849989012
1331.5 0.6403823551704155
1332.0 0.8727146758470132
1332.5 1.2030618658589425
1333.0 1.3673511258441922
1333.5 0.7993238096529522
1334.0 0.9901196248841257
1334.5 1.0964293185564484
1335.0 0.7176461290241221
1335.5 0.43147663274098974
1336.0 0.7856144143865351
1336.5 0.7799674013440863
1337.0 1.0491342011301725
1337.5 0.6393915985460941
1338.0 0.5376994382282034
1338.5 0.6496741070780288
1339.0 0.902840207334098
1339.5 0.8721253168892045
1340.0 0.9761557813631541
1340.5 0.8196756761440629
1341.0 0.3953110189116706
1341.5 0.9110018956843202
1342.0 0.8096477962721873
1342.5 1.564477432234406
1343.0 1.1781294357093983
1343.5 1.057536286276095
1344.0 1.539077597039841
1344.5 0.5990455686857123
1345.0 0.8848033234430333
1345.5 1.0723163623928298
1346.0 0.8982464061852797
1346.5 0.8953918818240905
1347.0 0.7317188514138024
1347.5 1.0251916054817558
1348.0 0.466760053376484
1348.5 0.4985327649198282
1349.0 0.6479050547551395
1349.5 0.6833028484198089
1350.0 1.3204369924649273
1350.5 1.17471307613776
1351.0 0.7639773923623698
1351.5 0.9669633001120972
1352.0 0.8211775850424896
1352.5 1.1703439229900992
1353.0 0.8918221054912634
1353.5 0.8671967730794006
1354.0 0.730525488999457
1354.5 0.9624291830562262
1355.0 1.0053986868489806
1355.5 1.2309386249547118
1356.0 0.9385094024007707
1356.5 0.5107713492097479
1357.0 0.6962356502382756
1357.5 0.718848314828521
1358.0 0.8856934260055664
1358.5 0.9932757485801524
1359.0 0.7974686334160119
1359.5 0.6500187151504841
1360.0 1.0892780370434945
1360.5 0.2
1361.0 0.7810220604314677
1361.5 0.8199295541851459
1362.0 1.1360475395893197
1362.5 0.6700663426239823
1363.0 0.7887331636923485
1363.5 0.8105439094048257
1364.0 0.5798592901888195
1364.5 0.6854223228648135
1365.0 0.9119985698740396
1365.5 0.9518876744724445
1366.0 1.1193678555975752
1366.5 0.9125579136657507
1367.0 0.6357456097493852
1367.5 0.9528271450547459
1368.0 0.9180977768707814
1368.5 1.160843108273744
1369.0 0.7260441638286628
1369.5 0.7059309760041512
1370.0 0.9242154249068166
1370.5 0.7987536897210024
1371.0 0.8793825467927672
1371.5 1.0183805239346162
1372.0 0.8473956208570543
1372.5 0.7123104493190278
1373.0 0.7047886973659332
1373.5 0.757763527026976
1374.0 0.3411728592496385
1374.5 0.4945687643148981
1375.0 0.7814598914818156
1375.5 0.5193457333755703
1376.0 0.8005699844236698
1376.5 0.6199309595584093
1377.0 1.3341760803868978
1377.5 0.9116387480725139
1378.0 0.4448523758322997
1378.5 0.7051920792079621
1379.0 0.9868011430828172
1379.5 1.0806476492152668
1380.0 0.5286901889704443
1380.5 0.9376873684157012
1381.0 1.0304290876560664
1381.5 0.9341912039776246
1382.0 0.7067900581952582
1382.5 0.7758965156510405
1383.0 0.6559256408179777
1383.5 0.7735282296665227
1384.0 1.0665815459890515
1384.5 0.8572168782199923
1385.0 0.8030638515775976
1385.5 0.650891328636342
1386.0 1.113232106531458
1386.5 0.6369783122771114
1387.0 0.8644649666273605
1387.5 0.7953400988733126
1388.0 0.8316386295234632
1388.5 0.887064345485528
1389.0 0.6407209305500541
1389.5 1.1270254126131654
1390.0 0.6484045939765934
1390.5 0.6763099853334578
1391.0 0.762440190154102
1391.5 0.3250639066809506
1392.0 1.0622284156130997
1392.5 0.45197360339479103
1393.0 0.8618328334909722
1393.5 1.1716931647908575
1394.0 1.158064201745719
1394.5 0.8522936738237794
1395.0 1.1423531919631806
1395.5 0.7542439397088426
1396.0 0.8918784665385457
1396.5 1.1083178961956055
1397.0 0.9245502071492175
1397.5 0.7645425900617107
1398.0 0.7523412659737874
1398.5 0.5959057853642276
1399.0 0.4780321734475547
1399.5 1.0480384570482122
1400.0 0.5922503665003962
1400.5 1.435992537691938
1401.0 0.890152404759839
1401.5 0.7432328135581487
1402.0 0.6464874655664483
1402.5 0.692182048025572
1403.0 1.0335153391322869
1403.5 0.7545603034863448
1404.0 0.8614942721373062
1404.5 0.8785016556498981
1405.0 1.3369764012143577
1405.5 1.0103815936216303
1406.0 0.5375796446062319
1406.5 0.7594041374395292
1407.0 0.4524021476359085
1407.5 1.0973036537164378
1408.0 0.5386816572689169
1408.5 0.6348492915592556
1409.0 1.0405644940070788
1409.5 0.8168387063666294
1410.0 0.6687187319198211
1410.5 0.8522050068144248
1411.0 0.9616152021506417
1411.5 1.0770671637635691
1412.0 0.8294296920811286
1412.5 0.8262192237306426
1413.0 1.041969686950792
1413.5 0.6665916093214339
1414.0 0.9494341700916666
1414.5 0.4993297670888591
1415.0 0.8863313637415713
1415.5 0.7773052522200239
1416.0 0.5929586630600461
1416.5 1.2272935273479988
1417.0 0.6151675566536807
1417.5 0.8852571078609774
1418.0 0.5408121537223909
1418.5 0.7092300519107504
1419.0 0.650149520144762
1419.5 0.7582391184791256
1420.0 0.4323662286635206
1420.5 0.6482342137635947
1421.0 0.7976431647976248
1421.5 0.7653014073446709
1422.0 0.7446050109214066
1422.5 0.7496812051638038
1423.0 0.8098795279825423
1423.5 0.8167664646307242
1424.0 0.6266737535096618
1424.5 1.251181751904418
1425.0 1.067823434075959
1425.5 0.7116242758275977
1426.0 0.7843024761790098
1426.5 0.5592323697605922
1427.0 0.5702755144213567
1427.5 0.7210061927993763
1428.0 0.7098729772810569
1428.5 0.730596793641592
1429.0 1.220511835502709
1429.5 0.706007572266586
1430.0 0.9238297631276475
1430.5 1.0967521753466627
1431.0 0.8161177066185401
1431.5 1.0249693060046088
1432.0 0.6456759454975844
1432.5 0.8074878322693833
1433.0 0.8897239396725954
1433.5 0.3848518836240817
1434.0 0.7312575033054471
1434.5 0.6474927534010733
1435.0 0.9562566313229512
1435.5 0.9011971754026351
1436.0 0.820808967056065
1436.5 1.1737649324715864
1437.0 0.813754854123085
1437.5 0.9693921193196935
1438.0 0.5720708672467341
1438.5 0.5696221681699494
1439.0 0.7204229587900892
1439.5 0.9822931110416615
