0 0.7507901110403628
0.5 0.8249724394036588
1.0 1.2472143855457603
1.5 1.1743514917203992
2.0 1.3563003637032118
2.5 2.174610952609659
3.0 0.47452115484444035
3.5 1.5870363658445537
4.0 0.9780249666004838
4.5 1.3824329940957851
5.0 0.5624343871606354
5.5 0.7589816743853653
6.0 0.9518425583136635
6.5 0.9197479558934156
7.0 1.0929602493115498
7.5 1.6831273844397976
8.0 0.5921899850500255
8.5 0.6578859826101171
9.0 1.8230335002101936
9.5 0.9493587478627934
10.0 0.5732091738134085
10.5 0.9136970141336094
11.0 1.3553285562890434
11.5 1.2299057692269462
12.0 0.7543713059775721
12.5 1.5144017633975142
13.0 1.1785956678984242
13.5 1.0696071375642184
14.0 1.3521799493330913
14.5 0.9096116145217468
15.0 1.1008525121522954
15.5 0.22453294750523778
16.0 1.1321426841957174
16.5 0.9643017690386732
17.0 1.6463516513748209
17.5 0.9765863727635521
18.0 1.4994712766483953
18.5 1.8174462122224826
19.0 1.2517746893869774
19.5 0.9327628508706705
20.0 0.9748389206561368
20.5 0.7603290266318066
21.0 0.7638026414885157
21.5 1.5059215030535786
22.0 0.9564145168480802
22.5 1.651628310349476
23.0 0.9457097159822869
23.5 1.0948041712559216
24.0 1.7115859409234349
24.5 1.0410861682854033
25.0 0.8091700905315811
25.5 1.5303898430003002
26.0 0.9727844421891317
26.5 0.8094072425322956
27.0 2.294679162634356
27.5 1.4066515255263323
28.0 1.353260943458518
28.5 1.3372286294670874
29.0 0.5911811136278304
29.5 1.9684246494362974
30.0 0.48002074796667676
30.5 1.5869438603134611
31.0 1.3959262642410497
31.5 1.8989975664589052
32.0 1.1037649154772162
32.5 1.2184353922028999
33.0 1.183406437849862
33.5 1.918197736068619
34.0 2.231492563113644
34.5 0.8517613056308337
35.0 0.9999224797178969
35.5 0.9188819501996195
36.0 1.1888696175125948
36.5 0.6637371386342918
37.0 1.0817860828818158
37.5 0.8249597246249312
38.0 1.6471566149129668
38.5 1.2620821477078086
39.0 0.34666236352000857
39.5 0.6241963750648825
40.0 1.5666973356601344
40.5 0.7269888420488961
41.0 0.7917788669578341
41.5 0.8609473612431969
42.0 1.872907177648691
42.5 0.8354813423975563
43.0 1.911767237807849
43.5 1.8996194087996001
44.0 0.9948799494564852
44.5 1.526052164491153
45.0 1.5680847497864945
45.5 0.827226709385785
46.0 0.7878432601977141
46.5 1.3308314167811428
47.0 0.7188223545328226
47.5 1.437912390172436
48.0 0.9432450694601002
48.5 1.4274902685310273
49.0 0.6885530957348618
49.5 0.7233870359856303
50.0 1.160769921231771
50.5 1.6334112873582742
51.0 0.9026202414862833
51.5 0.8540137133105163
52.0 1.5424626912227386
52.5 1.7953878195178306
53.0 1.7788523367175517
53.5 1.8741741691089457
54.0 1.4860918452854341
54.5 0.9549860272173842
55.0 0.9235704206236821
55.5 0.23561551471293446
56.0 0.9379467827576251
56.5 1.0630877276854427
57.0 0.7213331643052104
57.5 2.192323737872403
58.0 0.9065839625004263
58.5 1.8054988321115493
59.0 1.2251274943622783
59.5 1.0062692721728517
60.0 0.8575245786695376
60.5 0.6175657971311562
61.0 1.2543789981772688
61.5 1.654015625145541
62.0 1.3897729523227422
62.5 1.026175573011771
63.0 1.0812897422200765
63.5 0.7560334800342138
64.0 2.006488487646752
64.5 0.7642221531393489
65.0 1.7422346552508539
65.5 0.9266702661342658
66.0 0.7422883179049324
66.5 1.8227290580273785
67.0 1.1660991557062785
67.5 0.7828741921778231
68.0 1.7480924552266546
68.5 0.7536927780438611
69.0 1.6579994692238942
69.5 0.9336386555247194
70.0 0.8497411567976809
70.5 0.5176108066020544
71.0 0.8783808618381377
71.5 1.3271703196419573
72.0 0.7985107700480172
72.5 1.0557091341684757
73.0 1.4724202704450056
73.5 1.0887380353425016
74.0 2.140555393867129
74.5 0.998214981366251
75.0 1.6677399506771526
75.5 1.3786638540322076
76.0 1.861187526705005
76.5 1.3560362788642861
77.0 1.6673653488112437
77.5 1.5912878564792736
78.0 1.3338703269145573
78.5 1.0836047906573374
79.0 0.8203121962254684
79.5 1.4693414815320898
80.0 0.9862069630034154
80.5 1.015920559952973
81.0 1.2372877546001606
81.5 2.23224935656593
82.0 1.3800391610268328
82.5 2.1094528087438302
83.0 1.4355374790109094
83.5 1.5169211102233544
84.0 1.2436695942528968
84.5 1.2120591553526212
85.0 0.8993762951977271
85.5 0.7468568178780993
86.0 0.9053857907103944
86.5 1.2133929299255337
87.0 0.7610651106236901
87.5 1.4499487340542114
88.0 1.327849924161078
88.5 0.950864137826392
89.0 1.1710905313324025
89.5 1.520572447916909
90.0 0.9510157577093498
90.5 0.9197420161675028
91.0 0.748476072047149
91.5 1.2653558568008676
92.0 1.0720896312485837
92.5 1.0791140794598821
93.0 0.3796504089643315
93.5 0.8234293857995318
94.0 2.183280691255426
94.5 1.5194351946329934
95.0 0.9842829749255488
95.5 0.4484622694488354
96.0 1.007424740956047
96.5 1.3967326530609123
97.0 1.7389111689423342
97.5 1.4538737398519577
98.0 1.785179050389234
98.5 0.9312389858379455
99.0 2.086443157955041
99.5 1.6877107315801783
100.0 1.6194662207993578
100.5 1.4718890683478394
101.0 1.7715130224442694
101.5 1.037013709887364
102.0 0.7020232022405073
102.5 2.4305429295694467
103.0 0.7933963608182046
103.5 1.2617888370393304
104.0 0.8397591640848278
104.5 1.0808673928512107
105.0 0.9973237155749365
105.5 0.9179283281477251
106.0 0.8720515745565104
106.5 0.7256775243600386
107.0 0.9259458039865147
107.5 2.2953412126118806
108.0 1.132944449173171
108.5 1.2298723534509821
109.0 2.1785476898029024
109.5 1.4218241949270038
110.0 0.6934088506997533
110.5 1.0786481471923153
111.0 1.8420945199810008
111.5 1.2247215024086702
112.0 0.5551974172096737
112.5 0.8854066446195534
113.0 2.6000008135867683
113.5 1.4399390885710848
114.0 1.6022576211602435
114.5 0.7003779611868526
115.0 1.7062120412654362
115.5 1.090083809609991
116.0 2.1806747660394423
116.5 1.8718466894080061
117.0 1.8443921766426379
117.5 1.912793594078317
118.0 1.1459856789481293
118.5 0.4305036552418019
119.0 0.808880392470828
119.5 1.5610334181953074
120.0 1.0486613336001376
120.5 1.2077876721855882
121.0 0.8693296705571926
121.5 1.6823496227756336
122.0 1.1936679912563224
122.5 0.49223152825171584
123.0 1.259148392506004
123.5 1.5162980860748188
124.0 0.7970675627244115
124.5 0.8306843885278717
125.0 1.6706943333637498
125.5 1.6048427883451837
126.0 2.58586831507594
126.5 0.8819138465938586
127.0 1.2088490077367147
127.5 0.7837474307163684
128.0 0.4895419670594918
128.5 2.680565772863967
129.0 1.507799915214811
129.5 0.905553993314669
130.0 1.8053296284470377
130.5 1.2419418108637212
131.0 0.4705035544878029
131.5 1.5441178403673614
132.0 0.9510789537299178
132.5 1.2295878061672059
133.0 0.6228282801574806
133.5 0.9571462873429292
134.0 0.953775107540173
134.5 0.45539799344267673
135.0 0.5163055385056805
135.5 0.622670906855736
136.0 1.400339797975013
136.5 1.183903773874302
137.0 0.6391766658113365
137.5 1.6977894351260554
138.0 0.8437825865337341
138.5 0.9904314655976899
139.0 0.8553438430299207
139.5 1.3868798217846967
140.0 1.0930020698955745
140.5 0.753495245486514
141.0 1.5953701413726427
141.5 2.6021703599911032
142.0 0.7740267382425674
142.5 1.9263050617607032
143.0 0.5566402163617002
143.5 1.0427878971330449
144.0 1.4114520606250682
144.5 1.3959977384780453
145.0 1.0479338556139273
145.5 0.8109724522698174
146.0 0.9085075352853671
146.5 2.750568781930183
147.0 1.3936581890525277
147.5 1.5383572674684258
148.0 0.9629123182203123
148.5 1.190730294119282
149.0 1.727396266033777
149.5 1.6263031534053973
150.0 0.30546530735867483
150.5 0.838864168128487
151.0 1.5358080409858084
151.5 1.9026538249898377
152.0 1.100680865359441
152.5 1.644475741555063
153.0 0.7549334069472352
153.5 1.4381375179137987
154.0 1.461698901269696
154.5 1.641233723820871
155.0 0.7240712152197963
155.5 0.8283752198237391
156.0 0.5634870071981382
156.5 0.633952541167753
157.0 1.2593916311739526
157.5 1.2388052586142222
158.0 1.2220223500178482
158.5 1.34976662804171
159.0 0.9185064787485413
159.5 0.9293676346408741
160.0 1.417462168311728
160.5 0.9898818056297407
161.0 1.564164790839324
161.5 0.87271944594361
162.0 0.7938507401557489
162.5 2.2888581700761943
163.0 1.5607874951550753
163.5 0.4591527359038309
164.0 1.7936344539276137
164.5 1.8928986345921992
165.0 1.200604756502204
165.5 1.2646232522411522
166.0 2.082395453459757
166.5 1.1328359880995396
167.0 1.2896779669767002
167.5 1.8873446483658916
168.0 2.863434023118553
168.5 0.8006245016912931
169.0 1.3479130293777088
169.5 1.924602471127193
170.0 1.2640450899055038
170.5 1.1235597438014635
171.0 0.7202473182248075
171.5 0.2849520305996368
172.0 1.0222403337007187
172.5 0.504181017844477
173.0 0.8257307958257578
173.5 0.56861869842403
174.0 1.446124481788234
174.5 2.240299920509813
175.0 1.9667529156060515
175.5 1.0524815639294474
176.0 0.8838938492138657
176.5 1.3191885166538784
177.0 0.9959367043765002
177.5 0.7445272764729707
178.0 0.7484126386048129
178.5 1.7168227587795577
179.0 1.5662616764697492
179.5 1.2970734804583444
180.0 1.0169513372168684
180.5 1.4402225326105302
181.0 1.5284986717579323
181.5 0.5641761150718643
182.0 0.6688040155493664
182.5 1.1220874744174174
183.0 1.4603479370945602
183.5 1.2652906796947474
184.0 0.7283765958260433
184.5 0.8231670284006987
185.0 1.3509085666423175
185.5 1.3525732792304839
186.0 1.1086097059374498
186.5 2.174983442040489
187.0 2.3654267760364904
187.5 0.9651899817439339
188.0 0.9966799644839607
188.5 1.9589058970624933
189.0 1.2619839585222397
189.5 1.9048339170942663
190.0 1.3993283888772388
190.5 0.30273300341570397
191.0 2.357824149171446
191.5 0.9936680692449299
192.0 1.8096640907513608
192.5 0.8419296580664775
193.0 1.5654601135369604
193.5 0.8364473039667666
194.0 1.0223407400046811
194.5 1.1029835784832283
195.0 1.3082991271683784
195.5 1.588382476508638
196.0 1.0055650224463961
196.5 1.0067631516083275
197.0 1.5633353100081282
197.5 1.0701176986707186
198.0 1.5624440180645531
198.5 0.8796213674237503
199.0 2.4583979404725635
199.5 1.4459449686396564
200.0 0.7467639333329169
200.5 1.8539798023400524
201.0 0.9555405509836115
201.5 2.0228865908218356
202.0 1.1393622742903007
202.5 0.9614807824109717
203.0 0.8559797882829302
203.5 1.3554690694822158
204.0 1.3567783812271454
204.5 1.4968312532979846
205.0 1.3216932713407925
205.5 1.024913939105016
206.0 2.1567848607269418
206.5 1.7162819185287255
207.0 1.538497734948593
207.5 1.6657173349245236
208.0 1.615777107632001
208.5 1.563226504114823
209.0 1.1343678504504535
209.5 0.46124203409412057
210.0 1.0128465131766398
210.5 1.295242817674897
211.0 1.1277243973084956
211.5 0.9212212550965966
212.0 1.3743886620819241
212.5 1.0528339740017512
213.0 0.6534238603774347
213.5 1.1717596719338228
214.0 1.1507260464247016
214.5 1.945865196598968
215.0 0.9493650536178632
215.5 0.6391143041829954
216.0 1.3365430912406893
216.5 1.7771252415448242
217.0 1.373211629073068
217.5 1.7479542086835758
218.0 1.453374806865043
218.5 1.2291610744405554
219.0 0.9193850315818806
219.5 0.5060238472197232
220.0 1.2367826734338792
220.5 0.6717908703685691
221.0 0.7669567785791327
221.5 0.792401924731514
222.0 0.9301981705738
222.5 0.8271887590183185
223.0 1.1117357430200054
223.5 1.3207237533320966
224.0 0.9532581098591204
224.5 0.7869937368956181
225.0 0.5975313407285353
225.5 2.238981005672512
226.0 2.5882664859976647
226.5 0.8978121410146502
227.0 0.9593657642490852
227.5 2.0846027310115165
228.0 0.9335012037912551
228.5 1.4877131599901334
229.0 0.9683270755785915
229.5 0.626947027992531
230.0 1.5152139616896005
230.5 0.9209504205340316
231.0 0.9423318847465602
231.5 1.1382193905120108
232.0 1.096587706920559
232.5 0.8931843192041837
233.0 0.7889850950254291
233.5 0.9738446346403284
234.0 0.9683662924854508
234.5 0.5515213793524797
235.0 1.4978843548943233
235.5 0.5603322317226759
236.0 0.8448930379493711
236.5 1.1191307642010604
237.0 1.3344906558566025
237.5 1.5880147393824053
238.0 1.4998494469634405
238.5 0.5966114551580762
239.0 1.5251465618585245
239.5 0.8357589973550186
240.0 0.7839690524349636
240.5 1.7146858213981107
241.0 2.2240525587547992
241.5 1.0449505286182372
242.0 0.9297339601078629
242.5 0.9550607985856352
243.0 1.6656897442491432
243.5 1.815790806796841
244.0 2.1992882370741214
244.5 1.7162753997381677
245.0 1.1674932727802076
245.5 1.3006555160179682
246.0 1.1089746058863672
246.5 1.3623354162571617
247.0 1.3004851821565413
247.5 0.6685879285009393
248.0 1.474638280389179
248.5 1.719743217225323
249.0 1.312545865568888
249.5 2.190924265200144
250.0 0.9699324588935458
250.5 0.9868280797708835
251.0 0.7762237673875985
251.5 1.6853537700619818
252.0 1.1804368335811442
252.5 0.8587610940765927
253.0 1.8756031051479045
253.5 1.7794565289888586
254.0 1.8771033746554426
254.5 0.7436232925221552
255.0 1.8538472997730924
255.5 2.1997686676584904
256.0 2.7868073706589307
256.5 0.595977995741602
257.0 0.6942194840368524
257.5 1.5905954243735327
258.0 0.8803132152213442
258.5 1.4700223345144647
259.0 1.6031079605334106
259.5 0.2
260.0 2.007935882282851
260.5 0.9236399926741445
261.0 1.3296019359802647
261.5 1.5011422393925162
262.0 1.3684103005359378
262.5 0.6299855445293264
263.0 0.7625972001511763
263.5 0.8781682285527792
264.0 0.9245323937410637
264.5 1.0206275455094203
265.0 1.0680047344923342
265.5 0.8059070098645509
266.0 1.0464110051910682
266.5 1.7584323156535195
267.0 0.7858085951352316
267.5 0.9410871553337572
268.0 1.678590918345067
268.5 1.0041921283234025
269.0 1.339278925097936
269.5 0.8940190667067314
270.0 1.58313434829293
270.5 1.7025946708006003
271.0 1.0620664333063736
271.5 0.7412203152951116
272.0 1.5746337344844767
272.5 2.7623413673290704
273.0 1.5384358489379997
273.5 1.1847854766013728
274.0 1.0358893294124987
274.5 1.1320777692855337
275.0 0.9057941685269231
275.5 1.122324013504864
276.0 0.6874347566427911
276.5 0.7689213290411832
277.0 1.2813285536790198
277.5 1.7536608293921314
278.0 1.489456168437302
278.5 1.8630963065637858
279.0 1.170707313380878
279.5 0.7528255945702408
280.0 0.8286095087804577
280.5 1.4555499119668793
281.0 1.3165264321706076
281.5 0.69866527192736
282.0 0.4750216567902505
282.5 2.0045671698600955
283.0 1.5041303769648111
283.5 1.1123655174852123
284.0 3.122875035341321
284.5 0.4598815629404778
285.0 1.1495693546363193
285.5 1.3687585184290079
286.0 2.016852622246245
286.5 1.4337305155365394
287.0 1.7891141607224272
287.5 1.35850878618503
288.0 1.2282862217348982
288.5 0.8923284996869625
289.0 1.3360005641569916
289.5 1.5686145146625903
290.0 1.7753570288671408
290.5 0.6600604940330321
291.0 0.7311699640527021
291.5 1.3677854145268387
292.0 0.8709603517170484
292.5 0.5857254676612125
293.0 1.1193772401636053
293.5 2.029725188408528
294.0 0.9454676643751013
294.5 0.6105762214597727
295.0 1.7406384766804965
295.5 0.8221785294999844
296.0 0.8291551101632686
296.5 1.1049768719518296
297.0 2.2402992129175496
297.5 0.9450785149482732
298.0 1.0895076080108241
298.5 0.8282757203439743
299.0 1.14805390748168
299.5 0.9941952938002336
300.0 0.35216605897662645
300.5 0.9558511641817105
301.0 2.0873501568808384
301.5 0.5432575444271177
302.0 1.2862837231000899
302.5 1.5693429433815664
303.0 0.7156468218841054
303.5 1.0235196238283215
304.0 0.8964922293642014
304.5 1.8779123472648855
305.0 0.7652911755648594
305.5 0.7592327322697716
306.0 0.8311001958911715
306.5 1.496825986619603
307.0 0.8392019840469699
307.5 1.2274173953956533
308.0 0.9148325334860958
308.5 1.1651862467932912
309.0 0.8087391519429148
309.5 0.9866221293723227
310.0 1.2214058515970099
310.5 1.167886780760776
311.0 1.8565897670576306
311.5 1.660809296091355
312.0 1.0452120157817806
312.5 1.5615324237787174
313.0 2.5674032392030335
313.5 1.1591241218721413
314.0 1.6965641067852275
314.5 1.4764960078287142
315.0 0.8969258805451643
315.5 0.9126403449126127
316.0 1.9059907727911645
316.5 1.2664797491902158
317.0 1.1883722336949867
317.5 0.8889336415584683
318.0 1.1040075920162513
318.5 1.8067762362579796
319.0 0.921842462907049
319.5 0.7584385324496168
320.0 2.132296468597364
320.5 0.7952273431947261
321.0 0.6827691894893372
321.5 0.8405045007385152
322.0 0.8951070300477526
322.5 1.1650305892815005
323.0 0.2802210422500553
323.5 2.3653597381180647
324.0 1.0869839106785524
324.5 0.8337831425630418
325.0 1.3652267873429862
325.5 1.648357387658562
326.0 0.8547892120975227
326.5 0.637167856258198
327.0 0.7519515899587133
327.5 1.2293790283859607
328.0 1.234575233918806
328.5 1.286689283726831
329.0 0.4352800532370764
329.5 1.7868220764654106
330.0 1.5447798741937184
330.5 0.7589884810845959
331.0 0.6580209596935758
331.5 1.444973456540072
332.0 1.6705207876891
332.5 1.4838022704854974
333.0 1.3394512337381732
333.5 2.5299782189272473
334.0 0.8118770635945463
334.5 0.892182948164658
335.0 2.0965609025476386
335.5 1.9134668042857164
336.0 0.7914587538169309
336.5 0.5996339203460275
337.0 1.416075000363037
337.5 1.0430695262337257
338.0 0.9442634516895685
338.5 1.647733360511395
339.0 2.4488849799968966
339.5 1.4765652019358224
340.0 2.2514621734589095
340.5 0.7837231792535608
341.0 1.4098874879370382
341.5 1.2317467490758185
342.0 0.8429585770740288
342.5 2.093961533694843
343.0 0.796796505760085
343.5 0.9335595688429759
344.0 1.407217554416793
344.5 1.0335150988219977
345.0 0.7555592524439139
345.5 0.9418668128343493
346.0 1.7577305511273857
346.5 1.0756184240845865
347.0 0.4213183779582017
347.5 0.545537718312256
348.0 1.5581449463840906
348.5 0.675925568964711
349.0 0.8925449769929639
349.5 0.6320177840822452
350.0 0.9164277087871031
350.5 1.5493117923272923
351.0 1.0214193809235597
351.5 1.2551733621382555
352.0 1.3598191307441674
352.5 0.8937144129659003
353.0 1.5992851613049435
353.5 0.8076076102116406
354.0 0.43259487527426455
354.5 2.5727754935868212
355.0 0.9780344968250518
355.5 0.8697735108356272
356.0 1.505993190346713
356.5 1.035712053125627
357.0 1.091831145070997
357.5 0.8841609923465924
358.0 1.6712488643402663
358.5 1.967704788857628
359.0 0.8704881828792419
359.5 2.476983128004828
360.0 1.9260794156184309
360.5 0.6727985934783215
361.0 1.0911086568125894
361.5 1.420205881594896
362.0 1.3630651331539805
362.5 1.8913811526079418
363.0 1.1614968269628962
363.5 0.7601645977327622
364.0 0.8124023311006849
364.5 1.9754179610594242
365.0 0.8712007054802751
365.5 2.043212167905076
366.0 1.4879146772303573
366.5 0.744683761936769
367.0 1.34749490953206
367.5 1.1813614644148407
368.0 0.6676843969945413
368.5 1.4238349042517489
369.0 0.905192087771152
369.5 1.5420481702819397
370.0 0.8230179433843493
370.5 2.3801887077853117
371.0 1.586132596774077
371.5 1.4225906405355893
372.0 1.4877650067673895
372.5 0.988450094614614
373.0 1.0109781466022665
373.5 0.9456025159736647
374.0 1.0576286812525755
374.5 0.932240211942327
375.0 0.9057170873115165
375.5 0.6473802117189489
376.0 1.6992540342296971
376.5 0.8852453672145457
377.0 1.2701222009686903
377.5 1.3667961262593278
378.0 2.596264399007513
378.5 0.7690102196907924
379.0 0.7286123104094191
379.5 1.1597881139302584
380.0 1.1267537258796885
380.5 0.7938051366796555
381.0 0.8778528860154003
381.5 0.6860387893736521
382.0 0.6807558931734564
382.5 0.534278133363034
383.0 1.5883542428099149
383.5 1.0102798347474125
384.0 1.0340384283451198
384.5 0.7505322255458451
385.0 0.5693475360481147
385.5 0.8472921557902634
386.0 1.7165666234887533
386.5 0.6257557800829637
387.0 1.678166728007076
387.5 1.500260457873742
388.0 0.87414629217863
388.5 1.4437873391533527
389.0 1.1441570659210918
389.5 1.1013921770427357
390.0 0.6185827670571705
390.5 1.3653708717423731
391.0 1.3002032299063115
391.5 1.8661054152790655
392.0 0.7359111164703063
392.5 1.7634934697510458
393.0 0.9729992005442147
393.5 0.8947862523074298
394.0 0.9170085736701511
394.5 0.7183583339412256
395.0 0.5838669831608916
395.5 0.6262284320602007
396.0 1.3098765436661008
396.5 1.2691096463938767
397.0 0.8798474951224367
397.5 1.0038525537823824
398.0 2.030993438237057
398.5 1.6676784687265265
399.0 0.7741990219703508
399.5 0.702992656299763
400.0 0.9726432708913936
400.5 2.0390898901243997
401.0 1.3841286163059037
401.5 0.9324321919800608
402.0 1.2416720522374813
402.5 1.0398475666381137
403.0 0.9987006870669062
403.5 1.389068194080988
404.0 1.0542945946092153
404.5 0.9701437641352108
405.0 1.888118982730908
405.5 1.5504850497913427
406.0 0.9016302761988375
406.5 1.7894695286925342
407.0 2.015855198627173
407.5 1.203940979283633
408.0 0.8642402474121174
408.5 1.2222772666015942
409.0 0.7038517672634524
409.5 1.6558223628845927
410.0 1.1192614869178361
410.5 0.8370173658916625
411.0 1.0518077511637027
411.5 0.5960770272608352
412.0 0.8884427134561834
412.5 0.9342811270447835
413.0 0.8014679097988922
413.5 1.08424221223333
414.0 1.243893433429549
414.5 0.9516111373368112
415.0 0.750890254095832
415.5 0.8669369234953074
416.0 1.5101510065587447
416.5 0.7994579232864991
417.0 0.9461345480466719
417.5 1.1151281476487545
418.0 1.7180469891753563
418.5 1.4656209064834584
419.0 1.0283705379353987
419.5 1.9672203086577824
420.0 0.763866442888935
420.5 1.502322272390409
421.0 1.9481201925900222
421.5 0.8655009651412757
422.0 1.4803680217930033
422.5 1.6825690758870415
423.0 1.3259439082037807
423.5 1.4619720367437066
424.0 1.21317318328388
424.5 2.1809517393004167
425.0 1.027203099304681
425.5 1.6865639148447116
426.0 0.901533157497614
426.5 2.1053981948543035
427.0 1.103851984167933
427.5 1.6133087251265912
428.0 0.7048059641534133
428.5 1.640036761869862
429.0 1.86740253225785
429.5 0.7948021821734153
430.0 1.1637599716996063
430.5 0.8690748457469808
431.0 1.6102415819164833
431.5 1.6069006271609105
432.0 1.0974048039606252
432.5 1.7191736211348847
433.0 0.8322001190038426
433.5 1.0753562979405387
434.0 0.86626472835173
434.5 1.0450780561277453
435.0 1.0171034438349003
435.5 0.722706371885931
436.0 0.9489583964480508
436.5 2.1193710538320083
437.0 1.8368559691458364
437.5 0.9326436536518268
438.0 1.5295654724539278
438.5 3.0827944164546617
439.0 1.96331201585992
439.5 0.9250674383857448
440.0 0.9597525960932212
440.5 1.8894653334794604
441.0 1.4305102186292127
441.5 1.5922199765296319
442.0 1.3322235514696787
442.5 2.27377721993067
443.0 1.6104788532854757
443.5 1.2878041532699944
444.0 1.8158443125050925
444.5 1.6906704095383582
445.0 1.0729551676809037
445.5 1.1594974626361232
446.0 0.8574140579140418
446.5 1.082015916589806
447.0 1.9232921774160205
447.5 1.2039903631295208
448.0 1.3978347177468997
448.5 0.6158603454411862
449.0 0.7237798675172402
449.5 1.1255891513809857
450.0 1.9763454426078366
450.5 1.625388121729594
451.0 1.1161107784577773
451.5 1.2408624905783858
452.0 1.1256602188622806
452.5 1.3339162838254455
453.0 0.9317331460708759
453.5 2.6305773292760004
454.0 1.8048896258319693
454.5 0.9140769334780303
455.0 1.035567411988865
455.5 0.9758102258633949
456.0 0.6710187511514252
456.5 1.52265810842507
457.0 1.7053594615321617
457.5 1.4046365440143336
458.0 0.7507026589179144
458.5 0.600417159694971
459.0 0.8970227363765824
459.5 0.7446151323658149
460.0 1.4400442221475924
460.5 0.7199637779357841
461.0 2.582921722890231
461.5 1.387822296244855
462.0 0.7631048334892824
462.5 0.4605543838116143
463.0 0.776283405859953
463.5 0.8272115691268449
464.0 1.231554569753277
464.5 1.190958526787241
465.0 1.1451151057902291
465.5 0.7618424309783095
466.0 1.4741932749138391
466.5 1.7691434307788256
467.0 1.7736937267346424
467.5 1.1058083152643712
468.0 1.6166401687156329
468.5 1.6549205437539622
469.0 0.9011939705059908
469.5 3.2096148604864148
470.0 0.5493724890890164
470.5 0.9161801780175132
471.0 1.4658035417275546
471.5 1.3863394752358063
472.0 0.8966210075295844
472.5 1.3736340408715768
473.0 2.2070052518538055
473.5 1.880278476528038
474.0 1.0199125998882874
474.5 0.5855636620258977
475.0 1.941312321517489
475.5 0.6757240815630194
476.0 1.5774145156754071
476.5 0.7005321463997467
477.0 0.8466757455295493
477.5 2.105207418102118
478.0 0.5445907261270191
478.5 1.675765248652223
479.0 0.7899986729341228
479.5 0.7663899413181099
480.0 1.140399250834757
480.5 0.7848086062460742
481.0 2.398614437170868
481.5 0.9464034401479918
482.0 1.8282872394297454
482.5 1.669337919751396
483.0 1.6623972492061467
483.5 0.8765232362458348
484.0 1.2538163861679397
484.5 1.5734335244751738
485.0 1.7047320965986423
485.5 1.081876699498208
486.0 1.5682408653014346
486.5 1.7440138118617277
487.0 0.9964947997137221
487.5 2.743948370294894
488.0 1.254134368497543
488.5 1.0457953833769944
489.0 0.9775114906509174
489.5 0.8422376081416667
490.0 1.4065277751576366
490.5 1.566223576163467
491.0 0.7208272792312757
491.5 1.3850567556849043
492.0 1.0360724496288745
492.5 1.8411084492535326
493.0 0.9182568006293219
493.5 2.745621860118451
494.0 0.8528436985059134
494.5 1.1417886205111878
495.0 1.7649226834995309
495.5 1.6624053989397618
496.0 0.9816789496926621
496.5 0.6899453802021482
497.0 1.4382986989624897
497.5 1.1811952217073305
498.0 0.9326753699259475
498.5 0.8944999348861009
499.0 0.7341821118387876
499.5 0.8228599173614555
500.0 1.4145520264988378
500.5 1.2640819987754375
501.0 1.2697986385516506
501.5 0.9983906373952853
502.0 1.734581915328477
502.5 1.7352234818234304
503.0 1.1916115232939206
503.5 1.1395831175700697
504.0 1.5017744438995315
504.5 0.837756212873083
505.0 2.3191541215514895
505.5 1.15250071771987
506.0 0.5552839531959053
506.5 0.8384689868842388
507.0 1.2753991304081413
507.5 2.1389819147419953
508.0 0.9255089427116854
508.5 1.2268375659801691
509.0 1.3995216768692298
509.5 1.189001874779609
510.0 0.9539549771748594
510.5 0.7286519339469311
511.0 1.9927763772031333
511.5 1.5995628745001942
512.0 0.9486555770492829
512.5 1.4342268857164386
513.0 1.355891456908346
513.5 1.424684281937544
514.0 1.0676086614883868
514.5 1.1384944338412741
515.0 0.825286819076988
515.5 1.5975039066820793
516.0 0.6044908400263733
516.5 0.7354025952369678
517.0 0.640437090482155
517.5 1.11301201055436
518.0 1.1553639196638912
518.5 1.5096328405788655
519.0 1.255456203450167
519.5 0.7779295405877324
520.0 1.1261448439306971
520.5 0.7014900887824178
521.0 0.9520268179570186
521.5 1.9034927603175136
522.0 0.7377645408230897
522.5 1.5395501989777065
523.0 1.292359392494157
523.5 0.9492854883721286
524.0 0.627074298628971
524.5 0.8619700202714589
525.0 1.2108539425503926
525.5 0.6425304802616343
526.0 1.7373508436243086
526.5 1.2541090449160956
527.0 1.1552690824966838
527.5 1.0812749020708328
528.0 1.308992688598624
528.5 1.3036975486080729
529.0 1.8380187009214635
529.5 1.221629146831933
530.0 0.6648671512064535
530.5 1.2052189738552515
531.0 1.5145571572295011
531.5 1.217869236961586
532.0 1.0650411794603398
532.5 0.7474907515621155
533.0 1.9166644394612056
533.5 0.6548341167133981
534.0 1.2966507246456713
534.5 1.915619505137606
535.0 0.44151519230647157
535.5 0.6646331636745042
536.0 2.0552228928605545
536.5 0.9570221117802826
537.0 1.7597144260651683
537.5 1.6728155062708518
538.0 0.808371638855651
538.5 1.2665862425122145
539.0 1.5163853982087148
539.5 0.978971188511278
540.0 0.7547183066252998
540.5 1.3490254209949706
541.0 1.3758009022562325
541.5 0.767768823851896
542.0 0.9183445472725593
542.5 0.5356273975946109
543.0 1.2607297287264756
543.5 1.1354733547547802
544.0 1.0931068086898712
544.5 0.8981081733334022
545.0 1.4957904747108748
545.5 0.9153408625022282
546.0 2.0205321370649174
546.5 0.7779612779412353
547.0 0.5797349139104414
547.5 0.8013925108214739
548.0 1.987229209626534
548.5 0.5869226161326688
549.0 1.3364225106641814
549.5 0.719950140930997
550.0 1.160983935053002
550.5 1.7448897698442822
551.0 1.6168946506873463
551.5 0.7845026598010325
552.0 0.9392469099963522
552.5 1.8588320796700413
553.0 1.738874634777459
553.5 1.2680045660386694
554.0 0.8848613193606274
554.5 0.8535535920696611
555.0 0.9540191803733773
555.5 1.2631861586174318
556.0 0.9467790973814694
556.5 0.5803561865532287
557.0 0.9250481660261575
557.5 1.2819970147010036
558.0 0.6572143600577871
558.5 0.5373135144979919
559.0 1.6905627666076426
559.5 1.0966802912228628
560.0 1.607287514086458
560.5 1.1568813097030577
561.0 0.9331972496130705
561.5 1.4410221635602776
562.0 0.9747471114540227
562.5 0.8400794073702782
563.0 1.1013722712194887
563.5 0.9566783731262605
564.0 2.35728695633693
564.5 1.0655437300633337
565.0 1.4936260552814047
565.5 0.9151150954374696
566.0 0.921512489018453
566.5 0.6370528325500165
567.0 1.2955722263071399
567.5 1.2668794875004736
568.0 0.8392492201671237
568.5 0.7257898512671968
569.0 0.7116767383237357
569.5 1.507069622916384
570.0 0.6372729076979513
570.5 1.5312709274219716
571.0 1.082173908798059
571.5 1.303154405748219
572.0 1.6413787818248888
572.5 1.354093800010981
573.0 0.5668683867867459
573.5 0.9756053678162144
574.0 0.4970230531198706
574.5 0.49951980638470284
575.0 0.926293559272269
575.5 1.2306921291074961
576.0 1.6357353197377829
576.5 1.4653725285109238
577.0 0.8568967241935657
577.5 1.3688977877740718
578.0 1.7977202684387779
578.5 0.7142435151304178
579.0 0.9030549496104486
579.5 1.4881440443062797
580.0 1.010002327208333
580.5 0.6571055434979267
581.0 0.6817313362475034
581.5 0.8989472927578759
582.0 0.9402479779893547
582.5 2.3454425142952955
583.0 2.4304435850027484
583.5 0.9518244907874192
584.0 0.8816020517063974
584.5 1.0213734747421785
585.0 1.9534491660405635
585.5 0.5576163893572245
586.0 1.001943673160439
586.5 1.2642097160829602
587.0 1.4324317312693737
587.5 0.36574947023326665
588.0 1.1012996978938836
588.5 0.7596191085228342
589.0 0.7365080679565139
589.5 2.301773969346846
590.0 1.4339937569245218
590.5 0.8951123513428414
591.0 0.41886280658705843
591.5 1.1310379289100563
592.0 0.5765484326756866
592.5 1.5662895479493524
593.0 0.5990486477783812
593.5 1.5100004952722839
594.0 1.0400117778407612
594.5 0.8336248465149904
595.0 1.1079273974257235
595.5 1.4280113361077897
596.0 1.3148182653473317
596.5 1.5112759947923875
597.0 1.7589631923481264
597.5 2.128815779695458
598.0 0.924678029113749
598.5 0.4298033636146603
599.0 1.281701674134312
599.5 1.1926188144166598
600.0 2.192037027830901
600.5 1.2126940478812478
601.0 1.0916786980567428
601.5 0.5790150070148942
602.0 1.1935713354260016
602.5 0.8466344382331905
603.0 1.703718559279399
603.5 0.7130887539187682
604.0 1.5637614255351455
604.5 1.6411316137284755
605.0 0.8408698920025951
605.5 1.321177031945505
606.0 0.8714932435738372
606.5 1.1068192851659902
607.0 0.9510447671211363
607.5 1.7637881174977081
608.0 0.5009037965187799
608.5 1.2813163699400842
609.0 1.015607198151157
609.5 0.920564460196092
610.0 0.6903638397568317
610.5 1.6344446706325926
611.0 0.7634170239871569
611.5 1.474565130191926
612.0 0.8578797159973931
612.5 2.335093544204974
613.0 1.1873651910434548
613.5 1.6632995059094524
614.0 0.7727258329153102
614.5 1.4190242559045094
615.0 0.8802183626836406
615.5 1.8841068782793087
616.0 1.2575741156050113
616.5 2.330227314461507
617.0 1.389812809033958
617.5 0.546527754972473
618.0 2.125314703689471
618.5 1.8000145646652692
619.0 1.720652429157178
619.5 0.599953304098382
620.0 1.8736796985339799
620.5 0.9886516843910618
621.0 0.9865963055765128
621.5 0.885316932868526
622.0 0.7973979642530691
622.5 1.0266618339135203
623.0 1.280809304457024
623.5 1.402785197325315
624.0 0.8915633239584508
624.5 0.5072119288245521
625.0 0.751312233122579
625.5 1.4864684192551336
626.0 1.3404073093726407
626.5 1.6811000595032433
627.0 2.6203192213079634
627.5 1.096693786994907
628.0 1.359617630557032
628.5 0.8951079749875098
629.0 1.0309027100386337
629.5 1.9451011378445842
630.0 1.3803244481680519
630.5 0.8485729846184834
631.0 1.3317085189923403
631.5 1.1438227326003052
632.0 0.8565208544390485
632.5 0.8651182221620083
633.0 0.77324644616899
633.5 1.0632875210523407
634.0 1.810006221721509
634.5 0.9404068659999063
635.0 0.9883211247836982
635.5 0.8885878395962363
636.0 0.8968594034090386
636.5 1.2533752719624187
637.0 0.9902939432815281
637.5 0.7895006571619481
638.0 1.0134996743833442
638.5 1.682429338869666
639.0 1.0312070306249932
639.5 0.379336898562189
640.0 0.8663440417230021
640.5 1.3579063054224165
641.0 1.1494656207374419
641.5 1.6211259200915258
642.0 1.7750480023809774
642.5 2.1850917639404805
643.0 1.8948481015930283
643.5 1.4662497361179923
644.0 1.4458985783850868
644.5 1.619909045342092
645.0 2.3473982763271826
645.5 0.7605581821172586
646.0 1.5174528887875751
646.5 1.041134461829187
647.0 1.2829037065809152
647.5 1.4960831990736547
648.0 0.8872380708067934
648.5 0.9565692552000606
649.0 1.160126848387088
649.5 1.6158387154013383
650.0 1.3484895086264936
650.5 1.0875472556506636
651.0 0.8455343698428961
651.5 0.37381053204922987
652.0 1.2658158025578934
652.5 1.4573269730048228
653.0 1.2537943436359553
653.5 2.431957698565206
654.0 1.9700119845746453
654.5 1.3308328175452853
655.0 1.5261870231446595
655.5 1.3079881337246664
656.0 1.5214106982187747
656.5 0.9470540937984205
657.0 1.8347373722240605
657.5 1.339472746849372
658.0 1.3561338486195456
658.5 1.4916752429759916
659.0 0.7138972166000379
659.5 0.8596680614296417
660.0 0.9442498025902152
660.5 0.5755223575576907
661.0 0.7800168122947402
661.5 1.0848510879994149
662.0 0.648294321259027
662.5 1.6033588506553573
663.0 1.4637280552539031
663.5 1.0501089717508774
664.0 0.6846030443155017
664.5 1.1304634888256078
665.0 1.8753972611349377
665.5 1.081349797427768
666.0 0.7353120753410154
666.5 0.9056966471619827
667.0 2.0965624820481956
667.5 0.8884033044732769
668.0 1.1852588139016813
668.5 1.3551304315856694
669.0 0.747600107191012
669.5 0.8341605339553214
670.0 0.7301168359389141
670.5 0.5949027965470337
671.0 1.4971680489247305
671.5 0.7464598372292979
672.0 1.5862516611575095
672.5 0.921291665973867
673.0 1.4469326330253618
673.5 1.1696487450665005
674.0 1.261981668451072
674.5 0.7523256056350436
675.0 0.7860924628642207
675.5 0.598115634895285
676.0 0.7569544955693326
676.5 1.7325482546897768
677.0 1.002242352892468
677.5 0.9126570272941587
678.0 0.602758634763216
678.5 1.3041725586361212
679.0 1.8814059038340716
679.5 2.2576195672341988
680.0 1.928823930173909
680.5 0.9589795258113922
681.0 0.7327804350648051
681.5 0.7351825948233655
682.0 1.0320577018964734
682.5 1.633741809662419
683.0 1.6191024508282679
683.5 1.3804034345919827
684.0 0.892163986286155
684.5 0.7977785627803625
685.0 0.8278437724992298
685.5 1.305872697929831
686.0 0.5209999014338424
686.5 1.0778854968320033
687.0 0.9077419227210379
687.5 0.7649829056005268
688.0 0.8443163555573019
688.5 1.941236460979178
689.0 1.5158574435198777
689.5 1.9547247837581898
690.0 1.1555773334613861
690.5 1.0436400681780802
691.0 2.071918460032209
691.5 0.94041551251693
692.0 0.8088209878976573
692.5 1.507921340010796
693.0 1.2180423158855143
693.5 1.5649306422912592
694.0 1.1573783920802476
694.5 1.036019252817554
695.0 0.9506342636453817
695.5 1.2382148040981575
696.0 1.4562096896608006
696.5 1.6493503034343262
697.0 1.2407454887430804
697.5 1.5157710062516943
698.0 1.6337472387704104
698.5 1.8352308223127394
699.0 1.372115525173786
699.5 0.8053821956857106
700.0 1.5374593092184454
700.5 0.8042027446806048
701.0 1.4393245694021422
701.5 0.6343382051687076
702.0 1.0519519394648538
702.5 1.3808884252201614
703.0 0.8626402751808961
703.5 2.566551038676488
704.0 0.9792416643344147
704.5 0.8431944007275769
705.0 0.8401624584937146
705.5 2.2037791871231853
706.0 0.7263759692032763
706.5 1.2243906223262788
707.0 1.770490866202965
707.5 1.1424218673681055
708.0 2.6588788325463537
708.5 1.6725909506725078
709.0 0.744665515818618
709.5 0.9091454574984343
710.0 0.5183670294884654
710.5 0.8997034829939528
711.0 1.6280347425533201
711.5 1.188504558041954
712.0 1.9172844244987168
712.5 1.845102259903574
713.0 0.9828113965682406
713.5 1.1963809495392534
714.0 1.5334828913404317
714.5 1.2011485721933326
715.0 1.757206644428073
715.5 0.8522535264497809
716.0 1.784683894723755
716.5 1.1023789895712701
717.0 1.22505788906339
717.5 2.6121436515976546
718.0 1.5388381818547798
718.5 1.370281044439295
719.0 0.6219144893757026
719.5 0.9802152020283127
720.0 1.0019968469135165
720.5 0.5220199376006429
721.0 1.8534750533934288
721.5 1.2527435731214833
722.0 0.8016889463542509
722.5 1.2839073048707406
723.0 1.1575386040106914
723.5 0.5487899759473572
724.0 0.9630389661572925
724.5 1.799535740262246
725.0 1.7442718232760566
725.5 1.834091890543821
726.0 0.8721088996476103
726.5 1.9242270367507686
727.0 1.6580559395652292
727.5 0.6122819436568266
728.0 1.0631351639330677
728.5 1.1975977449700956
729.0 1.9446520285072637
729.5 1.985707676193738
730.0 1.881354046171344
730.5 0.610157292125214
731.0 0.8950974844864277
731.5 0.5793210380418319
732.0 0.9342482892602058
732.5 1.4288545553377276
733.0 0.9914113334768376
733.5 0.9563017925413573
734.0 1.2843323835243023
734.5 1.202004012731179
735.0 1.5061721500375325
735.5 1.5178223017343457
736.0 1.1325775141014176
736.5 1.1623582136470065
737.0 1.919161127713915
737.5 0.7128153827567053
738.0 0.8344687053388173
738.5 0.9352147815514771
739.0 1.3137931830514513
739.5 0.6815629724818708
740.0 1.1870382539884186
740.5 1.4930414932896534
741.0 0.910199391032089
741.5 0.5930489976323161
742.0 0.7373763046554929
742.5 2.0542372350131046
743.0 1.4165393887844828
743.5 1.091297373166404
744.0 0.6507332475466195
744.5 0.9683384707187523
745.0 0.9679501008049134
745.5 0.8043564679248161
746.0 1.2301021304167759
746.5 1.1416445326800888
747.0 0.9880886137545231
747.5 1.4926250411593132
748.0 0.5666237771944413
748.5 1.3402445005309138
749.0 1.0900562761470134
749.5 1.1918825708442649
750.0 0.9498772137750902
750.5 1.395492018197205
751.0 0.8717403350011491
751.5 0.780651434046256
752.0 0.6987151141149126
752.5 0.9667365612493991
753.0 1.7283055639559934
753.5 1.204991570992739
754.0 0.5577703219201724
754.5 1.2786606971982903
755.0 1.103202044697027
755.5 1.1621700158905357
756.0 1.1727179857324215
756.5 0.6493795841256076
757.0 2.178348916343251
757.5 0.7955519033850438
758.0 0.839142332706736
758.5 0.5879427306269125
759.0 0.8256080941077623
759.5 0.7734765619462942
760.0 0.7084867704554783
760.5 0.7868824775795966
761.0 1.231490951838865
761.5 1.273076308385475
762.0 1.8742420740615353
762.5 1.6059174232670141
763.0 1.3163878733421248
763.5 1.1978594776729241
764.0 1.507626222260651
764.5 0.8652709078693718
765.0 1.220822952823724
765.5 1.4523503951604302
766.0 0.7727927448454288
766.5 0.9463361276048379
767.0 1.8619668669214025
767.5 0.4087929258514865
768.0 0.8929616493568904
768.5 1.4366715653397315
769.0 1.8933297329317313
769.5 1.1258445464311064
770.0 1.1748817906101485
770.5 1.188810667898319
771.0 0.7043425972414891
771.5 1.320232909587142
772.0 0.6102907380000105
772.5 0.6546080104657717
773.0 0.6526150139674981
773.5 1.4818406326253544
774.0 1.2820387796001258
774.5 0.8566891089218709
775.0 1.0465787370517394
775.5 0.7739532126372108
776.0 0.9411388076162474
776.5 1.03399708704924
777.0 0.9075811970457401
777.5 0.4390778933670175
778.0 0.8636861311570055
778.5 1.314133592554776
779.0 0.8645816004315917
779.5 1.7637514116741997
780.0 0.8321883104574784
780.5 1.865814556135673
781.0 0.8369376075742055
781.5 1.201779898291051
782.0 0.8291653178050078
782.5 0.7840075687825374
783.0 1.9581174695007673
783.5 0.6451963503234028
784.0 0.6014631935323508
784.5 1.163210798055763
785.0 1.9214981532137196
785.5 1.2516001570831519
786.0 0.7628827028248495
786.5 1.1986857840315377
787.0 1.81179563705811
787.5 0.7426587306664477
788.0 1.072680393768362
788.5 1.2027217486001405
789.0 1.3629831021571033
789.5 0.45191714706929104
790.0 0.8935879325945472
790.5 0.9400397863810308
791.0 1.0085598018857236
791.5 0.8274258741127914
792.0 1.4459844751972284
792.5 1.067397136108061
793.0 0.8428632125795303
793.5 0.7466991587318119
794.0 1.1058248843573923
794.5 1.3036114990221734
795.0 1.231082097226492
795.5 0.5426377766374236
796.0 1.9974527283754346
796.5 1.4696007568790472
797.0 1.1469525181980365
797.5 1.4884641515884347
798.0 1.8147246162220814
798.5 0.8842164733559683
799.0 1.1620982030825602
799.5 0.7775381700606256
800.0 1.1798480878325908
800.5 0.8768581385016572
801.0 1.3122543016031292
801.5 0.932504386017564
802.0 0.8171212950480955
802.5 1.9877856558971343
803.0 1.002526237824565
803.5 1.1212536038316525
804.0 1.3713420573753512
804.5 1.0803027521596005
805.0 0.8080939370384038
805.5 1.2843423978141026
806.0 1.1986385674427082
806.5 0.698908377017039
807.0 1.2742513765429337
807.5 0.6780803784510294
808.0 1.3180577666890176
808.5 1.454803202572009
809.0 0.9239003968120607
809.5 0.8501025871371968
810.0 0.8229969360457263
810.5 2.487909649936154
811.0 2.2868336088337573
811.5 0.8195228604372521
812.0 0.9802956206121866
812.5 1.6719793760391415
813.0 1.8641131883829867
813.5 0.8650081003137202
814.0 1.1280707472893106
814.5 1.1403432475284685
815.0 0.7585485866342723
815.5 0.8241480078566279
816.0 0.902358440064639
816.5 0.9914951892462297
817.0 1.1341624493045375
817.5 1.1245873931133221
818.0 1.4740377267099665
818.5 0.7531807052188627
819.0 2.002323670423354
819.5 0.7938234018255601
820.0 1.7751488560225879
820.5 1.5074237159235337
821.0 1.9753853464082096
821.5 0.9504210036951317
822.0 0.9188524540149006
822.5 0.8223291651547694
823.0 0.9829333738214541
823.5 0.8940222458572613
824.0 0.4291072715593852
824.5 0.8380574264101499
825.0 0.5848221460318355
825.5 0.9777106012956809
826.0 0.8759428820701806
826.5 1.5324141615949003
827.0 1.080728501660238
827.5 2.776184115717432
828.0 1.2534756635529312
828.5 0.6567667839278206
829.0 1.3149109530906429
829.5 0.8944819132032483
830.0 1.5634012680248401
830.5 0.8221439002383687
831.0 1.1198459763331226
831.5 1.0588990745404492
832.0 1.5465001176149964
832.5 1.761000715511738
833.0 0.9617269730313258
833.5 0.9155888758755507
834.0 1.314273376175016
834.5 0.9566463532143576
835.0 0.7035918064384203
835.5 2.6301648995884825
836.0 0.7920373813309566
836.5 1.6431145273709904
837.0 0.45903486257566783
837.5 0.8784938149374087
838.0 0.8233260580172859
838.5 1.3306961965447273
839.0 1.4883410312812835
839.5 0.9007535422813548
840.0 1.610032910553721
840.5 0.8654027226673681
841.0 1.119736032053692
841.5 1.471972629574144
842.0 1.2663856035769325
842.5 1.9574177469665464
843.0 1.1156096252193928
843.5 1.2848729315302791
844.0 1.4004828527043247
844.5 1.6324552615347907
845.0 0.5075862445369429
845.5 1.1953552176564606
846.0 0.9127652192832076
846.5 1.3199116069885162
847.0 0.7837038807466998
847.5 1.373123460168969
848.0 0.8938696358176405
848.5 1.3820315319315475
849.0 1.6505620597205528
849.5 1.1169417994205149
850.0 1.0770348344515288
850.5 1.1424650511544496
851.0 1.0044935069953564
851.5 2.3132474560596465
852.0 1.3207282112393872
852.5 0.678602208251694
853.0 0.9281925816881866
853.5 1.4374755252683098
854.0 2.1343962944841968
854.5 0.4668948098167959
855.0 0.5489630284294803
855.5 1.0255799091354043
856.0 2.1513539890351367
856.5 1.4231530124955407
857.0 1.2355941229738958
857.5 0.6505394948665527
858.0 0.7927150291600585
858.5 1.2984552625081915
859.0 1.4152461997555839
859.5 1.0128866076057899
860.0 0.853053585203027
860.5 1.1034200239572922
861.0 0.9920538475965166
861.5 0.4946564105197495
862.0 1.4356265611844021
862.5 1.4517777808848549
863.0 0.788372772302953
863.5 1.0894051162127019
864.0 1.0397175331312933
864.5 1.5752591568339698
865.0 0.7111248615010664
865.5 1.2075005198111932
866.0 0.8020957036991463
866.5 1.667357809988575
867.0 0.7635096911829535
867.5 1.3551810340503216
868.0 1.1334704101516702
868.5 0.7517782668167545
869.0 1.5954110391327603
869.5 0.9049760030315224
870.0 0.8571409178857213
870.5 1.0142926190811514
871.0 0.829679509028644
871.5 2.7143669456054424
872.0 0.9984440301604376
872.5 0.5927133677980883
873.0 0.7557391005661124
873.5 1.26964143615912
874.0 0.811445766898045
874.5 0.9938580915371953
875.0 0.5540458631364065
875.5 1.0939084812002675
876.0 1.470862133995498
876.5 0.7652370110094004
877.0 1.5520263339702352
877.5 1.367681964760306
878.0 0.916394761457626
878.5 0.9952377001110475
879.0 0.4279451673323742
879.5 1.3992252364991988
880.0 1.3345461556568017
880.5 0.8097685850743062
881.0 0.6824735714560393
881.5 1.695929327781693
882.0 1.1467201838721974
882.5 1.095586432860851
883.0 0.6580293367040786
883.5 1.6365767386097883
884.0 0.8994897883497058
884.5 1.925642834572065
885.0 1.0381643055219654
885.5 1.1857160207713018
886.0 1.5535731076473058
886.5 1.1592100391981641
887.0 1.0806185769189331
887.5 0.6346942563935343
888.0 1.5907477203861735
888.5 2.167873923981587
889.0 1.215038720808407
889.5 0.8229986158726313
890.0 1.4844900184744405
890.5 0.7610496901716559
891.0 1.0282638667761685
891.5 1.2828230545086214
892.0 1.5583187883555616
892.5 0.7147358346745871
893.0 0.9234505752576385
893.5 1.302709626923821
894.0 1.2341651406085554
894.5 2.1004564911531256
895.0 0.9307714728037813
895.5 1.5043268454300134
896.0 2.2089691818012875
896.5 1.0874865312555877
897.0 1.6521778521723698
897.5 0.6774487486876057
898.0 1.679822661935171
898.5 1.869946185551475
899.0 1.5452159098526788
899.5 0.7792905972934022
900.0 0.6655967725335002
900.5 0.8493038152238415
901.0 1.2754586991983963
901.5 1.1763558170112676
902.0 1.0068873419214117
902.5 1.1229062661642317
903.0 1.667143376715495
903.5 0.8966670976380473
904.0 1.3255467087015895
904.5 1.1577492993370306
905.0 1.9610447602085537
905.5 1.5932334471899876
906.0 0.8158449560426126
906.5 0.6927659902719936
907.0 0.8806536458414916
907.5 0.6370869147746239
908.0 0.7589227363664014
908.5 0.8342561326608637
909.0 0.9810933900380516
909.5 0.6483758592035357
910.0 0.8932499208332466
910.5 1.4851027611687826
911.0 0.9969743080475345
911.5 1.7702503070064215
912.0 1.0732570054240735
912.5 1.354651402746287
913.0 0.47264058224663746
913.5 0.8355474658826045
914.0 2.0430992714445546
914.5 2.0299455772591397
915.0 0.5439511051321808
915.5 1.3195592483503156
916.0 1.6660445701155788
916.5 1.4476165521227793
917.0 1.994466624704497
917.5 1.002570149461874
918.0 0.7723161001187799
918.5 1.159125196389585
919.0 0.9354357313669344
919.5 1.8525626580772432
920.0 1.5852498240306387
920.5 1.0402247246277827
921.0 1.3063487794567945
921.5 1.4720408996148864
922.0 0.8450691994842626
922.5 0.7668304521857197
923.0 0.6114615203977952
923.5 0.6300358474443827
924.0 0.5282872980569155
924.5 1.0827947928734
925.0 1.1536335955714754
925.5 0.5056510449376963
926.0 1.1624306393245711
926.5 0.9691583971105417
927.0 0.4726841423744792
927.5 0.5163856728410353
928.0 1.1106472364727473
928.5 1.3260693876750937
929.0 0.6610899781799986
929.5 1.782851414047752
930.0 1.2053533174853426
930.5 0.930987575440561
931.0 1.4877718109965583
931.5 0.9132285759196982
932.0 1.5198726861974383
932.5 1.781424793860996
933.0 0.8749058481158705
933.5 0.9774229751628959
934.0 1.8130119728140728
934.5 0.9940487456782743
935.0 0.5901576361973815
935.5 1.973788717844173
936.0 1.7003785732258319
936.5 1.8200091370431617
937.0 0.21187770290574082
937.5 0.8396526000456537
938.0 0.8731373949321364
938.5 1.5987538644495443
939.0 0.3616069707584153
939.5 1.4607513365882228
940.0 1.5496805824961095
940.5 0.9080978220758141
941.0 0.8747870625418304
941.5 0.7002295456028387
942.0 0.9297891339198028
942.5 1.184937106964087
943.0 1.081585190614271
943.5 1.6299595828536773
944.0 1.3617082937041929
944.5 1.783105676881498
945.0 1.148551219896138
945.5 0.8390380031623685
946.0 1.3013609488323012
946.5 1.1181521814089659
947.0 1.3939298754351466
947.5 2.1161003273499523
948.0 0.9638022973795008
948.5 0.5624178778488647
949.0 2.4321944090091616
949.5 0.5221623963755035
950.0 1.114827039356342
950.5 1.7037671370195655
951.0 1.4009432796905918
951.5 0.8906625888376296
952.0 0.9818013022886409
952.5 0.9450422452426721
953.0 0.7755804848383039
953.5 1.6725614099671189
954.0 0.7675994536530488
954.5 1.5307533917645246
955.0 0.9393870372471567
955.5 1.2744148577781809
956.0 0.8562884280215017
956.5 1.2190255009983246
957.0 0.932289575536946
957.5 0.5862078296471229
958.0 2.105196813024492
958.5 1.6527450806786221
959.0 0.8278018827364947
959.5 0.8996683076018673
960.0 0.8401097509548046
960.5 0.8562582435854418
961.0 1.3708817687700603
961.5 0.8813446592692782
962.0 1.3037401903670367
962.5 1.241213130479415
963.0 0.7780191294695147
963.5 0.968346425222028
964.0 1.252904544310269
964.5 0.5567801135884055
965.0 1.9703100129061473
965.5 2.0861641596653087
966.0 1.082766581818437
966.5 1.961969462019218
967.0 1.0786653065294711
967.5 1.000762259384191
968.0 0.9288621617607644
968.5 0.9716017895458997
969.0 2.1077852014677445
969.5 0.8236595709260714
970.0 0.9757443443717934
970.5 0.712003733164587
971.0 0.7834595225853391
971.5 1.2721687788538922
972.0 1.9510223221883893
972.5 0.8780458946216185
973.0 2.1525224542646573
973.5 0.8419598449640758
974.0 1.2497887486869503
974.5 0.2
975.0 0.803031379615434
975.5 1.3420174120029351
976.0 1.6079617392525087
976.5 0.7949173959583617
977.0 1.1766340473475008
977.5 0.36619272313043605
978.0 1.0443298054878105
978.5 0.9615610071088112
979.0 1.6193015647894216
979.5 1.6296201890546496
980.0 2.2653561161110733
980.5 0.7870828502702374
981.0 1.6977904858577249
981.5 0.3970543436707352
982.0 1.413856093809715
982.5 1.9034760437498577
983.0 1.342900911787333
983.5 1.4403986581816999
984.0 1.2060110628763168
984.5 1.0954274842586083
985.0 0.3594356296402782
985.5 1.6402069210324899
986.0 0.7838110567376613
986.5 1.5572624568325888
987.0 1.1294916307059997
987.5 0.5696631584050794
988.0 2.4553229262627
988.5 1.0549252112157372
989.0 0.8035684983196129
989.5 0.9723221145923292
990.0 1.4156109045815621
990.5 0.6740117119620708
991.0 0.5417520996997099
991.5 1.0464931655667895
992.0 1.0405720316620504
992.5 1.389142515542173
993.0 0.9770098748458207
993.5 1.035976338714003
994.0 1.6733737548486014
994.5 0.8848841920933419
995.0 0.7753428832895943
995.5 0.7229456637309009
996.0 1.2002362291071358
996.5 0.7904483615885521
997.0 1.0533962825373755
997.5 2.3448454238763277
998.0 0.8341376762807868
998.5 0.740562049993019
999.0 0.9118693631074427
999.5 1.5207951215969673
1000.0 0.9382846364591277
1000.5 0.7901433487768852
1001.0 2.3344874998376524
1001.5 1.6329910320580465
1002.0 1.057422605915069
1002.5 1.3630313771512959
1003.0 0.8742420552499618
1003.5 1.1177835406314067
1004.0 1.5565311586297073
1004.5 2.0234215170402203
1005.0 1.723499238197499
1005.5 2.310103319589862
1006.0 0.7795643673898964
1006.5 1.4253675612108636
1007.0 1.6702392789476106
1007.5 0.638074003027993
1008.0 2.942015281122129
1008.5 0.6277886082957966
1009.0 0.44698042381310454
1009.5 2.9041379159017393
1010.0 1.600548131637204
1010.5 1.6867703408064494
1011.0 1.5390076816172433
1011.5 2.0943500461284286
1012.0 2.4418335981963675
1012.5 1.1242587261368233
1013.0 1.1192080263480388
1013.5 0.8079256890094133
1014.0 2.177086414990113
1014.5 0.6049199542078892
1015.0 1.362722786679243
1015.5 0.8563972894720617
1016.0 1.4578714317129853
1016.5 1.5904222719864172
1017.0 1.0304465047771911
1017.5 0.8589089215149712
1018.0 1.139033821881935
1018.5 1.8861661352962917
1019.0 1.4714980962201203
1019.5 1.460786357132704
1020.0 0.734653013946474
1020.5 1.1386348743439032
1021.0 1.0085286997811294
1021.5 1.9148591968148196
1022.0 1.1938303672371247
1022.5 1.588648929231643
1023.0 0.48825624812136936
1023.5 1.336143836767814
1024.0 0.8616252456349958
1024.5 1.3481909594244983
1025.0 0.27584007715910674
1025.5 0.8052982407392533
1026.0 1.621861346983921
1026.5 1.2336372526228074
1027.0 0.8347399111050402
1027.5 1.460588980154282
1028.0 1.1323286725157682
1028.5 1.0317951841356114
1029.0 1.071980248634213
1029.5 1.0470241012089427
1030.0 0.7151860417307256
1030.5 0.7180144343923306
1031.0 0.8405806509822833
1031.5 0.7377616753959313
1032.0 1.2630167100650809
1032.5 2.1948512969578817
1033.0 1.5109635415856764
1033.5 1.0425022576293295
1034.0 1.6358745439880926
1034.5 0.7043376448396801
1035.0 0.762931876708688
1035.5 0.8064647578236539
1036.0 1.3621279687250052
1036.5 1.8529932203023518
1037.0 1.432309909062578
1037.5 0.9564316808583471
1038.0 1.299065409104393
1038.5 1.2556070745197
1039.0 0.6525652673266642
1039.5 1.2786285098351646
1040.0 1.3662941076309016
1040.5 1.3254388667257282
1041.0 1.0967718658098227
1041.5 0.7491116760616535
1042.0 0.8909921039516217
1042.5 2.248456348852
1043.0 1.4059424442788715
1043.5 1.4207474435697425
1044.0 1.746052764770506
1044.5 1.1252386162663135
1045.0 1.589976256871033
1045.5 0.665854798098255
1046.0 1.2349561448078006
1046.5 0.9776607217548738
1047.0 1.3307358279967774
1047.5 0.6044298721759835
1048.0 0.9729361438089486
1048.5 0.9032221677810846
1049.0 1.3560561445244315
1049.5 0.912261357671137
1050.0 1.186331150225074
1050.5 1.6429545833239914
1051.0 0.754485227574968
1051.5 2.105580010235427
1052.0 2.035657732585017
1052.5 0.6415521973589731
1053.0 1.086800786468892
1053.5 2.338929975878918
1054.0 0.8504080843561252
1054.5 1.0358829093484425
1055.0 1.3366974959956464
1055.5 0.8774524961192595
1056.0 2.280306453108545
1056.5 0.7428508343044044
1057.0 0.736649878892921
1057.5 1.3385597272500007
1058.0 0.9405389757834742
1058.5 1.3734603131992769
1059.0 1.4521437764947607
1059.5 1.3298853291807786
1060.0 2.135613214223177
1060.5 1.347585335389275
1061.0 1.4735075481906699
1061.5 1.237336832745223
1062.0 1.3090704469614898
1062.5 1.0314600870078943
1063.0 0.715213079861705
1063.5 1.3408967804074041
1064.0 1.6808474154238926
1064.5 1.4505497424507352
1065.0 1.9733252143268425
1065.5 1.8338409867169423
1066.0 1.5941513343206712
1066.5 2.033253068000315
1067.0 0.8162694456577441
1067.5 1.255593320482991
1068.0 1.2501637621409993
1068.5 1.6215811392795052
1069.0 1.5642891802830192
1069.5 0.9599716764576294
1070.0 0.9595028681791493
1070.5 0.8601297305016726
1071.0 1.7594446469714482
1071.5 1.451370653318814
1072.0 1.3335381537407605
1072.5 1.911062114431858
1073.0 1.531353038231078
1073.5 1.1953247478614124
1074.0 0.7292257385999823
1074.5 0.8981531392278901
1075.0 0.5352616749837287
1075.5 0.895927215440103
1076.0 1.387377054495985
1076.5 1.4497369539603537
1077.0 0.972434401683977
1077.5 1.0223998429311214
1078.0 0.7345600837995602
1078.5 0.8451575019331461
1079.0 1.1377788345039053
1079.5 1.6178097595324434
1080.0 0.8327597191511964
1080.5 0.708590809074243
1081.0 0.7329468453341484
1081.5 1.4801510255549069
1082.0 1.4670253176434307
1082.5 1.218600829904332
1083.0 0.6965926331604397
1083.5 0.9343388817654962
1084.0 1.2694010918225462
1084.5 1.1292890665536084
1085.0 2.129767324595897
1085.5 0.9791897991990155
1086.0 1.8795057479489616
1086.5 0.7255465961839139
1087.0 0.3524561672137827
1087.5 1.5162145418610493
1088.0 1.3405670811171475
1088.5 0.5730909548998184
1089.0 1.2576777816583853
1089.5 1.451742272468551
1090.0 1.2675223652453596
1090.5 1.77018805996914
1091.0 1.3499552431360404
1091.5 0.8337078996369187
1092.0 1.0101333817610545
1092.5 1.509367008673042
1093.0 2.135051094195159
1093.5 2.3335282678803937
1094.0 1.3955803807199847
1094.5 1.355518064385704
1095.0 1.212970216950532
1095.5 1.2909824135624735
1096.0 1.1065248893297586
1096.5 1.1186331317389642
1097.0 0.8751092170966177
1097.5 0.610492072939802
1098.0 0.9282287102047131
1098.5 1.002693142217954
1099.0 1.351793717200569
1099.5 1.5727651500699549
1100.0 1.949596300272248
1100.5 0.9096118099402096
1101.0 1.5467861701179149
1101.5 0.7347896041310158
1102.0 0.6758728360612636
1102.5 0.828488646577629
1103.0 0.9943953877465438
1103.5 0.9365017498508161
1104.0 0.750369231414882
1104.5 1.1330625608245106
1105.0 0.6413371573209119
1105.5 0.5921938663538294
1106.0 1.1177523113685752
1106.5 1.2729169607904263
1107.0 1.3438407798601795
1107.5 0.7290189620646315
1108.0 0.982479963548873
1108.5 1.1195001474836437
1109.0 0.7663906866486674
1109.5 1.323625369891593
1110.0 0.8332257071580318
1110.5 0.5779901455653657
1111.0 0.4268043079026026
1111.5 0.5696762539603433
1112.0 0.8004200691621628
1112.5 0.5467404892647167
1113.0 1.722210985894532
1113.5 1.0856044872922386
1114.0 0.6651973646865722
1114.5 1.2968250861528987
1115.0 0.801317802462111
1115.5 0.967242966415201
1116.0 0.3511958035942435
1116.5 1.0555774202851809
1117.0 0.7245686361917854
1117.5 1.7323470684003324
1118.0 0.6693151553089538
1118.5 1.1704747649820038
1119.0 0.65020779530501
1119.5 0.7443312955938555
1120.0 0.7171112445754375
1120.5 0.7420183364535764
1121.0 1.4408515219689966
1121.5 0.941220651619582
1122.0 2.069800418484885
1122.5 0.8201784907514083
1123.0 1.3803662658469324
1123.5 1.7028213719509857
1124.0 1.104339298822832
1124.5 2.2407500468874675
1125.0 2.5893702315700367
1125.5 1.3628050006664285
1126.0 0.4990192074368731
1126.5 1.3135455041683444
1127.0 1.0120248307400437
1127.5 1.046411785538708
1128.0 0.5581499880820209
1128.5 0.8341107561810073
1129.0 1.5892678885534717
1129.5 0.9220783069818319
1130.0 0.9763213469055715
1130.5 0.7645616861044799
1131.0 0.5395715470436484
1131.5 1.9998376840470566
1132.0 1.1577531848914877
1132.5 0.7073939037791537
1133.0 0.5531326022116538
1133.5 2.0470464298802504
1134.0 0.5874959991305243
1134.5 1.9478870219482136
1135.0 1.4376832527388022
1135.5 0.6250648239012843
1136.0 1.26697158524984
1136.5 1.3731368380911895
1137.0 2.376136716476162
1137.5 0.9608470715918981
1138.0 0.9923349718436933
1138.5 1.0148515453293772
1139.0 0.6056786781149274
1139.5 2.0997006400655955
1140.0 2.063609177036633
1140.5 0.7126235431670191
1141.0 0.9261601751558758
1141.5 0.5311833578090885
1142.0 1.3153032767644195
1142.5 1.872180550385581
1143.0 0.7595323908851195
1143.5 1.6088611475980914
1144.0 0.8471203915327857
1144.5 2.183387539110697
1145.0 1.2804347386092185
1145.5 1.3124137969388279
1146.0 0.9763173044904063
1146.5 1.5349784543181566
1147.0 2.4115594493155554
1147.5 0.7446479115554716
1148.0 0.6804867059726456
1148.5 0.7040029080417041
1149.0 0.7980019330314124
1149.5 1.3109975831844194
1150.0 1.5008395725750658
1150.5 0.7170109728538845
1151.0 0.5885242287938757
1151.5 1.2957271513402395
1152.0 0.8283164807797561
1152.5 0.6445002756866969
1153.0 0.8493183140046138
1153.5 1.128600376010685
1154.0 0.8103838382678887
1154.5 0.8303724515184071
1155.0 1.082370322806609
1155.5 0.8609283948718853
1156.0 1.116325981230959
1156.5 0.8519398526454554
1157.0 0.2146812076424578
1157.5 2.0051827783641603
1158.0 0.9081964775789834
1158.5 0.8437542788238669
1159.0 1.041856138050978
1159.5 1.1370277091171967
1160.0 1.472811529413685
1160.5 1.9198365294782052
1161.0 0.7258070531206842
1161.5 1.6635341547504312
1162.0 1.1009934404361048
1162.5 0.9042508475503828
1163.0 1.2945444171083156
1163.5 0.7399639921864807
1164.0 1.1370651809808519
1164.5 1.1991779131506222
1165.0 1.2890088140213087
1165.5 1.5008822290063826
1166.0 0.9254534995046368
1166.5 0.9389933352675517
1167.0 0.7749339657984073
1167.5 1.857755079444275
1168.0 1.9927888151127566
1168.5 1.6514023855268083
1169.0 0.2
1169.5 1.9738546004206547
1170.0 0.5737670273937362
1170.5 0.7901255061891768
1171.0 0.704265315298463
1171.5 1.1186424840728486
1172.0 1.7533068924254387
1172.5 1.02608352501672
1173.0 1.8571183035715264
1173.5 2.3226976767181373
1174.0 0.9979491957212591
1174.5 2.5861213768510805
1175.0 0.6061189547909864
1175.5 1.68066558934779
1176.0 1.4318517410059077
1176.5 2.3113384763467746
1177.0 1.2155103832341436
1177.5 0.7271285158524767
1178.0 1.597864380322453
1178.5 0.7134709453106832
1179.0 1.7291442690116512
1179.5 1.0674630290615668
1180.0 1.0928297937057574
1180.5 0.6992258610543969
1181.0 0.6789471660078039
1181.5 1.2214323906106925
1182.0 1.046240652791885
1182.5 2.012320053947197
1183.0 1.0613536285969107
1183.5 1.0562489625785991
1184.0 1.2626055144849935
1184.5 0.6743028697677156
1185.0 0.6467378104504016
1185.5 0.7229071227142188
1186.0 1.0135449085869075
1186.5 0.6272814350904112
1187.0 1.3059432757251097
1187.5 0.4863598044512981
1188.0 0.9824704679157503
1188.5 1.7061070808286738
1189.0 0.654090497392357
1189.5 1.0828429494408547
1190.0 1.7878657332401253
1190.5 1.2388829785926123
1191.0 0.8766614876008634
1191.5 1.935537578663942
1192.0 1.4399842110383547
1192.5 0.6847838375318973
1193.0 1.4798143850186465
1193.5 1.6357368583335927
1194.0 1.1895827249166135
1194.5 0.7370068159366737
1195.0 0.9324164171368058
1195.5 0.7314505796901876
1196.0 2.0251271299484235
1196.5 1.3759225895384644
1197.0 0.992476663690765
1197.5 1.6443483428923193
1198.0 1.2477164927102025
1198.5 1.4715070930707594
1199.0 0.48878834488991646
1199.5 1.493924734526102
1200.0 1.654126371810002
1200.5 1.027516747863226
1201.0 0.6990564159411097
1201.5 1.0431341671077108
1202.0 1.3469043988358131
1202.5 1.0865407191153464
1203.0 0.9532323348591797
1203.5 0.8471194386040783
1204.0 1.1257860599402094
1204.5 0.9958401319248673
1205.0 2.0756872928388765
1205.5 2.529097353450471
1206.0 0.9655191226616637
1206.5 1.629333494362048
1207.0 0.7533554906099583
1207.5 0.89698341457353
1208.0 0.7441016224986459
1208.5 0.6653864388577511
1209.0 0.7779046568831471
1209.5 0.8138132587307482
1210.0 0.8592275811282317
1210.5 1.1082478281218904
1211.0 1.3454436980297884
1211.5 0.9033851091714233
1212.0 1.996512739066094
1212.5 1.100108487459509
1213.0 1.6697304039293437
1213.5 1.249562854360776
1214.0 1.157903884130491
1214.5 1.1997866361252065
1215.0 0.8055846814369749
1215.5 0.7416281576906167
1216.0 1.4885460748008217
1216.5 1.4543199113571796
1217.0 0.6471603123642119
1217.5 0.9456685558006557
1218.0 1.1260787984992375
1218.5 1.1296528146950076
1219.0 1.8137214944595934
1219.5 0.9932718835614558
1220.0 0.8647692163646032
1220.5 1.3071520623835453
1221.0 0.9364848983460882
1221.5 1.4175072030488656
1222.0 1.0314051352494502
1222.5 0.7882392229869488
1223.0 1.5600711330240173
1223.5 1.1931737236427669
1224.0 0.9199499335804908
1224.5 1.3383294639343126
1225.0 1.6698839731483075
1225.5 1.212078269045733
1226.0 0.7171664980534915
1226.5 0.8392316331780998
1227.0 1.094914817225572
1227.5 0.8423446546568318
1228.0 0.6216062888525635
1228.5 1.5735157597401572
1229.0 0.6483146727863665
1229.5 0.8926253292199355
1230.0 0.8922656753357509
1230.5 0.8074751459265057
1231.0 1.4059443405475753
1231.5 0.7701076685010975
1232.0 1.3350799320360083
1232.5 0.6367065000069445
1233.0 1.9848875992789003
1233.5 0.9666914669218751
1234.0 0.7933273044694873
1234.5 0.7538573816427705
1235.0 0.9795261065238423
1235.5 1.3410487358277887
1236.0 0.7724844058907985
1236.5 0.8801882776271096
1237.0 0.6927859868389133
1237.5 0.7024741769395194
1238.0 0.6612346735496422
1238.5 0.7683978559799745
1239.0 1.472694059010961
1239.5 0.652310081559543
1240.0 0.6514474057636326
1240.5 0.8597924458331786
1241.0 1.1529992032103842
1241.5 1.0904522924408204
1242.0 1.7136346630122719
1242.5 1.7264031256054055
1243.0 0.9175745289697378
1243.5 0.9354328046359132
1244.0 1.5768152079992328
1244.5 1.2205041810646127
1245.0 1.3253611747156104
1245.5 1.4405832996417425
1246.0 1.1259242138879144
1246.5 1.6276851846173408
1247.0 1.6237463274720993
1247.5 0.30309509187133465
1248.0 0.946128711876884
1248.5 0.9447433080111045
1249.0 0.9117975749985084
1249.5 1.7389526275359102
1250.0 0.6329866202353441
1250.5 0.8101197115553207
1251.0 1.3513020008262575
1251.5 1.2624009168828936
1252.0 1.4776324883333212
1252.5 2.796445397717105
1253.0 0.8066466770678656
1253.5 1.8655815641546198
1254.0 1.2317751701832071
1254.5 1.3429863603182581
1255.0 1.1381893939762406
1255.5 1.011497045878341
1256.0 1.133027742745022
1256.5 0.764985940809586
1257.0 0.8968712917536463
1257.5 0.747697327244195
1258.0 0.619980971358352
1258.5 2.223367745465856
1259.0 1.334620295468879
1259.5 0.6160835787961108
1260.0 1.3606317247596431
1260.5 1.8044341879515828
1261.0 0.5221527068155615
1261.5 1.4475675816618296
1262.0 0.8597134715774647
1262.5 2.8552472567661225
1263.0 0.911443789263097
1263.5 1.0601135839174698
1264.0 1.3585786707327012
1264.5 1.7442825568534528
1265.0 0.5771703270252581
1265.5 1.57341231450465
1266.0 0.9785725682130477
1266.5 1.0146860844233063
1267.0 1.1409032516130306
1267.5 1.6653260268931156
1268.0 0.9850551433957979
1268.5 0.7103303203761222
1269.0 0.9569173116890263
1269.5 1.1496924228965264
1270.0 1.2071891899476725
1270.5 0.4916916974283496
1271.0 1.0174788327321325
1271.5 0.9246171172446435
1272.0 0.9400701026616407
1272.5 0.8990902047976972
1273.0 0.5564786912177602
1273.5 0.9978368830270339
1274.0 0.9915718572860891
1274.5 1.9605953268074359
1275.0 1.7991474040893247
1275.5 0.8850377483817352
1276.0 1.420984276378108
1276.5 0.8846793003348628
1277.0 0.8877647567865701
1277.5 0.9787844375144993
1278.0 1.712086175521029
1278.5 0.842161915801128
1279.0 1.0392567049600856
1279.5 0.9782654383474048
1280.0 1.0887897478539494
1280.5 0.8664797407102423
1281.0 0.870309760089181
1281.5 0.7490943954479355
1282.0 1.0603884442667377
1282.5 1.4023339816359703
1283.0 1.5270651518725282
1283.5 1.2491698536034899
1284.0 0.47308777569875476
1284.5 1.2435325907537533
1285.0 1.3026725162743338
1285.5 1.2936818446144194
1286.0 1.9452286204499112
1286.5 0.7942689045310855
1287.0 1.36168636228283
1287.5 2.0338611350870197
1288.0 1.5054308761277313
1288.5 0.9521533828823985
1289.0 1.2192726051235592
1289.5 1.4025072393355886
1290.0 1.1365434062976283
1290.5 1.7554729432491052
1291.0 1.2122815108043352
1291.5 1.3286962248779337
1292.0 1.0332527537773963
1292.5 1.1731049342704407
1293.0 0.7665555884361925
1293.5 0.9147506165736909
1294.0 0.8954946973376098
1294.5 0.8519021498822876
1295.0 1.8342393492859563
1295.5 0.6858491849249908
1296.0 1.2817471429317844
1296.5 0.9943222759029489
1297.0 0.8813062387025195
1297.5 0.8605568852460618
1298.0 0.993239108001913
1298.5 1.4409915576061771
1299.0 1.3847805457276978
1299.5 0.8554535651835692
1300.0 1.0780050491424127
1300.5 1.9166606524679044
1301.0 0.9330081954670132
1301.5 0.9856746934305545
1302.0 1.9443830607622772
1302.5 0.8927039265630776
1303.0 1.3591158882788448
1303.5 0.8749985197695058
1304.0 0.9955048284632086
1304.5 1.9920372109768656
1305.0 0.7649980279901276
1305.5 1.5343477435721362
1306.0 0.5418521346952735
1306.5 1.1221045068506106
1307.0 1.6623225014212348
1307.5 0.904904192379008
1308.0 0.9199392574022696
1308.5 2.4695379446334194
1309.0 0.8342870808140371
1309.5 2.247800473872906
1310.0 0.6064552429016206
1310.5 1.3384232893322994
1311.0 0.677248368034974
1311.5 1.622295317071525
1312.0 0.7943372590817097
1312.5 1.352206200381236
1313.0 1.0447853096043174
1313.5 0.7543556391972615
1314.0 1.6044628957443052
1314.5 2.0719141186075425
1315.0 2.066713054948596
1315.5 0.7569125943460224
1316.0 0.3410478344227668
1316.5 0.9200791242651383
1317.0 0.9349817747903177
1317.5 0.8076785689497769
1318.0 0.5288496700311252
1318.5 2.103781724369731
1319.0 0.2
1319.5 0.9036248530698383
1320.0 0.6661841710943208
1320.5 1.6063028801001633
1321.0 0.3482574097704708
1321.5 0.8167998256195599
1322.0 1.681024530233414
1322.5 1.7716938114169616
1323.0 1.4744937307727333
1323.5 0.8299012585724934
1324.0 0.9982622925110476
1324.5 1.7334393013922367
1325.0 1.567800313847984
1325.5 1.3404723867841701
1326.0 1.3030621411125485
1326.5 1.3770410102278436
1327.0 1.0252093629862373
1327.5 1.1048060517054004
1328.0 0.918388139274078
1328.5 1.1221028911630242
1329.0 0.9666640983581369
1329.5 1.2769643072313632
1330.0 1.107058419559054
1330.5 1.785424171056224
1331.0 1.4159087879021293
1331.5 0.9993975432503134
1332.0 1.1338597447896224
1332.5 1.0462986367089788
1333.0 2.373186297568582
1333.5 1.1288742435540344
1334.0 0.8967648082123189
1334.5 0.9176517533986723
1335.0 1.3507213126427373
1335.5 0.7648096184438361
1336.0 0.4488667614444608
1336.5 1.1168945184705121
1337.0 1.0198131797397254
1337.5 1.666276490277433
1338.0 1.1022942722850375
1338.5 0.6636715437431584
1339.0 1.743642320613227
1339.5 1.4121954087223116
1340.0 0.6854901986164927
1340.5 1.7687408761363934
1341.0 1.621328205366022
1341.5 1.5303945745488943
1342.0 1.7417620550458486
1342.5 0.8171831378009381
1343.0 1.4824429827960803
1343.5 1.6608214041408806
1344.0 0.7518099860097391
1344.5 0.6378266564610835
1345.0 1.0294909963548105
1345.5 1.0902099200980102
1346.0 0.8690988269554085
1346.5 1.673237255256786
1347.0 0.7041825520135374
1347.5 1.8322615769363666
1348.0 1.7744179326099685
1348.5 1.243792516286962
1349.0 1.2989281874697987
1349.5 0.8393198441818275
1350.0 1.1492787865069252
1350.5 1.5491990215118965
1351.0 0.6699420471701398
1351.5 0.6246496155814661
1352.0 1.5428171656640493
1352.5 0.5546281329504881
1353.0 1.1762117024876828
1353.5 1.039340983789914
1354.0 1.2520543949951604
1354.5 1.0633989736926595
1355.0 1.6187108908177388
1355.5 1.1763431925510675
1356.0 0.9849780908527952
1356.5 0.6696205970923077
1357.0 0.6033417638030881
1357.5 1.2132773557765382
1358.0 1.5511882759619195
1358.5 1.1777072839471763
1359.0 1.1453467469392256
1359.5 1.1563064197101816
1360.0 0.8803354844314882
1360.5 1.1444937364682186
1361.0 1.3246919479974089
1361.5 0.8796190805210399
1362.0 1.3445568334277302
1362.5 1.3130721762314859
1363.0 1.4432011403608265
1363.5 1.1773306620950876
1364.0 1.848868280668904
1364.5 1.3345601987224032
1365.0 0.7919147551178484
1365.5 1.0510637575510056
1366.0 2.324238309548867
1366.5 0.9124897757217493
1367.0 1.9307657936039746
1367.5 1.1812989796507387
1368.0 1.5330825029700668
1368.5 0.7265578547683154
1369.0 1.579700619442688
1369.5 1.6835086980668281
1370.0 1.0363187737981412
1370.5 1.8423477797330357
1371.0 1.4376649930726213
1371.5 1.1539854023871448
1372.0 0.8658377243539571
1372.5 0.9855200776945634
1373.0 1.7816410897952797
1373.5 1.4559058537655267
1374.0 1.3726003947825889
1374.5 1.472972924662242
1375.0 1.0857376404699202
1375.5 1.7179529351975003
1376.0 0.5722862975796706
1376.5 1.0800090057112341
1377.0 2.3677373821346075
1377.5 1.6064824524082904
1378.0 0.7784877610821154
1378.5 1.7817424764501406
1379.0 1.432397576056037
1379.5 0.8578785806680305
1380.0 1.978716086515668
1380.5 1.2507120672016778
1381.0 1.5206377122084622
1381.5 1.0546447402017225
1382.0 1.9374471407398293
1382.5 1.3076782362202584
1383.0 0.7462007874169327
1383.5 0.5933391148339047
1384.0 1.4678804968620043
1384.5 0.6785626559103218
1385.0 0.8404752890898869
1385.5 1.0775842596250422
1386.0 2.002256398579738
1386.5 0.8949849789412898
1387.0 1.9815672771997181
1387.5 1.0837322954782989
1388.0 0.6678972913395483
1388.5 1.0819419426176244
1389.0 2.099484151216973
1389.5 1.0650596025604087
1390.0 1.48424234055858
1390.5 1.2700381838618775
1391.0 0.8007937894455861
1391.5 1.8106045280279632
1392.0 0.999995981590653
1392.5 1.4376640519597383
1393.0 1.4102425007695691
1393.5 1.3977930875248306
1394.0 1.106568767511812
1394.5 1.8511308588136193
1395.0 2.366077572580785
1395.5 1.2304797877037439
1396.0 0.9622293233792817
1396.5 1.6203631349045549
1397.0 2.1563960213935838
1397.5 1.064344014983596
1398.0 1.6488510213065197
1398.5 1.5252559004653048
1399.0 0.7519423325453772
1399.5 0.44251701164065804
1400.0 1.095104497149854
1400.5 1.1738287671934895
1401.0 0.6821027519054901
1401.5 0.46998540817902834
1402.0 0.5914456386861917
1402.5 1.3256431620975566
1403.0 0.6577261478748748
1403.5 0.6818028204586972
1404.0 0.6573425636724988
1404.5 1.2413103803087415
1405.0 0.8346748112044882
1405.5 1.2177438697148286
1406.0 1.4734332139600164
1406.5 2.021293568167014
1407.0 2.116298909212081
1407.5 1.9857641495884562
1408.0 1.0157198946538386
1408.5 1.406728762624005
1409.0 1.3089248178218276
1409.5 0.9664047643630915
1410.0 1.2620581069427441
1410.5 0.9266617738864827
1411.0 0.6836139548495189
1411.5 0.376428046125213
1412.0 1.6095095661819623
1412.5 1.7222434233498778
1413.0 1.0224351747204854
1413.5 1.663993059991782
1414.0 1.6147624132629446
1414.5 1.369266589778451
1415.0 1.0008804176601436
1415.5 0.8291442656011232
1416.0 0.6416399964646335
1416.5 0.7390519135590123
1417.0 1.0013871015793765
1417.5 0.6795427318494247
1418.0 0.7928474878645436
1418.5 1.029505923864447
1419.0 0.8993533835557461
1419.5 1.317928365059156
1420.0 1.3257616763470546
1420.5 1.551194123368392
1421.0 0.9782390231448166
1421.5 1.0536301661215763
1422.0 0.7855454729238629
1422.5 1.0682491369282086
1423.0 1.4951624019940883
1423.5 1.6980168478548048
1424.0 1.7782527961104933
1424.5 0.7496195418680913
1425.0 1.6595341037299334
1425.5 1.3932097784966402
1426.0 1.2603342474109047
1426.5 2.383687629776008
1427.0 0.9733841776281524
1427.5 0.7205222483854479
1428.0 1.658091866458056
1428.5 0.939997948797822
1429.0 1.6543227295955842
1429.5 1.3056673414492252
1430.0 0.978464958356433
1430.5 0.8742713424727031
1431.0 2.227057940110919
1431.5 1.611636697011907
1432.0 0.3686538000339701
1432.5 1.7292429075425422
1433.0 0.6590879426017324
1433.5 0.7431314445628303
1434.0 1.596653541775309
1434.5 0.7717828188668814
1435.0 1.9860710827861898
1435.5 2.1011592309432965
1436.0 1.0122860303262131
1436.5 1.5520380912600849
1437.0 2.07856546533809
1437.5 1.5188683428433891
1438.0 0.8973796154499021
1438.5 1.4577942202373309
1439.0 1.1853092722338645
1439.5 0.7808870118308526
